-2.550549316406250000e+01
1.053737587982521578e-07
3.161212763947565674e-01
1.549491882324218750e-01
1.053737588004595389e-07
3.161212764013791587e-01
-9.170558929443359375e+00
1.053737587863027993e-07
3.161212763589096308e-01
3.824025344848632812e+01
1.053737588259959014e-07
3.161212764779875450e-01
6.180500030517578125e+00
1.053737588113737437e-07
3.161212764341223003e-01
3.430099487304687500e+00
1.053737588082238664e-07
3.161212764246719154e-01
-1.766875839233398438e+01
1.053737587901961465e-07
3.161212763705883444e-01
1.163624572753906250e+01
1.053737588129117835e-07
3.161212764387358876e-01
-2.482475280761718750e+01
1.053737587903183443e-07
3.161212763709539963e-01
3.351337051391601562e+01
1.053737588214114017e-07
3.161212764642342132e-01
1.585679626464843750e+01
1.053737588023480385e-07
3.161212764070439607e-01
1.261231613159179688e+01
1.053737588119410572e-07
3.161212764358218852e-01
1.850394821166992188e+01
1.053737588134555786e-07
3.161212764403666386e-01
-9.735885620117187500e+00
1.053737588005271030e-07
3.161212764015814414e-01
2.772126007080078125e+01
1.053737588217238510e-07
3.161212764651732954e-01
2.260728073120117188e+01
1.053737588153545603e-07
3.161212764460614166e-01
8.767440795898437500e+00
1.053737588089397945e-07
3.161212764268194197e-01
2.582412338256835938e+01
1.053737588326893675e-07
3.161212764980680934e-01
-1.130576705932617188e+01
1.053737588027103304e-07
3.161212764081305360e-01
1.214542007446289062e+01
1.053737588151196939e-07
3.161212764453585344e-01
9.390422821044921875e+00
1.053737588092431117e-07
3.161212764277288589e-01
1.514680480957031250e+01
1.053737588164756349e-07
3.161212764494265581e-01
-8.500751495361328125e+00
1.053737587992314734e-07
3.161212763976934403e-01
1.679722976684570312e+01
1.053737588078312401e-07
3.161212764234940242e-01
-1.933534240722656250e+01
1.053737587968566313e-07
3.161212763905698053e-01
-1.701313781738281250e+01
1.053737587879961373e-07
3.161212763639902334e-01
7.627674102783203125e+00
1.053737588217875108e-07
3.161212764653609231e-01
3.980779266357421875e+01
1.053737588274609375e-07
3.161212764823835286e-01
-3.436267089843750000e+01
1.053737587844048367e-07
3.161212763532134651e-01
1.304139709472656250e+01
1.053737588060212366e-07
3.161212764180637569e-01
-5.505065917968750000e-01
1.053737588027562025e-07
3.161212764082693139e-01
-3.788921356201171875e+00
1.053737588068039347e-07
3.161212764204114900e-01
1.083332443237304688e+01
1.053737588138356449e-07
3.161212764415067822e-01
1.291927719116210938e+01
1.053737588145878234e-07
3.161212764437644207e-01
-1.416224670410156250e+01
1.053737587916034918e-07
3.161212763748117993e-01
-9.265636444091796875e+00
1.053737587878679573e-07
3.161212763636048195e-01
-2.409963607788085938e+01
1.053737587966420143e-07
3.161212763899269862e-01
3.394330978393554688e+01
1.053737588144944645e-07
3.161212764434823130e-01
5.822257995605468750e-01
1.053737587919371036e-07
3.161212763758136091e-01
2.394351959228515625e+00
1.053737588130441191e-07
3.161212764391336805e-01
2.558404922485351562e+01
1.053737588195999821e-07
3.161212764587982837e-01
1.462056350708007812e+01
1.053737588085224190e-07
3.161212764255681429e-01
-9.989074707031250000e+00
1.053737588002227270e-07
3.161212764006681164e-01
9.088668823242187500e+00
1.053737588026277844e-07
3.161212764078840110e-01
3.194543457031250000e+01
1.053737588218608454e-07
3.161212764655824681e-01
-5.037914276123046875e+00
1.053737588012811741e-07
3.161212764038430767e-01
-7.565593719482421875e+00
1.053737588053624038e-07
3.161212764160868383e-01
-4.195420837402343750e+01
1.053737587896363901e-07
3.161212763689097427e-01
-5.190513610839843750e+00
1.053737588080982937e-07
3.161212764242941065e-01
-9.691913604736328125e+00
1.053737587979472921e-07
3.161212763938406889e-01
2.609897613525390625e+00
1.053737588080501452e-07
3.161212764241502771e-01
4.385704040527343750e+00
1.053737588140101337e-07
3.161212764420313071e-01
2.437293624877929688e+01
1.053737588144446219e-07
3.161212764433330991e-01
8.362194061279296875e+00
1.053737587990698093e-07
3.161212763972082729e-01
-5.858455657958984375e+00
1.053737588052054909e-07
3.161212764156165478e-01
-1.614323806762695312e+01
1.053737588015166492e-07
3.161212764045518431e-01
1.767794799804687500e+01
1.053737588201604002e-07
3.161212764604806602e-01
-1.473659896850585938e+01
1.053737587985280390e-07
3.161212763955836835e-01
1.470335006713867188e+01
1.053737588212369262e-07
3.161212764637100214e-01
2.061523818969726562e+01
1.053737588249396910e-07
3.161212764748184134e-01
-7.503795623779296875e+00
1.053737588090837636e-07
3.161212764272521292e-01
-3.040405273437500000e+00
1.053737587988127348e-07
3.161212763964388883e-01
4.624233245849609375e+01
1.053737588287427234e-07
3.161212764862285640e-01
2.673659515380859375e+01
1.053737588248783208e-07
3.161212764746341719e-01
1.344039535522460938e+01
1.053737588205884960e-07
3.161212764617657989e-01
-1.484721755981445312e+01
1.053737587953834557e-07
3.161212763861506181e-01
-1.880466842651367188e+01
1.053737588016747003e-07
3.161212764050242985e-01
-1.514490127563476562e+01
1.053737587955381980e-07
3.161212763866150244e-01
8.401794433593750000e+00
1.053737588152179498e-07
3.161212764456535207e-01
1.245905685424804688e+01
1.053737588152266186e-07
3.161212764456804436e-01
1.938601684570312500e+01
1.053737588131305827e-07
3.161212764393924179e-01
-1.425805282592773438e+01
1.053737588039481367e-07
3.161212764118430663e-01
1.011966705322265625e+00
1.053737588046609679e-07
3.161212764139821885e-01
-3.687627410888671875e+01
1.053737587847592273e-07
3.161212763542787796e-01
-2.277080154418945312e+01
1.053737588004304883e-07
3.161212764012907295e-01
7.039867401123046875e+00
1.053737588134207973e-07
3.161212764402623332e-01
2.609328842163085938e+01
1.053737588169640552e-07
3.161212764508926076e-01
3.868904876708984375e+01
1.053737588212773455e-07
3.161212764638312023e-01
1.356582641601562500e-01
1.053737588163822495e-07
3.161212764491467264e-01
9.610542297363281250e+00
1.053737588132802560e-07
3.161212764398407260e-01
-4.340557098388671875e+00
1.053737588075299876e-07
3.161212764225900251e-01
-3.703613281250000000e+00
1.053737588040717109e-07
3.161212764122171004e-01
-1.226951980590820312e+01
1.053737587967102799e-07
3.161212763901306011e-01
2.016365051269531250e+01
1.053737588221353899e-07
3.161212764664053099e-01
1.112353134155273438e+01
1.053737588116596438e-07
3.161212764349787818e-01
-8.362831115722656250e+00
1.053737587989612699e-07
3.161212763968833106e-01
-1.401627349853515625e+01
1.053737588067564480e-07
3.161212764202683267e-01
1.604620361328125000e+01
1.053737588151950799e-07
3.161212764455861302e-01
-2.381050109863281250e+00
1.053737588092752990e-07
3.161212764278264475e-01
2.078136444091796875e+00
1.053737588075696922e-07
3.161212764227093186e-01
2.369189834594726562e+01
1.053737588222931233e-07
3.161212764668802078e-01
2.155847549438476562e+01
1.053737588141372151e-07
3.161212764424118360e-01
3.605220794677734375e+00
1.053737588119811192e-07
3.161212764359438432e-01
-3.669453048706054688e+01
1.053737587937338458e-07
3.161212763812007442e-01
-7.309585571289062500e+00
1.053737588063675672e-07
3.161212764191030367e-01
2.700480270385742188e+01
1.053737588275460114e-07
3.161212764826381583e-01
-6.560543060302734375e+00
1.053737588065480514e-07
3.161212764196439373e-01
2.499696731567382812e+01
1.053737588165928166e-07
3.161212764497790539e-01
-1.957389450073242188e+01
1.053737587985603189e-07
3.161212763956797178e-01
1.764065170288085938e+01
1.053737588284440648e-07
3.161212764853315038e-01
