-1.215142822265625000e+01
9.988554799663337496e-08
2.996566439898992740e-01
-6.734924316406250000e-01
9.988554799946167091e-08
2.996566439983855967e-01
8.766311645507812500e+00
9.988554801001402061e-08
2.996566440300407752e-01
-4.553678321838378906e+01
9.988554799349656050e-08
2.996566439804906334e-01
-4.478679656982421875e+00
9.988554800133673716e-08
2.996566440040102641e-01
-1.176315116882324219e+01
9.988554799846806156e-08
2.996566439954042593e-01
-1.473225402832031250e+01
9.988554799504213093e-08
2.996566439851272579e-01
-4.417268753051757812e+00
9.988554799924137617e-08
2.996566439977235707e-01
1.984650611877441406e+01
9.988554800665770549e-08
2.996566440199734394e-01
1.106956291198730469e+01
9.988554800944384832e-08
2.996566440283307542e-01
1.914827346801757812e+01
9.988554800776209087e-08
2.996566440232868445e-01
1.117086410522460938e+00
9.988554799841295148e-08
2.996566439952388361e-01
-1.524449729919433594e+01
9.988554799706468679e-08
2.996566439911937940e-01
-1.289279747009277344e+01
9.988554799787237241e-08
2.996566439936167447e-01
1.170093917846679688e+01
9.988554800383163300e-08
2.996566440114951657e-01
1.573223876953125000e+01
9.988554801048188719e-08
2.996566440314462620e-01
-1.548380851745605469e+01
9.988554799621457011e-08
2.996566439886441668e-01
2.574527359008789062e+01
9.988554800966031818e-08
2.996566440289820110e-01
-1.147036361694335938e+01
9.988554799886265980e-08
2.996566439965864803e-01
1.805833816528320312e+01
9.988554800255952186e-08
2.996566440076782745e-01
3.356083679199218750e+01
9.988554801371637515e-08
2.996566440411503884e-01
4.602308273315429688e+00
9.988554800063678354e-08
2.996566440019108879e-01
1.557693481445312500e+01
9.988554800754670627e-08
2.996566440226403616e-01
-3.306892776489257812e+01
9.988554799331804830e-08
2.996566439799523418e-01
1.532143592834472656e+01
9.988554800832291933e-08
2.996566440249676111e-01
1.607183456420898438e+00
9.988554800093413181e-08
2.996566440028020084e-01
2.856838226318359375e+00
9.988554800552902085e-08
2.996566440165873146e-01
-1.251656150817871094e+01
9.988554799729996342e-08
2.996566439919003400e-01
8.075273513793945312e+00
9.988554800580506095e-08
2.996566440174160961e-01
-3.349234771728515625e+01
9.988554799091768928e-08
2.996566439727548770e-01
4.373182296752929688e+00
9.988554801093069554e-08
2.996566440327915748e-01
-7.711364746093750000e+00
9.988554799981979380e-08
2.996566439994590159e-01
9.625740051269531250e+00
9.988554800420753034e-08
2.996566440126220976e-01
-9.971714019775390625e+00
9.988554799976583515e-08
2.996566439992970343e-01
-2.162593841552734375e+00
9.988554799974702837e-08
2.996566439992418562e-01
-8.392339706420898438e+00
9.988554800122466411e-08
2.996566440036736445e-01
-1.325888442993164062e+01
9.988554800353180981e-08
2.996566440105957740e-01
-1.047061920166015625e+00
9.988554800439821863e-08
2.996566440131938069e-01
3.806768798828125000e+01
9.988554801775273860e-08
2.996566440532579811e-01
-6.288127899169921875e+00
9.988554800325182571e-08
2.996566440097552797e-01
3.047792434692382812e+00
9.988554800133700186e-08
2.996566440040107637e-01
2.544991302490234375e+01
9.988554801030554552e-08
2.996566440309155754e-01
-1.263053703308105469e+01
9.988554799980598981e-08
2.996566439994187703e-01
1.077999305725097656e+01
9.988554800795848340e-08
2.996566440238747631e-01
-1.592791366577148438e+01
9.988554800002155969e-08
2.996566440000633658e-01
-1.417011833190917969e+01
9.988554799920247883e-08
2.996566439976072749e-01
-2.270709991455078125e+01
9.988554799407219879e-08
2.996566439822162531e-01
1.175790405273437500e+01
9.988554800871411620e-08
2.996566440261413944e-01
-5.366374969482421875e+00
9.988554800639139304e-08
2.996566440191740233e-01
2.232492446899414062e+01
9.988554800977871750e-08
2.996566440293358946e-01
3.387828826904296875e+00
9.988554800463379967e-08
2.996566440139006859e-01
-3.450874519348144531e+01
9.988554799286466068e-08
2.996566439785942615e-01
-9.846363067626953125e+00
9.988554799453577728e-08
2.996566439836079732e-01
1.135026931762695312e+01
9.988554800578363366e-08
2.996566440173498158e-01
-1.378337860107421875e+00
9.988554799791599460e-08
2.996566439937472515e-01
-1.691019630432128906e+01
9.988554799962023813e-08
2.996566439988597730e-01
1.384021186828613281e+01
9.988554800829402756e-08
2.996566440248829011e-01
1.287651062011718750e-01
9.988554799680605057e-08
2.996566439904174706e-01
3.109258270263671875e+01
9.988554801758376877e-08
2.996566440527516639e-01
1.257762527465820312e+01
9.988554800408154743e-08
2.996566440122450103e-01
1.033162689208984375e+01
9.988554800756013969e-08
2.996566440226800521e-01
-1.044436645507812500e+01
9.988554800419339548e-08
2.996566440125804642e-01
9.659215927124023438e+00
9.988554800786536272e-08
2.996566440235951534e-01
1.474651908874511719e+01
9.988554801401638363e-08
2.996566440420487254e-01
-2.108912467956542969e+01
9.988554799259887763e-08
2.996566439777972879e-01
7.172773361206054688e+00
9.988554800534993956e-08
2.996566440160482458e-01
-9.124645233154296875e+00
9.988554799724694445e-08
2.996566439917421332e-01
1.320009231567382812e+01
9.988554801248125553e-08
2.996566440374445750e-01
7.754135131835937500e-01
9.988554800215830618e-08
2.996566440064757364e-01
-1.476294708251953125e+01
9.988554799786789901e-08
2.996566439936043102e-01
-3.258978271484375000e+01
9.988554798942151146e-08
2.996566439682655236e-01
-8.824756622314453125e+00
9.988554800228983451e-08
2.996566440068699211e-01
5.280153274536132812e+00
9.988554800633289483e-08
2.996566440189980529e-01
-1.201308631896972656e+01
9.988554799596587330e-08
2.996566439878969312e-01
-1.644515609741210938e+01
9.988554799822958208e-08
2.996566439946870553e-01
3.259932327270507812e+01
9.988554800988322019e-08
2.996566440296496436e-01
1.326986312866210938e+00
9.988554800132330375e-08
2.996566440039685197e-01
-2.813996315002441406e+01
9.988554798866598454e-08
2.996566439659986147e-01
-1.552321624755859375e+01
9.988554800472934234e-08
2.996566440141864018e-01
-9.959209442138671875e+00
9.988554799946995595e-08
2.996566439984110763e-01
2.932400512695312500e+01
9.988554800754486662e-08
2.996566440226373085e-01
3.472628784179687500e+01
9.988554802086383768e-08
2.996566440625916816e-01
1.171825790405273438e+01
9.988554801012299669e-08
2.996566440303690126e-01
5.096620559692382812e+00
9.988554800910269256e-08
2.996566440273075171e-01
3.948850059509277344e+01
9.988554801618796435e-08
2.996566440485636806e-01
-5.885139465332031250e+00
9.988554800580015081e-08
2.996566440174017742e-01
2.557043075561523438e+01
9.988554800641849809e-08
2.996566440192547920e-01
-4.222862052917480469e+01
9.988554799053350690e-08
2.996566439716011332e-01
-2.906954193115234375e+01
9.988554799033156895e-08
2.996566439709956176e-01
5.440425872802734375e+00
9.988554800414593517e-08
2.996566440124368569e-01
-2.823825836181640625e+00
9.988554800729361548e-08
2.996566440218806915e-01
-2.042036056518554688e+00
9.988554799798201023e-08
2.996566439939459814e-01
-1.895420074462890625e+00
9.988554800313404843e-08
2.996566440094015626e-01
-1.215472030639648438e+01
9.988554799281501661e-08
2.996566439784451030e-01
1.365690040588378906e+01
9.988554800214476689e-08
2.996566440064345471e-01
2.006884384155273438e+01
9.988554800764273863e-08
2.996566440229287420e-01
-7.716432571411132812e+00
9.988554800643034332e-08
2.996566440192900416e-01
-2.977436065673828125e+00
9.988554800428789259e-08
2.996566440128624054e-01
3.247672653198242188e+01
9.988554801368110417e-08
2.996566440410438625e-01
1.366270065307617188e+00
9.988554800017439620e-08
2.996566440005231091e-01
