2.782800000000000000e+10 0.000000000000000000e+00 0.000000000000000000e+00
2.782799999973430634e+10 -1.620081382058864983e-01 -1.429792639428200951e-01
2.782799999955043030e+10 1.041821056502922893e-02 8.884175185366538496e-02
2.782799999971072769e+10 2.534130408858759065e-01 -9.154607000935252592e-02
2.782799999964160919e+10 4.470019841774342528e-01 -3.654586311471057503e-01
2.782799999981472397e+10 6.497755471813264627e-01 -1.505268207377041811e-01
2.782799999949641418e+10 7.268451574662608827e-01 -5.042295251599765438e-02
2.782799999975159073e+10 8.155078724002403634e-01 -2.609131345652336842e-01
2.782799999963384247e+10 6.564016673301550364e-01 -5.403817315736578752e-01
2.782799999965975571e+10 6.743499759330031651e-01 -8.813925713211570034e-01
2.782799999996882629e+10 8.215778586375334092e-01 -8.723501977122989359e-01
2.782800000001906204e+10 7.038068421215034620e-01 -5.547206306477812099e-01
2.782799999975427628e+10 4.928521826964281094e-01 -6.063749259273750747e-01
2.782799999976866150e+10 5.245352580348745519e-01 -2.656824844932521579e-01
2.782799999951630020e+10 6.105614986819245527e-01 -5.075249360569811241e-02
2.782799999973072433e+10 3.642872076259453529e-01 -1.539709151741004423e-01
2.782799999957499695e+10 6.211822501524693063e-01 1.045532350193265070e-02
2.782799999933208466e+10 6.345275529235450129e-01 2.514897108585610330e-01
2.782799999937009048e+10 6.090934840219927038e-01 5.908874117407021398e-01
2.782799999953278732e+10 7.160363299899936695e-01 8.726225136971919039e-01
2.782799999952235413e+10 4.188058825496932536e-01 1.042408516486959424e+00
2.782799999957703781e+10 3.113561837358127526e-01 1.362949480082018994e+00
2.782799999931325531e+10 4.226044146217040609e-01 1.175001339262079947e+00
2.782799999905470657e+10 1.980473452726740635e-01 1.171995313598007016e+00
2.782799999904790878e+10 2.221733063360822880e-02 1.465797417012536297e+00
2.782799999909344482e+10 1.790046364011482483e-01 1.766839498964150934e+00
2.782799999940734482e+10 2.498815506528639374e-01 1.649679869144124567e+00
2.782799999935803223e+10 4.540648831671062480e-01 1.379199598911906577e+00
2.782799999938051224e+10 5.082210420334192236e-01 1.041792077888437529e+00
2.782799999938127518e+10 5.167108180276301921e-01 1.384150656430250592e+00
2.782799999925242996e+10 7.973975958031815914e-01 1.236178928234601404e+00
2.782799999901821136e+10 9.963117937317031991e-01 1.387361933277484249e+00
2.782799999889270782e+10 9.992282918898136579e-01 1.705988011311145192e+00
2.782799999862645721e+10 1.213809421064869110e+00 1.724610374817792779e+00
2.782799999894842911e+10 1.283150703198120635e+00 1.630764405067084644e+00
2.782799999897740173e+10 9.712882334070134238e-01 1.769272681026200500e+00
2.782799999910332870e+10 7.036608600068832153e-01 1.596646614364124028e+00
2.782799999918946457e+10 7.214612195616204593e-01 1.265669435372001050e+00
2.782799999904564285e+10 9.860376629630602796e-01 1.428753884104104754e+00
2.782799999885050964e+10 7.057664308204050219e-01 1.454313669549744281e+00
2.782799999860115814e+10 5.405754198395271715e-01 1.287527468978133971e+00
2.782799999870385361e+10 2.183538988314374096e-01 1.341461240005300537e+00
2.782799999882714081e+10 4.324847468812543783e-01 1.104330969771306403e+00
2.782799999852436066e+10 3.946393107546529722e-01 9.488530806838557652e-01
2.782799999845187759e+10 4.035359731321993548e-01 1.283440840554601170e+00
2.782799999816951752e+10 3.584398076931795130e-01 1.471911576019777179e+00
2.782799999830533981e+10 3.544567198216474480e-01 1.786265049203790367e+00
2.782799999800647736e+10 1.878463330774110263e-01 1.800594535438623245e+00
2.782799999795393372e+10 4.244400302902887057e-02 2.106174942979302855e+00
2.782799999770477676e+10 1.723301587242971611e-01 2.301963598641417530e+00
2.782799999773239136e+10 2.212740696368237225e-01 1.964141176139651446e+00
2.782799999806310654e+10 1.549598659689845337e-01 2.023402197860093565e+00
2.782799999813194656e+10 4.626501390617711595e-01 2.157080528411528419e+00
2.782799999788705063e+10 2.239627166991940144e-01 2.138736047142027363e+00
2.782799999780626678e+10 3.619985849157575375e-01 2.441560041433740835e+00
2.782799999804862595e+10 1.201668168566266404e-01 2.433711093383347901e+00
2.782799999794029236e+10 6.893206143525315577e-02 2.754524033026481522e+00
2.782799999803780746e+10 9.522428559909254520e-02 3.081757344503712748e+00
2.782799999779431152e+10 5.056113816382590970e-02 3.318393072665851040e+00
2.782799999787689972e+10 7.930167214178290847e-02 2.987281112462802035e+00
2.782799999756493759e+10 1.087061218618706748e-02 2.863674192871532576e+00
2.782799999770490646e+10 1.305881940937742569e-01 3.152393030065016255e+00
2.782799999772890854e+10 -1.370421593404576588e-01 2.940072593614543539e+00
2.782799999785804367e+10 1.767025368094816695e-01 2.893481423700213551e+00
2.782799999773041916e+10 6.819970307441898527e-02 3.192181124565945716e+00
2.782799999797209549e+10 -8.773847869046684511e-02 3.378078565843559922e+00
2.782799999795416260e+10 -4.372364168973873894e-02 3.717229310658965780e+00
2.782799999796388245e+10 -3.203634654950163752e-01 3.918867546416707537e+00
2.782799999784330750e+10 -5.612775629037378700e-01 3.707434348701081461e+00
2.782799999763457108e+10 -4.991382126489050108e-01 3.443143620012083517e+00
2.782799999797011185e+10 -5.669172884168598436e-01 3.453210672059294328e+00
2.782799999764788437e+10 -6.733451830914268799e-01 3.407123894162129130e+00
2.782799999758111572e+10 -6.503057541966102972e-01 3.072022339937476865e+00
2.782799999784530258e+10 -5.930068897004256989e-01 3.282268887886745201e+00
2.782799999773625183e+10 -9.173937826897582415e-01 3.295034604047463400e+00
2.782799999778347778e+10 -9.308211002854115401e-01 2.956107764912980329e+00
2.782799999768044662e+10 -1.219306496585105704e+00 2.802997326949195678e+00
2.782799999799465942e+10 -1.318106612027373004e+00 2.709233404071244689e+00
2.782799999799925232e+10 -1.369457272714814877e+00 3.047795166093834496e+00
2.782799999803259277e+10 -1.431734655940628542e+00 3.382895239342397886e+00
2.782799999801181412e+10 -1.548723877999446774e+00 3.061704079196386985e+00
2.782799999772464371e+10 -1.667151213233654561e+00 2.917516183709369937e+00
2.782799999741803360e+10 -1.773670399028587363e+00 2.808310808442337603e+00
2.782799999738868713e+10 -1.644113994535725043e+00 2.492658968770450567e+00
2.782799999751997375e+10 -1.690708119007350740e+00 2.179808633464670464e+00
2.782799999767024231e+10 -1.997250379359944095e+00 2.206879319579584386e+00
2.782799999782150650e+10 -2.273729721072949683e+00 2.340895246400822138e+00
2.782799999787719345e+10 -2.536455352443520717e+00 2.553395362339272001e+00
2.782799999797088242e+10 -2.539313002547752607e+00 2.882783302127227554e+00
2.782799999788637543e+10 -2.599596989613011111e+00 2.556429773899487223e+00
2.782799999794147491e+10 -2.612361380035505221e+00 2.894191574311793413e+00
2.782799999794321823e+10 -2.901219573690697828e+00 3.078147978179554212e+00
2.782799999809305191e+10 -2.719306909423055973e+00 3.326622034902305014e+00
2.782799999791466522e+10 -2.655543162381697186e+00 3.611918393367786528e+00
2.782799999781617355e+10 -2.473310243979685907e+00 3.339205531256971504e+00
2.782799999807407379e+10 -2.698627840289209434e+00 3.338441102676383387e+00
2.782799999791553497e+10 -2.823197212189001437e+00 3.061620039263648341e+00
2.782799999787702179e+10 -2.579383978395009436e+00 3.299009488839356852e+00
2.782799999811298752e+10 -2.655017993412509991e+00 3.062615544821876146e+00
2.782799999838042068e+10 -2.819442615635516347e+00 2.925772578424938875e+00
2.782799999819602203e+10 -3.041618699941932125e+00 3.109939331686144115e+00
2.782799999800398254e+10 -3.245180146471427385e+00 2.912541388823531641e+00
2.782799999778348923e+10 -3.492129060039696586e+00 2.824898927140020444e+00
2.782799999780448532e+10 -3.393498967862800253e+00 3.152180543445747052e+00
2.782799999751373291e+10 -3.374249948370540597e+00 3.332108389327701037e+00
2.782799999748306274e+10 -3.714912093115886549e+00 3.349156590618286966e+00
2.782799999739415741e+10 -3.469891811071600607e+00 3.127024481502456599e+00
2.782799999757007980e+10 -3.520687448820187360e+00 3.416424936558733805e+00
2.782799999769633484e+10 -3.243612709655339987e+00 3.573177100486744973e+00
2.782799999748649216e+10 -3.252321770942205870e+00 3.302673104283827321e+00
2.782799999742035675e+10 -3.530390597365587357e+00 3.491315037924871412e+00
2.782799999738306808e+10 -3.655358658642436254e+00 3.174653535150480099e+00
2.782799999731474686e+10 -3.718307006820317895e+00 3.504277453691821975e+00
2.782799999744350433e+10 -3.446692723330844643e+00 3.668378631291525416e+00
2.782799999737297821e+10 -3.140682460858004621e+00 3.805001598664671469e+00
2.782799999741043472e+10 -3.463058476872132196e+00 3.914329905708721746e+00
2.782799999759649658e+10 -3.249963850022032030e+00 3.721317501752403167e+00
2.782799999786529541e+10 -3.462144279642780376e+00 3.718489567719681865e+00
2.782799999787176514e+10 -3.533608305407409222e+00 4.053352331815116116e+00
2.782799999786621094e+10 -3.557630169104761819e+00 4.394928305029965010e+00
2.782799999796914291e+10 -3.670182717537869621e+00 4.088303047867061224e+00
2.782799999816952515e+10 -3.898264988285750743e+00 3.929849490338633178e+00
2.782799999821758652e+10 -3.740245333664143246e+00 3.629845959959032697e+00
2.782799999848544312e+10 -3.945478304635224642e+00 3.571409045878734645e+00
2.782799999847684479e+10 -3.949960783639857365e+00 3.913736411672885218e+00
2.782799999858332825e+10 -3.719961760065604306e+00 3.683423942768956127e+00
2.782799999827079010e+10 -3.857196334285672545e+00 3.655685334709040557e+00
2.782799999845637131e+10 -3.585784163206810149e+00 3.751482656297728369e+00
2.782799999824007416e+10 -3.592327366518019538e+00 3.486048784397013378e+00
2.782799999802965164e+10 -3.567884327440147274e+00 3.755134265759255463e+00
2.782799999827961731e+10 -3.586350607313212091e+00 3.988498959579750203e+00
2.782799999798694229e+10 -3.476359046075156112e+00 3.848763054632919012e+00
2.782799999797885513e+10 -3.310656624481500554e+00 4.148361672654191423e+00
2.782799999769816971e+10 -3.222197546397887358e+00 4.323495874808987338e+00
2.782799999769020462e+10 -3.227920449866943375e+00 4.665820062068553042e+00
2.782799999794569397e+10 -3.014522914042442547e+00 4.746251015108565063e+00
2.782799999783219910e+10 -3.061498418861003046e+00 4.426573000216415643e+00
2.782799999756996155e+10 -3.278363632725271426e+00 4.388061766268030794e+00
2.782799999729518509e+10 -3.233866974777491965e+00 4.188562389824893373e+00
2.782799999758817673e+10 -3.311568959673223400e+00 4.347939662035230413e+00
2.782799999744285583e+10 -3.205545255282445272e+00 4.639354537917806276e+00
2.782799999755125046e+10 -2.897458119907456719e+00 4.536326114867794246e+00
2.782799999721432114e+10 -2.836517341022115168e+00 4.529431890608261568e+00
2.782799999730194473e+10 -3.162524899845001514e+00 4.471783157191066671e+00
2.782799999717828751e+10 -3.304196964268839132e+00 4.757999221417632540e+00
2.782799999712839508e+10 -3.551828862755131322e+00 4.526760775586327945e+00
2.782799999712266159e+10 -3.546014624870196918e+00 4.869128111876042553e+00
2.782799999712125397e+10 -3.383723432076673365e+00 5.170693435812269811e+00
2.782799999710867691e+10 -3.051451314167570317e+00 5.252663355594514805e+00
2.782799999701310730e+10 -3.291531379284547754e+00 5.027918960412867122e+00
2.782799999696224213e+10 -3.039604913015776066e+00 4.801583459607503990e+00
2.782799999691135406e+10 -3.293008436185723031e+00 5.026258893804194550e+00
2.782799999685505676e+10 -3.040913170094841078e+00 5.251116218951986880e+00
2.782799999677808380e+10 -3.249470140150655162e+00 5.511617614423397704e+00
2.782799999674949265e+10 -3.205052410857456735e+00 5.849983631588257182e+00
2.782799999697972107e+10 -3.223385868479220484e+00 6.102847765018574400e+00
2.782799999683864975e+10 -3.119158693300925211e+00 5.808708728184871717e+00
2.782799999668738174e+10 -3.317683623908700419e+00 6.043203123123793041e+00
2.782799999690001297e+10 -3.505546766022768157e+00 5.851430255066927266e+00
2.782799999711221695e+10 -3.605821232495921791e+00 5.602037078645934365e+00
2.782799999741144562e+10 -3.692042980485843007e+00 5.459527485282340997e+00
2.782799999738045502e+10 -3.569001632233453680e+00 5.141435543139955655e+00
2.782799999749642181e+10 -3.605397444993796885e+00 5.461606508522551806e+00
2.782799999755241776e+10 -3.465745651274649841e+00 5.153964007368149858e+00
2.782799999756506729e+10 -3.358339970810824582e+00 4.829023865460699838e+00
2.782799999758793259e+10 -3.623266182408028779e+00 4.613215485263452820e+00
2.782799999736503220e+10 -3.409293810655907642e+00 4.760907987719678935e+00
2.782799999749398804e+10 -3.195109695828739493e+00 4.994954722148782444e+00
2.782799999755007935e+10 -3.173430297491412588e+00 5.332098598672729395e+00
2.782799999784662247e+10 -3.002416758734877789e+00 5.342028529226279687e+00
2.782799999801590347e+10 -3.015354501757402605e+00 5.044608392492554216e+00
2.782799999801355362e+10 -3.343514890191955580e+00 4.946693625069316980e+00
2.782799999807907486e+10 -3.234746517462123272e+00 4.628639364385067623e+00
2.782799999801750946e+10 -2.921478951359780751e+00 4.504722863577703684e+00
2.782799999795084763e+10 -2.981687002770713857e+00 4.174248345769519197e+00
2.782799999775473404e+10 -2.939259040859936611e+00 4.451774831742009830e+00
2.782799999783668518e+10 -3.114658454140751598e+00 4.169283475332792754e+00
2.782799999798399353e+10 -3.292912110241804857e+00 4.421886884500462855e+00
2.782799999782748032e+10 -3.188745151629353458e+00 4.135643936607078075e+00
2.782799999780932617e+10 -3.144668376522923303e+00 4.474774775304483754e+00
2.782799999776422119e+10 -3.083403270155375520e+00 4.808682185324896885e+00
2.782799999765296555e+10 -2.760661206098347975e+00 4.835919940068254874e+00
2.782799999752415848e+10 -2.510715239239836194e+00 5.031413772539451656e+00
2.782799999779952240e+10 -2.456249873002999795e+00 4.835222746798887528e+00
2.782799999769975662e+10 -2.743626466160907107e+00 4.677922642578087320e+00
2.782799999772547913e+10 -3.075917277177221187e+00 4.756683067434109624e+00
2.782799999767948532e+10 -3.109320592706940278e+00 5.094397446093169357e+00
2.782799999761284256e+10 -3.337383016085056386e+00 4.847763928833887626e+00
2.782799999763300705e+10 -3.576801083055262787e+00 5.091801675806070904e+00
2.782799999778719711e+10 -3.474010956378883019e+00 5.379798094148925180e+00
2.782799999771166992e+10 -3.144511833629896724e+00 5.324952170257631678e+00
2.782799999793013382e+10 -3.276405020808558444e+00 5.553335737806404104e+00
2.782799999794695282e+10 -3.252121537289328845e+00 5.894524040382027152e+00
2.782799999794744873e+10 -3.258328099470850781e+00 5.552115967335638835e+00
2.782799999819017029e+10 -3.466806361754084964e+00 5.674199763506271310e+00
2.782799999813290405e+10 -3.308753720337925586e+00 5.972565478392238170e+00
2.782799999827242661e+10 -3.530697880430951674e+00 6.192919547950431536e+00
2.782799999821485901e+10 -3.285374978519179923e+00 5.961004401773352335e+00
2.782799999840760803e+10 -3.566358599613213887e+00 5.995323811776813727e+00
2.782799999832272339e+10 -3.457969267383086631e+00 6.308896997875145907e+00
2.782799999863216782e+10 -3.312968526455353668e+00 6.331292006578816078e+00
2.782799999861880493e+10 -3.271117931743523499e+00 6.670927171300804481e+00
2.782799999852061081e+10 -3.567073015011913650e+00 6.529326756603920145e+00
2.782799999866135025e+10 -3.693774013246741372e+00 6.814670718214112632e+00
2.782799999897818756e+10 -3.813024531936528572e+00 6.762949813742413774e+00
2.782799999877876663e+10 -3.907861547264198876e+00 7.024712411566530257e+00
2.782799999859279633e+10 -3.645699060354842036e+00 6.906525733937696643e+00
2.782799999856619644e+10 -3.578861078345177305e+00 6.571701500984628908e+00
2.782799999860420609e+10 -3.601631163611922037e+00 6.911287748690043031e+00
2.782799999882456207e+10 -3.367768381715691373e+00 7.029753386636265589e+00
2.782799999900528717e+10 -3.384289514683248346e+00 6.739327543974019008e+00
2.782799999907477188e+10 -3.450643462303582432e+00 7.068038449927493083e+00
2.782799999893556595e+10 -3.338120898206085041e+00 7.360002319161280226e+00
2.782799999895769501e+10 -3.619350915633877008e+00 7.165832307909564491e+00
2.782799999905533600e+10 -3.903308522532436431e+00 7.330502178324866946e+00
2.782799999938837051e+10 -3.913152508577926181e+00 7.409710619146313348e+00
2.782799999905787659e+10 -4.001789392052755190e+00 7.395588840992746604e+00
2.782799999911593246e+10 -3.976515379854404397e+00 7.059028815606041896e+00
2.782799999896059418e+10 -4.240768643527259130e+00 6.906310894900970609e+00
2.782799999929085541e+10 -4.299250445165789358e+00 6.837112289405355980e+00
2.782799999943770599e+10 -4.540233181630589421e+00 7.031133373679254284e+00
2.782799999942454147e+10 -4.492331229185586139e+00 6.692291037443959922e+00
2.782799999935029221e+10 -4.613272002674270844e+00 7.003967913049581995e+00
2.782799999919740295e+10 -4.666123511974800131e+00 7.305818348670999107e+00
2.782799999926552200e+10 -4.800452649948494965e+00 7.613385351268041390e+00
2.782799999922588348e+10 -4.871157409610712641e+00 7.280651549916775878e+00
2.782799999938937378e+10 -5.041775010222861120e+00 7.032776109084406535e+00
2.782799999944646072e+10 -5.075536489104862881e+00 7.368757444269490087e+00
2.782799999941234970e+10 -5.243129693747238029e+00 7.665457511664571122e+00
2.782799999965285873e+10 -5.472714745484322130e+00 7.747480965862465929e+00
2.782799999934888458e+10 -5.490995748672047760e+00 7.904160841198840437e+00
2.782799999930127335e+10 -5.539423836003232182e+00 8.239824370425177236e+00
2.782799999933737564e+10 -5.565194517118067452e+00 8.579404211182229290e+00
2.782799999906802750e+10 -5.645252085840112954e+00 8.775171480482207187e+00
2.782799999886877060e+10 -5.375333269729690500e+00 8.843895867474197203e+00
2.782799999912024307e+10 -5.261664599899575023e+00 8.641106044677705711e+00
2.782799999911494446e+10 -5.430414194223992297e+00 8.939061694195643781e+00
2.782799999937125397e+10 -5.641011022736324598e+00 9.024126125571463319e+00
2.782799999940067673e+10 -5.903413204980859419e+00 9.242211862380470322e+00
2.782799999939822769e+10 -5.902177070296699135e+00 8.899758163006261213e+00
2.782799999931226349e+10 -5.852597732992218305e+00 8.571986437780571677e+00
2.782799999962887955e+10 -5.972312871457159389e+00 8.623988332106309329e+00
2.782799999986222076e+10 -5.761543427680961393e+00 8.759671066643734960e+00
2.782799999971414948e+10 -5.823304747046325502e+00 8.457110736634845694e+00
2.782799999989953613e+10 -5.621464539796564353e+00 8.662473502044644391e+00
2.782799999990652847e+10 -5.603689232442143897e+00 8.320541954607424628e+00
2.782799999984894180e+10 -5.779555640107786552e+00 8.608703385709914002e+00
2.782799999988814545e+10 -5.622714696531854628e+00 8.306799155145457192e+00
2.782799999994266129e+10 -5.590479319816045845e+00 7.970241764294240028e+00
2.782799999997622299e+10 -5.360452260690096615e+00 7.718759705139363270e+00
2.782800000018441010e+10 -5.541628506988120151e+00 7.921528861202094873e+00
