2.087100000000000000e+10 0.000000000000000000e+00 0.000000000000000000e+00
2.087100000006403351e+10 2.048326682474452438e-03 3.095613965772004983e-01
2.087100000003588486e+10 -1.846397934730037785e-02 -4.635188104347820470e-03
2.087099999975514603e+10 -1.457064577757975071e-02 1.406348005455450578e-01
2.087099999961529541e+10 5.388565418762163856e-02 4.157489884014611281e-01
2.087099999953951263e+10 -2.947437838639496016e-02 1.203840314814768053e-01
2.087099999923108673e+10 -3.684950801623590455e-02 1.893221467018394999e-01
2.087099999945414352e+10 -1.050411634160630311e-02 -3.312676019689622664e-02
2.087099999945061874e+10 1.791186276207642203e-01 -2.860367173990150391e-01
2.087099999941792679e+10 -1.045145983371794374e-01 -4.217426306704221695e-01
2.087099999942308807e+10 -9.065930276667309717e-02 -7.375179395336670662e-01
2.087099999971311188e+10 -2.099666214200260894e-01 -7.773327495400110809e-01
2.087099999998548126e+10 -4.950921316106268733e-02 -7.773324177187169726e-01
2.087099999984936523e+10 -3.127629414612048686e-01 -8.873441905851207068e-01
2.087099999981702423e+10 -2.833855851365756906e-01 -5.742566752042316258e-01
2.087099999963582230e+10 -3.304640837635737793e-01 -3.195367823842008570e-01
2.087099999949365997e+10 -7.658130038550409191e-02 -1.959827553761850916e-01
2.087099999941991425e+10 -2.516088062275013693e-01 5.672139070753684509e-02
2.087099999972381973e+10 -2.972073314468940408e-01 1.308557229445097003e-01
2.087099999971532822e+10 -1.533173846674420471e-01 4.122028651480871830e-01
2.087099999971617508e+10 -5.479791863271354924e-02 1.118266688111419493e-01
2.087099999940771866e+10 -1.212929511791684678e-01 9.267294601850854796e-02
2.087099999943883896e+10 -7.613499539072601796e-02 4.040005874969879174e-01
2.087099999956401825e+10 -3.447810366755701406e-01 5.139628026549248885e-01
2.087099999927637100e+10 -2.640574936816712515e-01 6.172883372250652645e-01
2.087099999919053268e+10 -5.498716067183393452e-01 7.215701166593482263e-01
2.087099999928686905e+10 -8.234899101634911567e-01 5.959331656792468124e-01
2.087099999933557510e+10 -8.283166276646588555e-01 9.082422967240753042e-01
2.087099999960999298e+10 -9.851573244931715045e-01 9.028387956886168020e-01
2.087099999967472458e+10 -1.051458183554055070e+00 1.205075103252940760e+00
2.087099999969871902e+10 -9.399852452972742300e-01 9.102349597510586143e-01
2.087099999990910721e+10 -9.588744480164727024e-01 6.750493775169529309e-01
2.087099999996310043e+10 -9.714578588659462666e-01 3.638275345841071040e-01
2.087099999996274185e+10 -1.124578864671097689e+00 8.726562481314109609e-02
2.087099999995812607e+10 -1.113053948512216396e+00 4.031430180100425420e-01
2.087100000019828796e+10 -9.577341390908908902e-01 5.377949998346636118e-01
