4.174200000000000000e+10 0.000000000000000000e+00 0.000000000000000000e+00
4.174199999992521667e+10 1.002684130027887005e-01 4.317296787085860843e-01
4.174199999990610504e+10 2.531322470176271544e-01 8.539898986216860610e-01
4.174199999954309845e+10 1.110042672018615728e-01 6.302394109581815895e-01
4.174199999953552246e+10 7.068520626492555414e-02 1.826309780658687543e-01
4.174199999952501678e+10 -3.680487288671765445e-01 2.797831556419710375e-01
4.174199999909839630e+10 -3.803148432863890926e-01 1.387724118472594970e-01
4.174199999928376770e+10 -2.682894638289217148e-01 5.326288896204388612e-01
4.174199999924150085e+10 -7.070437090454357865e-01 6.206311785697794514e-01
4.174199999902933502e+10 -7.764731835253504411e-01 1.010762738558643958e+00
4.174199999902563477e+10 -5.997043789945055714e-01 5.975128802804261507e-01
4.174199999860484314e+10 -5.489505296517805943e-01 7.471673137022255551e-01
4.174199999817494202e+10 -4.815532321527308812e-01 8.597818905534492240e-01
4.174199999818292236e+10 -4.101470730696254452e-01 1.303486545324112234e+00
4.174199999810506439e+10 -3.404595656352309430e-01 8.663155853775110771e-01
4.174199999774382782e+10 -2.247196569625501683e-01 1.107461053947670582e+00
4.174199999798455048e+10 -2.740939455406063985e-01 7.310960412803264585e-01
4.174199999778764343e+10 1.135043988098959344e-01 6.169451355086879030e-01
4.174199999757307434e+10 1.881413933181645959e-01 1.004791235303736041e+00
4.174199999756935120e+10 1.846416526806844982e-01 5.553357757100543246e-01
4.174199999779444885e+10 3.010203161594424692e-01 9.265793714453818275e-01
4.174199999807962036e+10 6.060184514433084590e-01 1.092981083648917773e+00
4.174199999798725891e+10 9.930975143963300944e-01 8.839931479879686860e-01
4.174199999805275726e+10 9.824301580663397093e-01 4.394343069990677142e-01
4.174199999779061127e+10 1.333703671623960751e+00 5.390539947939738674e-01
4.174199999793354034e+10 9.081750850028942335e-01 5.159503820013090492e-01
4.174199999793138885e+10 9.522800085443279272e-01 9.632606308069331380e-01
4.174199999807415009e+10 6.879777504847905956e-01 6.288957332234705877e-01
4.174199999832070923e+10 9.422837596942592597e-01 3.521781987481432119e-01
4.174199999835614014e+10 1.356696391046890771e+00 1.817575015289957518e-01
4.174199999824601746e+10 1.581710458476888626e+00 5.549582349471897658e-01
4.174199999833789062e+10 1.659689817191868144e+00 1.219288311610631226e-01
4.174199999791031647e+10 1.573107913100771915e+00 2.302013926809232391e-01
4.174199999792152405e+10 1.616280153897553529e+00 -2.170645357156803790e-01
4.174199999783647919e+10 1.878722172642262711e+00 -5.719279848331700888e-01
4.174199999777791595e+10 2.073974138893989405e+00 -9.725322077138724985e-01
4.174199999767742157e+10 2.247136688648425196e+00 -5.700993510264945607e-01
4.174199999769374847e+10 2.308896064659659686e+00 -1.251774731125259721e-01
4.174199999733886719e+10 2.549718930780384696e+00 9.368097601885699843e-03
4.174199999763998413e+10 2.364370806813679948e+00 -2.681406217510237111e-01
4.174199999771255493e+10 2.295187895170764047e+00 -7.062996886578196687e-01
4.174199999795875549e+10 2.140921884951166643e+00 -3.633375370742318311e-01
4.174199999835015869e+10 2.005655972568007428e+00 -5.380950690048960094e-01
4.174199999790602112e+10 1.970789634211450814e+00 -5.977902278847369022e-01
4.174199999746372986e+10 2.034497198959210440e+00 -5.492793026414193314e-01
4.174199999784278107e+10 2.006415931970574551e+00 -3.093491249632048801e-01
4.174199999760915375e+10 2.007734335209688137e+00 -6.933456374700233127e-01
4.174199999780095673e+10 1.914807740591075058e+00 -1.089087349545788452e+00
4.174199999780752563e+10 1.713224299443822929e+00 -1.490780360859353726e+00
4.174199999804115295e+10 2.044826359814998717e+00 -1.684417957137956057e+00
4.174199999807970428e+10 1.831555542934592218e+00 -2.078201901420383191e+00
4.174199999804104614e+10 1.886270316073451969e+00 -2.522665883518904639e+00
4.174199999837573242e+10 1.771845302924694332e+00 -2.800024868406080447e+00
4.174199999836385345e+10 1.372275831043293648e+00 -2.594502235310879534e+00
4.174199999817413330e+10 1.120632458062708281e+00 -2.915000996679697920e+00
4.174199999772985840e+10 1.059004061785542739e+00 -2.885744872061492661e+00
4.174199999788460541e+10 1.233067243332064411e+00 -3.270181898319417080e+00
4.174199999779933929e+10 1.471844382576674271e+00 -2.899032867943025504e+00
4.174199999758811951e+10 1.342278968812266937e+00 -3.274047199650365503e+00
4.174199999789739227e+10 1.514855678027477115e+00 -2.997271260364615664e+00
4.174199999802957916e+10 1.352218253940356441e+00 -3.394903734914294091e+00
4.174199999801972961e+10 1.345268572737381874e+00 -3.844226573711787776e+00
4.174199999829312897e+10 1.622410841051465713e+00 -4.068902645697200171e+00
4.174199999823683929e+10 1.466051874147068057e+00 -4.486538562447823786e+00
4.174199999846017456e+10 1.147551767961566105e+00 -4.711736963403422962e+00
4.174199999869995880e+10 1.323642349547893060e+00 -4.374790663858235007e+00
4.174199999912734222e+10 1.292507998992978857e+00 -4.239098913339082841e+00
4.174199999920093536e+10 1.422890766027317122e+00 -4.662916021112330611e+00
4.174199999920452881e+10 1.857091823712186951e+00 -4.546757199423855589e+00
4.174199999915982056e+10 1.880098408664107934e+00 -4.100094025672738063e+00
4.174199999905848694e+10 1.857289820678859948e+00 -3.662775600000362175e+00
4.174199999890048981e+10 2.254075711932178816e+00 -3.802894183168799014e+00
4.174199999900882721e+10 2.219777222472903766e+00 -4.237776857688977827e+00
4.174199999876054382e+10 2.324351271722794543e+00 -4.597574834376191077e+00
4.174199999877355194e+10 2.322975273723606460e+00 -5.046868934700762033e+00
4.174199999863000488e+10 2.336053780419929282e+00 -5.472614505775077909e+00
4.174199999856098175e+10 2.263226220609618533e+00 -5.910756048352098446e+00
4.174199999844052887e+10 2.694004009487543261e+00 -5.866499141129064121e+00
4.174199999884906006e+10 2.646839656118375128e+00 -6.047917311379072736e+00
4.174199999909749603e+10 2.438631833376589952e+00 -6.359308106577671538e+00
4.174199999950505829e+10 2.571363290636894394e+00 -6.494634728911149679e+00
4.174199999980528259e+10 2.243317921930472192e+00 -6.429161143202313689e+00
4.174199999969009399e+10 2.086904400064714782e+00 -6.023818201589511645e+00
4.174199999989511871e+10 2.417759798773332136e+00 -5.799014825313198784e+00
4.174199999961144257e+10 2.069481295118311248e+00 -5.815338871749497152e+00
4.174199999966335297e+10 2.104372158544225879e+00 -6.260450121398154266e+00
4.174199999934973145e+10 2.305054075711736150e+00 -6.008651879722267886e+00
4.174199999965488434e+10 2.503047075974940583e+00 -6.272690088847020284e+00
4.174199999950955200e+10 2.911941410087436122e+00 -6.155554935611300849e+00
4.174199999951464081e+10 3.130439278242814538e+00 -6.548325982687156710e+00
4.174199999949716187e+10 3.092621664460393660e+00 -6.100776441683706253e+00
4.174199999924492645e+10 3.274723932577802810e+00 -5.776348713212345665e+00
4.174199999922834778e+10 3.267321873836755319e+00 -5.327230959706146685e+00
4.174199999950254059e+10 3.468605342224012844e+00 -5.621064744881387298e+00
4.174199999961101532e+10 3.786256021217866419e+00 -5.322121106867248486e+00
4.174199999969236755e+10 4.117706150504210072e+00 -5.614625557966382630e+00
4.174199999948853302e+10 4.311344919292541711e+00 -5.263922268925807835e+00
4.174199999954963684e+10 4.645264093583128862e+00 -5.558541243108611418e+00
4.174199999939553833e+10 4.554394140237199018e+00 -5.970890593726192463e+00
4.174199999945183563e+10 4.963499420860363998e+00 -5.793408195573642949e+00
4.174199999905197906e+10 4.882250934161715072e+00 -5.981954541738678799e+00
4.174199999898896027e+10 5.130797956173225316e+00 -5.612780538892551796e+00
4.174199999858839417e+10 4.984698323628281358e+00 -5.470525852058669258e+00
4.174199999817727661e+10 4.812211545235323129e+00 -5.527658348274758993e+00
4.174199999858909607e+10 4.642771947456246551e+00 -5.466551347838251473e+00
4.174199999851499176e+10 4.475503504615778283e+00 -5.877119874159069113e+00
4.174199999847240448e+10 4.074354479643961469e+00 -5.678873008632533192e+00
4.174199999840092468e+10 3.743070017564829932e+00 -5.974130888553543350e+00
4.174199999822677612e+10 3.688682073788232874e+00 -5.563337047308814398e+00
4.174199999864340973e+10 3.619075204986403449e+00 -5.409680209621773095e+00
4.174199999872807312e+10 3.681604767613762430e+00 -4.972691866337358491e+00
4.174199999898181915e+10 3.629539467017520948e+00 -5.340031036805771514e+00
4.174199999900289917e+10 3.530649091338978529e+00 -4.902066804211569817e+00
4.174199999923516083e+10 3.216018713728921785e+00 -5.123647786308296759e+00
4.174199999906970215e+10 2.850777485554002233e+00 -5.326768403122268403e+00
4.174199999866915131e+10 2.776465290002728459e+00 -5.136833552339028053e+00
4.174199999860364532e+10 2.934665385803599147e+00 -4.721240139910586109e+00
4.174199999852062225e+10 3.109299743429524643e+00 -5.127006324196944576e+00
4.174199999852764893e+10 3.122640040688931862e+00 -4.677774732649670142e+00
4.174199999895273590e+10 3.053667467158200033e+00 -4.806538881520815210e+00
4.174199999919399261e+10 2.744397354513427700e+00 -4.587030520031336600e+00
4.174199999888878632e+10 2.561108421365203114e+00 -4.312637096983356955e+00
4.174199999892712402e+10 2.727019087691586297e+00 -3.896656239506159025e+00
4.174199999888639832e+10 2.697246040208184148e+00 -4.343301016103127132e+00
4.174199999871965027e+10 2.599435418294488986e+00 -3.937511715473867913e+00
4.174199999913538361e+10 2.690428011117646179e+00 -3.792865941542503894e+00
4.174199999871682739e+10 2.527189653013835802e+00 -3.806944301997812197e+00
4.174199999836466217e+10 2.733121733117189756e+00 -3.995640309878410790e+00
4.174199999856382751e+10 2.402145874249165480e+00 -3.765801258264521056e+00
4.174199999858040619e+10 2.554782706853754526e+00 -3.343351990822044595e+00
4.174199999892245483e+10 2.811068098705948870e+00 -3.482483707139496509e+00
4.174199999928298187e+10 2.813518499298109710e+00 -3.214062125042939755e+00
4.174199999931673431e+10 3.154026421073845121e+00 -3.505526767405987343e+00
4.174199999941822052e+10 3.511736825437708376e+00 -3.252979913466376161e+00
4.174199999965137482e+10 3.686640939233429393e+00 -2.910806393376585977e+00
4.174199999992321014e+10 3.331141955237252983e+00 -2.868828251706780907e+00
4.174199999964212036e+10 3.321351811220599082e+00 -3.219439335623247800e+00
4.174199999957656097e+10 2.992486916813126729e+00 -3.518749345824208064e+00
4.174199999938670349e+10 2.585508842976046662e+00 -3.499809874488394090e+00
4.174199999938687897e+10 2.577205740427510605e+00 -3.949217680289216492e+00
4.174199999944161987e+10 2.528121149602981621e+00 -3.505787593141322045e+00
4.174199999933070374e+10 2.476288972329725890e+00 -3.073297264283051611e+00
4.174199999959685516e+10 2.208263167391152137e+00 -3.316944192332043073e+00
4.174199999946289825e+10 2.377851935834079722e+00 -3.711064300008083183e+00
4.174199999964933014e+10 2.231715484958063378e+00 -4.093065262609864696e+00
4.174199999963541412e+10 2.110092541961411605e+00 -4.525558705742620091e+00
4.174199999971872711e+10 2.276444050682603137e+00 -4.116385566416483677e+00
4.174199999965600586e+10 2.260364991758263109e+00 -4.561182282046950753e+00
4.174199999924461365e+10 2.164353392651973795e+00 -4.407649054556245005e+00
4.174199999959497833e+10 1.905783615995976454e+00 -4.519098740160456984e+00
4.174199999936528778e+10 1.923076545571829499e+00 -4.905079460189138985e+00
4.174199999919297791e+10 1.961674741503571795e+00 -4.491732088613549223e+00
4.174199999952989960e+10 1.777855739655589407e+00 -4.725677595240723505e+00
4.174199999972669983e+10 1.446383912941623384e+00 -4.956832606788902140e+00
4.174199999974526215e+10 1.349758405376007442e+00 -4.518249238443242000e+00
4.174200000012924194e+10 1.330236110335487387e+00 -4.751095683114290757e+00
