2.087100000000000000e+10 0.000000000000000000e+00 0.000000000000000000e+00
2.087099999989224625e+10 -2.095165629007867958e-01 2.107714552594203983e-01
2.087099999989161682e+10 -2.113232611236854908e-01 -1.053440294386566445e-01
2.087099999967574692e+10 -1.558769574103582856e-01 -3.295271168254693128e-01
2.087099999958715820e+10 -1.755283613031812795e-01 -2.670945506005367731e-02
2.087099999966968155e+10 -3.541655606796020317e-01 -2.741190365973883436e-01
2.087099999965986252e+10 -6.668644387774418369e-01 -3.194580643596877656e-01
2.087099999966512680e+10 -6.612421265488878097e-01 -6.354854759297752231e-01
2.087099999969827271e+10 -6.302648762790667991e-01 -9.483345423645488381e-01
2.087099999985383987e+10 -7.979272540326450835e-01 -1.166556117791679226e+00
2.087099999986985016e+10 -5.903496403619719057e-01 -9.286741379215681658e-01
2.087100000006421661e+10 -3.465169756994654904e-01 -8.767157970134088485e-01
2.087099999986371613e+10 -3.393786154202011462e-01 -6.324173325822379788e-01
2.087099999981339645e+10 -6.446733080199806842e-01 -5.676428773666315486e-01
2.087099999992036057e+10 -3.686740594454605557e-01 -6.786195421062085620e-01
2.087099999992018509e+10 -3.680690762989219933e-01 -3.624988927266469818e-01
2.087099999966965485e+10 -5.032080936080117750e-01 -4.999960058908131666e-01
2.087099999978309250e+10 -2.969266553673404752e-01 -2.890161230891644117e-01
2.087099999959107971e+10 -2.849180911384265880e-01 -3.817814327115692796e-02
2.087099999933518982e+10 -1.369721644599675991e-01 -1.502714334866202539e-01
2.087099999914011765e+10 1.104628313039515142e-01 -1.758739359789846524e-01
2.087099999886280441e+10 -2.891010375795305398e-02 -1.158349234565136665e-01
2.087099999913825607e+10 5.974001636177485308e-02 -2.431110474997391635e-01
2.087099999905603027e+10 3.504146467690460454e-01 -1.499461590743494388e-01
2.087099999913668060e+10 6.283838155661291003e-01 -2.281946453859468038e-02
2.087099999915867233e+10 4.603261999155719986e-01 2.440244780522852208e-01
2.087099999920470047e+10 2.040029469567315457e-01 6.482513250029917073e-02
2.087099999889137650e+10 2.455634674299689568e-01 5.904558797600191478e-02
2.087099999887125778e+10 2.078532215429651220e-01 3.722640440821491925e-01
2.087099999862594986e+10 3.333263688022740645e-01 5.272241883607151625e-01
2.087099999879726028e+10 5.987492514652166253e-01 5.155357807816635107e-01
2.087099999879691696e+10 4.504701436280614257e-01 7.947236208779108191e-01
2.087099999877966690e+10 5.860080538916212500e-01 1.079792929625664755e+00
2.087099999881406784e+10 5.889211915515712992e-01 1.394023450640557327e+00
2.087099999884010696e+10 3.022539635425653404e-01 1.524700426901305361e+00
2.087099999853821945e+10 3.951746264848591261e-01 1.537447357817964599e+00
2.087099999871269989e+10 6.237845740102101466e-01 1.668698351990121509e+00
2.087099999882292938e+10 7.904386209032437938e-01 1.423731779908276485e+00
2.087099999885272980e+10 8.120200879889304391e-01 1.109759230870676738e+00
2.087099999865061188e+10 1.035096463028604363e+00 1.013232919480316241e+00
2.087099999873522949e+10 7.437436409751038147e-01 1.102034878022139397e+00
2.087099999870133209e+10 8.613348305619067391e-01 8.105628247724769864e-01
2.087099999859894562e+10 1.156475792811364478e+00 7.621777141938527178e-01
2.087099999864286423e+10 8.962267349888843881e-01 5.881823078450658659e-01
2.087099999865456390e+10 9.437328908323271426e-01 9.004945322456917589e-01
2.087099999872566986e+10 8.180937485006237742e-01 6.192625847106161263e-01
2.087099999880468750e+10 8.419452371283200343e-01 3.141070089581364799e-01
2.087099999870487976e+10 6.602432945520554375e-01 7.545303211546244837e-02
2.087099999896245575e+10 4.778043834475881324e-01 9.284931780623348341e-02
2.087099999925226974e+10 4.844946503414964134e-01 2.189239338882579267e-01
2.087099999915310669e+10 7.741227409968742812e-01 2.977588302605046477e-01
2.087099999928517914e+10 8.136380073788945788e-01 5.822375352653088587e-01
2.087099999947655487e+10 6.756537440719220244e-01 3.718365360047152235e-01
2.087099999946865845e+10 4.017362333368794669e-01 2.142310681829056318e-01
2.087099999958644485e+10 4.534752948805735318e-01 5.029903768017131016e-01
2.087099999957429504e+10 4.473074948784155347e-01 1.871628807967386510e-01
2.087099999960638046e+10 5.967100776075326962e-01 -8.957154948276091488e-02
2.087099999989991379e+10 6.104891483251175810e-01 -2.061090898051293197e-01
2.087099999989004898e+10 6.068240594268611288e-01 -5.220551183797581540e-01
2.087099999968907166e+10 8.339960462664999241e-01 -4.329805509449914380e-01
2.087099999997869873e+10 9.134536387274966307e-01 -5.316450600971037721e-01
2.087100000018228149e+10 6.999865206473668833e-01 -6.453050229595337361e-01
