1.391400000000000000e+10 0.000000000000000000e+00 0.000000000000000000e+00
1.391400000007963181e+10 2.001631783216482052e-01 -2.082965184403271774e-01
1.391399999989632416e+10 -8.545227093700091814e-03 -9.589898089709734952e-02
1.391399999971457672e+10 -2.398259439572729135e-01 -3.870313609935847193e-02
1.391399999989872551e+10 -2.228771857582828031e-01 1.970845432936016162e-01
1.391399999990604210e+10 -3.730095872619924036e-01 -6.214670919612055866e-02
1.391399999994521332e+10 -4.946109740378509256e-01 2.089118946556763612e-01
1.391399999994744492e+10 -6.116018659383769540e-01 -6.695448518068039534e-02
1.391399999970360565e+10 -6.843692878915639266e-01 9.128911371889980586e-02
1.391399999970078468e+10 -7.308317244478979013e-01 -2.047301292265020223e-01
1.391399999961095238e+10 -7.554433391973546241e-01 -4.895434552037744025e-01
1.391399999954024315e+10 -8.132817312683431332e-01 -2.041509249262837278e-01
1.391399999972102928e+10 -1.019318358903147370e+00 -3.252279036451083960e-01
1.391399999967538834e+10 -1.222289359186345958e+00 -5.408983110613134748e-01
1.391399999949209213e+10 -9.876042151405000080e-01 -5.074360007272834538e-01
1.391399999975914574e+10 -8.858048716030173519e-01 -4.173629941401687526e-01
1.391399999977609253e+10 -8.818494778120190558e-01 -1.182121215984669460e-01
1.391399999961408043e+10 -6.326242827113374156e-01 -1.560644322075655510e-01
1.391399999959979248e+10 -5.035223669787513012e-01 1.139775408541275348e-01
1.391399999944287300e+10 -2.499594732020892218e-01 8.437122156720756883e-02
1.391399999946863365e+10 -4.826553522549940078e-01 -1.026664180424902012e-01
1.391399999955805016e+10 -4.932812403368490584e-01 1.831410050113246868e-01
1.391399999962096214e+10 -4.172801698351741861e-01 4.660898170812001751e-01
1.391399999957541466e+10 -1.978392966290114519e-01 2.671795644270056891e-01
1.391399999943998718e+10 3.264512713772718677e-02 1.317901039447943179e-01
1.391399999949163628e+10 3.267361263510212277e-01 1.065531050938936797e-01
1.391399999942027473e+10 1.833228900066176947e-01 -1.466941183854140462e-01
1.391399999953193665e+10 3.649041826357397600e-01 6.390975946620597314e-02
1.391399999945873451e+10 7.940927297498123760e-02 1.180224107733890415e-01
1.391399999945036888e+10 8.040072764543411410e-02 4.175606421442407123e-01
1.391399999954325294e+10 -4.883708630249238014e-02 1.636626055505052135e-01
1.391399999963595390e+10 -1.394082183447729051e-01 -1.065181432564767938e-01
1.391399999942508125e+10 -3.212304788401144084e-01 4.239705169408872210e-03
1.391399999951389313e+10 -7.400451825122347782e-02 1.484127786778653424e-01
1.391399999958880615e+10 -1.222235844107171787e-01 4.345195661891850802e-01
1.391399999967187881e+10 -7.107472890921065489e-02 7.178512392916114315e-01
1.391399999958642578e+10 -6.815498452511424554e-02 4.306520744330898931e-01
1.391399999959411621e+10 -4.012745716089610726e-02 1.324081780831835031e-01
1.391399999969013405e+10 2.413544574411139454e-01 9.576628742910905934e-02
1.391399999993579102e+10 3.651475602232529538e-01 -2.306928444571509917e-02
1.391399999988789749e+10 3.319161872528970103e-01 2.708628107933845897e-01
1.391399999963127708e+10 4.489972022384472461e-01 1.697106138887565230e-01
1.391399999978420067e+10 3.101991944594791883e-01 -4.741558844822585383e-02
1.391399999989870453e+10 1.018620836695070531e-01 -2.298392818831185846e-01
1.391399999990125465e+10 1.064703627025606891e-01 -5.294496312608851785e-01
1.391399999972383308e+10 3.385493249389192050e-01 -4.627059541227521722e-01
1.391399999977262688e+10 2.594961596672848980e-01 -7.475988419856200995e-01
1.391399999965853691e+10 2.977532401164006415e-01 -1.022032601873815727e+00
1.391399999984304810e+10 4.524138754722191180e-01 -8.436237640313555275e-01
1.391400000011353683e+10 4.857472469550720984e-01 -9.681979140376301141e-01
