2.782800000000000000e+10 0.000000000000000000e+00 0.000000000000000000e+00
2.782799999989453125e+10 1.228626784762223700e-01 -3.017669120938688554e-01
2.782799999957614517e+10 1.602228615669026857e-04 -3.310383618275725692e-01
2.782799999945959091e+10 -3.484119964043701917e-02 -1.092558543484040134e-02
2.782799999915753174e+10 -1.919324984552775171e-01 2.602299089614178856e-02
2.782799999904114151e+10 -4.785498540465892292e-01 -1.208973080758879437e-01
2.782799999913132477e+10 -6.214083540595678468e-01 1.769959393338669251e-01
2.782799999919499588e+10 -7.306749410096469166e-01 4.952549720619605633e-01
2.782799999914768982e+10 -7.369689913053099062e-01 1.561314832626811699e-01
2.782799999917835999e+10 -7.634888749854562562e-01 -1.839246151114433681e-01
2.782799999920420074e+10 -8.379202771949900708e-01 -5.172027455990984013e-01
2.782799999939508438e+10 -5.536732655909297751e-01 -5.101881129501343315e-01
2.782799999931163788e+10 -6.790063070269360956e-01 -2.025998391090821360e-01
2.782799999923788834e+10 -8.285000860569423642e-01 9.655646624352282048e-02
2.782799999897718048e+10 -7.193736603734161017e-01 2.899609243677149228e-01
2.782799999888701630e+10 -8.907933093152837767e-01 5.723925586898342965e-01
2.782799999864904022e+10 -6.936751409961163795e-01 4.247668917464868521e-01
2.782799999851182938e+10 -3.873678804063273584e-01 3.567145215246015910e-01
2.782799999852079773e+10 -2.452181087572447293e-01 4.527423984019257608e-02
2.782799999856136322e+10 -1.702651879721261419e-01 -2.864163077644075184e-01
2.782799999852848816e+10 -2.457829175466556548e-01 -6.188291013914000160e-01
2.782799999852843857e+10 -2.454732776726849808e-01 -2.763645679152763601e-01
2.782799999853376770e+10 -2.241744246511144234e-01 6.539560607680822146e-02
2.782799999847368622e+10 -2.609465450591903490e-01 4.005375627993257859e-01
2.782799999848568344e+10 -1.178452478845987417e-01 8.963538969074863472e-02
2.782799999851571655e+10 2.204395434182150060e-01 4.554955119282058651e-02
2.782799999845051575e+10 5.163881898535231940e-01 -1.139666517239150412e-01
2.782799999821821976e+10 2.724501976061134978e-01 -5.220343459699153948e-02
2.782799999849598694e+10 7.213401933828844648e-02 -5.313547204185015832e-02
2.782799999873878098e+10 4.859305954507525671e-02 -2.935077395115671117e-01
2.782799999873150253e+10 1.695981443992014004e-01 -6.137995462399791213e-01
2.782799999852468872e+10 4.343397024087588543e-01 -6.802961314850810570e-01
2.782799999829237747e+10 6.522350469895515923e-01 -5.544580398536524957e-01
2.782799999847095490e+10 5.241636123440822637e-01 -2.917985982396220646e-01
2.782799999831252289e+10 6.192416797201245604e-01 -5.801409819342817631e-01
2.782799999799910736e+10 5.368344642026646740e-01 -6.908775586424423798e-01
2.782799999790481567e+10 2.742472913366068576e-01 -4.922849826121105110e-01
2.782799999764961243e+10 6.641010952795547984e-02 -3.976406764033473262e-01
2.782799999767153168e+10 3.494909346988931409e-01 -5.891266065411066011e-01
2.782799999733218002e+10 3.915282318192168654e-01 -6.080028733932194562e-01
2.782799999704333878e+10 2.458502103860009669e-01 -7.203916394248280897e-01
2.782799999674026489e+10 3.482808651551536627e-01 -5.981772779204993506e-01
2.782799999671652985e+10 4.900325962302543581e-01 -9.090230822815741352e-01
2.782799999690191650e+10 3.055017342529392499e-01 -1.130070237135833100e+00
2.782799999688766479e+10 6.418809409333534610e-01 -1.192744009792649162e+00
2.782799999679743576e+10 6.104280071288077369e-01 -8.638798554496122106e-01
2.782799999660395813e+10 8.272740202125714593e-01 -6.827008855579709268e-01
2.782799999657212830e+10 1.087427252562570335e+00 -9.031303350044050937e-01
2.782799999658880234e+10 1.426386458633420062e+00 -8.571877857062275563e-01
2.782799999645751190e+10 1.354501685105703901e+00 -1.165210405913848390e+00
2.782799999646867371e+10 1.467086794402414851e+00 -8.419735328494023507e-01
2.782799999629805756e+10 1.417494270917980748e+00 -1.134741615641545964e+00
2.782799999635023117e+10 1.416009755396595571e+00 -1.473205377452142306e+00
2.782799999644929123e+10 1.737645579187817813e+00 -1.536608252387363871e+00
2.782799999660980225e+10 1.454452379908183213e+00 -1.430212421783412680e+00
2.782799999687367249e+10 1.618835037297360113e+00 -1.286568039077846670e+00
2.782799999715616608e+10 1.629613822165637105e+00 -1.479862337272651374e+00
2.782799999722113419e+10 1.580189794758605437e+00 -1.147268567807213202e+00
2.782799999740381241e+10 1.807971813121118432e+00 -1.326227716948971347e+00
2.782799999742169189e+10 2.091450916844905805e+00 -1.134911186310433751e+00
2.782799999745745850e+10 2.129140689290924371e+00 -7.964112167229842054e-01
2.782799999729023743e+10 2.367976543881566531e+00 -6.167530364064712778e-01
2.782799999756316757e+10 2.305625409421516281e+00 -8.139934177846510632e-01
2.782799999767144394e+10 2.260828558935966015e+00 -1.135787162908849179e+00
2.782799999779377365e+10 2.439633282568953732e+00 -1.401016926901191617e+00
2.782799999746982193e+10 2.520929790847753260e+00 -1.325337839165698917e+00
2.782799999766326523e+10 2.240843976904449697e+00 -1.287739867043950825e+00
2.782799999734975433e+10 2.307416971073122713e+00 -1.167075187156196403e+00
2.782799999731267929e+10 2.193716175374280208e+00 -1.487979638649428171e+00
2.782799999740197372e+10 1.868795584898429452e+00 -1.549097074380155981e+00
2.782799999739452362e+10 1.985244235318767592e+00 -1.227124622033168855e+00
2.782799999737242126e+10 1.852676543021142042e+00 -9.121335101579162163e-01
2.782799999720021820e+10 1.702337618538852571e+00 -1.167135997123348812e+00
2.782799999727228546e+10 1.679120043157961817e+00 -8.331457700037268044e-01
2.782799999724217224e+10 1.520868488762053161e+00 -1.135357181032675467e+00
2.782799999716030884e+10 1.775707168162029781e+00 -9.217280885883636365e-01
2.782799999719222641e+10 1.776173185557273104e+00 -5.807543148084945983e-01
2.782799999716467667e+10 1.716483914670833943e+00 -9.168500681997608925e-01
2.782799999693867493e+10 1.466864931254321602e+00 -9.792692654339347769e-01
2.782799999722584152e+10 1.315259799729441959e+00 -1.088048637887939707e+00
2.782799999730584335e+10 1.088944005121641467e+00 -8.437883707868842897e-01
2.782799999708431625e+10 1.084686765876391679e+00 -1.104920312690874651e+00
2.782799999704740143e+10 8.951610834555605578e-01 -8.220784810615713312e-01
2.782799999733242798e+10 7.084013986739504665e-01 -8.561694453030431751e-01
2.782799999730558777e+10 8.337905090429943433e-01 -5.386173839950553210e-01
2.782799999752787018e+10 6.520305269626422984e-01 -7.252605541963639268e-01
2.782799999777813339e+10 7.825346561870100137e-01 -5.313035996970146835e-01
2.782799999779131317e+10 7.629194498273965674e-01 -8.729518950036445624e-01
2.782799999801465225e+10 6.054633519676329012e-01 -6.665317655020430720e-01
2.782799999810770416e+10 7.209654255190640626e-01 -9.752105549269870499e-01
2.782799999812111664e+10 1.062019062801253355e+00 -1.003221432320297479e+00
2.782799999809357834e+10 1.171406820882437971e+00 -6.798670516184095458e-01
2.782799999836149597e+10 1.326515318608945782e+00 -5.334278434889150322e-01
2.782799999860850143e+10 1.372903417481967203e+00 -3.007937099169815665e-01
2.782799999872876740e+10 1.506644430114773892e+00 -9.363413509905993415e-03
2.782799999893410110e+10 1.773954164050161708e+00 -6.990311787560202217e-02
2.782799999897859573e+10 1.891982486112397499e+00 -3.882920666259984666e-01
2.782799999902002335e+10 1.846415323048153923e+00 -5.141032097604109063e-02
2.782799999904026794e+10 1.926936392024371614e+00 -3.836581261746063731e-01
2.782799999899248886e+10 1.717284325934518741e+00 -1.171148443694411956e-01
2.782799999871467590e+10 1.517649608853761878e+00 -1.013651084916747380e-01
2.782799999889681625e+10 1.296481906865037059e+00 8.623123670424753806e-02
2.782799999914163589e+10 1.080458917619868897e+00 -1.710698473110040807e-02
2.782799999914097977e+10 1.080455634765694839e+00 -3.595710368632445419e-01
2.782799999908885956e+10 1.230672351210527316e+00 -6.628871510660767630e-01
2.782799999893211746e+10 1.203575772196738392e+00 -9.661683398522468158e-01
2.782799999903661346e+10 8.775603836657973611e-01 -9.574129264297638331e-01
2.782799999914351654e+10 9.944996639964789331e-01 -1.261022663652862086e+00
2.782799999929231644e+10 1.031932930278615546e+00 -1.567191515253783640e+00
2.782799999956978226e+10 1.093388617380979921e+00 -1.376094027864080971e+00
2.782799999950413132e+10 1.302456096127416973e+00 -1.112915345097719388e+00
2.782799999923563004e+10 1.118881351114784595e+00 -1.005722936003417667e+00
2.782799999924188614e+10 1.406814169000216275e+00 -1.191027002106923138e+00
2.782799999929673767e+10 1.624382491864294398e+00 -9.323043175124396953e-01
2.782799999933368683e+10 1.581075181937472207e+00 -5.946044408174379070e-01
2.782799999949047852e+10 1.832110421473062800e+00 -4.223248226109373449e-01
2.782799999943077469e+10 1.566164218761693316e+00 -2.149839390991689358e-01
2.782799999917509079e+10 1.575594772534395505e+00 1.265180840256555084e-02
2.782799999901579666e+10 1.567770320004171047e+00 -2.904088270504062708e-01
2.782799999933760834e+10 1.603541084887214918e+00 -4.019456810175898176e-01
2.782799999925108337e+10 1.558465062194088313e+00 -7.302198193272539939e-01
2.782799999931879044e+10 1.529395352838269773e+00 -1.064663444805626691e+00
2.782799999926266861e+10 1.573527545884176870e+00 -7.297232963664517236e-01
2.782799999936983490e+10 1.863787963197037101e+00 -5.829363772636468877e-01
2.782799999919418335e+10 1.574905066806185472e+00 -5.283911971960089105e-01
2.782799999920534897e+10 1.599602045710325937e+00 -8.697816794988637579e-01
2.782799999937536240e+10 1.885587974200399364e+00 -7.886035276160706653e-01
2.782799999965600204e+10 1.740819256132045689e+00 -6.560699804881859887e-01
2.782799999952837372e+10 1.429507207876075769e+00 -7.199318221459087841e-01
2.782799999939585495e+10 1.695189324631434902e+00 -8.906173588687583687e-01
2.782799999911000443e+10 1.508773591052344765e+00 -8.619807442707060341e-01
2.782799999898193741e+10 1.354094856097716848e+00 -1.139389245567085540e+00
2.782799999896103668e+10 1.597546886060281723e+00 -8.994387394244879319e-01
2.782799999865402603e+10 1.744123336812012592e+00 -9.387123868708139307e-01
2.782799999859613419e+10 1.927687331937583126e+00 -6.554549319141877994e-01
2.782799999881014633e+10 1.746732186670498344e+00 -8.522685336930788669e-01
2.782799999871219254e+10 1.763100114749270642e+00 -5.245196214821282732e-01
2.782799999869007874e+10 1.771165815507859342e+00 -1.828649357844445156e-01
2.782799999850699234e+10 1.741567369960222766e+00 1.050337583551841925e-01
2.782799999821401215e+10 1.691015716964362925e+00 2.749996158009774816e-01
2.782799999827922821e+10 1.976825748485283363e+00 4.520349400437306819e-01
2.782799999854880524e+10 1.917065887525712942e+00 6.546158789902074560e-01
2.782799999858353043e+10 1.576915820504758869e+00 6.352711033107000249e-01
2.782799999858189392e+10 1.483051972592962287e+00 3.059248575731878250e-01
2.782799999876000214e+10 1.486214190232235666e+00 1.343657530649849940e-02
2.782799999869597244e+10 1.524118073440686505e+00 3.477198960159061381e-01
2.782799999841933441e+10 1.500081151466059914e+00 5.481592975306364135e-01
2.782799999870326614e+10 1.418110095350820998e+00 3.751087856935917397e-01
2.782799999837851715e+10 1.507529447016758839e+00 4.369498026486746123e-01
2.782799999822942352e+10 1.598890189763093828e+00 1.424907393623623952e-01
2.782799999834775925e+10 1.828585344125505996e+00 3.672538726594613001e-01
2.782799999864458084e+10 1.858129948411980648e+00 1.990064199370345233e-01
2.782799999891151428e+10 1.701178510233017027e+00 3.452748267281068872e-01
2.782799999878499985e+10 1.408129429130188459e+00 2.211833127873640559e-01
2.782799999894978714e+10 1.134950986471293000e+00 3.456867032821729357e-01
2.782799999900030518e+10 8.142041828463297826e-01 4.545519757641667269e-01
2.782799999920743561e+10 1.002398521882588600e+00 2.571647263762296687e-01
2.782799999954439926e+10 1.019068043909849397e+00 1.983367399721033819e-01
2.782799999955151367e+10 1.027497740662266734e+00 -1.439502638201513585e-01
2.782799999984231949e+10 8.508327611051406114e-01 -1.827241605417549153e-01
2.782799999984164429e+10 1.092172031723786407e+00 6.025105314871623263e-02
2.782799999990640640e+10 1.389177858236084084e+00 2.179701932772738771e-01
2.782799999973176193e+10 1.275386714935308419e+00 -5.375081500795567124e-02
2.782799999966604996e+10 1.549596214425226659e+00 1.406020341220898806e-01
2.782799999963354874e+10 1.579372175806386558e+00 -1.990141591102668195e-01
2.782799999951100922e+10 1.886006732410387521e+00 -2.897984047918983896e-01
2.782799999957384872e+10 1.566512560665032083e+00 -3.958967348952457388e-01
2.782799999969501877e+10 1.673880778631485766e+00 -6.976779002143012054e-01
2.782799999973662949e+10 1.730636403430289239e+00 -1.032833509519536452e+00
2.782800000004794693e+10 1.871442045040885072e+00 -1.009678226695516878e+00
2.782800000021598053e+10 1.951973378659071834e+00 -7.223428353233314336e-01
