2.782800000000000000e+10 0.000000000000000000e+00 0.000000000000000000e+00
2.782799999996121216e+10 2.787070757385048392e-01 -1.951917675635411464e-01
2.782799999990323257e+10 3.964515579747787122e-01 -5.115089604355085307e-01
2.782800000007195663e+10 5.359080688812172255e-01 -2.481337459999273798e-01
2.782799999993682480e+10 6.946781077583046304e-01 2.355309522664145172e-02
2.782799999965810394e+10 8.773414266501153858e-01 -5.538801537145207621e-02
2.782799999971566010e+10 5.404200720725941265e-01 -3.409415864106848937e-02
2.782799999971963120e+10 5.944859997114644301e-01 3.040524873277715701e-01
2.782799999988673019e+10 5.013807194897992314e-01 5.881148300449972055e-01
2.782800000021636200e+10 4.109735936892374153e-01 5.668427683263775885e-01
