4.174200000000000000e+10 0.000000000000000000e+00 0.000000000000000000e+00
4.174199999970452118e+10 -2.842675971936677870e-01 -1.841784857237563910e-01
4.174199999978806305e+10 -5.292760783512044931e-01 -5.516393928682667980e-01
4.174199999982807159e+10 -7.060327162692691116e-01 -9.629697043375939902e-01
4.174199999990094757e+10 -7.908169209312289061e-01 -5.276113147613710197e-01
4.174199999966612244e+10 -6.277288128498667019e-01 -8.744462853907024602e-01
4.174199999927820587e+10 -4.143101390759005298e-01 -7.969413957921687164e-01
4.174199999886318207e+10 -2.494960386128330931e-01 -8.482295553481237205e-01
4.174199999898464966e+10 -3.318015748141894816e-01 -1.273091820513256645e+00
4.174199999930162811e+10 -2.486384901028131922e-01 -9.654462491958509807e-01
4.174199999918789673e+10 -4.465655953159329838e-01 -1.352650018040688629e+00
4.174199999903196716e+10 -2.548331526248431844e-02 -1.372923750669493792e+00
4.174199999914736938e+10 2.486457162460380399e-01 -1.035918895664844186e+00
4.174199999884131622e+10 -7.818681568299795659e-02 -9.965571937635743227e-01
4.174199999879753113e+10 -4.870650251158484267e-01 -8.150693335462569911e-01
4.174199999900937653e+10 -5.327851883131670130e-01 -4.212830824139343622e-01
4.174199999944317627e+10 -4.191702427185296509e-01 -3.905318058391220593e-01
4.174199999957497406e+10 -2.952676882657420121e-01 2.094696300896098373e-02
4.174199999926981354e+10 -6.069766645181517983e-01 1.293526765493666075e-01
4.174199999956660461e+10 -3.661459701120144405e-01 3.658975949655700610e-01
4.174199999982855225e+10 -6.598480314589409979e-01 5.830589290072560882e-01
4.174199999966995239e+10 -3.780288442933926740e-01 2.708722159336381385e-01
4.174199999961593628e+10 -1.514529349514969758e-01 -1.135523922645830797e-01
4.174199999956548309e+10 -4.512963188624208311e-01 -4.445888742289856865e-01
4.174199999948571777e+10 -4.213856561587580041e-01 -8.859266374592507098e-01
4.174199999959004974e+10 -3.704976022631241150e-01 -4.516898744807163468e-01
4.174199999915396118e+10 -2.673214703668603809e-01 -4.168311935604034346e-01
4.174199999891967010e+10 -3.023664398086907679e-01 -3.483962634845644279e-02
4.174199999874600220e+10 -3.137569369069412861e-01 3.795824754237001053e-01
4.174199999896737671e+10 -5.556591512808600752e-02 6.734658864654553545e-01
4.174199999910292053e+10 3.268075332903465080e-01 4.799345003560918643e-01
4.174199999899380493e+10 2.402699083541328662e-01 5.256850579848548755e-02
4.174199999912277222e+10 3.299466432771396840e-01 4.737115508764259131e-01
4.174199999896218109e+10 4.194402830746103428e-01 6.354459578672289055e-02
4.174199999916091156e+10 6.927512881490622831e-01 3.599265137942950776e-01
4.174199999929735565e+10 7.489606292334615167e-01 -6.464388828196615533e-02
4.174199999923844147e+10 5.339268462410501348e-01 3.256453897083905202e-01
4.174199999945316315e+10 5.613277972613676114e-01 -6.828365795397189908e-02
4.174199999927171326e+10 4.529775078088091878e-01 -4.649846173813516614e-01
4.174199999891632080e+10 3.699287719875347658e-01 -2.026180284038714419e-01
4.174199999890792084e+10 4.671711996281093238e-01 -6.413773321505402691e-01
4.174199999899626160e+10 7.596701043244592499e-01 -9.710388130096929693e-01
4.174199999926534271e+10 7.982910178888855679e-01 -1.329008041341521063e+00
4.174199999931298065e+10 3.878319150052719766e-01 -1.505898988887346635e+00
4.174199999911491394e+10 7.882147802644183798e-01 -1.555886291285369039e+00
4.174199999921944427e+10 1.199214546461503161e+00 -1.406926350774479584e+00
4.174199999962197876e+10 1.124192440169618390e+00 -1.592322866549040095e+00
4.174199999957322693e+10 1.246021594305727120e+00 -1.162419362329407457e+00
4.174199999938570404e+10 8.459037375406947001e-01 -1.080103456891402081e+00
4.174199999938903809e+10 8.708032956627251853e-01 -1.528885386002122537e+00
4.174199999934783936e+10 1.266829983704007567e+00 -1.737456607672714926e+00
4.174199999961565399e+10 1.404531380514588923e+00 -2.071148011305864678e+00
4.174199999943176270e+10 1.549142712022665513e+00 -2.454956445218262839e+00
4.174199999949444580e+10 1.698495816708904149e+00 -2.035670861804852017e+00
4.174199999957546997e+10 2.105726980368983092e+00 -2.207818230391300762e+00
4.174199999957935333e+10 2.083904331333030768e+00 -1.758880565334866919e+00
4.174199999967189026e+10 1.786153702286742639e+00 -2.082636245564359889e+00
4.174199999968955994e+10 1.768149714116946880e+00 -1.633860033403268019e+00
4.174199999971187592e+10 1.776583313284256782e+00 -2.082710964173510870e+00
4.174199999970937347e+10 1.760063379115810678e+00 -2.531884854963097453e+00
4.174199999957741547e+10 1.922855523722218019e+00 -2.929531728290549086e+00
4.174199999940725708e+10 2.330441590855602652e+00 -3.012937064474021209e+00
4.174199999938441467e+10 2.277930267522525476e+00 -3.458758811658255716e+00
4.174199999963687897e+10 1.925484879596614629e+00 -3.340097863320041327e+00
4.174200000002695465e+10 2.147737561125519612e+00 -3.361963045921413151e+00
4.174200000045408630e+10 2.014429575239923942e+00 -3.404673692691817521e+00
