4.869900000000000000e+10 0.000000000000000000e+00 0.000000000000000000e+00
4.869899999957891083e+10 -3.735004367877884923e-01 -3.663427695581685656e-02
4.869899999952600098e+10 1.703633843372656664e-01 1.032736099074295366e-01
4.869899999981143951e+10 -2.526961053291531534e-01 -1.369535019913562801e-01
4.869899999979901123e+10 -1.582573609380172608e-01 -6.929106614910374162e-01
4.869899999957080841e+10 -4.154835223210510964e-02 -1.195369886380666991e+00
4.869899999918122864e+10 -2.964838345410901743e-01 -8.769402976694868901e-01
4.869899999961560822e+10 -5.891850317424123240e-01 -6.676433988047719703e-01
4.869899999947727203e+10 -5.067054140374342985e-01 -1.208219715520569171e+00
4.869899999909722137e+10 -3.509088447816247625e-01 -1.594806708733330192e+00
4.869899999861846924e+10 -4.534150890613058982e-01 -1.874890264777092863e+00
4.869899999808072662e+10 -5.555550060577372218e-01 -1.738636461550004064e+00
4.869899999764268494e+10 -7.244725587001739076e-01 -1.425988894314840660e+00
4.869899999779438019e+10 -9.473417847877252385e-01 -9.305305669752809150e-01
4.869899999764874268e+10 -9.060850934611117680e-01 -1.473898792924363876e+00
4.869899999783843231e+10 -5.207377358409001067e-01 -1.108266322532931225e+00
4.869899999802584076e+10 -8.309538713317082825e-01 -1.540476489136915816e+00
4.869899999824556732e+10 -1.314888164761050415e+00 -1.351563260404645694e+00
4.869899999829168701e+10 -1.173307971324782706e+00 -8.075137555010903911e-01
4.869899999809452057e+10 -1.037106363319084013e+00 -2.968905291634439392e-01
4.869899999857733154e+10 -1.244149179084208967e+00 -5.022968020664682065e-01
4.869899999825707245e+10 -1.693724653180294082e+00 -6.183876131027532530e-01
4.869899999825685883e+10 -1.894375163909923110e+00 -1.145550665865342710e+00
4.869899999770741272e+10 -1.855463293405765102e+00 -1.267018774976379714e+00
4.869899999742312622e+10 -1.926218241600712977e+00 -7.850045484779006877e-01
4.869899999728630066e+10 -1.620966618840073759e+00 -1.239164621924289333e+00
4.869899999719342804e+10 -1.132876640926748113e+00 -1.506193601554094652e+00
4.869899999775054169e+10 -1.217243725511459651e+00 -1.532080315911675372e+00
4.869899999785140991e+10 -1.013116451597955381e+00 -2.048142245014361151e+00
4.869899999800753021e+10 -1.505897396518484532e+00 -2.273876504994240655e+00
4.869899999795426941e+10 -1.440384297235251854e+00 -2.831579379901584925e+00
4.869899999832872772e+10 -1.668873608025142508e+00 -3.186174600600055751e+00
4.869899999853730011e+10 -2.084395715664523419e+00 -2.866801828729359958e+00
4.869899999899022675e+10 -2.370554042093729219e+00 -3.043240142840909712e+00
4.869899999940370178e+10 -2.680742228902313951e+00 -2.817439417968571558e+00
4.869899999916486359e+10 -2.279512749419882134e+00 -3.133877428419639788e+00
4.869899999920707703e+10 -2.387260532002070779e+00 -3.685937405752392593e+00
4.869899999949043274e+10 -2.197651023564864747e+00 -3.236584109804525156e+00
4.869899999977644348e+10 -2.588046613817882147e+00 -2.946840006971350956e+00
4.869900000017045593e+10 -2.803611762802387553e+00 -2.605598965378351117e+00
