3.478500000000000000e+10 0.000000000000000000e+00 0.000000000000000000e+00
3.478499999996035004e+10 9.387356477664252075e-02 -3.697757586627526960e-01
3.478499999992017365e+10 7.041467833176762170e-02 1.095287337340422607e-02
3.478499999957137299e+10 5.666205286073066477e-02 1.699117716067912176e-01
3.478499999952021790e+10 -2.490894188528237074e-01 3.957824796138342816e-01
3.478499999959657288e+10 -4.992338785791100575e-01 1.152180463576823466e-01
3.478499999997203064e+10 -5.450873482859717178e-01 5.160769780265216100e-02
3.478499999989347076e+10 -6.012207363844436214e-01 4.228160710428927049e-01
3.478499999985605621e+10 -5.694439181239998593e-01 8.032220997129408957e-01
3.478499999991075134e+10 -6.945444516738261687e-01 1.161659167933653869e+00
3.478500000027590179e+10 -5.782375766890310853e-01 1.177671472276009768e+00
