4.869900000000000000e+10 0.000000000000000000e+00 0.000000000000000000e+00
4.869899999960306549e+10 4.007342668638108618e-01 4.163479365691503432e-03
4.869899999971121216e+10 4.316028552166353283e-01 5.568955417706248356e-01
4.869900000007801819e+10 3.212343343858906075e-01 1.428530484926359700e-01
4.869899999975096130e+10 -1.067046626410472765e-01 -2.467458089114721309e-02
4.869899999926694489e+10 -3.865919139010121075e-01 4.984145733352392249e-02
4.869899999897080994e+10 -2.500217361994111487e-02 -2.659425359707097702e-01
4.869899999903878021e+10 8.923398735673759852e-02 -8.141139639109082893e-01
4.869899999891974640e+10 1.318462143785223417e-01 -1.363820040425946178e+00
4.869899999894188690e+10 -7.653075835632053292e-02 -1.887509348777530516e+00
4.869899999839165497e+10 4.704923092155750830e-02 -1.899148707785275336e+00
4.869899999831779480e+10 -1.949146892757941951e-01 -1.395005662366849641e+00
4.869899999781852722e+10 -7.579813756354436549e-02 -1.161116021054416692e+00
4.869899999785840607e+10 -4.499046638189720115e-02 -5.993134365983259215e-01
4.869899999791147614e+10 -2.417934705809253182e-01 -7.337277963246358059e-02
4.869899999781520844e+10 1.170481391619436207e-01 -4.977863967674972523e-01
4.869899999753216553e+10 -2.689197159302929574e-01 -7.962437240332488342e-01
4.869899999789685059e+10 -3.238118738178277778e-01 -3.694486191878718073e-01
4.869899999770336914e+10 -2.415093129273130912e-01 1.539560974372853885e-01
4.869899999771141815e+10 -1.242639395726495150e-01 -3.977234778533559889e-01
4.869899999734730530e+10 5.950775151351665737e-02 -8.093572829516892941e-03
4.869899999706701660e+10 2.497733573425015563e-01 -4.590893460699870254e-01
4.869899999664373779e+10 3.029168668905204420e-01 -8.281059943018416192e-01
4.869899999632947540e+10 5.112141553195002075e-01 -1.247642353090701040e+00
4.869899999645197296e+10 3.123318490932475711e-01 -1.761063157410960756e+00
4.869899999616540527e+10 7.168639271161817428e-01 -2.030124442970948184e+00
4.869899999635862732e+10 8.413435614266790985e-01 -2.545227018959485665e+00
4.869899999635636902e+10 7.344992352341906949e-01 -3.099068829367400912e+00
4.869899999645439148e+10 5.937949924034540139e-01 -2.561708850690778583e+00
4.869899999668308258e+10 1.569850517272720070e-01 -2.287739312869993213e+00
4.869899999658434296e+10 7.115719303548841967e-01 -2.316809400544086905e+00
4.869899999675638580e+10 1.221989660633061803e+00 -2.149371556997283328e+00
4.869899999689189911e+10 1.762883185033162547e+00 -2.064332822455594130e+00
4.869899999676236725e+10 1.279043337115832957e+00 -2.323720011450838285e+00
4.869899999670911407e+10 7.227291044578285639e-01 -2.247297381741303557e+00
4.869899999671891785e+10 6.298081570967222209e-01 -2.803562753892046899e+00
4.869899999672289276e+10 9.084355447705183551e-01 -2.313141953864969125e+00
4.869899999688943481e+10 1.439210207510835282e+00 -2.406439621031617015e+00
4.869899999728463745e+10 1.835889187836586833e+00 -2.474411687677259941e+00
4.869899999774335480e+10 2.161569514395448977e+00 -2.515341243740361499e+00
4.869899999750595856e+10 2.673167306534820042e+00 -2.523799619910855441e+00
4.869899999728765869e+10 3.009885193522505276e+00 -2.127407138270932752e+00
4.869899999727821350e+10 2.947166068337935929e+00 -2.687887904513629245e+00
4.869899999773552704e+10 2.622452970279065987e+00 -2.628011751069016633e+00
4.869899999749527740e+10 2.833590504058605575e+00 -2.163402783424120290e+00
4.869899999751683807e+10 3.382435447498481018e+00 -2.035083602080091758e+00
4.869899999764886475e+10 3.106678051369715199e+00 -2.509096539935530945e+00
4.869899999728437805e+10 3.402465313203633102e+00 -2.821859570469996470e+00
4.869899999750835419e+10 3.465280414821087618e+00 -3.335716699731595902e+00
4.869899999728603363e+10 3.538124116519505424e+00 -2.822463292253113210e+00
4.869899999706649017e+10 3.870988492375221579e+00 -2.423511751255128743e+00
4.869899999723548126e+10 3.884961647644925353e+00 -2.961479511497777217e+00
4.869899999674915314e+10 4.105117437406984315e+00 -3.143632140134515751e+00
4.869899999630329132e+10 3.843551916235781629e+00 -2.917900684618658591e+00
4.869899999610060883e+10 4.089230870631466175e+00 -2.452366121272793187e+00
4.869899999609796906e+10 4.321441560041826335e+00 -1.938330331172858134e+00
4.869899999585032654e+10 4.599911501907509859e+00 -1.514905690811819472e+00
4.869899999562397766e+10 4.855467711969212452e+00 -1.065887649839974305e+00
4.869899999544337463e+10 4.837214475402468850e+00 -5.318355484922583365e-01
4.869899999513504791e+10 4.976128559128380147e+00 -9.832770248661584223e-01
4.869899999532589722e+10 4.454493672397088488e+00 -8.851136956832501568e-01
4.869899999501414490e+10 4.022127034046193650e+00 -1.069589082470170593e+00
4.869899999500640869e+10 4.247924173566702599e+00 -1.586423115528533989e+00
4.869899999541579437e+10 4.018776104784370418e+00 -1.899564989156909522e+00
4.869899999519414520e+10 4.369277515985025673e+00 -2.281902249092226054e+00
4.869899999524308014e+10 3.929416575268824374e+00 -1.932203009660043991e+00
4.869899999562679291e+10 4.095231291144349584e+00 -1.553479433350135386e+00
4.869899999545774078e+10 4.527836954252165036e+00 -1.233425059567330839e+00
4.869899999565596008e+10 4.002289384331348288e+00 -1.181737235016959264e+00
4.869899999543629456e+10 4.464988503209142756e+00 -9.454777809188747995e-01
4.869899999556570435e+10 4.283917610816130761e+00 -1.463771970687057777e+00
4.869899999562019348e+10 3.794021122676280999e+00 -1.737987736216316748e+00
4.869899999584545898e+10 3.688549729323560733e+00 -2.244242777667387667e+00
4.869899999616887665e+10 3.746229000935741293e+00 -2.702755702275176031e+00
4.869899999593850708e+10 3.960120277225370522e+00 -3.171093418692816357e+00
4.869899999560292053e+10 4.231828471973952510e+00 -2.808160961609996509e+00
4.869899999579477692e+10 3.704963372120647414e+00 -2.746796874067175320e+00
4.869899999578806305e+10 3.842793147249357499e+00 -3.293715017607599105e+00
4.869899999624472046e+10 3.979827983023372262e+00 -3.595118172363211073e+00
4.869899999587133026e+10 3.996574922738480584e+00 -3.172671445405694790e+00
4.869899999627468109e+10 3.713894100104475182e+00 -2.897787280839849267e+00
4.869899999620877838e+10 3.835074994070079679e+00 -2.350856380183585781e+00
4.869899999674584961e+10 3.793017366431016946e+00 -2.183682356862479246e+00
4.869899999665098572e+10 3.304392800096823901e+00 -1.918336458673241651e+00
4.869899999642413330e+10 3.565744158724292845e+00 -2.363750841824440840e+00
4.869899999622845459e+10 4.030056031747413670e+00 -2.617299550085955051e+00
4.869899999599829102e+10 3.733220871595678503e+00 -3.038103874243994085e+00
4.869899999590837097e+10 4.275313903957838058e+00 -2.910781767394674535e+00
4.869899999595030212e+10 3.937868919993741557e+00 -2.460743507974837208e+00
4.869899999644923401e+10 3.896530532487465504e+00 -2.720583250167762035e+00
4.869899999615485382e+10 4.271332983693198138e+00 -3.022284002203237119e+00
4.869899999603372192e+10 4.127738823028518134e+00 -2.490429911895935433e+00
4.869899999574490356e+10 4.513327386896381022e+00 -2.783803199870204637e+00
4.869899999540358734e+10 4.413756813677213842e+00 -3.221696563341320374e+00
4.869899999562714386e+10 4.388537462955245161e+00 -2.704445257271261394e+00
4.869899999532569885e+10 4.175244995994106034e+00 -3.130825825941267126e+00
4.869899999520835876e+10 4.224523093001395502e+00 -2.581312352911573793e+00
4.869899999513124847e+10 4.298218100860420776e+00 -2.027430975322480844e+00
4.869899999513154602e+10 3.741688284643485574e+00 -1.935583092983041764e+00
4.869899999484930420e+10 3.505918118861564015e+00 -2.363266703854541184e+00
4.869899999484776306e+10 4.069931047134717872e+00 -2.370237265252294279e+00
4.869899999486462402e+10 4.044646397492769552e+00 -2.933476026168824635e+00
4.869899999472422791e+10 4.266188024811906843e+00 -2.434106038648974568e+00
4.869899999458694458e+10 4.223100945025158204e+00 -2.979503300920211650e+00
4.869899999421849823e+10 4.614376060396439883e+00 -3.150719336499582468e+00
4.869899999365953827e+10 4.542533668363271104e+00 -3.126995931886916935e+00
4.869899999366933441e+10 4.775747877678409914e+00 -3.640490587530416100e+00
4.869899999380640411e+10 4.894645073698220550e+00 -3.106414210761699657e+00
4.869899999351637268e+10 5.262419855503794430e+00 -2.792115543493642438e+00
4.869899999345082855e+10 5.804794856290531158e+00 -2.651778676814706692e+00
4.869899999338020325e+10 5.752699212748808577e+00 -3.208967949077789150e+00
4.869899999324503326e+10 5.901186245101429861e+00 -3.736074819130677405e+00
4.869899999311801910e+10 5.643168177015741804e+00 -3.250837370832740714e+00
4.869899999285343170e+10 5.632684789381281476e+00 -2.752795820122432957e+00
4.869899999268876648e+10 5.417925688438197440e+00 -2.257895679656435117e+00
4.869899999237789154e+10 5.830288554968086956e+00 -2.031014510814331597e+00
4.869899999239183807e+10 6.140066805863853006e+00 -2.502187958073163632e+00
4.869899999274823761e+10 6.494378131033124113e+00 -2.758320497978082209e+00
4.869899999279365540e+10 6.805077502292624203e+00 -3.226898094574361053e+00
4.869899999231980896e+10 6.734395875852142943e+00 -2.929187192454174582e+00
4.869899999190300751e+10 6.354378735126735123e+00 -2.923971122441316517e+00
4.869899999209008026e+10 5.962343479308394478e+00 -2.564147895645902508e+00
4.869899999228063965e+10 6.493238115709717206e+00 -2.564068442476637788e+00
4.869899999260398865e+10 6.951194085835686209e+00 -2.501750304128727898e+00
4.869899999314405823e+10 7.101603452559882790e+00 -2.563877074092644648e+00
4.869899999315296936e+10 6.563173417469998938e+00 -2.396022267639214665e+00
4.869899999318587494e+10 6.336025213155449087e+00 -2.911272283101117520e+00
4.869899999317162323e+10 6.054831836625764296e+00 -3.400034658790715092e+00
4.869899999308150482e+10 6.020174491934758620e+00 -3.955767417413609266e+00
4.869899999296067047e+10 5.827073688935835882e+00 -4.471783199328734248e+00
4.869899999281877136e+10 6.109969545519327916e+00 -4.004882301962986446e+00
4.869899999235665131e+10 5.864572385550173017e+00 -4.215563102630206949e+00
4.869899999243064117e+10 5.876750414853344928e+00 -4.774614895753062527e+00
4.869899999288143158e+10 6.200661908968386982e+00 -4.874771033720096014e+00
4.869899999281454468e+10 6.126784196439256647e+00 -4.319586985940168766e+00
4.869899999311501312e+10 6.120599855829039981e+00 -4.796916435847241367e+00
4.869899999334039307e+10 5.771362836652056849e+00 -5.178227526320760887e+00
4.869899999324654388e+10 5.772477862018827288e+00 -5.734421858983679954e+00
4.869899999370651245e+10 5.565755928805716124e+00 -5.481722573182726599e+00
4.869899999356320190e+10 5.567771918647687279e+00 -6.027267438698897806e+00
4.869899999350402832e+10 5.241711962085814136e+00 -5.570819674093629992e+00
4.869899999371014404e+10 4.917172299778560962e+00 -5.158084505127084718e+00
4.869899999370259094e+10 5.136947917716902623e+00 -5.677510301363261291e+00
4.869899999390698242e+10 5.125598225541716957e+00 -5.151908362203140079e+00
4.869899999351066589e+10 5.008079341871557233e+00 -4.768128376210720276e+00
4.869899999301907349e+10 4.759974414078823379e+00 -4.890365094988267103e+00
4.869899999320223999e+10 4.435816338745417475e+00 -4.466652182796475579e+00
4.869899999320200348e+10 4.430558030087507149e+00 -5.030685739950838453e+00
4.869899999375720215e+10 4.349213519095237679e+00 -4.973280336296773463e+00
4.869899999397904968e+10 4.192303906326245944e+00 -5.467571113685519180e+00
4.869899999389765167e+10 4.123379256877945487e+00 -4.913688595008178339e+00
4.869899999398343658e+10 4.129731095235611882e+00 -4.356228528941449518e+00
4.869899999451053619e+10 3.930805463133516753e+00 -4.383797751451195879e+00
4.869899999435781097e+10 3.387816866744402411e+00 -4.383076827064569692e+00
4.869899999384133148e+10 3.612143128349718069e+00 -4.416022074400194342e+00
4.869899999370091248e+10 3.633280267668853369e+00 -3.870130515632641988e+00
4.869899999379452515e+10 4.093061993887043393e+00 -4.183178006376424563e+00
4.869899999363426208e+10 3.855342814608735402e+00 -4.668941118041909810e+00
4.869899999354309845e+10 3.780990145054802909e+00 -5.220595527972745842e+00
4.869899999350871277e+10 3.859493275897886821e+00 -5.778104529595582406e+00
4.869899999350405121e+10 3.708124709367490279e+00 -6.321452855389447123e+00
4.869899999332469177e+10 4.242903759364780925e+00 -6.319890874928431046e+00
4.869899999370267487e+10 4.481588578534418055e+00 -5.975918212394526030e+00
4.869899999358467865e+10 4.911160670487547897e+00 -6.321904785380235481e+00
4.869899999360774994e+10 4.893523934904597361e+00 -6.885214802608012441e+00
4.869899999334764099e+10 4.702808829248740885e+00 -6.422472109986379962e+00
4.869899999330258179e+10 4.317940000582806803e+00 -6.012585258465966476e+00
4.869899999330856323e+10 4.288939615767137781e+00 -5.449304863177367508e+00
4.869899999295191193e+10 4.501450874085589859e+00 -5.067465226517379406e+00
4.869899999328775024e+10 4.660512489737108410e+00 -5.491814126185079914e+00
4.869899999333968353e+10 4.900631938632530549e+00 -4.984067154735536853e+00
4.869899999314315796e+10 5.402750784945919094e+00 -4.818487580011577620e+00
4.869899999310681152e+10 5.455692996439236886e+00 -5.378878225302359262e+00
4.869899999285700989e+10 5.075912031561832904e+00 -5.712837671489546132e+00
4.869899999327233887e+10 5.003239574826631397e+00 -6.087515678887569948e+00
4.869899999357743835e+10 4.696104056041896513e+00 -5.725930121135106354e+00
4.869899999344181824e+10 4.503848976408169946e+00 -5.213284022365661130e+00
4.869899999346985626e+10 4.649401367009768471e+00 -4.669050788108908279e+00
4.869899999339514923e+10 4.809660385756960643e+00 -5.204678709650725210e+00
4.869899999355297089e+10 5.121914372853797914e+00 -5.647117065687218052e+00
4.869899999336244202e+10 4.592086728946487284e+00 -5.680934881483238108e+00
4.869899999328060913e+10 4.705464589238608220e+00 -5.134482049329593067e+00
4.869899999332365417e+10 4.664026498919435326e+00 -5.695366739180572679e+00
4.869899999294667816e+10 4.247158265057561444e+00 -5.743008725643071521e+00
4.869899999306488800e+10 4.395459773127626590e+00 -5.211788908761915806e+00
4.869899999281919861e+10 4.425858941837170768e+00 -5.718616391550893852e+00
4.869899999291996765e+10 4.547509902882652000e+00 -6.260103061881050479e+00
4.869899999318545532e+10 4.667799523736690936e+00 -5.777184744969806829e+00
4.869899999300814819e+10 4.789858477351948807e+00 -6.298554646673950153e+00
4.869899999255439758e+10 5.017457966572046679e+00 -6.052649625235790865e+00
4.869899999224279785e+10 4.547283134488964151e+00 -6.053841646116419284e+00
4.869899999227629852e+10 4.813185591839638455e+00 -5.557520161967102190e+00
4.869899999209638977e+10 4.377487255431841362e+00 -5.867297126620205638e+00
4.869899999202340698e+10 4.859382184292654117e+00 -6.151220488854974633e+00
4.869899999201876831e+10 4.843988227825690274e+00 -6.715049405793621418e+00
4.869899999156256104e+10 4.727975202835048130e+00 -7.025819913028109376e+00
4.869899999204162598e+10 4.900652707588278645e+00 -7.268388080616625224e+00
4.869899999151910400e+10 5.001229310748300350e+00 -7.081256264378301246e+00
4.869899999194198608e+10 4.961331516193650870e+00 -7.452394532571307906e+00
4.869899999191312408e+10 4.564173116846296452e+00 -7.851886372223629174e+00
4.869899999217026520e+10 5.009865515284469772e+00 -7.620804175213181431e+00
4.869899999218048859e+10 4.485584022334677456e+00 -7.828616548285799226e+00
4.869899999242094421e+10 4.204925387556133209e+00 -8.254731339919969102e+00
4.869899999264538574e+10 3.750876680868401092e+00 -8.006481711194712858e+00
4.869899999265886688e+10 3.236490275525242488e+00 -7.775426605938688951e+00
4.869899999261572266e+10 2.819536684472969679e+00 -7.398001321514933615e+00
4.869899999241736603e+10 2.432961130207456524e+00 -7.038311734350039650e+00
4.869899999249938202e+10 2.457687231365430769e+00 -6.480796019053637558e+00
4.869899999261940002e+10 2.464701736332816306e+00 -5.929698715369248418e+00
4.869899999255896759e+10 2.752787951479764850e+00 -6.410859519463282474e+00
4.869899999297735596e+10 2.406352058611934908e+00 -6.562839103781503702e+00
4.869899999334519958e+10 2.081974867779476934e+00 -6.284217655949187353e+00
4.869899999293791962e+10 2.450084981218447755e+00 -6.413742074447895902e+00
4.869899999253981018e+10 2.832317760521372740e+00 -6.297259166480708714e+00
4.869899999289867401e+10 2.404160077901165149e+00 -6.375092076055139501e+00
4.869899999342678833e+10 2.255266918000251586e+00 -6.505802947156184679e+00
4.869899999345566559e+10 2.214810060030605321e+00 -5.943939159423674568e+00
4.869899999397061157e+10 2.338839472621783599e+00 -5.750014596569141823e+00
4.869899999391478729e+10 2.821779203972035077e+00 -5.463982804253032732e+00
4.869899999412924957e+10 3.337468722057606030e+00 -5.542931930665764284e+00
4.869899999417014313e+10 3.330556004151274951e+00 -4.980400759458560422e+00
4.869899999416411591e+10 3.332939514660545832e+00 -4.416379905454606458e+00
4.869899999396746063e+10 3.861087754846568743e+00 -4.439804603469594824e+00
4.869899999372632599e+10 4.311577666873959380e+00 -4.200905011106167208e+00
4.869899999422790527e+10 4.238067241179508393e+00 -4.448240299887483928e+00
4.869899999448535919e+10 3.839812909860437884e+00 -4.142832806966364245e+00
4.869899999422763062e+10 4.295505138798947797e+00 -3.932875755456527234e+00
4.869899999428234863e+10 4.395726574002570608e+00 -3.380495986942981368e+00
4.869899999458982849e+10 4.706123287757424833e+00 -3.023747276884674040e+00
4.869899999403517914e+10 4.737922129700862683e+00 -3.121272040132512693e+00
4.869899999365848541e+10 4.722262436232128380e+00 -3.540819984381225805e+00
4.869899999333964539e+10 4.992185949855447724e+00 -3.919821329370995144e+00
4.869899999292791748e+10 5.066526722247493453e+00 -4.298125452236138067e+00
4.869899999335569000e+10 5.419149189565599656e+00 -4.402186637322314411e+00
4.869899999330171204e+10 5.954864526761523891e+00 -4.570286069560437703e+00
4.869899999330194855e+10 5.982977682853712231e+00 -4.006929032183816908e+00
4.869899999280453491e+10 5.725713289499836378e+00 -3.939411037052940490e+00
4.869899999241297913e+10 5.334534164709394233e+00 -4.048144968799531895e+00
4.869899999259053040e+10 4.799780707706347016e+00 -4.022161123045782993e+00
4.869899999273634338e+10 4.506263638681013539e+00 -4.481234691501491341e+00
4.869899999283290100e+10 4.486276366211458644e+00 -5.036606854237310138e+00
4.869899999262264252e+10 4.118966159547499117e+00 -4.663731499526035940e+00
4.869899999261154175e+10 4.441159313044895640e+00 -4.200881710243082878e+00
4.869899999279515839e+10 4.257253727107392471e+00 -3.700257590325096935e+00
4.869899999255522156e+10 3.793584893713921158e+00 -3.913802155964944074e+00
4.869899999244748688e+10 3.856838162706874407e+00 -4.463851031681150161e+00
4.869899999206439209e+10 4.073134676699597279e+00 -4.816859241753568277e+00
4.869899999210832214e+10 4.601629562893868375e+00 -5.009017056592638184e+00
4.869899999207164764e+10 4.296350995290898034e+00 -4.536130569522537570e+00
4.869899999212932587e+10 4.366049703298887863e+00 -5.092886285286368775e+00
4.869899999209201813e+10 4.866930853958006509e+00 -5.349572181751404365e+00
4.869899999182495117e+10 5.290961953289563979e+00 -5.608484596451321025e+00
4.869899999182472992e+10 5.295181772261568831e+00 -5.044442308208774151e+00
4.869899999214677429e+10 5.100779137109032746e+00 -4.624137385787217447e+00
4.869899999231987000e+10 5.148467376274457052e+00 -5.158856945890200052e+00
4.869899999223902130e+10 4.590420971396215855e+00 -5.173332136581795027e+00
4.869899999207998657e+10 4.651729935461482945e+00 -5.711021222067153680e+00
4.869899999178096008e+10 5.124791722249020687e+00 -5.781434693732912855e+00
4.869899999184963989e+10 5.092658061071272613e+00 -5.222496032644614594e+00
4.869899999229105377e+10 4.772526804746145324e+00 -5.078175188561958819e+00
4.869899999256935120e+10 5.097716421738813786e+00 -4.710801952955432803e+00
4.869899999236624146e+10 4.809905767772891139e+00 -4.270264862934329386e+00
4.869899999208562469e+10 4.746104318688678880e+00 -4.755389914961734021e+00
4.869899999193064880e+10 4.327710917154774961e+00 -5.100484911559398427e+00
4.869899999189778900e+10 4.006737184447909605e+00 -5.563148823452239711e+00
4.869899999176979828e+10 4.136553297487951752e+00 -5.029363523922000923e+00
4.869899999148387146e+10 3.719854120801640907e+00 -5.279901682564538845e+00
4.869899999180937958e+10 3.319522584587424330e+00 -5.507805580131050149e+00
4.869899999209938049e+10 2.840451334305924114e+00 -5.575256808707051093e+00
4.869899999261308289e+10 2.607688578518634781e+00 -5.565542868605123594e+00
4.869899999258690643e+10 2.617516672866319283e+00 -5.002178146746413034e+00
4.869899999213797760e+10 2.812912984920361126e+00 -5.282263741613789421e+00
4.869899999214225006e+10 2.259221718300342019e+00 -5.174703100860741145e+00
4.869899999204412079e+10 2.794152253663812147e+00 -5.025096994697245023e+00
4.869899999203172302e+10 2.810459056878793493e+00 -4.461410886022862066e+00
4.869899999198688507e+10 2.248222555638655695e+00 -4.467823056680775728e+00
4.869899999245215607e+10 2.237063070541200904e+00 -4.786507333927057850e+00
4.869899999236907959e+10 2.770475386285869757e+00 -4.950002216493354368e+00
4.869899999290717316e+10 2.774796155465657943e+00 -5.119116416719497131e+00
4.869899999324607086e+10 2.415663728295772472e+00 -5.391762649235885441e+00
4.869899999297201538e+10 2.075348477288476268e+00 -5.035054906838560385e+00
4.869899999291966248e+10 2.326808923698278964e+00 -5.537238434350805427e+00
4.869899999290585327e+10 2.552770410498297338e+00 -5.020602859624708536e+00
4.869899999287934113e+10 2.504290351965744232e+00 -4.459257714613552359e+00
4.869899999286912537e+10 2.461175512505406004e+00 -5.021572792027702903e+00
4.869899999232826233e+10 2.609947927869598949e+00 -4.962427655485275757e+00
4.869899999212329102e+10 2.625979100620963180e+00 -4.437174424520087257e+00
4.869899999264685059e+10 2.791719064408728190e+00 -4.308436446167237754e+00
4.869899999238835907e+10 2.511508220511029066e+00 -3.892714779634562472e+00
4.869899999196811676e+10 2.721764964888249150e+00 -4.204729519114843939e+00
4.869899999144624329e+10 2.935105752755334585e+00 -4.221928468475979024e+00
4.869899999144028473e+10 2.940851546206084688e+00 -4.785925813118558025e+00
4.869899999144528961e+10 3.044327974158507200e+00 -5.340388744043589320e+00
4.869899999143184662e+10 3.044253345164114943e+00 -4.776490882081749767e+00
4.869899999177359009e+10 3.438488039888266457e+00 -4.562121736664010108e+00
4.869899999223459625e+10 3.761857794905927310e+00 -4.529510250840469432e+00
4.869899999207883453e+10 3.328347144425290782e+00 -4.203981383256879312e+00
4.869899999243616486e+10 3.749404693435048230e+00 -4.089150392837491488e+00
4.869899999212239075e+10 3.766986214445231074e+00 -3.620749507339771522e+00
4.869899999210070801e+10 3.781054534368019304e+00 -4.184215089603236848e+00
4.869899999196389771e+10 4.324670746827555590e+00 -4.121556862219459383e+00
4.869899999198032379e+10 4.265150896993080032e+00 -4.682225382987935447e+00
4.869899999194631958e+10 4.302738938191390972e+00 -4.120449443061289685e+00
4.869899999219156647e+10 3.873233966409888041e+00 -3.849265611345105143e+00
4.869899999169926453e+10 4.092374876905572556e+00 -4.015920967958345855e+00
4.869899999170646667e+10 4.053162008261191218e+00 -4.578568271115718069e+00
4.869899999211202240e+10 3.897681677683397350e+00 -4.938446984720630262e+00
4.869899999211437225e+10 3.873522176211741552e+00 -5.501982554394032832e+00
4.869899999228511047e+10 3.344097630231283702e+00 -5.595360800778246713e+00
4.869899999252906799e+10 3.476971463860491607e+00 -5.104454461913243257e+00
4.869899999288397217e+10 3.207834332419787771e+00 -4.758372876460463807e+00
4.869899999316333771e+10 2.783720269777695489e+00 -4.512928207282045356e+00
4.869899999345629120e+10 2.538773999675385529e+00 -4.928069508314151470e+00
4.869899999348012543e+10 1.997708257569867918e+00 -4.770458177797518573e+00
4.869899999301013947e+10 2.303847200234908854e+00 -4.830084206645586242e+00
4.869899999302502441e+10 1.944441688051795403e+00 -5.264558133377890137e+00
4.869899999248698425e+10 2.018747405553844576e+00 -5.416708416388619440e+00
4.869899999280063629e+10 2.262017452773551707e+00 -5.015954142796858584e+00
4.869899999260829163e+10 2.727289474315514717e+00 -5.270288027888628157e+00
4.869899999217560577e+10 2.392074335736745105e+00 -5.134006908329147301e+00
4.869899999227359772e+10 2.288484695915525169e+00 -5.679743288014451608e+00
4.869899999242151642e+10 1.868409739767259437e+00 -6.025892810133001376e+00
4.869899999258578491e+10 2.380099389149235467e+00 -5.854568206525989638e+00
4.869899999283183289e+10 2.607920259247363592e+00 -6.308133037756726402e+00
4.869899999288085938e+10 2.581818917542943126e+00 -6.869449844194374322e+00
4.869899999278392029e+10 2.892710876297685196e+00 -7.330004822647151030e+00
4.869899999258871460e+10 3.420314579902167029e+00 -7.371124945265103534e+00
4.869899999279158020e+10 3.056159977862564769e+00 -7.751122828163127920e+00
4.869899999273017883e+10 2.593351871024968780e+00 -7.434578424346127257e+00
4.869899999277054596e+10 2.131704690768000621e+00 -7.112997999964072449e+00
4.869899999258884430e+10 2.344379784053435944e+00 -6.623185959181341786e+00
4.869899999241259766e+10 1.812252050107866497e+00 -6.560416717484582882e+00
4.869899999272420502e+10 2.053608566128032553e+00 -6.963914038166058695e+00
4.869899999325760651e+10 1.916039715789232822e+00 -7.085222605925336481e+00
4.869899999315513611e+10 1.865577998364029266e+00 -7.637594244995974613e+00
4.869899999298863220e+10 1.828532486595308759e+00 -8.175242567231528312e+00
4.869899999246715546e+10 2.021302828385473926e+00 -8.270428567459374491e+00
4.869899999275801849e+10 1.722153441384011607e+00 -7.890863802946559424e+00
4.869899999266510773e+10 1.721684873688486883e+00 -8.447216737624179572e+00
4.869899999245823669e+10 1.598055165544920220e+00 -8.957198451481973578e+00
4.869899999214093018e+10 2.061178912936696417e+00 -9.011913664793199885e+00
4.869899999180793762e+10 2.284289327617011534e+00 -9.408772407147001360e+00
4.869899999173632050e+10 2.248732662515150693e+00 -9.967134271687532632e+00
4.869899999163633728e+10 2.003563385105101347e+00 -1.046518685732129583e+01
4.869899999156740570e+10 2.299703155095762952e+00 -1.094027723084455950e+01
4.869899999170393372e+10 1.998594128574068707e+00 -1.048326985125726907e+01
4.869899999183095551e+10 2.306013112755413985e+00 -1.093881368170032964e+01
4.869899999159182739e+10 2.545855272501468480e+00 -1.138987197245067406e+01
4.869899999159004211e+10 2.524499407509706028e+00 -1.195352282967587243e+01
4.869899999180469513e+10 2.905706813170415348e+00 -1.159747863889424835e+01
4.869899999182537079e+10 2.922313925302916449e+00 -1.103404416816648848e+01
4.869899999211582184e+10 3.342425491609587684e+00 -1.127343484058223133e+01
4.869899999188917542e+10 3.780295075565459406e+00 -1.099945962889225370e+01
4.869899999182184601e+10 3.712078554216569959e+00 -1.044360415588672808e+01
4.869899999204402924e+10 3.413175532364795650e+00 -1.086722333307341160e+01
4.869899999242013550e+10 3.399569041871756792e+00 -1.128736546177744771e+01
4.869899999254622650e+10 3.606408083057106584e+00 -1.077797368011504453e+01
4.869899999233210754e+10 3.180372594720799029e+00 -1.107931935797691381e+01
4.869899999285377502e+10 2.966260030169410644e+00 -1.106592592903296790e+01
4.869899999328032684e+10 2.605743045398183355e+00 -1.114494860174464286e+01
4.869899999298231506e+10 2.874374308188579086e+00 -1.154142009649595479e+01
4.869899999281233215e+10 3.134134345433732705e+00 -1.107047195095127989e+01
4.869899999241105652e+10 3.450396141256114824e+00 -1.083147518742214288e+01
4.869899999261849213e+10 3.747477436938322359e+00 -1.039918428326791222e+01
4.869899999236404419e+10 3.375926097122432967e+00 -1.005952424670816114e+01
4.869899999276317596e+10 3.723794595704330135e+00 -9.864990266495954785e+00
4.869899999326057434e+10 3.950817529908285941e+00 -1.000361254238239539e+01
4.869899999322735596e+10 3.906049005274016217e+00 -1.056490915378172701e+01
4.869899999322643280e+10 3.914528711614845502e+00 -1.000091553853840232e+01
4.869899999281501770e+10 4.237875400672894699e+00 -9.790336016138756037e+00
4.869899999250524902e+10 3.849949016688857917e+00 -9.522530130233139545e+00
4.869899999231678772e+10 3.921525505378563814e+00 -8.995726671531267371e+00
4.869899999198550415e+10 3.855542488473818530e+00 -8.543995067228873808e+00
4.869899999231729126e+10 3.745867492089663298e+00 -8.101218497496194715e+00
4.869899999208235931e+10 3.757678199349674397e+00 -7.588549052533952732e+00
4.869899999219803619e+10 3.768351181474211220e+00 -7.036582892168203429e+00
4.869899999230368805e+10 3.857466293698002424e+00 -6.489721345053907520e+00
4.869899999187164307e+10 4.051055325130257678e+00 -6.796351854251493130e+00
4.869899999187348175e+10 4.049861216643535045e+00 -7.360405701590407190e+00
4.869899999134548950e+10 4.247727370263664426e+00 -7.345205960408772938e+00
4.869899999089788055e+10 4.576042385470276308e+00 -7.245136267280740228e+00
4.869899999095527649e+10 4.848698658188346222e+00 -6.754701747714918270e+00
4.869899999096215057e+10 5.015730841265833462e+00 -7.293417437225025779e+00
4.869899999092446899e+10 5.007118890445941162e+00 -6.730685321632186913e+00
4.869899999050340271e+10 4.660432026020765228e+00 -6.874467599756736824e+00
4.869899999044411469e+10 4.124245295612070095e+00 -7.039241184720088640e+00
4.869899999003871918e+10 4.219207660750742939e+00 -6.658718192044832840e+00
4.869899999012522125e+10 4.225601915494690886e+00 -7.216066836478366220e+00
4.869899999023464966e+10 3.883226515302178328e+00 -7.650768239627891099e+00
4.869899999070970917e+10 3.859372481684369305e+00 -7.953937120183863563e+00
4.869899999122230530e+10 4.089505294535561220e+00 -8.003419795467804576e+00
4.869899999148711395e+10 4.284001388075461492e+00 -8.461907166903943178e+00
4.869899999176564789e+10 4.761312519069788252e+00 -8.574837114966582519e+00
4.869899999196952820e+10 5.122010926222292149e+00 -8.192097019545236947e+00
4.869899999181705475e+10 4.828161796552034701e+00 -8.648787141857317451e+00
4.869899999189701843e+10 5.264069426649229833e+00 -8.299857915324393431e+00
4.869899999159027100e+10 4.805701802310020199e+00 -8.418046958452562123e+00
4.869899999163288116e+10 4.940070007478444047e+00 -7.871886583773121338e+00
4.869899999138962555e+10 4.470106267526202437e+00 -8.067131766849016117e+00
4.869899999166416931e+10 4.119682521545480647e+00 -7.720737643194090616e+00
4.869899999163103485e+10 3.568961748062345674e+00 -7.603390459233226650e+00
4.869899999170946503e+10 3.110461382826792409e+00 -7.284348961270170619e+00
4.869899999123804474e+10 3.085420782619737956e+00 -7.593046337556303094e+00
4.869899999131321716e+10 3.050808864468175674e+00 -7.035092085743563040e+00
4.869899999129291534e+10 3.004672565107013860e+00 -7.596893539522098671e+00
4.869899999169828033e+10 3.214046410484702854e+00 -7.928558637832925804e+00
4.869899999125683594e+10 3.117670046309733323e+00 -7.590922196514852338e+00
4.869899999137630463e+10 2.847622975722741145e+00 -7.110336239241090261e+00
4.869899999106842804e+10 2.512046608561976146e+00 -6.777527929794423756e+00
4.869899999056536865e+10 2.521585555655834643e+00 -7.032486502062496037e+00
4.869899999081597137e+10 2.434876920454192462e+00 -7.530322213336831716e+00
4.869899999137907410e+10 2.421629862361607710e+00 -7.560318401557040602e+00
4.869899999161022949e+10 2.117526243443828893e+00 -7.975349251262854544e+00
4.869899999194219971e+10 1.805343409764758045e+00 -8.307765062333707817e+00
4.869899999161313629e+10 1.458699198514693762e+00 -8.607291290215338009e+00
4.869899999144491577e+10 1.246830274381128367e+00 -8.112342903119303728e+00
4.869899999141668701e+10 1.222733099638618759e+00 -7.549507167846886801e+00
4.869899999124548340e+10 1.173248521670910538e+00 -8.084671722383090398e+00
4.869899999138153839e+10 8.675588360456401027e-01 -8.538770057228873611e+00
4.869899999168827820e+10 7.102033544673298504e-01 -8.985211263318987562e+00
4.869899999209081268e+10 1.082937477184465314e+00 -9.116346610477275902e+00
4.869899999190505219e+10 1.128721454593121676e+00 -9.646967694360819578e+00
4.869899999233959198e+10 9.285103698611880674e-01 -9.348215133555715539e+00
4.869899999240409851e+10 7.368123767658202317e-01 -9.874762441008581249e+00
4.869899999204807281e+10 4.930843212250579088e-01 -9.511441449616306443e+00
4.869899999191527557e+10 7.246119058696053328e-01 -9.014530113875967032e+00
4.869899999174646759e+10 7.875323605223832901e-01 -9.549044168010166089e+00
4.869899999171607208e+10 8.636974267511670078e-01 -1.010710912506936232e+01
4.869899999157923126e+10 1.182335179185294738e+00 -9.662241919602537976e+00
4.869899999113300323e+10 1.338325649105050141e+00 -9.969991360273649406e+00
4.869899999147449493e+10 8.908070507071286226e-01 -1.000564142501143650e+01
4.869899999118698883e+10 1.087149994805159947e+00 -1.044943365829060511e+01
4.869899999110789490e+10 6.502153842989182309e-01 -1.010159166320532087e+01
4.869899999082907104e+10 5.994613766456685644e-01 -9.613899616207000065e+00
4.869899999091170502e+10 5.085472997049844679e-01 -1.016441562243058350e+01
4.869899999050221252e+10 7.350880272832467366e-01 -1.047930582120747722e+01
4.869899999022333527e+10 9.941300312992300547e-01 -1.089558375756967479e+01
4.869899999029352570e+10 1.252662917528700959e+00 -1.039920166865955053e+01
4.869899999012529755e+10 1.400287206159965603e+00 -1.091695373648579803e+01
4.869899999028262329e+10 1.454546919447353925e+00 -1.145590296902955885e+01
4.869899998984242249e+10 1.316959075481844543e+00 -1.178063544837245580e+01
4.869899998983396912e+10 1.318453404690034025e+00 -1.234462827592359702e+01
4.869899998973480988e+10 9.436991978412270221e-01 -1.193488607021038916e+01
4.869899999010459137e+10 7.924120247310149079e-01 -1.233305203418830054e+01
4.869899999029878235e+10 9.993721831445616655e-01 -1.184558999125242451e+01
4.869899999015287781e+10 1.116125143111460050e+00 -1.131338426681274534e+01
4.869899999015281677e+10 1.116144365423250351e+00 -1.187744237949335435e+01
4.869899999049632263e+10 1.462676634839300993e+00 -1.216042669813591814e+01
4.869899999049465179e+10 1.514724085687318089e+00 -1.159877749227153920e+01
4.869899999042023468e+10 1.577344703870509290e+00 -1.104316761551037906e+01
4.869899999051914978e+10 1.212067677142847799e+00 -1.146143825727331134e+01
4.869899999095008850e+10 1.067553781466222373e+00 -1.112741921025894420e+01
4.869899999100763702e+10 8.640231006494931698e-01 -1.060451844046912484e+01
4.869899999061907959e+10 9.982762519268929546e-01 -1.021830132746516107e+01
4.869899999069612122e+10 9.855634431656710159e-01 -1.077692833320854682e+01
4.869899999033228302e+10 5.551645880119387977e-01 -1.075366922894656341e+01
4.869899999045704651e+10 7.876742395538105512e-01 -1.125220215536680080e+01
4.869899999045156860e+10 7.859140228894100355e-01 -1.068817341312893809e+01
4.869899999002223969e+10 1.118010818189041355e+00 -1.084162863506600161e+01
4.869899998997154236e+10 1.156454225945598990e+00 -1.140208703550007385e+01
4.869899999023003387e+10 1.628497870809185732e+00 -1.157096341232890957e+01
4.869899999013549042e+10 2.015920583674015276e+00 -1.117205707302640505e+01
4.869899999025177765e+10 1.962400063723927834e+00 -1.062271678531017116e+01
4.869899999027590942e+10 2.513166039091005111e+00 -1.074203211300033267e+01
4.869899999029567719e+10 1.978903317757175984e+00 -1.056221555390119882e+01
4.869899999039632416e+10 2.134023789194779308e+00 -1.002932725071256215e+01
4.869899999041941833e+10 2.054692846296509501e+00 -1.058730102582784660e+01
4.869899999034772491e+10 1.523248923293786028e+00 -1.041240348245109359e+01
4.869899999083486938e+10 1.752503866696389245e+00 -1.024419926498394240e+01
4.869899999115283966e+10 1.940945082746269756e+00 -9.818114341572385939e+00
4.869899999102669525e+10 2.026119490959742198e+00 -1.036124829881797105e+01
4.869899999151623535e+10 2.087928898506575592e+00 -1.063454792820115280e+01
4.869899999175075531e+10 2.424374507702123260e+00 -1.102180057121600854e+01
4.869899999191191864e+10 2.617763047231676410e+00 -1.051703395557380816e+01
4.869899999181462097e+10 2.564845194980109433e+00 -1.107011133948195258e+01
4.869899999233541107e+10 2.436264084156184229e+00 -1.124448433319663643e+01
4.869899999240444946e+10 2.942920070966318580e+00 -1.100637767845055670e+01
4.869899999255816650e+10 3.043329397305078121e+00 -1.153971616896304297e+01
4.869899999279981995e+10 3.491976463482287407e+00 -1.129788643015214689e+01
4.869899999333023071e+10 3.434559272172875044e+00 -1.148098915397854114e+01
4.869899999333726501e+10 3.385013452786596044e+00 -1.091915525537581999e+01
4.869899999353639984e+10 3.684631507566870301e+00 -1.135359375578660845e+01
4.869899999327098846e+10 3.788940315502806744e+00 -1.184025227853156359e+01
4.869899999327166748e+10 3.715717680731764005e+00 -1.128096742873395719e+01
4.869899999365509796e+10 3.975522551233688251e+00 -1.095903348541704148e+01
4.869899999312851715e+10 4.176727090318292035e+00 -1.097874179049955323e+01
4.869899999306566620e+10 4.688145003377944597e+00 -1.120822655656996325e+01
4.869899999328744507e+10 4.352380810880501549e+00 -1.081295803665974731e+01
4.869899999330211639e+10 4.339684699885777874e+00 -1.137668228448443308e+01
4.869899999367073059e+10 4.256499552554151578e+00 -1.095791765273980012e+01
4.869899999365392303e+10 4.118735033891830710e+00 -1.041120013407908473e+01
4.869899999360599518e+10 4.673738864028288198e+00 -1.049971714420573576e+01
4.869899999317424774e+10 4.743048464072020742e+00 -1.014340975146541624e+01
4.869899999324426270e+10 4.935269045882394678e+00 -9.617757457071565597e+00
4.869899999301154327e+10 5.367701591755602131e+00 -9.340260718345319901e+00
4.869899999314748383e+10 5.232048248634438181e+00 -9.870618603147610415e+00
4.869899999289739990e+10 5.411252964660992149e+00 -1.034338178327418234e+01
4.869899999271673584e+10 5.008879575687043229e+00 -9.991787814562647085e+00
4.869899999260299683e+10 4.887849175943592250e+00 -9.452736717717870718e+00
4.869899999245407104e+10 4.955111996098705340e+00 -8.912868074020302345e+00
4.869899999240879059e+10 5.107494279931476200e+00 -8.371673867743012920e+00
4.869899999247496796e+10 5.445651182225413223e+00 -7.925095698066487948e+00
4.869899999259073639e+10 5.405947694337704057e+00 -8.475715973711416495e+00
4.869899999241883850e+10 5.372961617418684277e+00 -7.939501982031151428e+00
4.869899999187260437e+10 5.484170775535501363e+00 -7.853343245560461483e+00
4.869899999203642273e+10 5.460172908563812655e+00 -7.314130967011848838e+00
4.869899999167473602e+10 5.312588487240030410e+00 -6.907234012433588255e+00
4.869899999218281555e+10 5.466151506596317766e+00 -6.716347349620145124e+00
4.869899999192770386e+10 5.468084317959076124e+00 -7.219412135141272557e+00
4.869899999185614014e+10 5.319316333158663923e+00 -6.680053071246691232e+00
4.869899999197705841e+10 5.659822231274001858e+00 -6.246929930430074940e+00
4.869899999208065796e+10 6.210751844215466555e+00 -6.184440761089550875e+00
4.869899999167734528e+10 6.352749090285054301e+00 -6.552323483003756444e+00
4.869899999207620239e+10 6.747315334481576166e+00 -6.610574071165104648e+00
4.869899999181548309e+10 6.316632865919948436e+00 -6.864937670989061047e+00
4.869899999172591400e+10 6.621274207408269774e+00 -6.398747765604031912e+00
4.869899999136605072e+10 6.191461945108491349e+00 -6.336127235665509616e+00
4.869899999157826996e+10 5.743936302929193438e+00 -6.606026917210854776e+00
4.869899999104788971e+10 5.883364998796365875e+00 -6.738015760183801994e+00
4.869899999074874115e+10 5.864551497658304413e+00 -6.260187591232083903e+00
4.869899999033958435e+10 5.717150854237474711e+00 -5.900984562053038118e+00
4.869899999026174927e+10 5.681278772429227075e+00 -6.458493380638485881e+00
4.869899999027347565e+10 5.664846177584867526e+00 -5.894796651883266847e+00
4.869899999028263092e+10 5.743106894032626641e+00 -6.453324182072961435e+00
4.869899999014904785e+10 5.302716715152441473e+00 -6.127173672076558830e+00
4.869899999010327148e+10 5.411512487584058562e+00 -5.575603686138596693e+00
4.869899999006172943e+10 5.451901883477687782e+00 -5.014529499582449645e+00
4.869899998999724579e+10 5.608973346522266645e+00 -5.552425055678401833e+00
4.869899999004803467e+10 5.639975836589529834e+00 -6.113335595647192200e+00
4.869899999011776733e+10 5.080975756332225757e+00 -6.084731544735972442e+00
4.869899999044153595e+10 5.299629478127516613e+00 -6.491581573738517186e+00
4.869899999082625580e+10 4.956873970620865322e+00 -6.721087357580787014e+00
4.869899999077603149e+10 4.569447434918965989e+00 -6.314221857017946249e+00
4.869899999079024506e+10 4.177993754430816331e+00 -6.720083239609348169e+00
4.869899999102061462e+10 4.168971576149261615e+00 -6.205293399839841406e+00
4.869899999127297974e+10 4.440415331600867432e+00 -5.780099351290798104e+00
4.869899999150577545e+10 4.172516835711789440e+00 -6.218502637625443086e+00
4.869899999176184082e+10 4.669054100953790254e+00 -6.296242333140940062e+00
4.869899999214447021e+10 4.842982401697252470e+00 -6.672410651855298802e+00
4.869899999161772919e+10 5.037832186242066079e+00 -6.724751304349489089e+00
4.869899999112697601e+10 4.965390653719479630e+00 -6.993219932441151698e+00
4.869899999112902832e+10 5.012061005191337237e+00 -6.431099629441226817e+00
4.869899999098524475e+10 5.024854573524227597e+00 -6.976375023024983690e+00
4.869899999125964355e+10 5.063395280297914525e+00 -7.467682542936161738e+00
4.869899999123787689e+10 4.998126459076132733e+00 -6.907836357492917578e+00
4.869899999130073547e+10 5.044660900269263948e+00 -7.466446136830938052e+00
4.869899999131394196e+10 5.070939974667648897e+00 -8.029736979391699947e+00
4.869899999108743286e+10 5.467455149232704592e+00 -7.698632987983164533e+00
4.869899999087274170e+10 5.612392619300037744e+00 -7.197570843804910190e+00
4.869899999091565704e+10 5.512434263583075200e+00 -6.644101798319852925e+00
4.869899999082531738e+10 5.284496512645098676e+00 -7.152082792612155515e+00
4.869899999093748474e+10 5.428567397974088493e+00 -7.685772142927936201e+00
4.869899999093803406e+10 5.385079606536995911e+00 -7.123393208762817785e+00
4.869899999063906097e+10 4.998398358160997645e+00 -6.841868063430557534e+00
4.869899999083407593e+10 5.098193133328100757e+00 -7.361647388393312674e+00
4.869899999129052734e+10 4.909549408866609177e+00 -7.089196558220032252e+00
4.869899999121273041e+10 4.882017590606540836e+00 -6.531207590743036917e+00
4.869899999145811462e+10 4.932242791084287425e+00 -6.025811643941410445e+00
4.869899999103315735e+10 4.739226104842344967e+00 -6.342544363381224848e+00
4.869899999109967041e+10 4.902685928652477543e+00 -5.806803319483009318e+00
4.869899999117283630e+10 4.832519323114625287e+00 -6.361677121453912953e+00
4.869899999063832092e+10 4.661255031114583502e+00 -6.305773749041784448e+00
4.869899999088487244e+10 4.165834609753819251e+00 -6.415008809280453583e+00
4.869899999046401215e+10 4.539282618812676695e+00 -6.375314371275822900e+00
4.869899999066509247e+10 4.681314702655749116e+00 -5.867814268507355102e+00
4.869899999048458862e+10 4.846247323865045864e+00 -5.359506613716137124e+00
4.869899999094564819e+10 4.903212116268437448e+00 -5.679412775519335987e+00
4.869899999145009613e+10 4.880362645524385812e+00 -5.428074737794516658e+00
4.869899999164717102e+10 5.125793665182461822e+00 -4.960007911504559885e+00
4.869899999122184753e+10 4.796609124415156522e+00 -4.790010565020793365e+00
4.869899999111694336e+10 5.347810792384211531e+00 -4.732277774984111396e+00
4.869899999160932922e+10 5.378987681472649385e+00 -5.005673072540246515e+00
4.869899999121128082e+10 5.015712545266887368e+00 -4.839084315858030116e+00
4.869899999138686371e+10 4.627425984487135047e+00 -5.208630909739035530e+00
4.869899999098078918e+10 4.264512305892748323e+00 -5.061804126084668454e+00
4.869899999098655701e+10 4.277954986431221407e+00 -5.625672532958748029e+00
4.869899999104879761e+10 4.318581291680358092e+00 -5.066532733424955914e+00
4.869899999100976562e+10 3.810591108944628935e+00 -4.824490947301184995e+00
4.869899999104331207e+10 3.760531730848667653e+00 -5.385321101899723573e+00
4.869899999095326996e+10 3.879242915359771615e+00 -5.929345115442385072e+00
4.869899999082231140e+10 4.024766972409813626e+00 -6.458338037494834261e+00
4.869899999058161163e+10 4.528492868922764814e+00 -6.377813507585396557e+00
4.869899999026066589e+10 4.671547164811101993e+00 -5.936578210336342032e+00
4.869899999036007690e+10 4.221096875335402565e+00 -5.611965688135198249e+00
4.869899999046002197e+10 4.640820050054363932e+00 -5.975290470683390254e+00
4.869899999046649933e+10 4.635917897568387680e+00 -5.411290841349511105e+00
4.869899998992856598e+10 4.771429423003690218e+00 -5.513411157512530636e+00
4.869899998989352417e+10 5.332223586938654059e+00 -5.562842001548862214e+00
4.869899998964183044e+10 5.051233694630892224e+00 -5.143487737209407662e+00
4.869899998971380615e+10 4.949373133296168348e+00 -4.593391737813362852e+00
4.869899998966745758e+10 4.389235676906396044e+00 -4.545855041532643526e+00
4.869899999022195435e+10 4.292212518034578039e+00 -4.510000345862440696e+00
4.869899999051325226e+10 3.829943914982482767e+00 -4.369943993159732365e+00
4.869899999090829468e+10 4.072877324929955023e+00 -4.048876357939820814e+00
4.869899999063513947e+10 3.596506383633686355e+00 -3.919958677531158120e+00
4.869899999015974426e+10 3.334438362880961293e+00 -4.073190171979443441e+00
4.869899999041682434e+10 3.833675299449915919e+00 -4.126437270748466446e+00
4.869899999079084015e+10 3.982682938909875681e+00 -3.731380715940607828e+00
4.869899999066387177e+10 4.059210276258244932e+00 -3.187152614316173693e+00
4.869899999055383301e+10 3.553375552754328481e+00 -2.963134322394877174e+00
4.869899999065425110e+10 3.884537751559498986e+00 -3.408566116850090477e+00
4.869899999069940948e+10 3.829427357318161640e+00 -2.849026110467028694e+00
4.869899999125000000e+10 3.713011071168145438e+00 -2.810854262689485683e+00
4.869899999128514862e+10 4.219279655288300290e+00 -2.564646091210626366e+00
4.869899999173642731e+10 3.990425899405625643e+00 -2.315370226353506311e+00
4.869899999169808197e+10 4.232036914810016981e+00 -1.807122701227807493e+00
4.869899999213815308e+10 3.879364389514932121e+00 -1.818179229590089152e+00
4.869899999195539093e+10 3.887102640601950654e+00 -1.284606877975669192e+00
4.869899999168372345e+10 3.497376905015354254e+00 -1.588702403087447479e+00
4.869899999155310059e+10 3.225697887172320311e+00 -2.065451979349048450e+00
4.869899999128778839e+10 3.300118576280802074e+00 -2.557624895634295736e+00
4.869899999099443817e+10 3.704695253119683063e+00 -2.819210618201530849e+00
4.869899999116348267e+10 4.195249099188782083e+00 -3.040437434963248364e+00
4.869899999127101898e+10 3.987297730149710340e+00 -2.527257006469564971e+00
4.869899999155128479e+10 4.376630840646375198e+00 -2.230555508070378501e+00
4.869899999129169464e+10 4.266573868281808402e+00 -1.742024191840271685e+00
4.869899999122478485e+10 3.706855852997791967e+00 -1.762042558526261793e+00
4.869899999087690735e+10 3.826201688123214595e+00 -1.334374122801757601e+00
4.869899999141810608e+10 3.679935918575318432e+00 -1.396570394363164436e+00
4.869899999144333649e+10 3.684860109331059341e+00 -1.960042263385792127e+00
4.869899999116009521e+10 3.770872145965504796e+00 -2.440184860050774063e+00
4.869899999126755524e+10 4.312465294182981523e+00 -2.555473977352459070e+00
4.869899999080428314e+10 4.483308847873342273e+00 -2.282802299797728196e+00
4.869899999070891571e+10 4.158335562592932355e+00 -2.733866964323127036e+00
4.869899999075888824e+10 4.529181638629850681e+00 -2.311803476863220297e+00
4.869899999056743622e+10 4.063514114075204020e+00 -2.566087868496751856e+00
4.869899999043561554e+10 4.053775269214606070e+00 -2.017736113126756159e+00
4.869899999070085907e+10 4.020730746362088048e+00 -2.514439178984595014e+00
4.869899999018209076e+10 3.966870060555909738e+00 -2.729239216146785107e+00
4.869899999000826263e+10 4.265754457599824079e+00 -2.283577301397241577e+00
4.869899999055083466e+10 4.381448839206047552e+00 -2.385512792812251703e+00
4.869899999109960175e+10 4.251444177351970666e+00 -2.374597549216117098e+00
4.869899999151026917e+10 4.634036700668658249e+00 -2.430628534829252896e+00
4.869899999129442596e+10 4.317478133499556670e+00 -2.016669155966259286e+00
4.869899999084855652e+10 4.239070521395176705e+00 -1.680199594489862225e+00
4.869899999068202972e+10 4.082170211810908889e+00 -1.164629079837423919e+00
4.869899999089553070e+10 4.286210412790913971e+00 -6.840616664955659898e-01
4.869899999067448425e+10 3.807673917886534642e+00 -4.833056982857946160e-01
4.869899999063615417e+10 3.475980357307838720e+00 -9.379175041248553057e-01
4.869899999085365295e+10 3.995097559746018767e+00 -9.749648722156515346e-01
4.869899999060717773e+10 3.488822278434217328e+00 -1.008110411054360611e+00
4.869899999054120636e+10 4.048970607350667272e+00 -1.014681933598103658e+00
4.869899999059814453e+10 4.134210580167327009e+00 -1.569347303037368579e+00
4.869899999083568573e+10 4.049746502520359392e+00 -2.073928571464506376e+00
4.869899999079283142e+10 3.984125377869990992e+00 -1.515342189423348751e+00
4.869899999039788818e+10 3.639720375053464352e+00 -1.306609875352787054e+00
4.869899999075875092e+10 3.358161306413482095e+00 -9.769702207821242546e-01
4.869899999047966766e+10 3.064254277249943925e+00 -1.369264092862515714e+00
4.869899999045551300e+10 3.042426147209762899e+00 -8.061464245285937524e-01
4.869899999056365204e+10 2.898046793703995760e+00 -1.340581951583239118e+00
4.869899999056764984e+10 2.626066572351517969e+00 -1.834719895131678991e+00
4.869899999073499298e+10 2.588418768476457466e+00 -1.297375115588460748e+00
4.869899999068661499e+10 2.529496570360820318e+00 -7.384932294244411777e-01
4.869899999053289795e+10 2.842614493648797591e+00 -2.952205597762395106e-01
4.869899999041718292e+10 2.649586012575820604e+00 -8.124350880199530112e-01
4.869899999042141724e+10 2.142326209075702703e+00 -5.657954036923131813e-01
4.869899999013912201e+10 1.695042100029636734e+00 -3.698215358570369760e-01
4.869899998983422852e+10 1.673907231522070882e+00 1.042597068348222189e-01
4.869899998957254791e+10 1.485020655358002095e+00 -3.583468959681734844e-01
4.869899998920957184e+10 1.728616143099854341e+00 -1.876011655560227975e-03
4.869899998961751556e+10 1.710051833924394638e+00 3.872245831416948336e-01
4.869899998957612610e+10 1.715917919313883155e+00 9.497313925173757054e-01
4.869899998921126556e+10 1.291768475234849722e+00 8.780492895273616094e-01
4.869899998900987244e+10 1.002818672114364595e+00 1.318628079077360349e+00
4.869899998891567993e+10 1.143113290586395436e+00 7.804774460756969123e-01
4.869899998891556549e+10 1.143277989813620277e+00 1.344535526278576976e+00
4.869899998905377960e+10 1.176369969037431407e+00 7.986751184982791019e-01
4.869899998929345703e+10 9.865468056641572003e-01 1.272683081510065151e+00
4.869899998957771301e+10 1.139080921649551881e+00 1.735386891720278602e+00
4.869899998926070404e+10 1.439978097391270140e+00 1.378838327740951941e+00
4.869899998948818970e+10 1.881843225752502402e+00 1.645606718052298856e+00
4.869899998962307739e+10 2.082176457049305540e+00 1.135868349933736088e+00
4.869899998961178589e+10 2.188703240902641678e+00 5.820758884216956641e-01
4.869899998971244049e+10 1.673893605251590699e+00 3.747074707124833370e-01
4.869899999025449371e+10 1.635877742093445830e+00 5.260205455281874443e-01
4.869899998985668945e+10 1.236570736234019252e+00 5.476211906111911887e-01
4.869899999023972321e+10 1.391881151186895593e+00 1.637907781678707986e-01
4.869899999009934235e+10 1.502332488491193718e+00 -3.712385132257409737e-01
4.869899998975370789e+10 1.090826343508440655e+00 -5.425825207141405926e-01
4.869899998967108154e+10 1.440320604295117546e+00 -9.775405539987753745e-01
4.869899998973700714e+10 1.320903651220508346e+00 -4.302239496181208267e-01
4.869899999015039825e+10 1.704270658487500478e+00 -4.129824416437317680e-01
4.869899998972605896e+10 1.933031923442603217e+00 -7.058373607475023626e-01
4.869899999017740631e+10 1.936052761528367139e+00 -3.675501100806290999e-01
4.869899999004934692e+10 1.731594199808346835e+00 -8.774112667206055427e-01
4.869899999053765869e+10 1.921492873877244767e+00 -6.684806168713056662e-01
4.869899999046702576e+10 1.391047591938798345e+00 -4.901543758082336222e-01
4.869899999099441528e+10 1.431813075842239602e+00 -6.860040777814340185e-01
4.869899999048449707e+10 1.381147803988891809e+00 -9.217501542069328480e-01
4.869899999041128540e+10 1.272805701299439818e+00 -3.730572474995969001e-01
4.869899999004291534e+10 1.332482271575195609e+00 4.990982232577512168e-02
4.869899999007101440e+10 1.114722936391877361e+00 5.694796574252313226e-01
4.869899999023835754e+10 1.442044501190042682e+00 9.972854057571889363e-01
4.869899999053875732e+10 9.724143994423810611e-01 1.083140352155462116e+00
4.869899999103823853e+10 9.559745151351598524e-01 1.344686135761759216e+00
4.869899999103823853e+10 9.532479867206546942e-01 7.806346092450570096e-01
4.869899999140858459e+10 5.282115175543449226e-01 7.993004561790243434e-01
4.869899999123969269e+10 1.051608063424696038e+00 6.740328884349681138e-01
4.869899999112810516e+10 9.450129861375797802e-01 1.314956987802063937e-01
4.869899999080866241e+10 5.765994819576549801e-01 4.150293551692270655e-01
4.869899999043376160e+10 6.766258467114505404e-01 8.244254994952306959e-01
4.869899999000727844e+10 5.219608322446056548e-01 4.892351136333768502e-01
4.869899999001995850e+10 8.740533810060866493e-01 4.874491354808013766e-02
4.869899999008503723e+10 1.388380967212642592e+00 -1.735023062218463419e-01
4.869899998954640198e+10 1.549272432880358208e+00 -2.198120726201709674e-01
4.869899998946878815e+10 1.872541500302302930e+00 -6.754814125796644309e-01
4.869899998905709839e+10 1.528870535903998906e+00 -5.006569511947418505e-01
4.869899998909770966e+10 1.614529860066943545e+00 5.537813497842081212e-02
4.869899998909118652e+10 1.604964090146608680e+00 6.193174270444884444e-01
4.869899998854244995e+10 1.699229140697384732e+00 7.096781110869778697e-01
4.869899998869289398e+10 1.447367165737131423e+00 2.279178882887603064e-01
4.869899998874483490e+10 1.696219389402210620e+00 -2.756060985696180965e-01
4.869899998865415955e+10 1.277419705035270248e+00 -6.424110274890783012e-01
4.869899998809398651e+10 1.261712312018397508e+00 -7.066083231960905708e-01
4.869899998825173950e+10 1.196470070809803721e+00 -1.244212308676631684e+00
4.869899998824803162e+10 1.207480994085864845e+00 -6.802738582720594396e-01
4.869899998779360199e+10 1.477173052182605417e+00 -4.829973811860922561e-01
4.869899998784480286e+10 1.397630515809746621e+00 7.307180870837026720e-02
4.869899998829460907e+10 1.327858133066021518e+00 -2.600508626514111965e-01
4.869899998878372955e+10 1.605381493668330384e+00 -2.164610374923887082e-01
4.869899998843767548e+10 1.547126651900993410e+00 2.251418477785501193e-01
4.869899998829282379e+10 1.766467725963225543e+00 7.242091988021539528e-01
4.869899998834368896e+10 1.773512561531300769e+00 1.285925056739132266e+00
4.869899998805739594e+10 1.481178943290315519e+00 1.674173475628382368e+00
4.869899998754499817e+10 1.572034621074421601e+00 1.891780614056910892e+00
4.869899998716525269e+10 1.976102944389672711e+00 1.995151905478979693e+00
4.869899998721298218e+10 1.987845596646520274e+00 2.557064238463733652e+00
4.869899998721343994e+10 2.070221438466360198e+00 3.115074608056288774e+00
4.869899998745851898e+10 2.347536524022075799e+00 3.540743915315155199e+00
4.869899998702003479e+10 2.325474096991403616e+00 3.894876237457569612e+00
4.869899998654433441e+10 2.368932750149503885e+00 3.594909805227043620e+00
4.869899998607569885e+10 2.642183308749594506e+00 3.749429664765675074e+00
4.869899998596035767e+10 2.603962624800712167e+00 3.198614367326005237e+00
4.869899998617207336e+10 3.059142990111430649e+00 2.941423172422911403e+00
4.869899998621755981e+10 3.108338539601360306e+00 2.381358505808333081e+00
4.869899998592000580e+10 3.170561958819546611e+00 1.906223780833576464e+00
4.869899998647122955e+10 3.281566593740250948e+00 1.950887064315230290e+00
4.869899998687435913e+10 3.330954039227738139e+00 2.342308759508922034e+00
4.869899998633070374e+10 3.465446055559028515e+00 2.409464439233704347e+00
4.869899998631434631e+10 4.028983522251855298e+00 2.427336248835425536e+00
4.869899998615789795e+10 4.047022413870228874e+00 2.968963602510729327e+00
4.869899998623207092e+10 3.726372977829479627e+00 2.510876612832074528e+00
4.869899998612788391e+10 3.919774006774568775e+00 1.991354463892002213e+00
4.869899998660072327e+10 4.202364468871601311e+00 2.112695868599994586e+00
4.869899998616495514e+10 4.528302967907382737e+00 1.964272255994401473e+00
4.869899998603319550e+10 4.512354805907739852e+00 2.512494014363828132e+00
4.869899998636471558e+10 4.063707161688461689e+00 2.595974317376448681e+00
4.869899998666905975e+10 4.537789693791432377e+00 2.568035771927589916e+00
4.869899998694373322e+10 4.667429750357720231e+00 2.092735396572365403e+00
4.869899998703891754e+10 4.250117820599862206e+00 2.460092902017481542e+00
4.869899998697418213e+10 4.203742233809786732e+00 1.901684703297767065e+00
4.869899998657312012e+10 4.378146013720326302e+00 2.257906567981093460e+00
4.869899998613814545e+10 4.426931001397756305e+00 2.613684540150134517e+00
4.869899998585191345e+10 4.117577098145981829e+00 2.988561135755049225e+00
4.869899998619774628e+10 3.914610506911978316e+00 3.385254274256275675e+00
4.869899998570145416e+10 4.162567812525661992e+00 3.283413824170205775e+00
4.869899998614466858e+10 3.816916437726683320e+00 3.236006904366004466e+00
4.869899998641515350e+10 3.622818955743482228e+00 3.691336261187250223e+00
4.869899998677729034e+10 3.399403260279020955e+00 4.061611072829892422e+00
4.869899998674028778e+10 3.383883622100578137e+00 3.498982140313975364e+00
4.869899998629442596e+10 3.692886390298931509e+00 3.344435176620404793e+00
4.869899998583685303e+10 3.954281701461371146e+00 3.545583796041968050e+00
4.869899998546749115e+10 4.272305012582121364e+00 3.261696812700366710e+00
4.869899998530152130e+10 4.122832128449976707e+00 3.779646773307222318e+00
4.869899998548811340e+10 4.098308416639141250e+00 4.311381790732224495e+00
4.869899998496852875e+10 4.111749097666378638e+00 4.530494135668917011e+00
4.869899998539533234e+10 4.403350565581868103e+00 4.304728812393923576e+00
4.869899998521337128e+10 4.937082165469182549e+00 4.318255907430661011e+00
4.869899998558980560e+10 5.168845793142301304e+00 4.668607172528337124e+00
4.869899998561179352e+10 5.305000245262152525e+00 4.121670051729269701e+00
4.869899998590328217e+10 5.739702598334126549e+00 4.331974610928702063e+00
4.869899998563264465e+10 6.076803657697541716e+00 4.694302240735281906e+00
4.869899998548300934e+10 5.924368318982149439e+00 5.216350187292906782e+00
4.869899998550489044e+10 5.370326986456539942e+00 5.319893060224090142e+00
4.869899998560554504e+10 4.857452922084465996e+00 5.107782751373952657e+00
4.869899998586217499e+10 5.314365955445172318e+00 4.899138754239841020e+00
4.869899998614900970e+10 4.956779586894088929e+00 4.570476227479401743e+00
4.869899998614789581e+10 5.041416760136304909e+00 4.012805301975210348e+00
4.869899998579100800e+10 4.958094290913103386e+00 4.441581238079922223e+00
4.869899998578392029e+10 5.006726807661862289e+00 5.003494247582798593e+00
4.869899998616587067e+10 5.372093811574745637e+00 4.806568604689253732e+00
4.869899998578668976e+10 5.201567952509053683e+00 4.425382459814927394e+00
4.869899998532215881e+10 5.243184859991841584e+00 4.742616277849642792e+00
4.869899998478054047e+10 5.304476692359417989e+00 4.887720873404147071e+00
4.869899998483228302e+10 5.372150446325107076e+00 4.330132829605084055e+00
4.869899998479384613e+10 5.360275918833250053e+00 3.767511081357250102e+00
4.869899998482685089e+10 5.746464518906498675e+00 3.357717738589494960e+00
4.869899998506391907e+10 5.718972160251044379e+00 3.868798906511963231e+00
4.869899998484127045e+10 5.454435550573631275e+00 3.423141196542686782e+00
4.869899998433341217e+10 5.609668214426295485e+00 3.613250234205009459e+00
4.869899998443474579e+10 5.676466571023201624e+00 3.062404027322476185e+00
4.869899998470035553e+10 5.492874936123938845e+00 2.599904598633443253e+00
4.869899998494489288e+10 5.439537620738701840e+00 3.105394185287993380e+00
4.869899998550713348e+10 5.467173018730931311e+00 3.141208345375346767e+00
4.869899998585143280e+10 5.666012766777695830e+00 2.741104575055519188e+00
4.869899998543271637e+10 5.450529611522378026e+00 3.051596356255016129e+00
4.869899998553322601e+10 5.855837583115187428e+00 2.672406465839000322e+00
4.869899998519941711e+10 6.291615109213190671e+00 2.802131872139229429e+00
4.869899998518570709e+10 6.202894289061829269e+00 2.245263665534054098e+00
4.869899998516719818e+10 6.225309802515755386e+00 2.808572272028399652e+00
4.869899998490235901e+10 5.762400213215496336e+00 2.992243311048205623e+00
4.869899998499077606e+10 5.717441665676698648e+00 3.547511985552659119e+00
4.869899998459505463e+10 6.115073540714391243e+00 3.488748993034037404e+00
4.869899998495605469e+10 5.871064313880808960e+00 3.846942223813060835e+00
4.869899998490451813e+10 5.881105242562032487e+00 4.408551202469851660e+00
4.869899998520327759e+10 5.912447508452142841e+00 4.885961649616832325e+00
4.869899998471556854e+10 5.672792614017640567e+00 5.037173943759368555e+00
4.869899998493960571e+10 5.596803837387706260e+00 4.525123299056228454e+00
4.869899998493782043e+10 5.972360768598444558e+00 4.945974073016905947e+00
4.869899998537930298e+10 6.221585396297753867e+00 4.698704791525706526e+00
4.869899998538290405e+10 6.215906900114434919e+00 4.134686773843411878e+00
4.869899998532869720e+10 6.212361159430712654e+00 4.696122809578419321e+00
4.869899998488240051e+10 5.933617667106338089e+00 4.899308668463310923e+00
4.869899998451989746e+10 6.232766003719672376e+00 5.211177333208693696e+00
4.869899998411100006e+10 6.322178823975340478e+00 5.589288156072414360e+00
4.869899998410467529e+10 5.784992694403603863e+00 5.417379541136551069e+00
4.869899998410843658e+10 5.677084216230417368e+00 5.971006832591724489e+00
4.869899998399402618e+10 5.653804252811921671e+00 6.522849679056294647e+00
4.869899998361183167e+10 5.511721345080936807e+00 6.133101728849233325e+00
4.869899998365346527e+10 5.584404505671854757e+00 5.575297486279770176e+00
4.869899998352253723e+10 5.606222183610168663e+00 6.123515844180862366e+00
4.869899998403314972e+10 5.514389475963056952e+00 6.344890493954491006e+00
4.869899998418687439e+10 6.057093799110830012e+00 6.346015286408674960e+00
4.869899998401390839e+10 6.056947284060354875e+00 5.809132367854441981e+00
4.869899998345565796e+10 5.980857476296010944e+00 5.836162503434223048e+00
4.869899998319817352e+10 6.179198615417768714e+00 5.375160457717412577e+00
4.869899998277242279e+10 6.101832580413596219e+00 5.736981762519310024e+00
4.869899998280580902e+10 5.686884905986771876e+00 5.356369903567648194e+00
4.869899998314795685e+10 5.332851278805379458e+00 5.631607970411015351e+00
4.869899998258912659e+10 5.304845296433582824e+00 5.560300938930419434e+00
4.869899998253776550e+10 5.218935335052844238e+00 6.115407096229348305e+00
4.869899998240805817e+10 5.732920419931529565e+00 6.308170787344113961e+00
4.869899998262005615e+10 5.682959816093431371e+00 5.787861960089625946e+00
4.869899998260451508e+10 5.694082096066827248e+00 5.224127744536565032e+00
4.869899998236946869e+10 5.543204337947357452e+00 5.714180043379576190e+00
4.869899998237958527e+10 5.817089562287539373e+00 6.207177044336714467e+00
4.869899998236100769e+10 6.287220690531984069e+00 5.896060898520645743e+00
4.869899998251255798e+10 6.413520168361268148e+00 5.367627956576620285e+00
4.869899998269553375e+10 6.939489261168924727e+00 5.277969428954937925e+00
4.869899998251073456e+10 7.464511300227547608e+00 5.186518517013569252e+00
4.869899998276242828e+10 7.270524114489190559e+00 5.652546336523370130e+00
4.869899998293466187e+10 7.160546286470335531e+00 6.178284735712302300e+00
4.869899998345713043e+10 6.972702670116571966e+00 6.277781094863087219e+00
4.869899998352075195e+10 6.965308231717462384e+00 6.838190778887311083e+00
4.869899998393965912e+10 6.979588807299223596e+00 7.215648278711014108e+00
4.869899998348051453e+10 6.845739535099891526e+00 7.514696884602709126e+00
4.869899998334097290e+10 6.697047170079708955e+00 8.040606545140555284e+00
4.869899998278173828e+10 6.710584332453005452e+00 8.112967550501226199e+00
4.869899998253588104e+10 6.207674422676761949e+00 8.043697763388703237e+00
4.869899998226246643e+10 6.688369766961010932e+00 7.932624281048844317e+00
4.869899998239641571e+10 7.183251234847241484e+00 7.697438812660768015e+00
4.869899998294868469e+10 7.139525541091845895e+00 7.803482673252069013e+00
4.869899998301870728e+10 7.149356347754547869e+00 8.363091151063887452e+00
4.869899998295839691e+10 6.956469709140370661e+00 8.889701577776985886e+00
4.869899998292118835e+10 7.199071799269114891e+00 9.397561244322158558e+00
4.869899998249737549e+10 7.162085913995171360e+00 9.767938182851727547e+00
4.869899998252085876e+10 6.712950718085524571e+00 1.010836091587093932e+01
4.869899998269943237e+10 7.101523515078384641e+00 1.047617096743802456e+01
4.869899998304515076e+10 7.166684275990596653e+00 1.091707055039760732e+01
4.869899998347376251e+10 6.942282076111594868e+00 1.120707072108209523e+01
4.869899998342160797e+10 6.780827208422524066e+00 1.066913609905041760e+01
4.869899998323738098e+10 6.788904622717462978e+00 1.120219891116359001e+01
4.869899998349753571e+10 6.377165132219446697e+00 1.091767656860840141e+01
4.869899998352434540e+10 6.384241850040682564e+00 1.035430043927176413e+01
4.869899998328668213e+10 6.891323183308862177e+00 1.042172996624942094e+01
4.869899998350907898e+10 7.361634305944391166e+00 1.020376828982370476e+01
4.869899998350172424e+10 7.383330753714240302e+00 1.076736095842363383e+01
4.869899998366304779e+10 7.401175146394534110e+00 1.130756297467569560e+01
4.869899998348712158e+10 6.922896633708158554e+00 1.154934773616904486e+01
4.869899998347341919e+10 6.913947280273328388e+00 1.098552712286569921e+01
4.869899998359124756e+10 6.985332223269145047e+00 1.153250334863445836e+01
4.869899998396612549e+10 7.401449809809618863e+00 1.159938265014696235e+01
4.869899998442020416e+10 7.266380269738809794e+00 1.190553562035456281e+01
4.869899998399678802e+10 7.120430453516934044e+00 1.224843256556311921e+01
4.869899998369662476e+10 6.665175182159848610e+00 1.239267756464780135e+01
4.869899998418459320e+10 6.930921186701852754e+00 1.248979057919372870e+01
4.869899998406352234e+10 6.877743678087547607e+00 1.303812998746669649e+01
4.869899998404635620e+10 6.899061385210997877e+00 1.247473642167025609e+01
4.869899998406938171e+10 6.909129353215742064e+00 1.303823433499431772e+01
4.869899998377439117e+10 6.505073217497095328e+00 1.277769828129461160e+01
4.869899998404076385e+10 6.740388194529983501e+00 1.321568866052950320e+01
4.869899998400414276e+10 6.628595822153269701e+00 1.376734337912534478e+01
4.869899998371022797e+10 6.150353023523755347e+00 1.371204421369993476e+01
4.869899998390375519e+10 6.250420343415441060e+00 1.319176026418075054e+01
4.869899998342727661e+10 6.156554538552977185e+00 1.290484317303540962e+01
4.869899998310868835e+10 6.293892784993302847e+00 1.246009583441829704e+01
4.869899998283953094e+10 5.862867535772172900e+00 1.270490678535238160e+01
4.869899998309957886e+10 5.708471236939032245e+00 1.222877780960209115e+01
4.869899998340467072e+10 6.063905928550218150e+00 1.254301902365149246e+01
4.869899998339367676e+10 6.067857357886562220e+00 1.197908194479913568e+01
4.869899998317742157e+10 6.540280854175072989e+00 1.175950883796020641e+01
4.869899998342796326e+10 6.095664524383864524e+00 1.199973008614050052e+01
4.869899998312123108e+10 6.104324949432024638e+00 1.152644170577547023e+01
4.869899998320437622e+10 6.161769414199178563e+00 1.208137341266641052e+01
4.869899998369696045e+10 6.041249115798645875e+00 1.232835656241061173e+01
4.869899998392999268e+10 6.325341511576587195e+00 1.190039656775249277e+01
4.869899998444409180e+10 6.531173176074224429e+00 1.200761917373494647e+01
4.869899998487896729e+10 6.875269431460458769e+00 1.190444355258052589e+01
4.869899998503663635e+10 7.310973339200202759e+00 1.222610348140386982e+01
4.869899998503646088e+10 7.305013382454614401e+00 1.279013008221127023e+01
4.869899998483615875e+10 7.096102366808958450e+00 1.327427614006663248e+01
4.869899998523958588e+10 7.196644838843022640e+00 1.365545467275729585e+01
4.869899998567932129e+10 7.186967885194780692e+00 1.330232365273199235e+01
4.869899998566066742e+10 7.295215562345301663e+00 1.274906423110864750e+01
4.869899998584293365e+10 7.437200489197047126e+00 1.326363327249365121e+01
4.869899998630724335e+10 7.235208704563353521e+00 1.351218590159563426e+01
4.869899998683355713e+10 7.357904173294214090e+00 1.367375230129089658e+01
4.869899998710566711e+10 6.939045193866341776e+00 1.393580786449072484e+01
4.869899998693228912e+10 7.362748815172814432e+00 1.426531818660883211e+01
4.869899998664349365e+10 7.170864002207470556e+00 1.471021903104111139e+01
4.869899998709697723e+10 6.883561897399155249e+00 1.453708718408054779e+01
4.869899998693901062e+10 6.739303314121910304e+00 1.401517073718191142e+01
4.869899998682846069e+10 6.835752971431159786e+00 1.347052564477525749e+01
4.869899998646697235e+10 6.818083709469680898e+00 1.303788519559503989e+01
4.869899998597654724e+10 6.547648233529234751e+00 1.297071142373892449e+01
4.869899998577344513e+10 6.024564457787164429e+00 1.291332014019657670e+01
4.869899998609747314e+10 6.034649354866794546e+00 1.337491304943630688e+01
4.869899998571381378e+10 5.621205782265545459e+00 1.336942412836935290e+01
4.869899998593994904e+10 5.773712042062064675e+00 1.386315001852562645e+01
4.869899998604806519e+10 6.292032906482170063e+00 1.405761503274634805e+01
4.869899998610095215e+10 6.078438821408238546e+00 1.457698211189593351e+01
4.869899998597778320e+10 5.989492996347007825e+00 1.512019398961605177e+01
4.869899998594142151e+10 5.802605705482013043e+00 1.458923986829274710e+01
4.869899998598908234e+10 5.719223724588769819e+00 1.403341847285079957e+01
4.869899998614451599e+10 6.007508660651749821e+00 1.357418614493405151e+01
4.869899998636635590e+10 5.493800257218394378e+00 1.364525534949160068e+01
4.869899998592310333e+10 5.238023543824735562e+00 1.340804594005748207e+01
4.869899998639134216e+10 5.325799405943095088e+00 1.310603832265991819e+01
4.869899998633615112e+10 5.887078216207529913e+00 1.309698540893003305e+01
4.869899998653487396e+10 5.843581460237096792e+00 1.257088679666100539e+01
4.869899998709327698e+10 5.784024259772643894e+00 1.262380974887479823e+01
4.869899998676124573e+10 5.514521523646793710e+00 1.225599832492196661e+01
4.869899998623503113e+10 5.396275574643496498e+00 1.209083012489535669e+01
4.869899998594183350e+10 5.666815154546088529e+00 1.248958186702372153e+01
4.869899998606402588e+10 6.119970449243104405e+00 1.280243990210020044e+01
4.869899998608090973e+10 5.557909026510150952e+00 1.284674976662306811e+01
4.869899998628497314e+10 5.707221098850362218e+00 1.335095689837279309e+01
4.869899998587123108e+10 5.799655676070405441e+00 1.297888610254036834e+01
4.869899998574460602e+10 5.387330344796695591e+00 1.261541003024747098e+01
4.869899998582203674e+10 5.347001449454409361e+00 1.205814880847209736e+01
4.869899998577448273e+10 5.359040178374356422e+00 1.149622766805755347e+01
4.869899998587911987e+10 5.270508549790964281e+00 1.204337913408643068e+01
4.869899998622257233e+10 4.895213961156282600e+00 1.228700623474695242e+01
4.869899998651869965e+10 5.123706168827888874e+00 1.186479534188966944e+01
4.869899998654560089e+10 4.580011813256067654e+00 1.201255929171466086e+01
4.869899998621752930e+10 4.576193377384483618e+00 1.155373781839560721e+01
4.869899998592657471e+10 4.347516881761483987e+00 1.112804507272827514e+01
4.869899998598870087e+10 4.067142297100811099e+00 1.064256359955162878e+01
4.869899998606510925e+10 3.984739960949598370e+00 1.008981319897595874e+01
4.869899998629231262e+10 3.908612899822820452e+00 9.579180437422953887e+00
4.869899998633132935e+10 3.351605513252773783e+00 9.499292857395303713e+00
4.869899998646392059e+10 3.519498829849319943e+00 1.002120531826155236e+01
4.869899998628460693e+10 2.994606874397454988e+00 1.012365571743201187e+01
4.869899998628520966e+10 2.994973135846076939e+00 9.559598039439695327e+00
4.869899998617521667e+10 3.321261304590362062e+00 9.112833692113394335e+00
4.869899998656400299e+10 3.537398215725326978e+00 9.459661872339816924e+00
4.869899998608144379e+10 3.483179555646227055e+00 9.172677898637756400e+00
4.869899998654349518e+10 3.310026283833405358e+00 9.445964635646678431e+00
4.869899998601213837e+10 3.147524108728243508e+00 9.542998366028587753e+00
4.869899998586505127e+10 3.279941365330020897e+00 9.014801748732375941e+00
4.869899998630223083e+10 2.924313640247760304e+00 8.991060264484680431e+00
4.869899998654808044e+10 3.374253043809840147e+00 9.226160950168763364e+00
4.869899998700820923e+10 3.630222024169588835e+00 9.023862820413389940e+00
4.869899998694608307e+10 3.560979317261720123e+00 8.467529184765455241e+00
4.869899998702993011e+10 3.844704305985866988e+00 7.987288362977119860e+00
4.869899998706744385e+10 3.765363944984822631e+00 7.430099311260070394e+00
4.869899998688816071e+10 3.776974403982647832e+00 6.895418635455521361e+00
4.869899998729173279e+10 3.382915579516099669e+00 6.897915907082865061e+00
4.869899998766981506e+10 3.514704779734076467e+00 6.500616948318219457e+00
4.869899998720562744e+10 3.824173670565850003e+00 6.417429457864505693e+00
4.869899998722612000e+10 3.757010500215709925e+00 6.977099600911611965e+00
4.869899998674796295e+10 3.770160873153137526e+00 7.276015989933013905e+00
4.869899998626667023e+10 3.691419072358220532e+00 6.992608225173266412e+00
4.869899998622332764e+10 4.019421144788071665e+00 6.535774204686440214e+00
4.869899998633654022e+10 3.467156061394683686e+00 6.517145919263232834e+00
4.869899998629597473e+10 3.533307961736775304e+00 5.958451141635503490e+00
4.869899998652745819e+10 3.994944070073892739e+00 6.185322785327263873e+00
4.869899998631987762e+10 4.406363636101899850e+00 5.860046990632649333e+00
4.869899998678250885e+10 4.095948279782726686e+00 5.948244824508776674e+00
4.869899998706536865e+10 4.146643010267905716e+00 6.433611714169080287e+00
4.869899998691976929e+10 4.038649987447527678e+00 5.899476647226435055e+00
4.869899998684885406e+10 4.509193637364600882e+00 6.202332592580235726e+00
4.869899998690517426e+10 3.971315725061500768e+00 6.042092955943029864e+00
4.869899998742379761e+10 4.192143251925990910e+00 6.021385272800892530e+00
4.869899998774362946e+10 3.861715949268792247e+00 6.348016989374267283e+00
4.869899998728327179e+10 4.096434343806293121e+00 6.574157214414328543e+00
4.869899998732583618e+10 4.105207775219385624e+00 6.011775915436529338e+00
4.869899998720319366e+10 4.026454619888349740e+00 6.556678157269024254e+00
4.869899998724863434e+10 4.101936533005080321e+00 5.999543410759089923e+00
4.869899998672480774e+10 4.223506451271606288e+00 5.829276933677020267e+00
4.869899998623952484e+10 4.012765033210716759e+00 5.633694354598604015e+00
4.869899998665869141e+10 3.671778775227441560e+00 5.471866238440766139e+00
4.869899998698511505e+10 3.766188682401705901e+00 5.922082466192059691e+00
4.869899998661676025e+10 3.576322401245287441e+00 5.539427871453961316e+00
4.869899998692588806e+10 3.327705969160993593e+00 5.940416483806965964e+00
4.869899998729320526e+10 3.529981784509368392e+00 5.563157838361899366e+00
4.869899998709854889e+10 3.881767018212011422e+00 5.167535560676110862e+00
4.869899998679649353e+10 3.411424826017531942e+00 5.092010743502611625e+00
4.869899998675524902e+10 3.317435790845343124e+00 4.537369776961897472e+00
4.869899998673703003e+10 2.924649560343614230e+00 4.132958502411383073e+00
4.869899998682852173e+10 3.467033496869678988e+00 4.257901899803668400e+00
4.869899998699309540e+10 3.360983319760021182e+00 3.728912454011875877e+00
4.869899998710951996e+10 3.912300194460536673e+00 3.754538855118779495e+00
4.869899998694302368e+10 4.046341682279143370e+00 3.232549111610517834e+00
4.869899998706729126e+10 4.015765563688029616e+00 3.781898628306308741e+00
4.869899998702341461e+10 4.023364127554303948e+00 4.344196115322212393e+00
4.869899998755375671e+10 4.132316177109080613e+00 4.185993053282114573e+00
4.869899998754098511e+10 3.818609820149834633e+00 3.717392090832781104e+00
4.869899998760792542e+10 3.317806609038716381e+00 3.968143732199009399e+00
4.869899998742230988e+10 3.224153821688727106e+00 3.443799910934371766e+00
4.869899998725148010e+10 3.267964303909914214e+00 3.979579524689009329e+00
4.869899998780599213e+10 3.165152128903169881e+00 3.990151782361308630e+00
4.869899998828305054e+10 2.881626602997014786e+00 3.889209632317151666e+00
4.869899998806539154e+10 3.401680801022751943e+00 3.907363764579742771e+00
4.869899998808236694e+10 3.434890037708983712e+00 4.470187474420904472e+00
4.869899998851755524e+10 3.580582775679718832e+00 4.798125785285953349e+00
4.869899998840397644e+10 3.506071193774215722e+00 4.250668582256270867e+00
4.869899998882629395e+10 3.182737324453666972e+00 4.438463184225903468e+00
4.869899998912972260e+10 3.114019142506870619e+00 3.967962270695113425e+00
4.869899998911577606e+10 3.264096032707914929e+00 3.424414663856259367e+00
4.869899998918115234e+10 2.762527417306626099e+00 3.174782856519728913e+00
4.869899998960386658e+10 3.048676082369257578e+00 3.414773842351537247e+00
4.869899999006137085e+10 2.764377201091680725e+00 3.582178788419907001e+00
4.869899999006690216e+10 2.753936244150990920e+00 3.018244434786225838e+00
4.869899999024798584e+10 2.772921200138802167e+00 2.484380904028174797e+00
4.869899998972006226e+10 2.914606363218485541e+00 2.623605000892144989e+00
4.869899999022341919e+10 2.701281623549832478e+00 2.762478503579117284e+00
4.869899999024137878e+10 2.660878439093171011e+00 3.324801082124375196e+00
4.869899999054893494e+10 2.751063544069064726e+00 2.860650067822078757e+00
4.869899999071351624e+10 2.730681322394488575e+00 3.399779279812822352e+00
4.869899999117605591e+10 2.529264350333233047e+00 3.147488881370913649e+00
4.869899999078744507e+10 2.442237581691874215e+00 2.748027432589519758e+00
4.869899999058532715e+10 1.922442534355372823e+00 2.832424583045772160e+00
4.869899999038733673e+10 1.625733314085388459e+00 2.395474433903564737e+00
4.869899999008906555e+10 1.519655628288355320e+00 2.862319490637143193e+00
4.869899998995532990e+10 1.948576131582761883e+00 2.521287614125065524e+00
4.869899998994707489e+10 1.765942508176080228e+00 1.987678740199619210e+00
4.869899998994392395e+10 1.838856672789320523e+00 1.428362046627135173e+00
4.869899998994480896e+10 1.834715103355206045e+00 8.643198322497077646e-01
4.869899998954591370e+10 2.228301312902127407e+00 8.000428544622851801e-01
4.869899999006347656e+10 2.119539837804303772e+00 9.961674201289871800e-01
4.869899999003556061e+10 2.676221706481412888e+00 1.082698804724381736e+00
4.869899999028450012e+10 2.612755494273543366e+00 5.805418430789237583e-01
4.869899999022081757e+10 2.627058520283987786e+00 1.140810604782906079e+00
4.869899998983801270e+10 2.599082018290622464e+00 1.554139921182054351e+00
4.869899998959986877e+10 2.207275126661855325e+00 1.225605661369875365e+00
4.869899998961986542e+10 2.189361520813264850e+00 1.789024641432083396e+00
4.869899998962660980e+10 1.632914913408433755e+00 1.696920215403187937e+00
4.869899999002501678e+10 1.252699193822174095e+00 1.818852455355991937e+00
4.869899999052738190e+10 1.267356848881064701e+00 2.074937515731918314e+00
4.869899999092643738e+10 1.517241350602192007e+00 1.764330937835797641e+00
4.869899999103733063e+10 2.007789689614196682e+00 1.508937037199623799e+00
4.869899999060540009e+10 2.058448626586710795e+00 1.868149211942758070e+00
4.869899999058997345e+10 2.033021449017665905e+00 1.304875746096446409e+00
4.869899999004624939e+10 1.906808766499675567e+00 1.386101337900170316e+00
4.869899999015592957e+10 2.291057563727246116e+00 9.879997423785125132e-01
4.869899999058532715e+10 2.040989464919486629e+00 1.254916370155597427e+00
4.869899999079904938e+10 2.275236883039322144e+00 1.721404489459357645e+00
4.869899999081735229e+10 1.713063371457113515e+00 1.763683849968112449e+00
4.869899999116181183e+10 2.108060339372100689e+00 1.972221772622285929e+00
4.869899999104556274e+10 2.658186555130603868e+00 2.017038880367078235e+00
4.869899999136001587e+10 3.058623678859912598e+00 1.774281437793612914e+00
4.869899999179649353e+10 3.330197327668056317e+00 2.006439391122354809e+00
4.869899999189228821e+10 3.561711576476925600e+00 2.511797191644670857e+00
4.869899999211859131e+10 3.358466375248347902e+00 2.036781541867899392e+00
4.869899999232468414e+10 3.512566241097133446e+00 2.538719789559453766e+00
4.869899999287266541e+10 3.378936696927609784e+00 2.542853915564614375e+00
4.869899999234574127e+10 3.547470444232255993e+00 2.432810951886549056e+00
4.869899999237022400e+10 3.524210707150063904e+00 1.869764611393139653e+00
4.869899999233849335e+10 3.488228312489845440e+00 1.307750373033379931e+00
4.869899999228114319e+10 4.007537262477899986e+00 1.095170130098330086e+00
4.869899999224175262e+10 4.104301371830616496e+00 1.649468522285287175e+00
4.869899999250028992e+10 3.611034918859152398e+00 1.559981019509409261e+00
4.869899999251949310e+10 4.170395293416267357e+00 1.489919294102426406e+00
4.869899999254151154e+10 3.638440299054350735e+00 1.676200118194716815e+00
4.869899999270068359e+10 3.519802072709253160e+00 1.148230758942344831e+00
4.869899999323194885e+10 3.625895181495160546e+00 1.305285072073508967e+00
4.869899999326129150e+10 3.633220955642948446e+00 1.868531911765324294e+00
4.869899999334115601e+10 3.864984346952652583e+00 2.376536264275789456e+00
4.869899999323414612e+10 4.108852456709557011e+00 1.879305359782108109e+00
4.869899999284662628e+10 4.424125069828927614e+00 2.141205544733195243e+00
4.869899999293711090e+10 3.868799528453986891e+00 2.181057489866125021e+00
4.869899999283319092e+10 3.956530098240779392e+00 1.633640341392335493e+00
4.869899999281622314e+10 4.202590236916686095e+00 1.126365216146078208e+00
4.869899999303881836e+10 4.387429720436266223e+00 6.421662883500134367e-01
4.869899999258081818e+10 4.107790385548106826e+00 4.683873637254482025e-01
4.869899999254347992e+10 4.532225619530425575e+00 8.380113721905169122e-01
4.869899999304958344e+10 4.626250395579496910e+00 6.073974675932540812e-01
4.869899999313233185e+10 4.556119917012068754e+00 5.386666479949453468e-02
4.869899999350193787e+10 4.809382668105993019e+00 -2.887877541019422400e-01
4.869899999354306793e+10 4.881462863464960833e+00 2.691318887010211158e-01
4.869899999400527191e+10 4.927667160101213639e+00 -5.086230168577837718e-02
4.869899999380874634e+10 5.349992603144008818e+00 2.672257282548636814e-01
4.869899999380831909e+10 5.360737765274177669e+00 -2.967298699580138699e-01
4.869899999389610291e+10 5.916589592841151379e+00 -2.582002146322779357e-01
4.869899999342726898e+10 5.744683429244642703e+00 4.107120934379260291e-03
4.869899999365768433e+10 5.739112163360642782e+00 -5.107142216427037473e-01
4.869899999381821442e+10 6.078143916257018553e+00 -8.946777614047435323e-02
4.869899999365406036e+10 5.852904727752791025e+00 -5.798568200397693495e-01
4.869899999388316345e+10 6.349820687251695794e+00 -7.167791423008194052e-01
4.869899999384681702e+10 6.506466789255330951e+00 -1.257429237287420509e+00
4.869899999335305023e+10 6.449827234860038061e+00 -1.524165059301975989e+00
4.869899999339236450e+10 6.508752296836659568e+00 -9.645723880531459349e-01
4.869899999351720428e+10 6.536211933954151121e+00 -4.151892131296767152e-01
4.869899999364179230e+10 6.005119827041384362e+00 -5.586459093408210341e-01
4.869899999371808624e+10 5.511330536619069242e+00 -8.203962641683371082e-01
4.869899999424957275e+10 5.334321011679416635e+00 -7.544121007513326926e-01
4.869899999409861755e+10 5.853845490355690018e+00 -9.140007322443592930e-01
4.869899999415655518e+10 6.278488532369202346e+00 -5.472814800313117178e-01
4.869899999432706451e+10 5.743856275156701052e+00 -6.043356350234867502e-01
4.869899999477810669e+10 5.754372711377233607e+00 -9.428755196647702341e-01
4.869899999474762726e+10 5.816929584782934981e+00 -1.502624695352162032e+00
4.869899999522039032e+10 5.514562295451637119e+00 -1.559433325630097622e+00
4.869899999561012268e+10 5.366098851535633152e+00 -1.939209796849854062e+00
4.869899999576164246e+10 5.657624902749688545e+00 -2.397703481239104040e+00
4.869899999582687378e+10 5.947096778853064869e+00 -1.918002573851828707e+00
4.869899999593519592e+10 6.357920759140847089e+00 -2.289017311712928660e+00
4.869899999593611908e+10 6.917920801045966073e+00 -2.221484638343464990e+00
4.869899999640879059e+10 6.787123204024189782e+00 -1.942852603375489595e+00
4.869899999640846252e+10 6.782465276759300110e+00 -2.506891391801208790e+00
4.869899999663997650e+10 6.346321541696632096e+00 -2.234232722579405639e+00
4.869899999626488495e+10 6.018652713927787445e+00 -2.498993695447790486e+00
4.869899999655155182e+10 5.949860966389969974e+00 -2.018108857960508207e+00
4.869899999665653229e+10 6.261317527335742206e+00 -1.559703803899361363e+00
4.869899999670610046e+10 5.999512800835693049e+00 -1.062548975612142677e+00
4.869899999660780334e+10 6.473868780470024120e+00 -7.736112401322410292e-01
4.869899999628225708e+10 6.447209980107317051e+00 -1.233467774204159095e+00
4.869899999632754517e+10 6.209995658104744187e+00 -7.237229738208819096e-01
4.869899999649060059e+10 6.111785843585280986e+00 -1.927538887357376218e-01
4.869899999702635193e+10 5.959204074002761864e+00 -2.813766440215910714e-01
4.869899999701662445e+10 6.000560322599251428e+00 -8.438325685147722854e-01
4.869899999727774811e+10 5.738795637455032406e+00 -1.269806242497004689e+00
4.869899999742201233e+10 5.452438727962653608e+00 -8.057489904690251503e-01
4.869899999738060760e+10 5.945146211087318555e+00 -1.077201175268621691e+00
4.869899999713738251e+10 6.412058701953522011e+00 -1.279679695162767805e+00
4.869899999729777527e+10 6.580211550535558729e+00 -7.657142663307638930e-01
4.869899999675567627e+10 6.463900356429752136e+00 -6.619810377096569942e-01
4.869899999698146057e+10 6.662760259843276245e+00 -1.848687386079724826e-01
4.869899999646437836e+10 6.869835506159756022e+00 -2.738077993777481844e-01
4.869899999622253418e+10 6.513736604587590406e+00 9.070203165736662188e-02
4.869899999664184570e+10 6.776577570512110071e+00 3.613558647265939783e-01
4.869899999647828674e+10 6.627203057114456897e+00 -1.573900172090074712e-01
4.869899999637167358e+10 6.127192687880593347e+00 8.090469427306143380e-02
4.869899999632393646e+10 5.731746045888510999e+00 -3.184754680393134807e-01
4.869899999615545654e+10 5.546620348056336525e+00 -8.239505943129392662e-01
4.869899999620662689e+10 5.345739470360272527e+00 -2.993650357396449024e-01
4.869899999611202240e+10 5.387820530421867815e+00 -8.538380887283459897e-01
4.869899999653349304e+10 5.307204795924015173e+00 -1.219933387627337940e+00
4.869899999648410797e+10 5.866940561005073995e+00 -1.170756782112762462e+00
4.869899999629251099e+10 5.729957616378490215e+00 -6.582269675279349697e-01
4.869899999685412598e+10 5.686673647066280424e+00 -6.878699350744673646e-01
4.869899999666703033e+10 5.229945508466349757e+00 -4.148213757325688866e-01
4.869899999629349518e+10 5.504851706911963127e+00 -7.358464955493020376e-01
4.869899999676970673e+10 5.334524441158471575e+00 -9.855867901587506141e-01
4.869899999703190613e+10 5.824984374746699167e+00 -8.914467896889848308e-01
4.869899999695306396e+10 5.968492497463301127e+00 -1.431216041002179251e+00
4.869899999673234558e+10 5.501422608270523540e+00 -1.657691913727979527e+00
4.869899999654461670e+10 6.021142157916111515e+00 -1.770876053078307866e+00
4.869899999607962799e+10 5.933900381239959110e+00 -2.078017789165501394e+00
4.869899999606925964e+10 5.959897272691537573e+00 -2.641381120858746101e+00
4.869899999651934052e+10 6.292569735999365754e+00 -2.571234472991128950e+00
4.869899999640980530e+10 5.949170548732963582e+00 -2.137368335510082318e+00
4.869899999658663940e+10 5.819871783036132840e+00 -2.657151153649577768e+00
4.869899999690582275e+10 5.405446586125771447e+00 -2.868180517715288147e+00
4.869899999690157318e+10 5.133354039630061649e+00 -3.362254535067056960e+00
4.869899999686717987e+10 5.093725276561502646e+00 -3.923866563987798539e+00
4.869899999647354126e+10 4.914318733490078195e+00 -4.285838641459874587e+00
4.869899999699331665e+10 5.088864112626940717e+00 -4.153453799119328771e+00
4.869899999734330750e+10 4.776448623942759930e+00 -3.840300286622830406e+00
4.869899999788898468e+10 4.782631322501806892e+00 -3.982979265022534854e+00
4.869899999764495850e+10 4.737659632899972273e+00 -3.476432104647943611e+00
4.869899999806156921e+10 4.627954003848384623e+00 -3.840526582269434108e+00
4.869899999798500061e+10 4.069496186615579880e+00 -3.861097672113037671e+00
4.869899999790571594e+10 4.044920363493792692e+00 -4.419015220040333425e+00
4.869899999788813782e+10 3.795842398487131231e+00 -3.913235808167926599e+00
4.869899999765912628e+10 4.205708627634103358e+00 -4.225843930350144717e+00
4.869899999763903809e+10 4.190561673044410185e+00 -3.662347051692924627e+00
4.869899999814540863e+10 3.981747079269863487e+00 -3.797049224523229682e+00
4.869899999862091827e+10 3.749811466797624782e+00 -3.992653562601841788e+00
4.869899999868361664e+10 4.214571421869418799e+00 -3.679238914144213002e+00
4.869899999862017822e+10 4.191518788976534182e+00 -4.239243614088572976e+00
4.869899999852355194e+10 3.648114976117913244e+00 -4.122893884440539836e+00
4.869899999848415375e+10 3.751537887004604777e+00 -4.675988160008219374e+00
4.869899999878337860e+10 3.296470514210306124e+00 -4.529221376065891924e+00
4.869899999916747284e+10 2.996394171326957512e+00 -4.245341919094486549e+00
4.869899999884469604e+10 3.310931245949252588e+00 -3.906163322239923019e+00
4.869899999911235046e+10 3.252096632097519535e+00 -4.399175152873642247e+00
4.869899999902005005e+10 2.708295270342899741e+00 -4.281185154759430844e+00
4.869899999954897308e+10 2.790277817649962078e+00 -4.103198684988595524e+00
4.869899999916859436e+10 2.584443687215077112e+00 -4.465284699115610323e+00
4.869899999962097931e+10 2.901667122536356835e+00 -4.578778789075643729e+00
4.869899999970976257e+10 2.382440869586464949e+00 -4.780479393296091395e+00
4.869899999985776520e+10 2.763596456697057668e+00 -4.391922007609561973e+00
4.869899999937787628e+10 2.638329085633040361e+00 -4.660582321677529727e+00
4.869899999949422455e+10 2.414917049197452759e+00 -5.165272196573741148e+00
4.869899999930666351e+10 2.241022005501413616e+00 -4.662537922459219608e+00
4.869899999916019440e+10 1.698423256937090287e+00 -4.710446741762800649e+00
4.869899999891284180e+10 1.399285729122945687e+00 -4.301185300901773978e+00
4.869899999921231842e+10 1.643190585408446314e+00 -4.712262055510907821e+00
4.869899999920848846e+10 1.635078032674356141e+00 -5.276248817448888850e+00
4.869899999957810211e+10 2.061061690976081717e+00 -5.285388294811144583e+00
4.869899999906880951e+10 2.245347030128210797e+00 -5.127845600111165858e+00
4.869899999872281647e+10 2.690249502535705162e+00 -5.150423497069081868e+00
4.869899999843586731e+10 2.243631515135769749e+00 -5.341092644490320396e+00
4.869899999840347290e+10 2.763656759567295396e+00 -5.557162053860166040e+00
4.869899999836010742e+10 3.244563928730323621e+00 -5.848725963715867060e+00
4.869899999883293152e+10 2.985033306486004623e+00 -5.683682340980539927e+00
4.869899999899946594e+10 2.952709205906589585e+00 -5.145738573666194249e+00
4.869899999916551208e+10 3.041118582955927963e+00 -4.613973723359704238e+00
4.869899999967249298e+10 3.278336230715626520e+00 -4.683702082826606272e+00
4.869899999916883850e+10 3.033935584686494380e+00 -4.614668668447354349e+00
4.869899999942623138e+10 3.035023522225021697e+00 -5.116574279180188256e+00
4.869899999943653107e+10 3.110187827676276218e+00 -4.557641534555768814e+00
4.869899999995192719e+10 3.191833907634235246e+00 -4.771787539896170216e+00
4.869900000045433044e+10 3.313623252786422224e+00 -4.546132475708560605e+00
