5.565600000000000000e+10 0.000000000000000000e+00 0.000000000000000000e+00
5.565599999948651886e+10 -5.445194377171017619e-01 2.799217232796796240e-01
5.565599999908863068e+10 -1.950942319352376164e-01 8.783450499291640678e-01
5.565599999910845184e+10 -2.860533225750164221e-01 8.470943751858439619e-02
5.565599999876290131e+10 -5.096943093606440822e-01 7.696194973168637432e-01
5.565599999884390259e+10 -5.152091768347112355e-01 -2.532249725600022039e-02
5.565599999875946808e+10 -4.824004594397119927e-01 7.686029770064909394e-01
5.565599999900317383e+10 -3.670550166655425217e-01 1.638943717742069595e-02
5.565599999979412079e+10 -2.876614280846812033e-01 -6.498253340669934985e-02
5.565599999952998352e+10 -8.101820315684822305e-01 -6.087909709473103836e-01
5.565599999948579407e+10 -6.371349321597848947e-01 1.700710177678443902e-01
5.565599999949428558e+10 -1.385995653909866121e+00 4.487451656369234598e-01
5.565599999949802399e+10 -1.386443954746210849e+00 -3.503228193432386117e-01
5.565599999934105682e+10 -2.164823238814966189e+00 -2.608186715184895865e-01
5.565599999891326141e+10 -2.071936023722089626e+00 4.076796916943737914e-01
5.565599999890207672e+10 -2.085095394882040321e+00 -3.912105455889837158e-01
5.565599999812956238e+10 -1.910206563150700365e+00 -2.855923376350065213e-01
5.565599999771911621e+10 -1.943155472784713345e+00 -9.704077325029711876e-01
5.565599999759664154e+10 -1.686481850266334792e+00 -1.717161997572278276e+00
5.565599999762113953e+10 -1.794630849543449980e+00 -9.258166744163065509e-01
5.565599999767108154e+10 -1.872471935788751596e+00 -1.321101517422926808e-01
5.565599999830520630e+10 -1.405853259816564060e+00 4.563943899700245721e-03
5.565599999797896576e+10 -1.018765151298219207e+00 6.228300664196588787e-01
5.565599999788531494e+10 -9.558285927820246997e-01 1.413900379883662684e+00
5.565599999800324249e+10 -4.788043450018529268e-01 7.837696855857041456e-01
5.565599999773113251e+10 -1.956827840510974026e-01 8.783842909793215803e-02
5.565599999732860565e+10 -2.755816890471608493e-01 -5.978075883650715294e-01
5.565599999733493042e+10 -8.779005227231080344e-01 -1.122875020723291595e+00
5.565599999686046600e+10 -1.462105789278433043e+00 -1.391416068816886620e+00
5.565599999731370544e+10 -2.019439257078582628e+00 -1.041444188475711963e+00
5.565599999736235046e+10 -2.668881354741897027e+00 -5.784292860104014444e-01
5.565599999752776337e+10 -2.654984186151231551e+00 2.032167124509092204e-01
5.565599999718804932e+10 -2.125805355338632019e+00 6.962563722443957381e-01
5.565599999780100250e+10 -2.409857230567957309e+00 2.694940409645646406e-01
5.565599999859105682e+10 -2.358105505658593337e+00 1.615009262000726142e-01
5.565599999914475250e+10 -1.957725978119893462e+00 -2.527988228481494737e-01
5.565599999953226471e+10 -2.138661095046213045e+00 -9.277953634225226676e-01
5.565599999961671448e+10 -2.148629223035606994e+00 -1.332563876006080950e-01
5.565599999899026489e+10 -1.692144579616763567e+00 6.093252020415643178e-02
5.565599999912638092e+10 -9.677260763608428462e-01 3.695010273212125940e-01
5.565599999870616150e+10 -1.036870835726979356e+00 -3.066338325226692918e-01
5.565599999867684937e+10 -2.383318644518913620e-01 -3.066058891001156028e-01
5.565599999849178314e+10 -1.165195204400995277e-01 -1.074352965325466647e+00
5.565599999826625061e+10 -5.029514017625426048e-01 -4.122890418793457856e-01
5.565599999818411255e+10 -3.900551301885430422e-01 -1.199074664843407856e+00
5.565599999808479309e+10 6.712833778105642413e-02 -5.512762424798658412e-01
5.565599999743037415e+10 -3.910040550310946439e-01 -5.705221865663226977e-01
5.565599999793279266e+10 -3.559041170785751662e-01 4.985655157451929220e-02
5.565599999757176971e+10 -9.377585997270765361e-01 -3.620045377812332044e-01
5.565599999756809235e+10 -9.236387099065423989e-01 4.369390946969745615e-01
5.565599999746060944e+10 -7.662907214170098236e-01 1.212962515908181604e+00
5.565599999793264771e+10 -1.362545188207514579e+00 1.458284223731098450e+00
5.565599999767724609e+10 -7.697099484251173074e-01 9.872865298262261113e-01
5.565599999830477905e+10 -1.118015256911295774e+00 1.338589462112489192e+00
5.565599999763678741e+10 -1.083512140394228718e+00 1.775766976571987232e+00
5.565599999733780670e+10 -4.327839828922844800e-01 2.130292812557323501e+00
5.565599999708851624e+10 -4.382598216772533029e-01 1.371115908200380540e+00
5.565599999699199677e+10 -9.488363276872330276e-02 2.086169047273449539e+00
5.565599999687554169e+10 -4.193911076925606052e-01 2.807041491526391930e+00
5.565599999632489014e+10 -6.416859163434198710e-01 3.341732696465316010e+00
5.565599999711270142e+10 -7.738273654902034782e-01 3.321455290140235661e+00
5.565599999691255188e+10 -8.924667821958403024e-01 2.557001214241492626e+00
5.565599999713220978e+10 -1.637530519617891089e+00 2.369504627209002123e+00
5.565599999718782043e+10 -1.263830264682777926e+00 3.073620495206543346e+00
5.565599999643251801e+10 -1.136447480636585183e+00 3.301250857650586568e+00
5.565599999591196442e+10 -1.677466093446961404e+00 3.027671007527029889e+00
5.565599999642480469e+10 -2.025145409848772449e+00 3.532287510860141921e+00
5.565599999645524597e+10 -1.986803032179773609e+00 2.734711745193118659e+00
5.565599999612152100e+10 -1.426289157526342333e+00 2.273218740768625512e+00
5.565599999633509827e+10 -1.257775358032374280e+00 3.024558962963753928e+00
5.565599999623732758e+10 -1.258564748304007441e+00 3.817631809784882257e+00
5.565599999606862640e+10 -1.701789447273428735e+00 4.460761387831256641e+00
5.565599999601270294e+10 -1.467879751773408570e+00 5.222786932964846862e+00
5.565599999544123840e+10 -1.432799310509510482e+00 5.780210739843716361e+00
5.565599999577098083e+10 -1.868676079015850977e+00 5.197281849972278600e+00
5.565599999561798096e+10 -1.085978165108962612e+00 5.147304865898837178e+00
5.565599999563172150e+10 -1.001698375548756292e+00 4.352803741221944911e+00
5.565599999563010406e+10 -4.960543347002747128e-01 4.971548694718101125e+00
5.565599999577337646e+10 -1.264567341333742156e+00 5.137032307164865585e+00
5.565599999641032410e+10 -7.829267586090140618e-01 5.108050058192438847e+00
5.565599999644342804e+10 -7.227944086843203220e-01 5.904173218526011624e+00
5.565599999627367401e+10 -5.679520860355353751e-01 6.669504350832134776e+00
5.565599999649144745e+10 -7.441198393535441991e-02 7.259009795704984391e+00
5.565599999709487915e+10 -5.580996559291089287e-01 7.460096907195445048e+00
5.565599999692689514e+10 -1.337480678785787580e+00 7.513676485036302033e+00
5.565599999730751801e+10 -8.365568901593132267e-01 7.021006467329145018e+00
5.565599999720223236e+10 -1.409838259935535243e-01 7.399975173161624120e+00
5.565599999683400726e+10 -7.042368202087161411e-01 6.969070493788908749e+00
5.565599999644469452e+10 -7.979573254878333799e-01 6.277568275367107375e+00
5.565599999690979004e+10 -1.389011493899392491e+00 6.007630461779839059e+00
5.565599999689965057e+10 -1.376723470491847401e+00 6.806548510830623400e+00
5.565599999616661835e+10 -1.294115265008142224e+00 7.113740989984127516e+00
5.565599999565230560e+10 -1.852130038432634906e+00 7.363986697259443659e+00
5.565599999559860229e+10 -2.649307070914983520e+00 7.351788107365752722e+00
5.565599999506375122e+10 -3.238198621895615137e+00 7.276511686770152920e+00
5.565599999581926727e+10 -2.978226038211954307e+00 7.288246862022300654e+00
5.565599999619750214e+10 -3.300633576219029308e+00 6.662535103284769278e+00
5.565599999641567993e+10 -3.590984183724281298e+00 7.374306065875972038e+00
5.565599999670835876e+10 -3.679523020008435896e+00 6.636048409960034533e+00
5.565599999592344666e+10 -3.593929633776601129e+00 6.758966713589622088e+00
5.565599999584074402e+10 -3.593227491323966127e+00 7.553751714795365224e+00
5.565599999630004120e+10 -2.980177878725158713e+00 7.326279510221905156e+00
5.565599999661327362e+10 -2.647300232994831415e+00 6.670840853424069294e+00
5.565599999660188293e+10 -2.705959628088391966e+00 7.467680317302326287e+00
5.565599999630046844e+10 -3.308208179106196134e+00 7.037601082700757793e+00
5.565599999594079590e+10 -3.211422778728910465e+00 6.330642886108487133e+00
5.565599999591591644e+10 -3.264188491783316159e+00 7.127587397635399391e+00
5.565599999552198792e+10 -3.333725395131148517e+00 7.819331546353730289e+00
5.565599999527359772e+10 -3.545149224010302635e+00 8.548800171910963641e+00
5.565599999497442627e+10 -3.426119173723525702e+00 7.817465340502142368e+00
5.565599999524971771e+10 -3.915629928550099059e+00 8.385899005055859945e+00
5.565599999535146332e+10 -3.792046998317686768e+00 7.603020710574105223e+00
5.565599999549285126e+10 -3.779196593294274376e+00 6.816656904039610332e+00
5.565599999540197754e+10 -3.705108895740835351e+00 6.026228960652868949e+00
5.565599999536627197e+10 -3.849082211220485661e+00 6.811417287906235352e+00
5.565599999497656250e+10 -3.343591616191912586e+00 6.330655311668017760e+00
5.565599999497389984e+10 -3.350947435603720326e+00 5.531616734964147852e+00
5.565599999509038544e+10 -2.561083843340847821e+00 5.498904490224234110e+00
5.565599999562607574e+10 -2.684293565574237483e+00 4.918923566836937766e+00
5.565599999593106079e+10 -3.120045010240108496e+00 5.515270266637189778e+00
5.565599999610462189e+10 -3.194634897501653192e+00 4.738844591705681175e+00
5.565599999548047638e+10 -3.574320605413848106e+00 4.415111841044288887e+00
5.565599999541582489e+10 -3.691689983553164467e+00 3.627349946432382843e+00
5.565599999533048248e+10 -3.271147994294340666e+00 4.301431117574496810e+00
5.565599999571649170e+10 -3.063639625599700267e+00 4.969606591033439713e+00
5.565599999616117096e+10 -3.127423089235425113e+00 5.630453754831073354e+00
5.565599999622872162e+10 -3.153434005553703123e+00 4.834661968205736571e+00
5.565599999686357880e+10 -2.803908718461646910e+00 5.171279435989252882e+00
5.565599999682645416e+10 -2.834439582821660419e+00 5.968909510815120001e+00
5.565599999636963654e+10 -3.101585348193649061e+00 5.370180384057833933e+00
5.565599999663982391e+10 -2.432018899323460381e+00 5.027828998184411979e+00
5.565599999677708435e+10 -2.575632078695812677e+00 5.801817910449569737e+00
5.565599999665467072e+10 -3.131476475123062375e+00 5.240948017397089487e+00
5.565599999740681458e+10 -3.330277966982883253e+00 5.058507672617384543e+00
5.565599999704322052e+10 -2.665802684805083089e+00 4.803956472793906585e+00
5.565599999750582886e+10 -2.391844299789696482e+00 4.212799719406631560e+00
5.565599999751087952e+10 -2.375523121049593733e+00 3.413905519312772530e+00
5.565599999701302338e+10 -2.724731932688003511e+00 3.932285315211848875e+00
5.565599999706485748e+10 -2.723292244497976355e+00 3.134892829778893386e+00
5.565599999774731445e+10 -2.904603058842584407e+00 2.760851134045126276e+00
5.565599999851213074e+10 -3.031615591473641125e+00 2.954372989871970834e+00
5.565599999929557800e+10 -3.007354491501658789e+00 2.798983476136648108e+00
5.565599999941104889e+10 -2.801374346688795036e+00 3.562371842341025996e+00
5.565599999892829132e+10 -2.168225848387025589e+00 3.494600714215111203e+00
5.565599999902982330e+10 -2.063277694116824712e+00 4.280221772768504351e+00
5.565599999902143860e+10 -2.372195314139137867e+00 5.017122988848953469e+00
5.565599999921761322e+10 -2.907201219301513984e+00 4.456936561738868541e+00
5.565599999945196533e+10 -2.143306182850595487e+00 4.465072899935058182e+00
5.565599999955101776e+10 -2.770099887256882276e+00 4.950708154523688620e+00
5.565599999888536835e+10 -3.141439698663949009e+00 4.710838548378460722e+00
5.565599999830584717e+10 -3.688039133834344785e+00 4.648334964743146003e+00
5.565599999885576630e+10 -3.663105558917709281e+00 4.069119980747309739e+00
5.565599999958290100e+10 -3.334224713065637058e+00 4.109506616429836612e+00
5.565599999998214722e+10 -3.316636030372974719e+00 3.417539728040981828e+00
5.565599999940990448e+10 -2.759234028917354031e+00 3.398357468615168298e+00
5.565599999875110626e+10 -2.552548540738869054e+00 2.996127989214829590e+00
5.565599999826864624e+10 -1.919642992584809305e+00 3.068159592263157265e+00
5.565599999827548981e+10 -2.263617516733913870e+00 3.789379729606818792e+00
5.565599999869815826e+10 -1.672294688081283454e+00 4.121360211985561683e+00
5.565599999790048981e+10 -1.642116436234556609e+00 4.084818109497182270e+00
5.565599999808012390e+10 -2.389672078707604008e+00 4.302570228176130662e+00
5.565599999740380096e+10 -2.458851542102245435e+00 4.722475833713388305e+00
5.565599999751610565e+10 -2.593436471756366046e+00 3.942861219590504618e+00
5.565599999751386261e+10 -2.075796423679266756e+00 3.334118590152134853e+00
5.565599999716834259e+10 -1.885653462345178610e+00 4.029091844581702553e+00
5.565599999699833679e+10 -1.799195606661517344e+00 3.253111192921659622e+00
5.565599999692533112e+10 -2.042692745785104069e+00 2.495546908936016273e+00
5.565599999759010315e+10 -1.633462960504068917e+00 2.324850722221825983e+00
5.565599999739689636e+10 -1.980440995806398874e+00 3.018249222339256743e+00
5.565599999666403961e+10 -2.039818529311257844e+00 2.705325678293834191e+00
5.565599999623078156e+10 -1.562288063276126238e+00 3.177317674393328684e+00
5.565599999630812073e+10 -1.623572191753358318e+00 3.970278108925343830e+00
5.565599999621525574e+10 -1.571354668854556991e+00 3.178335460341267904e+00
5.565599999593447113e+10 -2.290104300659985270e+00 2.970767181694682790e+00
5.565599999581210327e+10 -2.063250312513733586e+00 3.727131983680755933e+00
5.565599999570274353e+10 -1.817311035600808644e+00 2.974749903601617174e+00
5.565599999617721558e+10 -1.878057487170843975e+00 2.334666313187215181e+00
5.565599999639764404e+10 -1.229185377735234397e+00 2.745639045269292922e+00
5.565599999717910004e+10 -1.360424392892203960e+00 2.848705147794116321e+00
5.565599999732533264e+10 -1.074888511492553267e+00 2.116852600744344226e+00
5.565599999740474701e+10 -1.173229519651538544e+00 2.905868323441163081e+00
5.565599999747451019e+10 -1.118962223926724953e+00 3.700042049888166318e+00
5.565599999748250580e+10 -1.602450887583390715e+00 3.063882763401988729e+00
5.565599999754490662e+10 -2.383864209775385490e+00 3.218875817767405056e+00
5.565599999769058228e+10 -2.426184879124721139e+00 4.003421268208141370e+00
5.565599999847399902e+10 -2.269054763509328776e+00 4.012780456433101328e+00
5.565599999897660065e+10 -1.972235407878662361e+00 4.558503610755608726e+00
5.565599999864907837e+10 -1.915577522337754690e+00 5.285167596552534874e+00
5.565599999866106415e+10 -1.926895964724967270e+00 4.486260805133462704e+00
5.565599999817866516e+10 -1.691073226050215705e+00 3.894478804422118579e+00
5.565599999801287079e+10 -9.715592637553026600e-01 3.588970645472753240e+00
5.565599999741511536e+10 -7.954689344289374020e-01 4.089178949613351044e+00
5.565599999777664185e+10 -9.822435386642655031e-01 3.401474489376565380e+00
5.565599999777576447e+10 -7.518918023266849548e-01 4.166628809812571888e+00
5.565599999831013489e+10 -1.652588894060728064e-01 4.260601711139639924e+00
5.565599999793927002e+10 2.626307285628996513e-01 3.696782446079650342e+00
5.565599999751921844e+10 9.181314591884964793e-02 3.038830018779120401e+00
5.565599999710247803e+10 -5.255025964665609450e-01 2.749393182993869811e+00
5.565599999714636230e+10 -4.194452334144203598e-01 1.958602709619450266e+00
5.565599999760612488e+10 -6.098265570649837874e-01 1.333383241870871760e+00
5.565599999779463196e+10 -7.463485094114843399e-01 2.097811874331343418e+00
5.565599999766270447e+10 -7.932047628548868357e-01 1.311095105511407066e+00
5.565599999786328125e+10 -1.050242713357738333e+00 2.040632451419090998e+00
5.565599999831747437e+10 -5.028789800580072411e-01 2.404814395014827078e+00
5.565599999882261658e+10 -1.029423593892581978e+00 2.079081176141932552e+00
5.565599999888903809e+10 -8.382114179487787364e-01 2.852094978832463212e+00
5.565599999945635223e+10 -9.841060039530465930e-01 2.308590154732883093e+00
5.565600000006548309e+10 -1.226638933438793932e+00 2.765384805153011882e+00
5.565600000037064362e+10 -5.325016196268705926e-01 3.017522850424132486e+00
