1.391400000000000000e+10 0.000000000000000000e+00 0.000000000000000000e+00
1.391399999996701241e+10 2.936720253880779619e-01 -4.962464085626910881e-02
1.391399999988935089e+10 5.523540428107952538e-01 -1.794180845672294911e-01
1.391399999998461342e+10 2.682445765196844745e-01 -1.784109235130414972e-01
1.391399999983062172e+10 5.071387831326835682e-01 -2.733328219002300052e-01
1.391399999986836815e+10 5.172437304052843743e-01 -5.704308608363873878e-01
1.391399999976783562e+10 4.627813296168631907e-01 -8.474170166798070669e-01
1.391399999989187241e+10 2.565060294850518563e-01 -1.025909658575451022e+00
1.391399999975558662e+10 5.097611521157643377e-01 -9.417536714702903211e-01
1.391399999976745033e+10 4.883581832373219411e-01 -6.430979047884706201e-01
1.391399999950788307e+10 3.388532125053707600e-01 -6.512771850017683439e-01
1.391399999940435982e+10 5.848227620306328811e-02 -6.296153580890726520e-01
1.391399999929919243e+10 -1.022400735841573483e-01 -8.596206540950408481e-01
1.391399999959499741e+10 -8.509651724642003368e-02 -8.149061078329334906e-01
1.391399999964627457e+10 1.814720053847438952e-01 -9.418156074609145278e-01
1.391399999985542679e+10 1.331658105783017909e-01 -1.150899054135559041e+00
1.391399999986476517e+10 2.929825528048181082e-01 -8.975899468442263274e-01
1.391399999989399529e+10 7.997121554292133117e-02 -1.106314475648846107e+00
1.391400000013462639e+10 -9.848371536421790529e-02 -1.112975767313899134e+00
