1.391400000000000000e+10 0.000000000000000000e+00 0.000000000000000000e+00
1.391399999978390694e+10 5.828567631419302730e-02 1.992501260537925256e-01
1.391399999952410698e+10 -9.096608204663904351e-02 2.039219732018578424e-01
1.391399999947074318e+10 -5.436785655488621943e-02 -8.866473078324227375e-02
1.391399999974877548e+10 -1.646068041119463088e-01 -1.070872362068943928e-01
1.391399999970763779e+10 -2.945952256456363383e-02 1.571796202328706593e-01
1.391399999959320259e+10 2.132274027017278251e-01 2.375686811257818332e-02
1.391399999956431770e+10 1.668012881431663041e-01 -2.708690503320339005e-01
1.391399999940076256e+10 3.026910518919073700e-01 -5.973390130556605060e-02
1.391399999925658035e+10 2.914637029980202687e-01 2.027156860174970099e-01
1.391399999937980080e+10 3.947457737637538600e-01 4.555866466289820726e-01
1.391399999931780624e+10 1.121109674523553812e-01 3.776869774168575278e-01
1.391399999901974869e+10 1.253712837703404026e-01 3.497640001173879520e-01
1.391399999901249695e+10 3.123535752528341369e-01 5.838134587355938709e-01
1.391399999928282547e+10 4.206255635198968834e-01 6.544803722096844689e-01
1.391399999941664124e+10 1.535994682417119450e-01 6.786533060078356883e-01
1.391399999930223465e+10 4.273842951994621386e-01 7.204491285946886814e-01
1.391399999934838486e+10 1.343279855488609398e-01 7.626660580432333969e-01
1.391399999946382141e+10 1.606548468453542489e-01 1.037939775541660392e+00
1.391399999952479744e+10 1.265072647638146863e-01 7.465465791741651147e-01
1.391399999958019638e+10 3.067796613713880682e-01 9.794131785803383838e-01
1.391399999941821861e+10 5.386247569427836668e-01 8.803921934650500436e-01
1.391399999958569717e+10 3.689466093716513573e-01 6.988590388872378822e-01
1.391399999937831497e+10 2.404977753370076965e-01 8.728931620747306663e-01
1.391399999950509262e+10 1.577153059694688664e-01 1.131482519417848165e+00
1.391399999970943069e+10 -1.197924608834025073e-02 1.270203835997766983e+00
1.391399999975949097e+10 2.214528925521379588e-01 1.089102772469930036e+00
1.391399999993228531e+10 4.050977486479340195e-03 9.765312233398114605e-01
1.391400000002477074e+10 -4.096707581176873419e-02 6.950813417701299235e-01
1.391400000003618050e+10 -2.312937115038053368e-02 3.961737810816223226e-01
1.391400000005588722e+10 -1.383236322786392802e-01 1.202461580323914703e-01
1.391399999999051476e+10 -9.849710713313528099e-02 -1.694682500811140469e-01
1.391400000027566147e+10 -1.256369425040627374e-01 -2.574953169961690103e-01
