1.391400000000000000e+10 0.000000000000000000e+00 0.000000000000000000e+00
1.391399999975055695e+10 1.167076956356540157e-01 1.181177026308649070e-01
1.391399999965946007e+10 1.372732268626243035e-01 -1.666148125406043956e-01
1.391399999954027748e+10 2.919960472885996250e-01 6.065294359054868023e-02
1.391399999944642448e+10 5.011785922268444660e-01 -1.322938314767962975e-01
1.391399999957594490e+10 6.778245923083221491e-01 7.219215646577267775e-02
1.391399999934243202e+10 5.179772874662523785e-01 1.707555808107533990e-01
1.391399999908715439e+10 4.485168459600761826e-01 3.114786844444570324e-01
1.391399999934833336e+10 3.077223857879720637e-01 3.533938563698231783e-01
1.391399999913538170e+10 3.656354796255309458e-01 1.506831693638152059e-01
1.391399999899969482e+10 5.729928674760451646e-01 -1.779896875169501014e-02
1.391399999914583206e+10 4.655323205435958345e-01 -2.563155068982974072e-01
1.391399999920459938e+10 1.763291345161709933e-01 -3.082972246651579651e-01
1.391399999909157372e+10 2.361849752238570910e-01 -5.792892874270096915e-01
1.391399999906740952e+10 -5.320495301517944031e-02 -6.532061030547108293e-01
1.391399999932162285e+10 -2.237693627640120753e-02 -4.975813617048236992e-01
1.391399999931518745e+10 -3.821432705829323762e-02 -1.984127366841841322e-01
1.391399999904360771e+10 8.748194699050172718e-02 -2.138755895443404387e-01
1.391399999874602890e+10 1.221091477351359672e-01 -2.074405648454839823e-01
1.391399999893729591e+10 -6.469512261047263846e-03 -3.989575289299776562e-01
1.391399999909601212e+10 1.382265105519320803e-01 -1.899921540595915781e-01
1.391399999894586563e+10 -7.592424711489934031e-02 -4.374034668319740082e-02
1.391399999881020737e+10 1.422494643030250971e-01 -1.979850489274262160e-01
1.391399999885208130e+10 1.432494940116025850e-01 9.872983030621915179e-02
1.391399999898129463e+10 3.874399496803474507e-01 -1.732596786819141921e-02
1.391399999892081261e+10 3.398191491634883210e-01 -3.069263145818825200e-01
1.391399999871221733e+10 3.012787553967066767e-01 -5.185795955584076022e-01
1.391399999848930931e+10 4.195609736619985708e-01 -3.569773399620985721e-01
1.391399999832434273e+10 6.217978056019104471e-01 -5.042210282920054354e-01
1.391399999828883934e+10 6.258353927551324469e-01 -2.067024055493443813e-01
1.391399999830362320e+10 3.638088765171578753e-01 -6.207315807998448065e-02
1.391399999831472778e+10 3.432601052754893356e-01 -3.608181126547902462e-01
1.391399999814337158e+10 3.445067166198208519e-01 -1.149934846470568039e-01
1.391399999794786263e+10 5.062602877311283001e-01 -2.743872190036620862e-01
1.391399999787565231e+10 2.690448205139945870e-01 -4.426389197515520069e-01
1.391399999790284729e+10 2.140690535753647095e-01 -7.359513260680687896e-01
1.391399999779042435e+10 4.373839590485507633e-01 -5.707673700413046225e-01
1.391399999795774269e+10 5.330494799993622523e-01 -3.413187809292020924e-01
1.391399999786128235e+10 6.813189526652717598e-01 -5.831981163840213034e-01
1.391399999792035484e+10 9.584109443225892200e-01 -4.856042095023709315e-01
1.391399999810699844e+10 9.544953375526973316e-01 -7.200035468427777863e-01
1.391399999811702347e+10 9.545035687417559034e-01 -1.019492470638811543e+00
1.391399999818266106e+10 1.217687337987720664e+00 -8.921346362574646971e-01
1.391399999795088768e+10 1.251392765953854624e+00 -7.052134370153073650e-01
1.391399999798202705e+10 1.265115688238863445e+00 -1.002931658863488229e+00
1.391399999801949501e+10 1.543003598729025372e+00 -1.108612759742823917e+00
1.391399999825105095e+10 1.644378589736388951e+00 -1.269545028000136133e+00
1.391399999803562355e+10 1.647868958765885683e+00 -1.061282340291191062e+00
1.391399999780760193e+10 1.563378039715313861e+00 -8.861784429909652649e-01
1.391399999773351288e+10 1.597791862711710031e+00 -5.978721426275799278e-01
1.391399999784488106e+10 1.731307039459583752e+00 -8.419316680778008433e-01
1.391399999793899345e+10 1.662398730530698865e+00 -1.117954824424992166e+00
1.391399999802767944e+10 1.457276703702768517e+00 -9.183206248664461668e-01
1.391399999801106262e+10 1.438836239853466425e+00 -1.216947378792615497e+00
1.391399999799043274e+10 1.597748710909127956e+00 -9.637373839226746064e-01
1.391399999825247002e+10 1.586555152282099757e+00 -8.188052425550423896e-01
1.391399999828006744e+10 1.560918060166172960e+00 -1.116084924522877664e+00
1.391399999839503098e+10 1.285538889731353329e+00 -1.143355064452027614e+00
1.391399999812458611e+10 1.273129127721655651e+00 -1.271805466956727582e+00
1.391399999819271660e+10 1.299555455137557658e+00 -1.562415133657061528e+00
1.391399999821532059e+10 1.229227449992824850e+00 -1.272006591087553540e+00
1.391399999820986366e+10 1.235318256209553045e+00 -9.724615434449586093e-01
1.391399999846142387e+10 1.356937896404919019e+00 -1.080719411751307035e+00
1.391399999821266556e+10 1.219736428449860632e+00 -1.176058858161240783e+00
1.391399999832993507e+10 9.856165263524401254e-01 -1.030354188019601436e+00
1.391399999815236473e+10 1.106546435977161957e+00 -1.239253612611892930e+00
1.391399999833359718e+10 1.206593805743758852e+00 -1.455908528820782477e+00
1.391399999849038506e+10 1.396425344486752707e+00 -1.285099723552154627e+00
1.391399999870760345e+10 1.587785328639027993e+00 -1.362503306146687132e+00
1.391399999849146652e+10 1.786349635350816811e+00 -1.422928018592111155e+00
1.391399999872356987e+10 1.908090343110802056e+00 -1.568191076614398938e+00
1.391399999892363358e+10 2.017362073872593697e+00 -1.373695175401606239e+00
1.391399999905315971e+10 1.751574232932085584e+00 -1.324971108274739295e+00
1.391399999934869003e+10 1.793907824508126803e+00 -1.299214305654547985e+00
1.391399999909134102e+10 1.713787004516307722e+00 -1.168271123711514869e+00
1.391399999908848000e+10 1.712387263883971222e+00 -8.686314008328417380e-01
1.391399999916946220e+10 1.650862033378182714e+00 -1.150501356582923851e+00
1.391399999926957130e+10 1.871783621096136496e+00 -1.326473046184055926e+00
1.391399999908087158e+10 1.700570881185522243e+00 -1.168762935101880229e+00
1.391399999883622169e+10 1.689139416709490193e+00 -9.961082640519810516e-01
1.391399999910114288e+10 1.822827855452613610e+00 -9.544204003946956671e-01
1.391399999894030380e+10 2.037930819191418941e+00 -1.087294328603280347e+00
1.391399999919595528e+10 2.044755831610471475e+00 -9.311223005129588559e-01
1.391399999923606873e+10 2.083518920797491791e+00 -1.225540985338393174e+00
1.391399999917203903e+10 2.374779289363623924e+00 -1.196186378764598324e+00
1.391399999911582565e+10 2.391175873573409216e+00 -1.490066260319359071e+00
1.391399999923709297e+10 2.649282035348574649e+00 -1.582096652547917204e+00
1.391399999897995758e+10 2.579616380449132773e+00 -1.444903535644024739e+00
1.391399999922139359e+10 2.592350188559135571e+00 -1.267870837634656134e+00
1.391399999910754585e+10 2.565694289301555742e+00 -9.919680778727369974e-01
1.391399999935518265e+10 2.472843839203971772e+00 -1.132852995937785101e+00
1.391399999932948875e+10 2.505760917449825875e+00 -1.429585857688847605e+00
1.391399999922932625e+10 2.770793042318566712e+00 -1.527153707209010669e+00
1.391399999922419167e+10 2.716506144878023665e+00 -1.821807175602026874e+00
1.391399999896241951e+10 2.715115927295646880e+00 -1.675973722690005996e+00
1.391399999877184486e+10 2.924050209425401281e+00 -1.576868453420247729e+00
1.391399999855125427e+10 3.122513814004883592e+00 -1.618655502963752824e+00
1.391399999849388885e+10 3.084334081909784420e+00 -1.327029543485624963e+00
1.391399999877751923e+10 3.122991501399334791e+00 -1.238406743674388633e+00
1.391399999868157005e+10 3.305620398240787683e+00 -1.021071848988577058e+00
1.391399999896449661e+10 3.349658245915293708e+00 -1.109430029213377411e+00
1.391399999915064621e+10 3.455999037637371707e+00 -9.000648063683570621e-01
1.391399999888802147e+10 3.523869170149778629e+00 -1.027405944044024855e+00
1.391399999874810791e+10 3.308764400865335631e+00 -8.726533367782647321e-01
1.391399999849994659e+10 3.340278068609251694e+00 -1.037628513603228164e+00
1.391399999835064507e+10 3.377199525746348296e+00 -7.804515351378009669e-01
1.391399999816624451e+10 3.478451102604780409e+00 -5.670539368786424728e-01
1.391399999841147614e+10 3.614417440835628881e+00 -6.727349816172668584e-01
1.391399999834571648e+10 3.729199071185149705e+00 -9.416119500109928486e-01
1.391399999838506508e+10 3.710351301091515452e+00 -6.451484262035149797e-01
1.391399999865542793e+10 3.738543237683085163e+00 -7.712554773661306484e-01
1.391399999847258949e+10 3.568893883427030733e+00 -9.373377386053436400e-01
1.391399999825869751e+10 3.766473361482065574e+00 -1.008094834446962462e+00
1.391399999833780098e+10 3.859155889109818105e+00 -7.343308944439301822e-01
1.391399999829626846e+10 3.953599225113943127e+00 -4.529955005998356765e-01
1.391399999831477928e+10 3.913670456181362223e+00 -1.565884422944648913e-01
1.391399999829455757e+10 3.875148444678727877e+00 1.398929493536762991e-01
1.391399999839605522e+10 3.803623326563454921e+00 -1.328277235988790661e-01
1.391399999839042091e+10 3.803486463664758066e+00 1.667759068301125081e-01
1.391399999843162346e+10 3.619396031226830068e+00 -6.604829493368541415e-02
1.391399999846056747e+10 3.431457139460239336e+00 1.655447789638251621e-01
1.391399999850717354e+10 3.173932938162129958e+00 1.958866671041445406e-02
1.391399999851230240e+10 3.168625908008031455e+00 -2.799770685649813906e-01
1.391399999881155396e+10 3.165633991228196553e+00 -2.952763144831320741e-01
1.391399999860857391e+10 3.061995614286225020e+00 -4.898321541618482211e-01
1.391399999876765251e+10 3.213170570254087810e+00 -2.857870063596452681e-01
1.391399999887212563e+10 3.043534726944445712e+00 -6.194996708338643132e-02
1.391399999897546577e+10 2.824364823210657960e+00 1.143436391449464407e-01
1.391399999886466789e+10 2.846889169741988468e+00 3.918515279521386785e-01
1.391399999877945328e+10 2.958195743939691091e+00 1.270056806888993362e-01
1.391399999897081947e+10 3.083602988047162263e+00 -6.650478599966361259e-02
1.391399999891874504e+10 3.021135026585206163e+00 -3.549143034562591836e-01
1.391399999902214050e+10 3.255329489382884134e+00 -1.991698237003452499e-01
1.391399999908592987e+10 3.120539277206611395e+00 6.074661663526265132e-02
1.391399999911050987e+10 2.987487278471263163e+00 -2.066241716594593991e-01
1.391399999937259102e+10 2.866412385736497370e+00 -1.263234300552650291e-01
1.391399999925771523e+10 3.137106079628116273e+00 -1.839650403253076938e-01
1.391399999909263420e+10 3.186582749630220146e+00 6.117614763773090991e-02
1.391399999912072182e+10 3.189690679843719678e+00 -2.371450692536135330e-01
1.391399999895792580e+10 3.271668799660750526e+00 -4.749924123409767218e-01
1.391399999918780327e+10 3.223938384254044998e+00 -2.887884967961681371e-01
1.391399999927870560e+10 3.291534423281690547e+00 -1.136857518732659056e-02
1.391399999917720604e+10 3.388608618585902121e+00 2.533362379678053000e-01
1.391399999905353165e+10 3.446765131291342321e+00 -1.334074764491349763e-02
1.391399999899757004e+10 3.307093418397981210e+00 2.458003866672237026e-01
1.391399999923222542e+10 3.442572949119659942e+00 1.178300931124188211e-01
1.391399999902218056e+10 3.471625977646908279e+00 3.295645682415873634e-01
1.391399999897712708e+10 3.364322573152121354e+00 5.343015033152997972e-02
1.391399999923081017e+10 3.206154317476314741e+00 7.397675781382692661e-02
1.391399999930862808e+10 3.307330661992159193e+00 -1.971356963850778021e-01
1.391399999918918991e+10 3.493608925913276764e+00 -3.991980866617359514e-01
1.391399999920281601e+10 3.658319200455975917e+00 -6.491559505117947548e-01
1.391399999933199501e+10 3.404351781516312236e+00 -5.563799045365087625e-01
1.391399999925214195e+10 3.199362542166566126e+00 -3.529174798897614096e-01
1.391399999908087921e+10 3.138424353249053222e+00 -5.911399791952303140e-01
1.391399999881141663e+10 3.010366023683937797e+00 -5.631170835320107315e-01
1.391399999868394089e+10 2.744019395168838749e+00 -6.141428179671896137e-01
1.391399999872939301e+10 2.452027036499393020e+00 -6.638291803445904860e-01
1.391399999890126991e+10 2.238046631451531265e+00 -7.840995871767664216e-01
1.391399999862983322e+10 2.336408706020752568e+00 -7.038433896775221355e-01
1.391399999880701256e+10 2.479261171769081784e+00 -5.089208780240852548e-01
1.391399999878351593e+10 2.634330954958029825e+00 -2.535870320453771920e-01
1.391399999890573692e+10 2.895609531597461928e+00 -3.347647648678451215e-01
1.391399999889176941e+10 2.848198282970388462e+00 -3.921239004181126253e-02
1.391399999874583435e+10 2.624713602790733180e+00 9.699241799429755839e-02
1.391399999902085114e+10 2.515350885478012444e+00 5.009563656634178491e-02
1.391399999912791824e+10 2.235530767101182370e+00 4.449126003854901590e-02
1.391399999894724274e+10 2.345240691856133708e+00 2.568926170462302316e-01
1.391399999903392410e+10 2.104399442015219890e+00 1.010850015608624752e-01
1.391399999897253609e+10 1.943218031891702280e+00 3.461280731180384485e-01
1.391399999873561859e+10 1.998480098202203070e+00 5.210851766369053450e-01
1.391399999867499542e+10 1.918149109639053052e+00 8.033366109145017031e-01
1.391399999849869156e+10 2.113524658782319765e+00 9.466527863558633626e-01
1.391399999868271637e+10 2.284870939250640554e+00 7.836523554728578311e-01
1.391399999866865540e+10 2.269630977290105545e+00 4.847140279926032136e-01
1.391399999868377304e+10 1.970489235479117918e+00 4.757808504162476249e-01
1.391399999839248276e+10 1.905514535951195132e+00 4.488943862889520076e-01
1.391399999839764595e+10 1.879175437436003016e+00 7.473465690664502503e-01
1.391399999842502785e+10 1.965056076346746838e+00 4.615689159417010745e-01
1.391399999866740990e+10 2.094587738676306543e+00 5.810123173922018269e-01
1.391399999865434456e+10 2.141549749672118974e+00 2.853470473690502551e-01
1.391399999878850555e+10 2.358968883276661987e+00 1.287458717609364089e-01
1.391399999873578072e+10 2.387150243377075043e+00 -1.648864149941270119e-01
1.391399999876096725e+10 2.355702235574856918e+00 -4.618220530324695927e-01
1.391399999856576347e+10 2.270965906532400158e+00 -6.727939172563492942e-01
1.391399999828935623e+10 2.195785145896408608e+00 -5.848090482471187679e-01
1.391399999826989555e+10 1.961733982515283303e+00 -7.709150357946997767e-01
1.391399999814073944e+10 2.214030758864006909e+00 -8.681720164382223937e-01
1.391399999828636360e+10 2.439502962280921672e+00 -1.001400397255888475e+00
1.391399999833126640e+10 2.453028557623230466e+00 -7.054361679495740889e-01
1.391399999808566475e+10 2.593243148274262833e+00 -8.044994070778316297e-01
1.391399999820154572e+10 2.365778004265973511e+00 -9.614235940440701844e-01
1.391399999800557709e+10 2.194101431860428164e+00 -8.133768325183492465e-01
1.391399999803314972e+10 2.235864729950452379e+00 -1.108825027254100704e+00
1.391399999797283554e+10 2.319879283507487067e+00 -1.390068429150955076e+00
1.391399999806109619e+10 2.114491142876254060e+00 -1.589617339291355735e+00
1.391399999819944000e+10 2.380221764756155878e+00 -1.596107593452596785e+00
1.391399999813264656e+10 2.093482596567827425e+00 -1.540309887322281579e+00
1.391399999806330490e+10 2.008082527878204626e+00 -1.819043745967747538e+00
1.391399999828274536e+10 2.206398623264674619e+00 -1.770971792867888306e+00
1.391399999830097961e+10 2.128868433983861941e+00 -2.059850135847694830e+00
1.391399999832305336e+10 2.285386748245510358e+00 -1.805274329442650982e+00
1.391399999825832939e+10 2.035562638969110161e+00 -1.652982759460472240e+00
1.391399999813052177e+10 1.946670609182487910e+00 -1.909024707153183176e+00
1.391399999811285019e+10 2.000583145126762386e+00 -1.614787983800729299e+00
1.391399999825412941e+10 2.063605237946652959e+00 -1.871425135047114718e+00
1.391399999797559357e+10 2.081466954575398098e+00 -1.762369835940007068e+00
1.391399999826960373e+10 2.074347027287145373e+00 -1.819823658711695824e+00
1.391399999834953880e+10 2.074467092821884684e+00 -2.108622203685340146e+00
1.391399999821122360e+10 2.047993831393749353e+00 -2.373125473259259266e+00
1.391399999814349174e+10 1.787024421443753397e+00 -2.242352505133332841e+00
1.391399999810853958e+10 1.778066381332352730e+00 -2.539828934517342152e+00
1.391399999808666801e+10 1.838831468989309048e+00 -2.247214306683773088e+00
1.391399999819941711e+10 1.900114839747695461e+00 -2.518002127760163855e+00
1.391399999799140739e+10 2.030597136761459254e+00 -2.689758488729165009e+00
1.391399999816712189e+10 2.021377863355758642e+00 -2.447201659877359603e+00
1.391399999822563934e+10 2.138338507953706724e+00 -2.177590629181037851e+00
1.391399999824316978e+10 2.252189829881505734e+00 -2.454221569010916149e+00
1.391399999810358047e+10 2.453783565674745759e+00 -2.626467919231707082e+00
1.391399999808221245e+10 2.705550878937202697e+00 -2.787560135707010112e+00
1.391399999818413353e+10 2.725047778446868740e+00 -3.068675871541497902e+00
1.391399999791042519e+10 2.658567739314043887e+00 -3.170942005924688889e+00
1.391399999798039818e+10 2.482589244937814854e+00 -2.938715041489655011e+00
1.391399999785837364e+10 2.570970408503480353e+00 -3.197738316816603366e+00
1.391399999766069221e+10 2.692495175901024496e+00 -3.008138564721781094e+00
1.391399999740270805e+10 2.580714967466450460e+00 -3.111788108396187802e+00
1.391399999727241325e+10 2.793878632240842652e+00 -2.946323876142054932e+00
1.391399999719794083e+10 3.018677737383649529e+00 -2.762712360195054284e+00
1.391399999707547379e+10 3.278492565459730557e+00 -2.848106732299261257e+00
1.391399999705268669e+10 3.302023248911146514e+00 -2.550245738462226797e+00
1.391399999729744339e+10 3.328037310040563135e+00 -2.721158699830618755e+00
1.391399999755113220e+10 3.274578159097063956e+00 -2.570897054752856015e+00
1.391399999772107697e+10 3.373308603171595532e+00 -2.344699427044443230e+00
1.391399999772017670e+10 3.356699985871871572e+00 -2.045504762266699750e+00
1.391399999763446617e+10 3.612549769219638662e+00 -1.915164218485754022e+00
1.391399999753705025e+10 3.683994067669095429e+00 -1.640937882445482554e+00
1.391399999747167587e+10 3.832266488865918586e+00 -1.388875050770957076e+00
1.391399999766082573e+10 3.896287245966445933e+00 -1.612297505390440699e+00
1.391399999760771179e+10 3.930544158917154807e+00 -1.319382009873323103e+00
1.391399999764829826e+10 4.001310288169189988e+00 -1.031043597420300495e+00
1.391399999758621407e+10 4.076753592198617326e+00 -1.314324194750006392e+00
1.391399999785467911e+10 4.048443715910089225e+00 -1.184250843799956598e+00
1.391399999809942245e+10 4.213441159853910989e+00 -1.132569201451705254e+00
1.391399999811399841e+10 3.932812003566930503e+00 -1.236631366742613647e+00
1.391399999825724030e+10 3.691880390266542467e+00 -1.130671066959309190e+00
1.391399999816945267e+10 3.511930453136977270e+00 -9.077240490753851754e-01
1.391399999839978409e+10 3.539225597817737157e+00 -7.179960046705664567e-01
1.391399999854320526e+10 3.695586473468180699e+00 -9.295994572576684600e-01
1.391399999853754807e+10 3.702173056617471758e+00 -1.229130274167717030e+00
1.391399999868085289e+10 3.811949124843427850e+00 -9.899498109675868296e-01
1.391399999877270508e+10 3.740620020835937254e+00 -7.137804837728281004e-01
1.391399999891989136e+10 3.937789155491614679e+00 -8.848195843444339737e-01
1.391399999903828621e+10 3.857971246523893782e+00 -6.213694993949840928e-01
1.391399999931660843e+10 3.789251959076045395e+00 -5.341433796733990880e-01
1.391399999940268326e+10 4.059765671254536912e+00 -4.381872262248039940e-01
1.391399999957005882e+10 4.296097524648316401e+00 -5.151729650331228205e-01
1.391399999979148293e+10 4.122221874498091410e+00 -6.178013004312972178e-01
1.391400000006427383e+10 4.187694225608838750e+00 -7.231238592467243986e-01
1.391399999983331299e+10 4.288005116107840742e+00 -5.606784311917289987e-01
1.391399999954776001e+10 4.212241945617721584e+00 -6.108140399108014096e-01
1.391399999949407959e+10 4.041200623660842872e+00 -8.509334758925174436e-01
1.391399999948672676e+10 4.127281112557356302e+00 -5.640010870255030007e-01
1.391399999968161392e+10 4.317517714546187158e+00 -6.889924720890806542e-01
1.391399999986752510e+10 4.546480721158862259e+00 -7.419720771755594635e-01
1.391399999989169121e+10 4.614467785141631140e+00 -1.032811974222278995e+00
1.391399999977478218e+10 4.371573647405772256e+00 -1.163689446057879717e+00
1.391399999965884590e+10 4.613250055358277812e+00 -1.297650405627188475e+00
1.391399999939266586e+10 4.700270024631919341e+00 -1.404278377521096299e+00
1.391399999913344765e+10 4.691381715718826229e+00 -1.254208228872992104e+00
1.391399999932732010e+10 4.469112325197325042e+00 -1.307161794501630059e+00
1.391399999942671776e+10 4.282207978427249984e+00 -1.095074533250878668e+00
1.391399999953337479e+10 4.183850343500625790e+00 -8.328831247617256572e-01
1.391399999939014244e+10 4.083153903975983212e+00 -1.076068422112239187e+00
1.391399999921655846e+10 3.846829870448917887e+00 -1.014313393687488629e+00
1.391399999897959328e+10 3.679619195042010737e+00 -1.089691025413263015e+00
1.391399999910493851e+10 3.592072364409875540e+00 -8.319737528482371580e-01
1.391399999922112846e+10 3.482475961831513978e+00 -5.784335318645330570e-01
1.391399999927971649e+10 3.770921306661636940e+00 -5.222121124906063949e-01
1.391399999936380196e+10 3.693372322157210785e+00 -7.991778950749854893e-01
1.391399999923456764e+10 3.437544326892689739e+00 -8.866128266927849610e-01
1.391399999926710701e+10 3.308085677460152141e+00 -1.154895795061915420e+00
1.391399999928187943e+10 3.303556455882012965e+00 -1.454153801866785667e+00
1.391399999931581306e+10 3.256283411164263786e+00 -1.160201664684080480e+00
1.391399999908683777e+10 3.428054932096847196e+00 -1.071551302692255181e+00
1.391399999899543381e+10 3.344900410612818398e+00 -1.344543630551483293e+00
1.391399999902148438e+10 3.289509734122451068e+00 -1.637881905018091944e+00
1.391399999890564346e+10 3.527992775789964952e+00 -1.777527351753555696e+00
1.391399999917410851e+10 3.579739458880271563e+00 -1.654876535865152043e+00
1.391399999912960815e+10 3.570778470841019292e+00 -1.951074928200134506e+00
1.391399999914290047e+10 3.780936972818591979e+00 -1.737882936207951090e+00
1.391399999936516953e+10 3.903286768139491603e+00 -1.897323686720143954e+00
1.391399999960271263e+10 3.830034728998503279e+00 -2.064660450024877303e+00
1.391399999958616257e+10 4.000969602708943640e+00 -1.819096881583480707e+00
1.391399999969709015e+10 3.839218166363143503e+00 -1.592545447694905247e+00
1.391399999990380096e+10 4.049198249174159159e+00 -1.647069418934068663e+00
1.391399999979748535e+10 4.290727579132708414e+00 -1.505102507044437266e+00
1.391399999989192009e+10 4.219231963600408086e+00 -1.780356061179080740e+00
1.391399999980300522e+10 4.116226673037226114e+00 -1.513376071104744147e+00
1.391400000008952522e+10 4.028540782568410528e+00 -1.516818103156083231e+00
1.391399999998055840e+10 3.778814360199081790e+00 -1.641545765361862141e+00
1.391399999991204834e+10 3.633635474965781320e+00 -1.894574758761269351e+00
1.391399999988533211e+10 3.345224806646978966e+00 -1.971383733391988802e+00
1.391399999989276695e+10 3.361389447886801385e+00 -1.672255803081440728e+00
1.391399999961525726e+10 3.384933613482350445e+00 -1.782836105621220746e+00
1.391399999970203400e+10 3.319360470177033839e+00 -1.503615812147431674e+00
1.391399999995468521e+10 3.463484075631025227e+00 -1.431578417317692642e+00
1.391399999992446709e+10 3.167618362619673000e+00 -1.468245737347602331e+00
1.391399999975538635e+10 3.085553282114012585e+00 -1.701636005915859950e+00
1.391399999982728958e+10 2.817672287146129495e+00 -1.815054486652416310e+00
1.391399999982299805e+10 2.907467389326521712e+00 -2.100908510917538052e+00
1.391399999979747200e+10 3.063634108818985791e+00 -1.846439580260033297e+00
1.391399999970873260e+10 3.305678335332128182e+00 -1.693685118054748084e+00
1.391399999951526070e+10 3.226894683524149876e+00 -1.478845511806073265e+00
1.391399999971612167e+10 3.006064332874118339e+00 -1.504978337534920607e+00
1.391399999988043213e+10 3.200887789643736880e+00 -1.662584556853679008e+00
1.391399999983807373e+10 3.159505308483538499e+00 -1.368837487945400611e+00
1.391399999982530594e+10 3.162022071142628565e+00 -1.069463540876438357e+00
1.391399999987220764e+10 2.867496453335454554e+00 -1.098599562332713608e+00
1.391399999988327599e+10 3.152613109504115663e+00 -1.007056816405899058e+00
1.391399999994654274e+10 3.090556341893905934e+00 -1.293309242166730932e+00
1.391399999985413170e+10 2.805688105473610250e+00 -1.303526905930823654e+00
1.391399999966805458e+10 2.662657569388695578e+00 -1.489837483558080544e+00
1.391399999964936066e+10 2.629829780538508466e+00 -1.192571653134739007e+00
1.391399999951994896e+10 2.670850652718074869e+00 -1.459712183740757618e+00
1.391399999975949097e+10 2.686406932672917414e+00 -1.639075882262764683e+00
1.391400000001799583e+10 2.639700944633565971e+00 -1.494896186563760887e+00
1.391399999997501183e+10 2.706827228621995651e+00 -1.206035439426005329e+00
1.391400000020277214e+10 2.657858772268018921e+00 -1.394507140999761363e+00
