4.869900000000000000e+10 0.000000000000000000e+00 0.000000000000000000e+00
4.869899999950090790e+10 -2.230409328136423175e-01 -1.389948484473662038e-01
4.869899999915809631e+10 2.027353279099432803e-01 1.414165966221181403e-04
4.869899999910593414e+10 3.991987165018785477e-01 -5.260174369039938291e-01
4.869899999875988770e+10 3.434036103539671037e-01 -9.679460785850175775e-01
4.869899999870541382e+10 4.732998283883825263e-01 -4.217581462471752252e-01
4.869899999916806793e+10 1.897927654220841198e-01 -2.676833525732156271e-01
4.869899999920441437e+10 3.009234692851066040e-01 -8.194896804943413438e-01
4.869899999888142395e+10 -1.359605423707268002e-01 -9.710453736450206375e-01
4.869899999866011810e+10 3.828683883641472163e-01 -9.693155312978402049e-01
4.869899999871909332e+10 5.735516437839417447e-01 -4.417523174166408939e-01
4.869899999870763397e+10 4.086490961300436320e-01 9.754113540627096235e-02
4.869899999847057343e+10 1.697108149324728643e-01 5.501701962182297123e-01
4.869899999885617828e+10 5.715095320636569554e-01 4.605858038121345421e-01
4.869899999847904968e+10 8.841963071522159767e-01 7.401650055927593286e-01
4.869899999846907043e+10 3.255140873422793790e-01 8.172116907746929115e-01
4.869899999851495361e+10 2.186973961369927111e-01 2.652640567871111799e-01
4.869899999881840515e+10 -2.010559043388072953e-01 4.191699597656128873e-02
4.869899999842925262e+10 -4.809782801108373196e-01 3.391760167226099409e-01
4.869899999845794678e+10 -8.286734668346498189e-01 7.823987082688517170e-01
4.869899999806005096e+10 -6.913031223596862729e-01 4.069356896143307978e-01
4.869899999791609192e+10 -1.215904222642210986e+00 2.578364891598407538e-01
4.869899999796150208e+10 -1.098836580597840396e+00 -2.920679748160650013e-01
4.869899999849774933e+10 -1.102303733866502045e+00 -4.669746966665164201e-01
4.869899999864646149e+10 -9.242932537894266165e-01 -9.811331918628618531e-01
4.869899999862474060e+10 -9.246425879419873928e-01 -1.544772948032825832e+00
4.869899999896730804e+10 -1.213220058091794229e+00 -1.887600233165582786e+00
4.869899999930507660e+10 -1.626491018800044319e+00 -2.070027465552561008e+00
4.869899999945321655e+10 -1.728780036626547778e+00 -1.535469382534671468e+00
4.869900000001374817e+10 -1.789384938893745280e+00 -1.552615585481042615e+00
4.869900000029658508e+10 -1.322118718360294043e+00 -1.693430362422586821e+00
