3.478500000000000000e+10 0.000000000000000000e+00 0.000000000000000000e+00
3.478499999970208740e+10 -1.183244322977947544e-01 2.106331890665260331e-01
3.478499999967274475e+10 -1.875645115796251150e-01 -1.654829950116873116e-01
3.478499999966613007e+10 -2.066775346472601860e-01 -5.485097736675816904e-01
3.478499999936577606e+10 -4.440946642269253952e-01 -5.252633163893249968e-01
3.478499999945420074e+10 -6.276748896245226694e-01 -2.003040737524180437e-01
3.478499999950802612e+10 -9.345613610151058959e-01 -4.240055132546233230e-01
3.478499999964009857e+10 -9.001150317209045681e-01 -7.824587772562876520e-01
3.478499999976745605e+10 -9.916404526129174446e-01 -4.324273223565449631e-01
3.478499999962671661e+10 -1.053172615144962077e+00 -7.838892251832664249e-01
3.478499999950417328e+10 -1.097770368633431692e+00 -1.144599341726058928e+00
3.478499999946235657e+10 -1.010373107618500743e+00 -7.734768663745010819e-01
3.478499999948950195e+10 -1.376782576275257242e+00 -6.633606729154842840e-01
3.478499999952640533e+10 -1.372362176866307459e+00 -2.816055539085947079e-01
3.478499999949461365e+10 -1.038266124150695191e+00 -9.589702421427895307e-02
3.478499999912979889e+10 -9.336493757203805366e-01 -4.037154185495386849e-02
3.478499999946317291e+10 -9.405787466012173192e-01 1.491851232936022287e-01
3.478499999952511597e+10 -1.031737875567557694e+00 5.165704353298690155e-01
3.478499999945262146e+10 -1.073766926468392002e+00 8.908653050404076179e-01
3.478499999956248474e+10 -1.374923718298109554e+00 1.101466692378626933e+00
3.478499999954703522e+10 -1.754837873969887996e+00 1.151914878428626166e+00
3.478499999928231049e+10 -1.848096319590769809e+00 1.413339070167151101e+00
3.478499999948770142e+10 -2.130880690177976433e+00 1.571343829794302316e+00
3.478499999966831207e+10 -2.466578084413723282e+00 1.613830545248807535e+00
3.478499999948182678e+10 -2.443405061624037256e+00 1.948204347646550261e+00
3.478499999981036377e+10 -2.425410008115601368e+00 1.751073497584750616e+00
3.478499999985949707e+10 -2.617759332850934761e+00 2.079259171601942846e+00
3.478499999951480103e+10 -2.785814959565925619e+00 2.086879788594824703e+00
3.478499999969572449e+10 -3.002188377467254643e+00 2.346820098016275224e+00
3.478499999972415161e+10 -2.620166088902823542e+00 2.366037068037630142e+00
3.478499999966349030e+10 -2.995880019612501499e+00 2.413765844549971895e+00
3.478499999962268066e+10 -2.881045606649502488e+00 2.777450290671093391e+00
3.478499999939390564e+10 -2.718978314093567494e+00 3.039202017167507819e+00
3.478499999947713470e+10 -2.940978635264976937e+00 2.737693958683529605e+00
3.478499999936313629e+10 -2.963424141865305117e+00 2.372154615251925502e+00
3.478499999967947388e+10 -2.749399675513704455e+00 2.407373519656502925e+00
3.478499999944133759e+10 -3.049963491830814277e+00 2.415753841066154539e+00
3.478499999965667725e+10 -3.365863488301186202e+00 2.446662250451132614e+00
3.478499999940246582e+10 -3.537221186293946218e+00 2.677162981948661979e+00
3.478499999959115601e+10 -3.398934258779203077e+00 2.373202757392755213e+00
3.478499999928202820e+10 -3.608541739972941365e+00 2.285880673994208578e+00
3.478499999933519745e+10 -3.843892899847787703e+00 1.987717681689735283e+00
3.478499999942404175e+10 -3.852531015775375600e+00 1.614689185461147813e+00
3.478499999920281982e+10 -3.540024035992759277e+00 1.591894724511290438e+00
3.478499999925054932e+10 -3.232644744573720974e+00 1.367488472639733388e+00
3.478499999909545898e+10 -3.221975005146952231e+00 1.718133331077667858e+00
3.478499999897018433e+10 -2.872212064073970339e+00 1.813478248379115643e+00
3.478499999918547058e+10 -2.558010349535967620e+00 1.858729320157215925e+00
3.478499999908869934e+10 -2.231727662382071653e+00 2.035629471522573564e+00
3.478499999914511871e+10 -2.348422306918766189e+00 2.396625146359043335e+00
3.478499999887108612e+10 -2.330301546826720749e+00 2.128863473584115873e+00
3.478499999907633972e+10 -2.640346259862862421e+00 2.034730846165669682e+00
3.478499999902259827e+10 -3.007863333105696757e+00 1.939015866144006894e+00
3.478499999899486542e+10 -2.975355961245939707e+00 2.320188798956189125e+00
3.478499999911637878e+10 -3.330690732393234654e+00 2.242143780854287449e+00
3.478499999910395050e+10 -3.354264431587027584e+00 2.624777258662858159e+00
3.478499999900977325e+10 -3.116588723152471374e+00 2.910712994844568247e+00
3.478499999917181396e+10 -2.803954950391264411e+00 2.758657009958271011e+00
3.478499999927091980e+10 -3.172287289742199867e+00 2.798995618290573972e+00
3.478499999915170288e+10 -3.111706437371288381e+00 3.158489420733144204e+00
3.478499999920177460e+10 -3.169888191439492076e+00 2.782688413187098586e+00
3.478499999907468414e+10 -3.248361286594831920e+00 2.429407111597049251e+00
3.478499999905233002e+10 -3.239182166361427750e+00 2.812205299409636261e+00
3.478499999918636322e+10 -3.516559437452465797e+00 2.583696244744982273e+00
3.478499999918502808e+10 -3.880315319063041279e+00 2.462047529423665448e+00
3.478499999942477417e+10 -4.178169859302842681e+00 2.492422020868463317e+00
3.478499999919435883e+10 -4.018808942857315714e+00 2.754395476604676762e+00
3.478499999928622437e+10 -3.939695925912193974e+00 3.118291342452648607e+00
3.478499999938816071e+10 -3.571497775756179660e+00 3.152323452768838852e+00
3.478499999914725494e+10 -3.324689082678930152e+00 3.320156357351426557e+00
3.478499999916918182e+10 -2.996031523914712391e+00 3.123631679098796798e+00
3.478499999929919434e+10 -2.956150383323171482e+00 2.764988038401091863e+00
3.478499999964670563e+10 -2.794784608618696709e+00 2.747262515203503508e+00
3.478500000000674438e+10 -2.782299583546862021e+00 2.615601604157324012e+00
3.478500000027507019e+10 -2.607821995304036022e+00 2.404234419877437468e+00
