2.782800000000000000e+10 0.000000000000000000e+00 0.000000000000000000e+00
2.782799999980303574e+10 -2.586088390120008240e-01 1.077452451738791644e-01
2.782799999979223633e+10 -2.648770772191436640e-01 4.499822338277058020e-01
2.782799999995427322e+10 -1.251318083951799831e-01 7.173725010429931048e-01
2.782799999977347565e+10 9.771989356363844359e-02 9.042723891434971684e-01
2.782799999976320267e+10 4.255720567407907939e-01 8.058374039293643154e-01
2.782799999972117233e+10 7.621686341472766468e-01 8.529357982916760950e-01
2.782799999955097580e+10 5.976365697526081489e-01 6.054606185376708583e-01
2.782799999988964844e+10 6.002069896658731585e-01 5.547014814224288104e-01
2.782799999979556274e+10 6.144669485670647413e-01 8.836794155490635960e-01
2.782799999974587631e+10 6.893904433415194433e-01 5.532257872508055119e-01
2.782799999975720596e+10 6.691627584438282206e-01 8.949047520954906965e-01
2.782799999973932648e+10 8.464522200683725073e-01 6.024481088965658593e-01
2.782799999942003632e+10 9.350608184182102045e-01 5.159383003507963528e-01
2.782799999957506180e+10 1.025072746041324701e+00 2.241394067946944069e-01
2.782799999989159393e+10 9.365882258934711269e-01 3.203631220638184507e-01
2.782800000011390305e+10 9.183492257011725002e-01 6.050137736286015366e-02
