6.957000000000000000e+09 0.000000000000000000e+00 0.000000000000000000e+00
6.957000000066694260e+09 2.751004573416070409e-01 -6.562131812069423031e-02
6.957000000043843269e+09 3.144506291900034389e-01 -3.526124418117937975e-01
6.957000000091787338e+09 1.709547241902021619e-01 -6.006946523170478835e-01
6.956999999811439514e+09 1.803148767830014820e-01 -6.765364291245680173e-01
6.956999999543582916e+09 7.272493992111621341e-02 -7.098782300529961065e-01
6.956999999358057976e+09 1.830835507756785607e-01 -9.043926507066527565e-01
6.956999999341838837e+09 2.408728779047726309e-01 -6.200832834721601294e-01
6.956999999318551064e+09 5.302687396554242039e-01 -6.081575673061114795e-01
6.956999999398862839e+09 8.072819352908346957e-01 -5.728279495574635227e-01
6.956999999324636459e+09 1.028495042791397029e+00 -7.460031009890906173e-01
6.956999999273060799e+09 8.726400331737621530e-01 -9.857606141962369506e-01
6.956999999198648453e+09 7.520746774621102082e-01 -1.239455941376358616e+00
6.956999999035035133e+09 7.720865765625208876e-01 -1.478756465131540132e+00
6.956999999165195465e+09 9.857063596486984602e-01 -1.626605576020306199e+00
6.956999999164770126e+09 1.020198278599125485e+00 -1.915127020650495338e+00
6.956999999127165794e+09 9.692591179170677584e-01 -2.198721075070949826e+00
6.956999999191547394e+09 1.154283024850534023e+00 -2.413326866804195614e+00
6.956999999211564064e+09 1.142487087342861418e+00 -2.123681072128415614e+00
6.956999999388377190e+09 1.205207990577375821e+00 -2.345576763606937565e+00
6.956999999421912193e+09 9.174926700950674086e-01 -2.322559243770490500e+00
6.956999999357089996e+09 6.452287318801762650e-01 -2.400693191877893984e+00
6.956999999382850647e+09 9.346509277758453527e-01 -2.403073224814053166e+00
6.956999999219897270e+09 9.539374336915651398e-01 -2.642882805211727248e+00
6.956999999229330063e+09 9.506801280137123777e-01 -2.933287547928830730e+00
6.956999999034824371e+09 1.113019634993044127e+00 -2.790992470975670603e+00
6.956999999231822968e+09 1.145984789224540279e+00 -3.002035548449259572e+00
6.956999999257600784e+09 1.097618716772551739e+00 -3.287396240636617950e+00
6.956999999105332375e+09 1.239953432251447607e+00 -3.489855585240565716e+00
6.956999999162499428e+09 1.459895395771135584e+00 -3.308769939049742259e+00
6.956999999123627663e+09 1.558280886829024992e+00 -3.038134111684549943e+00
6.956999999126677513e+09 1.463438377101569987e+00 -2.763488719146353745e+00
6.956999999198181152e+09 1.190225847008926197e+00 -2.695102846348200742e+00
6.956999999270214081e+09 1.444279933978176000e+00 -2.816355526406042031e+00
6.956999999249255180e+09 1.157233718274072842e+00 -2.856351685339816093e+00
6.956999999467545509e+09 1.297648533482239630e+00 -2.725709337966121915e+00
6.956999999495479584e+09 1.367795886109671288e+00 -2.445114365068707496e+00
6.956999999276460648e+09 1.282890837610193513e+00 -2.616158794408529609e+00
6.956999999337460518e+09 1.211241756414600523e+00 -2.341240826644548800e+00
6.956999999363636017e+09 1.256236824414462161e+00 -2.055365359465617381e+00
6.956999999390764236e+09 1.243892127613381637e+00 -2.344408896730483693e+00
6.956999999295933723e+09 1.336509948352980093e+00 -2.085828866550032856e+00
6.956999999043088913e+09 1.438337889894147681e+00 -2.186501267784060509e+00
6.956999999240098953e+09 1.286368414163978624e+00 -2.036412007353741949e+00
6.956999999239882469e+09 1.284470157412538560e+00 -2.326981873775376908e+00
6.956999998954963684e+09 1.228379902201539586e+00 -2.337464678500588811e+00
6.956999998798186302e+09 1.279851875586960341e+00 -2.098286719321981408e+00
6.956999998761476517e+09 1.161188176436404040e+00 -2.360976365817249345e+00
6.956999998482444763e+09 1.100217875129071654e+00 -2.414441343790148853e+00
6.956999998550387383e+09 1.166793722053274251e+00 -2.689006323280421107e+00
6.956999998565252304e+09 1.171118337905571405e+00 -2.398842864747422698e+00
6.956999998482599258e+09 9.912441713478361560e-01 -2.186126413768185728e+00
6.956999998479181290e+09 1.218289515482698260e+00 -2.367436175922406072e+00
6.956999998547814369e+09 1.197060787385672009e+00 -2.085880880268834225e+00
6.956999998523174286e+09 1.351743269245926360e+00 -1.841134715763951046e+00
6.956999998376540184e+09 1.571856104565085399e+00 -1.720788036306152735e+00
6.956999998542021751e+09 1.333037493771977333e+00 -1.716775377002392577e+00
6.956999998649343491e+09 1.283440298839195082e+00 -1.982212002982021382e+00
6.956999998503998756e+09 1.032994298356844531e+00 -2.006422985348871979e+00
6.956999998384674072e+09 1.231554857887550591e+00 -2.181836369648764595e+00
6.956999998193887711e+09 1.165342874245556271e+00 -1.972908382153977236e+00
6.956999998278247833e+09 9.176099147989855709e-01 -1.846629802737307813e+00
6.956999998052905083e+09 1.069314701555579283e+00 -1.949783842819993840e+00
6.956999997779035568e+09 9.817787281444915193e-01 -1.991827202170317612e+00
6.956999997820167542e+09 1.221426255467491062e+00 -2.150923891076126360e+00
6.956999997854740143e+09 1.214068397249269404e+00 -2.439342136526555738e+00
6.956999997763224602e+09 1.342741287900792946e+00 -2.683274024430334137e+00
6.956999997826789856e+09 1.131853644307550866e+00 -2.872800568052643388e+00
6.956999997772412300e+09 1.108516481108661633e+00 -2.588313397356927670e+00
6.956999997783493042e+09 1.028511048817036810e+00 -2.309188267159511199e+00
6.956999997989858627e+09 1.174610691108616933e+00 -2.166001187100271785e+00
6.956999997951575279e+09 1.285359194764347679e+00 -1.900099612442043506e+00
6.956999997777076721e+09 1.053035293415377271e+00 -1.903319403234651430e+00
6.956999997631359100e+09 1.293392274841276279e+00 -1.829634762227570377e+00
6.956999997743989944e+09 1.414025515446496462e+00 -2.068792538873126752e+00
6.956999997506508827e+09 1.562779753750998868e+00 -1.991918609330880718e+00
6.956999997509920120e+09 1.475224068960284907e+00 -2.268968893223986427e+00
6.956999997615077019e+09 1.314838797287676719e+00 -2.050673042886474118e+00
6.956999997687706947e+09 1.176884671060443033e+00 -2.295883204344103312e+00
6.956999997491433144e+09 1.067712789610864910e+00 -2.480254349772121447e+00
6.956999997537483215e+09 1.113781155192057337e+00 -2.197073121868387435e+00
6.956999997584669113e+09 1.104676951689870013e+00 -1.910498405718738635e+00
6.956999997672927856e+09 1.380990971585276172e+00 -1.893311128703963675e+00
6.956999997889558792e+09 1.314703221817189904e+00 -1.711345432218538409e+00
6.956999997706772804e+09 1.355749647717452877e+00 -1.933469071926895877e+00
6.956999997610691071e+09 1.173197987548350918e+00 -2.138109440245342885e+00
6.956999997736830711e+09 1.176561610235004940e+00 -2.399857455132991202e+00
6.956999997796326637e+09 1.011859108926423056e+00 -2.631736283620160322e+00
6.956999998010444641e+09 9.722002811339065520e-01 -2.439342827070713593e+00
6.956999997908242226e+09 1.018355609859094013e+00 -2.171277897729883222e+00
6.956999998007637024e+09 1.029106689017341258e+00 -1.898441660287950139e+00
6.956999998022534370e+09 1.031028561105379326e+00 -2.188629327363514232e+00
6.956999997856261253e+09 1.071985049412509161e+00 -2.423384873606806433e+00
6.956999997892088890e+09 8.110161452831352591e-01 -2.546047426422653803e+00
6.956999997690177917e+09 6.070759028452552553e-01 -2.500495554422801803e+00
6.956999997757613182e+09 5.349023683234956916e-01 -2.773768311604419612e+00
6.956999997855516434e+09 3.302517598482112016e-01 -2.592198659704223029e+00
6.956999997642261505e+09 5.266497046142625260e-01 -2.572585988687428049e+00
6.956999997554244995e+09 6.823108288987279613e-01 -2.801621237476604520e+00
6.956999997564809799e+09 4.577706957923857178e-01 -2.617489175247407207e+00
6.956999997303627014e+09 5.794516544969147143e-01 -2.655063252843441024e+00
6.956999997285664558e+09 7.903276115786993516e-01 -2.854169236349191952e+00
6.956999997372204781e+09 8.596855892737118587e-01 -2.585590135431156789e+00
6.956999997460382462e+09 6.863670979079925516e-01 -2.369673748162977489e+00
6.956999997518196106e+09 8.422976951107510324e-01 -2.131393014029720145e+00
6.956999997747961998e+09 8.630601730145458506e-01 -2.308059131447033341e+00
6.956999997870473862e+09 9.886508231446193840e-01 -2.076429648773134851e+00
6.956999997920546532e+09 9.291881405553725770e-01 -2.356414329956296960e+00
6.956999998032159805e+09 1.177428472836890894e+00 -2.254661518044563273e+00
6.956999998246911049e+09 1.057400748385652678e+00 -2.409289083357239569e+00
6.956999998367746353e+09 1.225682913434140264e+00 -2.613040167330409336e+00
6.956999998091809273e+09 1.198036395231124152e+00 -2.699809500063750534e+00
6.956999997951240540e+09 1.010761768763162705e+00 -2.527754093559086979e+00
6.956999998207778931e+09 1.091150908353657023e+00 -2.417481206777397862e+00
6.956999998278232574e+09 9.982403416803673490e-01 -2.683636092915153259e+00
6.956999998040396690e+09 1.055117911985833157e+00 -2.526685949160456968e+00
6.956999997993698120e+09 1.055632574480664498e+00 -2.813484551820224944e+00
6.956999998204480171e+09 9.949857703479699778e-01 -3.004081589761971927e+00
6.956999998188742638e+09 1.116666322720679894e+00 -2.740679464390025188e+00
6.956999998097135544e+09 1.225271183584017320e+00 -2.487208444968118659e+00
6.956999998086730003e+09 1.299038751141608383e+00 -2.206344474617750961e+00
6.956999998009689331e+09 1.486955560277392729e+00 -2.414158239634883518e+00
6.956999997899817467e+09 1.611869826752978296e+00 -2.175916399691429692e+00
6.956999997958674431e+09 1.603626004206329947e+00 -2.460349829852216175e+00
6.956999997870712280e+09 1.564713552497338123e+00 -2.734544883314992791e+00
6.956999997811252594e+09 1.610037316702969568e+00 -2.453751684406773936e+00
6.956999998033829689e+09 1.786205133398176548e+00 -2.515872260350414003e+00
6.956999997863698006e+09 1.649311671163819382e+00 -2.324169838322977633e+00
6.956999998003726006e+09 1.394758873171034530e+00 -2.318728036761078748e+00
6.956999998084296227e+09 1.375448912358852915e+00 -2.597242140729747906e+00
6.956999998199369431e+09 1.234961443822443883e+00 -2.370403312806450558e+00
6.956999998357750893e+09 1.478254376707679896e+00 -2.357821536779899141e+00
6.956999998349874496e+09 1.241406232825190692e+00 -2.189668586848311449e+00
6.956999998180601120e+09 1.058321859591742076e+00 -2.040466892714499991e+00
6.956999997907326698e+09 9.619946213818026948e-01 -2.062296794665427146e+00
6.956999998011410713e+09 7.252057308730535112e-01 -1.929888058092620318e+00
6.956999998022029877e+09 7.249696011032936704e-01 -2.220270009252521159e+00
6.956999997965480804e+09 5.945129426161365194e-01 -2.473682234563935989e+00
6.956999997830693245e+09 7.259311253665094998e-01 -2.695032957729988077e+00
6.956999997621046066e+09 8.981833269336821912e-01 -2.799012103762623216e+00
6.956999997621736526e+09 9.085552957500564464e-01 -2.508621947244658035e+00
6.956999997870335579e+09 7.768761922905825790e-01 -2.581380694309197921e+00
6.956999997855026245e+09 5.032208456381341843e-01 -2.484877443035299560e+00
6.956999998112033844e+09 4.584892400381637145e-01 -2.612864217130370204e+00
6.956999998107463837e+09 7.412659706440211105e-01 -2.679579561909301244e+00
6.956999998316069603e+09 9.390571990027368754e-01 -2.637192787355811863e+00
6.956999998379736900e+09 7.930033188560715596e-01 -2.880193376499486924e+00
6.956999998664744377e+09 8.023382833146547322e-01 -2.824353738935453606e+00
6.956999998468210220e+09 9.632065769451713111e-01 -2.965528048614700207e+00
6.956999998452741623e+09 9.637854935500195230e-01 -3.255691573263058913e+00
6.956999998536729813e+09 8.800157027136055188e-01 -2.990431105408065005e+00
6.956999998423897743e+09 7.627947445147358341e-01 -2.749676556360683310e+00
6.956999998265209198e+09 5.726997208601859457e-01 -2.901717276028104919e+00
6.956999998185425758e+09 5.859206064479648424e-01 -2.622621806023160307e+00
6.956999998270286560e+09 4.219824118446597883e-01 -2.847026449431310891e+00
6.956999998304819107e+09 4.016338376949156741e-01 -2.559228007427431173e+00
6.956999998296257019e+09 5.974117778652454636e-01 -2.773779138531202726e+00
6.956999998263154984e+09 6.729286985122072684e-01 -2.495146859940663209e+00
6.956999998123674393e+09 9.276147873271112232e-01 -2.505860707186998937e+00
6.956999998047542572e+09 1.130937342637985621e+00 -2.312732734815745150e+00
6.956999998044371605e+09 1.136931637554823071e+00 -2.603229745037025644e+00
6.956999997970851898e+09 1.264974528685359534e+00 -2.853498339087010116e+00
6.956999998070422173e+09 1.288788500266175419e+00 -3.125441619750775946e+00
6.956999998346377373e+09 1.218026882761782836e+00 -3.182677385702600503e+00
6.956999998326283455e+09 1.365974080743518559e+00 -2.933393678041735342e+00
6.956999998486249924e+09 1.439278501647930808e+00 -2.702154061599459034e+00
6.956999998398644447e+09 1.523567675513527453e+00 -2.966076544453533970e+00
6.956999998557699203e+09 1.523601371479832212e+00 -3.209255951592874911e+00
6.956999998358102798e+09 1.713287269425135095e+00 -3.116438713145663009e+00
6.956999998249279022e+09 1.844439643501448733e+00 -3.351791446387502482e+00
6.956999997966098785e+09 1.815947076645188174e+00 -3.293211885595667798e+00
6.956999997962587357e+09 1.836169935993042790e+00 -3.003361567820873823e+00
6.956999997788432121e+09 1.698096063096022901e+00 -3.190551654441024176e+00
6.956999998020077705e+09 1.691367554469095591e+00 -3.015252598923328975e+00
6.956999997736635208e+09 1.751598337809718853e+00 -2.993644459340741637e+00
6.956999997964435577e+09 1.835162399874307404e+00 -2.833774163085986508e+00
6.956999997971030235e+09 1.840840132417131292e+00 -2.543328356766256793e+00
6.956999997788228035e+09 1.812036886335925523e+00 -2.767355324709517284e+00
6.956999997644143105e+09 1.842808076240801007e+00 -2.516901153987391115e+00
6.956999997481621742e+09 1.813860648662903419e+00 -2.277770514658667977e+00
6.956999997442758560e+09 1.763257151318410321e+00 -1.994286088421482361e+00
6.956999997452959061e+09 1.816838158438028206e+00 -1.708874948144240680e+00
6.956999997401657104e+09 1.782113073000034520e+00 -1.424979170701807352e+00
6.956999997447737694e+09 1.498717800570287917e+00 -1.469680679236395449e+00
6.956999997734647751e+09 1.462251482134765856e+00 -1.441623384652759077e+00
6.956999997525980949e+09 1.335614110051012160e+00 -1.599280209042797551e+00
6.956999997557974815e+09 1.173497843570296517e+00 -1.838297376822553009e+00
6.956999997814493179e+09 1.120863620930070415e+00 -1.712351348853532018e+00
6.956999997674972534e+09 8.772540150537765369e-01 -1.787336839293099722e+00
6.956999997659667969e+09 8.895165075340448757e-01 -1.497423248224265535e+00
6.956999997637975693e+09 6.170709643063234662e-01 -1.398745164415288400e+00
6.956999997626323700e+09 7.131920639106580362e-01 -1.672714969435089127e+00
6.956999997718646049e+09 5.187517482108013889e-01 -1.867917605055057884e+00
6.956999997732582092e+09 2.302854533807718873e-01 -1.835863465261936112e+00
6.956999997536499977e+09 2.498380729431855796e-01 -1.622312261567551150e+00
6.956999997671429634e+09 2.352400954414780310e-01 -1.879247065835058628e+00
6.956999997820337296e+09 4.364150025828389956e-01 -2.026860215429530321e+00
6.956999997860204697e+09 4.452387894829600845e-01 -2.314553147427542257e+00
6.956999998061069489e+09 4.933216308597544453e-01 -2.110161261634821983e+00
6.956999998292372704e+09 6.095432727740022205e-01 -1.978153850915831624e+00
6.956999998218449593e+09 8.897996677791619735e-01 -1.957509898686883076e+00
6.956999998140832901e+09 7.756154121865079798e-01 -1.701830231011868033e+00
6.956999998164902687e+09 5.479361124026425056e-01 -1.880764023895015402e+00
6.956999998170844078e+09 4.093583420004609508e-01 -2.136097917540483504e+00
6.956999998203582764e+09 6.547440436915872297e-01 -1.983951541555712961e+00
6.956999998418825150e+09 5.493558938325249219e-01 -2.148264182440865699e+00
6.956999998150476456e+09 4.788983505193579737e-01 -2.061897881218158979e+00
6.956999998026464462e+09 6.608882631936807694e-01 -2.251463395012847979e+00
6.956999997923299789e+09 6.088685285157666716e-01 -1.984844611305768947e+00
6.956999998182971954e+09 6.445569123669694367e-01 -1.859420647254728554e+00
6.956999998358377457e+09 4.259781486873540635e-01 -1.936171813206102987e+00
6.956999998363837242e+09 4.045335552989957617e-01 -1.646439493296302015e+00
6.956999998337205887e+09 4.550218296295486797e-01 -1.931353861127057536e+00
6.956999998175638199e+09 4.340238872147230698e-01 -1.690751787717830634e+00
6.956999998041693687e+09 6.502682975445908120e-01 -1.831221582618849375e+00
6.956999998144275665e+09 6.279601193678957527e-01 -1.560271632624569582e+00
6.956999998355376244e+09 7.562445186828388177e-01 -1.407255063930943795e+00
6.956999998414447784e+09 4.821153193220386601e-01 -1.483401329017237424e+00
6.956999998332272530e+09 7.036431558989809654e-01 -1.314264892030907905e+00
6.956999998319456100e+09 5.915014283971078424e-01 -1.582023131593179421e+00
6.956999998542960167e+09 7.278593128598032092e-01 -1.455979289955785516e+00
6.956999998643112183e+09 7.281302236778263159e-01 -1.728750381885676646e+00
6.956999998835294724e+09 9.413962161219074920e-01 -1.683829757906766922e+00
6.956999999075786591e+09 8.440041267267257563e-01 -1.553014003922795983e+00
6.956999999024113655e+09 5.669460845515850167e-01 -1.482280101798201022e+00
6.956999999082731247e+09 5.843356913863688717e-01 -1.766350739560749616e+00
6.956999999030191422e+09 5.271825014306348312e-01 -1.486337265429624521e+00
6.956999998752172470e+09 4.630895000128212313e-01 -1.431275380457614155e+00
6.956999998490780830e+09 5.627689059267323435e-01 -1.352706475532092334e+00
6.956999998489731789e+09 7.594727197651361950e-01 -1.566577947577194818e+00
6.956999998360573769e+09 9.417002768063919005e-01 -1.752443209553765424e+00
6.956999998257079124e+09 8.671634555783711562e-01 -1.491354003476810464e+00
6.956999998027162552e+09 1.001418097645518035e+00 -1.374955204973472123e+00
6.956999997849825859e+09 1.225132120340351127e+00 -1.429162172927654240e+00
6.956999998139856339e+09 1.236983049960337810e+00 -1.442440238405976238e+00
6.956999998251011848e+09 1.023876522433330605e+00 -1.279147664221366609e+00
6.956999998232537270e+09 1.268757016569651785e+00 -1.434475499761873829e+00
6.956999997944451332e+09 1.234892256843832747e+00 -1.451625723248235023e+00
6.956999998045222282e+09 1.268943281881981688e+00 -1.722033398034408691e+00
6.956999997867776871e+09 1.230447997401935112e+00 -1.948893788983783626e+00
6.956999997965867043e+09 1.499895700156107292e+00 -1.901875876575667590e+00
6.956999998000559807e+09 1.664404213813812650e+00 -2.138873441301304634e+00
6.956999998241031647e+09 1.624285877743080420e+00 -1.980765110540770202e+00
6.956999998351716995e+09 1.647142627518128011e+00 -1.713069595043580362e+00
6.956999998430685043e+09 1.898220460874954663e+00 -1.836189150142491844e+00
6.956999998554014206e+09 2.147329853571080971e+00 -1.920858014221910715e+00
6.956999998796631813e+09 2.241520791435188897e+00 -1.791633071529630250e+00
6.956999998933748245e+09 2.386657345035716915e+00 -1.580519351543753448e+00
6.956999998929823875e+09 2.279681587981852608e+00 -1.310379969242194909e+00
6.956999999016610146e+09 2.556662297917706717e+00 -1.323956671496096860e+00
6.956999999206443787e+09 2.344610393892021971e+00 -1.265375230660675587e+00
6.956999999034433365e+09 2.227567660130191030e+00 -1.062525699239220911e+00
6.956999999231167793e+09 2.303431277897672214e+00 -1.262462740845899045e+00
6.956999999277481079e+09 2.097793603380325944e+00 -1.462469660949039074e+00
6.956999999097963333e+09 2.078463721866577352e+00 -1.234798212537388418e+00
6.956999999060730934e+09 2.112316566191885681e+00 -1.520983894471209297e+00
6.956999999071990967e+09 2.112384989423351733e+00 -1.230625997299722663e+00
6.956999999018034935e+09 2.295667595884262724e+00 -1.011695127756126356e+00
6.956999999214359283e+09 2.331269969618585236e+00 -8.004520401307859689e-01
6.956999999235461235e+09 2.372209237224871980e+00 -5.135492737135791685e-01
6.956999999443285942e+09 2.469052824150685055e+00 -3.350426484460666265e-01
6.956999999433549881e+09 2.394198187574706260e+00 -6.156428784482510519e-01
6.956999999315516472e+09 2.655400816429918986e+00 -6.633488624742038819e-01
6.956999999511326790e+09 2.680285500290498391e+00 -8.765938907325763196e-01
6.956999999516337395e+09 2.393142315258631303e+00 -8.323425626323776028e-01
6.956999999790139198e+09 2.394276362156040783e+00 -7.350494110402061576e-01
6.956999999957408905e+09 2.430688305808405225e+00 -9.698463352665745996e-01
6.957000000013045311e+09 2.622675266139445682e+00 -1.180749481949754820e+00
6.956999999965806961e+09 2.706558620168390217e+00 -1.454914847633606900e+00
6.956999999930172920e+09 2.454090735240456844e+00 -1.594287346526698679e+00
6.956999999941579819e+09 2.585847189541093716e+00 -1.335550769323382347e+00
6.957000000189908981e+09 2.733747019584761517e+00 -1.365431675025833957e+00
