6.261300000000000000e+10 0.000000000000000000e+00 0.000000000000000000e+00
6.261299999866484070e+10 -3.199833603819733918e-01 -6.379408117826574909e-01
6.261299999798050690e+10 1.043966014288639221e-01 -1.919973107117453059e+00
6.261299999874207306e+10 4.004283723808024220e-01 -3.194490306880410468e+00
6.261299999887509155e+10 1.323890563080754035e-02 -1.736956889157046158e+00
6.261299999749993134e+10 -1.960881126690015852e-02 -1.104601234974882384e+00
6.261299999722431183e+10 6.862406246139021726e-02 -2.590623146108434138e+00
6.261299999640153503e+10 -7.372634015132674135e-01 -3.573269943639378887e+00
6.261299999660332489e+10 -1.018339366170552651e+00 -5.047139385453882632e+00
6.261299999713489532e+10 -2.227955950950360808e+00 -5.786240454091538865e+00
6.261299999806837463e+10 -2.574888410373066705e+00 -4.645947524740759782e+00
6.261299999928981018e+10 -1.711531232600888242e+00 -4.879865880509122178e+00
6.261299999970864105e+10 -2.776347697290755256e-01 -5.125900897531523448e+00
6.261300000070209503e+10 -1.048736723178673724e+00 -5.968792563461354561e+00
