4.174200000000000000e+10 0.000000000000000000e+00 0.000000000000000000e+00
4.174199999985459900e+10 -1.813585224044607647e-01 -3.847141777504325399e-01
4.174199999941898346e+10 -2.916894888692352361e-01 -3.949548098347084313e-01
4.174199999914390564e+10 -3.514874675366781442e-01 -4.453624229543318158e-02
4.174199999914201355e+10 -3.449356403107842750e-01 -4.939690326422384592e-01
4.174199999907514954e+10 -5.708918415855545048e-01 -1.112033393429817663e-01
4.174199999897064209e+10 -5.887481303004202804e-01 -5.480052946559501592e-01
4.174199999870703125e+10 -3.758339192677291329e-01 -2.526873754662947724e-01
4.174199999859817505e+10 -3.132730300707631810e-01 -6.842807290997803271e-01
4.174199999852449799e+10 -6.885940152974558970e-01 -9.203787286549071078e-01
4.174199999855494690e+10 -9.328793976220776107e-01 -5.443018241812195290e-01
4.174199999874543762e+10 -8.838307410738096559e-01 -9.484599047488826429e-01
4.174199999835480499e+10 -1.101357424033222898e+00 -9.023530106151179675e-01
4.174199999795842743e+10 -1.306107467146113477e+00 -8.475936134694680435e-01
4.174199999770733643e+10 -1.291844498814886943e+00 -1.220134776605838578e+00
4.174199999776352692e+10 -1.403838419206351995e+00 -7.884680256235705453e-01
4.174199999775395966e+10 -1.436019294387020251e+00 -3.402390715840002411e-01
4.174199999772615051e+10 -1.338778799680728770e+00 9.771889673325101500e-02
4.174199999744981384e+10 -1.009870209660054474e+00 2.299867917457225075e-01
4.174199999747903442e+10 -9.920013649082279894e-01 6.781643180092764567e-01
4.174199999747615051e+10 -1.222829358343658024e+00 2.924876561733179559e-01
4.174199999763526917e+10 -1.074238507812730781e+00 -1.007516656488501861e-01
4.174199999744575500e+10 -1.262311501298636118e+00 2.608391111928373141e-01
4.174199999704772186e+10 -1.296045457199902939e+00 5.475701540762945019e-02
4.174199999713516998e+10 -1.223171378665618869e+00 4.895890470108634207e-01
4.174199999700030518e+10 -1.103870575885241845e+00 9.014319712686849062e-01
4.174199999707606506e+10 -1.442704056348455000e+00 6.159688191727137330e-01
4.174199999675101471e+10 -1.135401188752546364e+00 5.718843271515110516e-01
4.174199999713965607e+10 -1.150444835562939305e+00 7.972015422940257334e-01
4.174199999706030273e+10 -1.592581530376946164e+00 8.131504855801263698e-01
4.174199999695262146e+10 -2.028976778721593544e+00 8.130931243271893871e-01
4.174199999686535645e+10 -2.026415057423142319e+00 3.721691609147457780e-01
4.174199999686718750e+10 -2.035273667123491670e+00 -7.722433602555167642e-02
4.174199999726268768e+10 -2.049663871014759220e+00 -2.903195786315695415e-01
4.174199999710044098e+10 -2.104662141669086939e+00 -7.058778263299722022e-01
4.174199999706851196e+10 -2.268864020557971983e+00 -2.886795464136315825e-01
4.174199999691404724e+10 -2.148050537621752909e+00 1.157710944877445303e-01
4.174199999666182709e+10 -1.973382492158519241e+00 4.442695145316108984e-01
4.174199999651817322e+10 -2.345688927792848322e+00 6.511197586242032376e-01
4.174199999692459106e+10 -2.159233623103986588e+00 6.969236329671774088e-01
4.174199999706345367e+10 -2.379935833245814703e+00 3.308046707780318840e-01
4.174199999740495300e+10 -2.304526452283038207e+00 4.844486068723508065e-02
4.174199999745192719e+10 -2.318120526285578187e+00 4.952614340779693536e-01
4.174199999707545471e+10 -2.518779028548262744e+00 3.536987579553616534e-01
4.174199999739467621e+10 -2.785756582174693907e+00 1.838309570363878820e-01
4.174199999704203033e+10 -2.768005294112781733e+00 4.619742272470391820e-01
4.174199999688364410e+10 -2.508228971162755450e+00 7.928314437357075750e-01
4.174199999730342865e+10 -2.470276982170514390e+00 9.489694088298759045e-01
4.174199999694306183e+10 -2.212307463503572436e+00 1.023977202126229002e+00
4.174199999689878845e+10 -2.092950935650725874e+00 5.928970969869062912e-01
4.174199999665298462e+10 -1.940584417374151993e+00 2.487996245378300553e-01
4.174199999686320496e+10 -1.641182507397384915e+00 5.099539469634869482e-01
4.174199999681114960e+10 -1.204587817966237040e+00 6.032887938752956591e-01
4.174199999653583527e+10 -1.374591279894016083e+00 9.152795373055324646e-01
4.174199999684017181e+10 -1.340200629105962715e+00 1.244269738547669979e+00
4.174199999693540955e+10 -1.552237181882509143e+00 1.628986342939117149e+00
4.174199999726341248e+10 -1.791087436338892225e+00 1.435596427359294491e+00
4.174199999732600403e+10 -1.612623588977023736e+00 1.027834685720677266e+00
4.174199999741151428e+10 -1.200159739554200744e+00 1.184671873406075715e+00
4.174199999733779144e+10 -1.557334496664190215e+00 9.219410029904901993e-01
4.174199999694001007e+10 -1.598858724371201800e+00 1.127079256865846091e+00
4.174199999682137299e+10 -1.674617004111763396e+00 7.002041148493670653e-01
4.174199999667497253e+10 -2.084566922027045077e+00 5.882008897235142530e-01
4.174199999708843231e+10 -1.916880119360284684e+00 6.426928850721003172e-01
4.174199999666098022e+10 -1.866733231887034217e+00 7.723320584800997812e-01
4.174199999677905273e+10 -2.236580423888975933e+00 5.458193907639952158e-01
4.174199999650688171e+10 -2.166647385266402992e+00 8.966331370740436846e-01
4.174199999650072479e+10 -1.997718181782345281e+00 4.801462294370432149e-01
4.174199999668363953e+10 -2.060654019326467967e+00 8.858784596839857084e-01
4.174199999648728180e+10 -2.210755550481875886e+00 1.261310330635811106e+00
4.174199999673430634e+10 -2.105007321297412748e+00 9.009884814939647102e-01
4.174199999664517212e+10 -2.040630219477977736e+00 1.336816828593711648e+00
4.174199999657259369e+10 -2.013879474559270299e+00 8.940383494670660625e-01
4.174199999619440460e+10 -2.134695643202569215e+00 1.104780148996499456e+00
4.174199999620539093e+10 -2.134463450959689368e+00 6.554299819822662077e-01
4.174199999632053375e+10 -1.927320218629660742e+00 2.734996343086083526e-01
4.174199999618102264e+10 -1.804327729978110639e+00 6.827015030348264624e-01
4.174199999613610077e+10 -1.866810359970097366e+00 1.125549575710281802e+00
4.174199999595655823e+10 -1.646196992567002138e+00 7.775110438281398473e-01
4.174199999583034515e+10 -1.731913380982012862e+00 3.547115381213626906e-01
4.174199999591925812e+10 -1.750938957237980320e+00 7.949036275553854614e-01
4.174199999630870819e+10 -1.883577735638849227e+00 9.759346421021418694e-01
4.174199999626030731e+10 -1.763606630786660467e+00 5.454688615652610872e-01
4.174199999605759430e+10 -1.850266213649317315e+00 1.537624112981608171e-01
4.174199999571553040e+10 -1.897137234222930458e+00 4.415668021689336808e-01
4.174199999532043457e+10 -1.834495568341192095e+00 2.365921596089162471e-01
4.174199999524943542e+10 -1.430762507316541976e+00 5.221393339810478929e-02
4.174199999529267883e+10 -1.296401415965288129e+00 -3.745337425151800126e-01
4.174199999497067261e+10 -1.492807046615781008e+00 -1.300451491546026905e-01
4.174199999497234344e+10 -1.932534503143904958e+00 -3.691453644319232785e-02
4.174199999498418427e+10 -1.934584232393177894e+00 4.124092538632905258e-01
4.174199999485633850e+10 -1.792632041347080207e+00 5.541924291625532906e-03
4.174199999504969025e+10 -1.776645030743267961e+00 4.109982127716388378e-01
4.174199999528739929e+10 -1.736945080141251596e+00 7.904115709367309783e-01
4.174199999571942139e+10 -1.702664589357358871e+00 6.711663514528833918e-01
4.174199999583809662e+10 -1.466752179486722429e+00 3.074391329038725362e-01
4.174199999549172211e+10 -1.201976850705087863e+00 1.981063458140671085e-01
4.174199999584178162e+10 -9.388681653325732235e-01 2.994433670324241348e-01
4.174199999590564728e+10 -8.004130804398805754e-01 -1.233896239642386927e-01
4.174199999589521790e+10 -7.656737156628329322e-01 -5.714082864083468438e-01
4.174199999599901581e+10 -5.390480967193544970e-01 -9.454437489640612480e-01
4.174199999584444427e+10 -6.337749125820040241e-01 -5.341389628198306427e-01
4.174199999582861328e+10 -6.469366796701437883e-01 -9.831518840557217365e-01
4.174199999572426605e+10 -4.557764031617776435e-01 -1.376351030467561021e+00
4.174199999574536896e+10 -4.617655564193691164e-01 -9.274020480228637453e-01
4.174199999553738403e+10 -3.602003667704062329e-01 -1.312710491776532873e+00
4.174199999518537903e+10 -8.070426270992847595e-02 -1.315953290233303097e+00
4.174199999480922699e+10 8.957702377726431409e-02 -1.493583053134584615e+00
4.174199999455867767e+10 -6.215947961973319891e-02 -1.834521834245472771e+00
4.174199999495873260e+10 -2.012297072250225916e-01 -1.684026383087650736e+00
4.174199999472782898e+10 -1.671346770869094334e-01 -1.299893700966903598e+00
4.174199999506566620e+10 -4.567599232493361194e-01 -1.236492577724296993e+00
4.174199999467105103e+10 -4.609935044896536493e-01 -1.021324448740877244e+00
4.174199999504103851e+10 -7.064200109023563989e-01 -1.091405689688095704e+00
4.174199999508114624e+10 -1.149112191830497176e+00 -1.024687877757675558e+00
4.174199999539630890e+10 -1.333846402459675673e+00 -1.286572057480500408e+00
4.174199999555950928e+10 -1.686328070091843934e+00 -1.512755676897293622e+00
4.174199999556064606e+10 -1.678170595875950744e+00 -1.962164736621974548e+00
4.174199999580086517e+10 -1.308282859735072412e+00 -2.048843647018094849e+00
4.174199999584941864e+10 -8.658527059316292185e-01 -1.986117458752116205e+00
4.174199999620762634e+10 -6.096442205379388746e-01 -1.896222854789382239e+00
4.174199999607894135e+10 -7.700827133132742697e-01 -2.295892235161899109e+00
4.174199999652785492e+10 -7.476658088123568913e-01 -2.292890220447730165e+00
4.174199999612046051e+10 -6.747391921775398593e-01 -2.468232701564177844e+00
4.174199999586243439e+10 -7.270034819225235090e-01 -2.103913544015548531e+00
4.174199999561688232e+10 -5.012062653446707206e-01 -1.802655189848288986e+00
4.174199999559574890e+10 -4.657273849019766265e-01 -2.250238671046266958e+00
4.174199999547250366e+10 -1.345532330503189655e-01 -2.528035622707486052e+00
4.174199999549355316e+10 -3.310284105081173767e-01 -2.931756598568594718e+00
4.174199999547425079e+10 -4.133249341955957390e-01 -2.490291912585939293e+00
4.174199999550279999e+10 -2.850409324568844438e-01 -2.060449383656689282e+00
4.174199999523965454e+10 -3.145326910288966937e-01 -1.697241477292083855e+00
4.174199999555936432e+10 1.188343759281562662e-03 -1.685339273923888603e+00
4.174199999560266113e+10 -3.488683604523882403e-02 -1.239401709623658476e+00
4.174199999568663025e+10 3.201194143291696270e-01 -9.768072120302149219e-01
4.174199999567289734e+10 2.950937253643567404e-01 -5.282301578827517385e-01
4.174199999552210999e+10 1.904914655734250006e-01 -1.179152421228118475e-01
4.174199999589073181e+10 2.363320311923601258e-01 1.351709203963771255e-01
4.174199999588142395e+10 -2.053370331697110807e-01 2.181053288246638522e-01
4.174199999611887360e+10 -2.877942917583325988e-01 5.907359942922816298e-01
4.174199999618316650e+10 -2.905471482465501465e-01 1.035589913016739860e+00
4.174199999630355072e+10 -5.541295726645623088e-01 1.379201747628117758e+00
4.174199999631233215e+10 -6.255324921888629763e-01 9.355117537995472077e-01
4.174199999590663910e+10 -7.801034164326268172e-01 1.051938318404305406e+00
4.174199999571257782e+10 -7.641917417333972118e-01 1.457058093235028107e+00
4.174199999556495667e+10 -1.053540942286460336e+00 1.146377593360535574e+00
4.174199999566159821e+10 -1.006148412674015669e+00 1.582784772342153090e+00
4.174199999540359497e+10 -1.052403837462619896e+00 1.217639957361158043e+00
4.174199999549353027e+10 -1.387504579783938707e+00 1.503393327167662941e+00
4.174199999580086517e+10 -1.060996437574043050e+00 1.472195351431384136e+00
4.174199999586720276e+10 -1.459954853383537809e+00 1.276062041501422106e+00
4.174199999585768127e+10 -1.230601622972901543e+00 8.896131068574708589e-01
4.174199999560077667e+10 -8.665645641556403156e-01 8.303486892923506169e-01
4.174199999518761444e+10 -1.012910459609035918e+00 7.307628210466564633e-01
4.174199999516132355e+10 -1.454650002039866941e+00 6.519508174823585023e-01
4.174199999521025085e+10 -1.464971006727282532e+00 2.052561734105481372e-01
4.174199999564918518e+10 -1.440109098522667441e+00 1.116832578978273760e-01
4.174199999562744904e+10 -1.125027660472001978e+00 -2.081411079876337722e-01
4.174199999589768982e+10 -1.152600181732848394e+00 -5.662548815353849463e-01
4.174199999611040497e+10 -1.406608602192673363e+00 -2.624960966510095917e-01
4.174199999612582397e+10 -1.430266620310019388e+00 1.861005672819308066e-01
4.174199999618488312e+10 -1.346401490611070395e+00 -2.515232960262531736e-01
4.174199999577487183e+10 -1.302071516966173403e+00 -4.302967307515948026e-01
4.174199999604532623e+10 -1.305027950861234576e+00 -7.129645435828080302e-02
4.174199999587961578e+10 -1.273582927741937043e+00 -4.879348145111975232e-01
4.174199999606454468e+10 -1.634816599885084543e+00 -6.811906318598348609e-01
4.174199999616068268e+10 -1.416518046660048213e+00 -3.002183817766054807e-01
4.174199999588608551e+10 -1.074154675089035837e+00 -2.031678989323090212e-01
4.174199999608862305e+10 -1.251406354108389962e+00 1.568269729020350112e-01
4.174199999594737244e+10 -1.403959177644626966e+00 -2.416844790354291117e-01
4.174199999599436188e+10 -1.789478581110281574e+00 -4.679650556142741502e-01
4.174199999605587006e+10 -1.953313877070107729e+00 -5.394683183218118572e-02
4.174199999587763214e+10 -2.178397299197802006e+00 2.918927908775437730e-01
4.174199999583209229e+10 -2.211004881323995530e+00 7.378742762088671414e-01
4.174199999617152405e+10 -2.334846396536836011e+00 4.705018366391475748e-01
4.174199999618135834e+10 -2.310467142825349818e+00 9.192169322182509594e-01
4.174199999610626984e+10 -2.338941018225363599e+00 1.361469412211194996e+00
4.174199999588295746e+10 -2.290324055443524021e+00 1.748516096679755494e+00
4.174199999628733063e+10 -2.192683159989216701e+00 1.578270771958366403e+00
4.174199999598592377e+10 -2.293562810582477240e+00 1.896094585634415797e+00
4.174199999562180328e+10 -2.533475445748863741e+00 2.005162034803471105e+00
4.174199999548819733e+10 -2.955182520777688726e+00 2.084842544122040398e+00
4.174199999534987640e+10 -2.779381336987070572e+00 1.694974989959893374e+00
4.174199999567756653e+10 -2.728755771241027084e+00 1.998441848412456201e+00
4.174199999586339569e+10 -2.796427305080454229e+00 1.594804506163705060e+00
4.174199999579580688e+10 -2.914422643603904017e+00 1.166382787292032486e+00
4.174199999539505768e+10 -2.743335277726667965e+00 1.276688142877384635e+00
4.174199999539743042e+10 -2.730784310992786068e+00 8.273851450462994528e-01
4.174199999555912018e+10 -3.081850581324265370e+00 1.056829876586305783e+00
4.174199999547747040e+10 -2.650678503805267372e+00 9.595671732685322475e-01
4.174199999511030579e+10 -2.431771712079391357e+00 1.098519261514968592e+00
4.174199999547440338e+10 -2.636809794070401836e+00 9.329000085726852909e-01
4.174199999539710999e+10 -2.344276633025470957e+00 1.265295760626512500e+00
4.174199999540255737e+10 -2.318668332746649519e+00 1.714017192509103449e+00
4.174199999543489075e+10 -2.084761401710283568e+00 1.331553697229376221e+00
4.174199999529458618e+10 -1.668529649016594174e+00 1.236145584953831866e+00
4.174199999495381927e+10 -1.410057856228593476e+00 1.097924844838183756e+00
4.174199999507717133e+10 -1.351865567295892800e+00 6.696333883079337301e-01
4.174199999537889099e+10 -1.555055792769870937e+00 9.336734216946311893e-01
4.174199999501571655e+10 -1.565123689253975936e+00 6.690266424164149628e-01
4.174199999503247070e+10 -1.771608344248489342e+00 1.067924760929602757e+00
4.174199999504586792e+10 -2.109544006347013223e+00 1.363993045582944541e+00
4.174199999504270935e+10 -1.714298288398004688e+00 1.578019251643293597e+00
4.174199999491967010e+10 -1.707605313197961605e+00 1.145753369160266377e+00
4.174199999495962524e+10 -1.821894597546463324e+00 7.128813739208260669e-01
4.174199999525360107e+10 -2.161861730625676437e+00 7.066559738317155226e-01
4.174199999532070923e+10 -2.215538266170197890e+00 2.654622345818951068e-01
4.174199999570320892e+10 -2.108450492341294336e+00 4.758553055917067454e-01
4.174199999550143433e+10 -1.854569229681317433e+00 1.646192094993839672e-01
4.174199999546319580e+10 -1.708850513715129305e+00 5.881052528206045515e-01
4.174199999571731567e+10 -1.354973763457071323e+00 6.986941607098515750e-01
4.174199999568041229e+10 -1.156389639847051010e+00 1.100239446298654444e+00
4.174199999603129578e+10 -1.044052928856822327e+00 1.357720395694538063e+00
4.174199999631813812e+10 -1.062334480510319867e+00 1.012145613445396108e+00
4.174199999627944183e+10 -7.892937945409772560e-01 1.367093399579697666e+00
4.174199999651677704e+10 -4.174796201588807376e-01 1.453489768532580717e+00
4.174199999624222565e+10 -4.480140035274786658e-01 1.808069018507066250e+00
4.174199999665597534e+10 -4.128730376727608453e-01 1.980144523353256636e+00
4.174199999667085266e+10 3.632325356654997339e-02 1.974011941085393573e+00
4.174199999704177094e+10 -2.175228759346327645e-01 1.969668575901006857e+00
4.174199999666144562e+10 -5.876646991363893013e-03 2.081907328117808209e+00
4.174199999661340332e+10 1.167764852810679460e-01 2.511656899499963735e+00
4.174199999665292358e+10 3.090024842584648823e-01 2.107276421424988389e+00
4.174199999639492798e+10 3.497793919380545180e-01 1.741473546149844065e+00
4.174199999647256470e+10 1.024891478557130864e-01 2.108701760465411024e+00
4.174199999605242920e+10 1.244008177954147865e-01 2.266946908342945211e+00
4.174199999614897156e+10 4.756014499136513307e-01 2.003557664212921363e+00
4.174199999594062042e+10 8.182875296927429876e-01 2.206515554853375249e+00
4.174199999622779083e+10 7.747887566301967510e-01 1.863473760845637983e+00
4.174199999598776245e+10 1.145022859524596592e+00 1.949198784592573785e+00
4.174199999621696472e+10 1.418564426732413786e+00 1.675925258542108276e+00
4.174199999601057434e+10 1.379006720686094756e+00 2.073259712335643101e+00
4.174199999578663635e+10 1.091971680526179878e+00 1.809633149402985142e+00
4.174199999580226135e+10 6.433349374670136456e-01 1.786891638640814906e+00
4.174199999582639313e+10 5.054322042738317311e-01 2.214017809657596647e+00
4.174199999591307068e+10 6.324954890016012410e-01 2.636365814291385945e+00
4.174199999548503113e+10 7.466576963514445220e-01 2.712447039054482811e+00
4.174199999567237854e+10 7.500239313918769524e-01 2.303880928767381597e+00
4.174199999537100220e+10 4.467610674823538353e-01 2.165167502185942450e+00
4.174199999532007599e+10 1.087733816487018723e-02 2.262371166033158687e+00
4.174199999563939667e+10 -2.757671775624391253e-01 2.396191838248006967e+00
4.174199999570125580e+10 -6.973693104567091350e-01 2.539234315095116656e+00
4.174199999557022095e+10 -4.679080526066023982e-01 2.902846645833081496e+00
4.174199999518663025e+10 -3.776163223358188770e-01 2.686642180587826445e+00
4.174199999516168976e+10 -5.603164587245599293e-01 3.096562979157652329e+00
4.174199999537566376e+10 -3.965876348546172325e-01 3.456347888886692310e+00
4.174199999543171692e+10 -8.245600213982789972e-01 3.330912196541473413e+00
4.174199999562139130e+10 -9.574474284692331416e-01 3.716141053951545370e+00
4.174199999530276489e+10 -1.222157301266334706e+00 3.541657525373599569e+00
4.174199999535394287e+10 -1.667853668464020611e+00 3.569437363863578128e+00
4.174199999580158997e+10 -1.643208175525461279e+00 3.601649988993155915e+00
4.174199999571289825e+10 -1.337476499194752311e+00 3.284319222337854782e+00
4.174199999571231079e+10 -1.149440638560783379e+00 3.692582032221502164e+00
4.174199999575328827e+10 -1.416673564287812326e+00 3.333494323032585527e+00
4.174199999611238861e+10 -1.636829252253626743e+00 3.176603394801345903e+00
4.174199999614414978e+10 -1.689909334992888645e+00 2.731395660971223105e+00
4.174199999607067871e+10 -2.120624765479853124e+00 2.625934294741365083e+00
4.174199999635055542e+10 -1.774642953206983176e+00 2.562675534667955723e+00
4.174199999612283325e+10 -1.699615687744148174e+00 2.942872052645676195e+00
4.174199999619831848e+10 -1.719400669141302851e+00 3.385530672420914655e+00
4.174199999622733307e+10 -1.613420854776616231e+00 2.949683572230767492e+00
4.174199999588115692e+10 -1.326758383314747158e+00 2.944872789995653495e+00
4.174199999576882172e+10 -1.572229817386777029e+00 2.585483739193308761e+00
4.174199999576881409e+10 -1.572180775932461083e+00 2.135999206303999642e+00
4.174199999558084869e+10 -1.888565115684166962e+00 2.394081775661461187e+00
4.174199999557908630e+10 -2.334345268446445409e+00 2.451643088479973809e+00
4.174199999566468048e+10 -2.745495340215262203e+00 2.291438311209474499e+00
4.174199999577406311e+10 -2.751028466654921179e+00 2.727375142022997245e+00
4.174199999572702026e+10 -2.878366358247653523e+00 2.298879896535008349e+00
4.174199999561826324e+10 -3.206978219453863410e+00 2.012135282160308236e+00
4.174199999551417542e+10 -2.828509304701343208e+00 2.231141304877929610e+00
4.174199999564640808e+10 -3.097922415007339225e+00 1.896524985555776643e+00
4.174199999526923370e+10 -3.298638680728410044e+00 2.036132885687199412e+00
4.174199999565352631e+10 -3.530405089203824787e+00 2.061419623133684542e+00
4.174199999558924866e+10 -3.148785282612784897e+00 2.290048626579797908e+00
4.174199999596504974e+10 -2.915752425213190779e+00 2.370712005727890315e+00
4.174199999585939026e+10 -2.976098628551060887e+00 1.938009747041468778e+00
4.174199999552658081e+10 -2.781791549824138343e+00 1.706672899973351587e+00
4.174199999584545135e+10 -2.640176464820160440e+00 1.423292230990152119e+00
4.174199999567765808e+10 -3.050183004068735659e+00 1.499292191552878295e+00
4.174199999577812958e+10 -3.330158847022322899e+00 1.162312380951617374e+00
4.174199999603249359e+10 -3.622265871317591479e+00 9.342615388673767285e-01
4.174199999570557404e+10 -3.685654762502060589e+00 1.236159437262571492e+00
4.174199999574317932e+10 -3.430270876213610709e+00 8.681904285494391749e-01
4.174199999539398193e+10 -3.381294031626907337e+00 1.146934263829261225e+00
4.174199999545710754e+10 -3.361530642307653416e+00 1.591525331086364847e+00
4.174199999512225342e+10 -3.065612933202065626e+00 1.543121427440667270e+00
4.174199999510192871e+10 -2.902446231249601993e+00 1.124791463950553627e+00
4.174199999506546783e+10 -3.063692334395493599e+00 7.068123409869928597e-01
4.174199999537672424e+10 -3.343211734570460614e+00 5.424268294510435906e-01
4.174199999524393463e+10 -3.771408987978601690e+00 5.100195537427655301e-01
4.174199999536290741e+10 -3.607657048020838531e+00 9.113503536035059138e-01
4.174199999539167023e+10 -3.810699592987818463e+00 1.311328660346774644e+00
4.174199999539417267e+10 -3.810094824419032467e+00 8.618515122579792909e-01
4.174199999579616547e+10 -3.841336360987513299e+00 6.631946033981774846e-01
4.174199999596949768e+10 -4.103040486351054561e+00 3.414769459477336455e-01
4.174199999576787567e+10 -4.020343576610454051e+00 7.346008782568598239e-01
4.174199999575488281e+10 -4.068452411564610571e+00 2.878871742058917160e-01
4.174199999582151794e+10 -3.692329938159534475e+00 5.247998220918149714e-01
4.174199999537322235e+10 -3.698716017969891912e+00 4.927392295164246816e-01
4.174199999569458771e+10 -3.954833911020684045e+00 3.106264980048344393e-01
4.174199999528503418e+10 -3.970906312838982988e+00 1.261245873305089082e-01
4.174199999544272614e+10 -4.360808465803485134e+00 -3.245047897957842320e-02
4.174199999577422333e+10 -4.602077916937417079e+00 -2.166590734245997241e-01
4.174199999551250458e+10 -4.804526393703600462e+00 8.757035261123535808e-02
4.174199999533518219e+10 -4.513506358258206674e+00 3.806601295523723838e-01
4.174199999519664001e+10 -4.299234267028434253e+00 1.061932938884441180e-02
4.174199999518984222e+10 -4.518744696533651073e+00 4.027994701427988211e-01
4.174199999518006134e+10 -4.516904953741787132e+00 8.521737740597234989e-01
4.174199999514926147e+10 -4.454320481668958998e+00 4.081342259683625184e-01
4.174199999554376984e+10 -4.252458908407028559e+00 3.329471048322599214e-01
4.174199999553726959e+10 -4.307850441747651971e+00 -1.130640000761335418e-01
4.174199999584333038e+10 -4.634786822981808996e+00 -1.514960672093890737e-01
4.174199999608931732e+10 -4.397685643226603602e+00 -4.435730550443658937e-01
4.174199999609726715e+10 -4.007095661873147030e+00 -6.658626288866043019e-01
4.174199999613890839e+10 -3.983391458061392054e+00 -2.189393918686349805e-01
4.174199999592153931e+10 -4.003754886830495074e+00 1.739648431415211083e-01
4.174199999570609283e+10 -3.960847885573407279e+00 -2.181789011759761587e-01
4.174199999599361420e+10 -3.716465364665631821e+00 2.604601333082209869e-02
4.174199999609388733e+10 -3.898817143300489452e+00 -3.723627390027768325e-01
4.174199999611756897e+10 -3.950943773981498097e+00 7.346032912792754832e-02
4.174199999621578979e+10 -3.994535812224355276e+00 -3.629894662656329984e-01
4.174199999605837250e+10 -4.094071333214194475e+00 4.609321994951876000e-02
4.174199999567051697e+10 -3.962244056230293410e+00 -1.389104454093358365e-01
4.174199999522168732e+10 -3.961028629998455841e+00 -1.146420878422709372e-01
4.174199999522147369e+10 -3.969252811921494484e+00 3.347671511203832440e-01
4.174199999527018738e+10 -4.131947516892763517e+00 7.509323145779446262e-01
4.174199999546213531e+10 -3.860420298522441840e+00 1.053364414457524045e+00
4.174199999541216278e+10 -3.670530948340645860e+00 1.457692098889466603e+00
4.174199999497455597e+10 -3.771832949521146894e+00 1.474248127884583148e+00
4.174199999526571655e+10 -3.755254671034360836e+00 1.816282753654037130e+00
4.174199999522245789e+10 -3.636731360921735323e+00 2.247696097817756034e+00
4.174199999484364319e+10 -3.450127093561164315e+00 2.093702123120539937e+00
4.174199999478247070e+10 -3.006603390944810883e+00 2.133465461358168280e+00
4.174199999467140961e+10 -2.758194744898299966e+00 1.775701852536829550e+00
4.174199999468151093e+10 -2.676612695302431177e+00 1.333798338470195022e+00
4.174199999451306152e+10 -2.503488974111569121e+00 9.547351523343866608e-01
4.174199999474081421e+10 -2.677409607567405647e+00 6.084459193472424587e-01
4.174199999453920746e+10 -2.696367519672122182e+00 1.009734537668212306e+00
4.174199999479893494e+10 -2.717374479396294173e+00 6.434888652331761660e-01
4.174199999484567261e+10 -2.759197982599159715e+00 1.984011557179696794e-01
4.174199999483546448e+10 -2.824257028591472096e+00 6.430352678532040844e-01
4.174199999468682861e+10 -3.177865504189238077e+00 4.087175035535405287e-01
4.174199999468718719e+10 -3.263563501974978465e+00 8.499567485117482946e-01
4.174199999453666687e+10 -3.278378531888267222e+00 1.273230921625518430e+00
4.174199999456758881e+10 -3.269897333050914234e+00 8.248914010100631966e-01
4.174199999459353638e+10 -3.432673200437788008e+00 1.243062720282753331e+00
4.174199999488280487e+10 -3.206057806806808408e+00 9.842044717550653132e-01
4.174199999487992859e+10 -3.172690921743078984e+00 1.432439595184358039e+00
4.174199999493927765e+10 -2.970906643026775651e+00 1.035202647138180332e+00
4.174199999490114594e+10 -3.006077830988211463e+00 5.887217742502484086e-01
4.174199999489478302e+10 -2.681506588559616766e+00 2.778369922364737898e-01
4.174199999473219299e+10 -2.664373838559713548e+00 -1.408589704793383190e-01
4.174199999461866760e+10 -2.771715689193401388e+00 2.805972961059089443e-01
4.174199999476500702e+10 -3.195705398656291774e+00 3.098262747649778159e-01
4.174199999437738800e+10 -3.138033634161714769e+00 5.299640992514578208e-01
4.174199999456910706e+10 -2.798150507049032232e+00 3.068928192766959828e-01
4.174199999488719940e+10 -2.849146691250049823e+00 -6.557339508979576070e-03
4.174199999460154724e+10 -3.152217224581656208e+00 -1.756298710931155915e-01
4.174199999459429169e+10 -3.158486976812369118e+00 -6.250120613020081484e-01
4.174199999455928040e+10 -3.027161275856847578e+00 -1.053456084718935371e+00
4.174199999429209137e+10 -3.002996516909782532e+00 -6.928120924726366425e-01
4.174199999435581970e+10 -2.590717904151436546e+00 -8.601468621481858090e-01
4.174199999471678925e+10 -2.412111843761143515e+00 -6.605580047342989314e-01
4.174199999477412415e+10 -2.563741606179141819e+00 -2.413231340998715502e-01
4.174199999459882355e+10 -2.582848125198257794e+00 -6.547743499866771621e-01
4.174199999465718079e+10 -2.603205872592528003e+00 -2.095595480050438941e-01
4.174199999462892914e+10 -2.931939970821132224e+00 9.568171516613421801e-02
4.174199999458059692e+10 -2.932248794073878617e+00 5.425604283084171087e-01
4.174199999471520996e+10 -2.935617492233364878e+00 9.714008911999898466e-01
4.174199999451755524e+10 -3.177294092134705039e+00 6.480405229732182359e-01
4.174199999463564301e+10 -3.079197446260417248e+00 2.255857946436086725e-01
4.174199999454564667e+10 -3.433379031180357366e+00 -3.612413482180842905e-02
4.174199999445771027e+10 -3.584402509574204476e+00 -4.502441930975814022e-01
4.174199999447250366e+10 -3.900397553652289684e+00 -1.309252653146532608e-01
4.174199999414592743e+10 -3.839698875797843858e+00 1.718966326946065881e-01
4.174199999416992950e+10 -4.137565799444622883e+00 -1.638642722122670148e-01
4.174199999404118347e+10 -4.567978546081136848e+00 -1.781784956076324367e-01
4.174199999420256042e+10 -4.871824456295214212e+00 -4.674403176086958100e-01
4.174199999381082916e+10 -4.740202323582195731e+00 -6.442331825083371655e-01
4.174199999379361725e+10 -4.926704338856440657e+00 -1.052837105774802495e+00
4.174199999368376160e+10 -4.968095692297747945e+00 -6.189539182809276063e-01
4.174199999374057770e+10 -4.906273242354753705e+00 -1.060526414284743701e+00
4.174199999366665649e+10 -5.331005981742377386e+00 -1.187703758529282672e+00
4.174199999389562988e+10 -5.714459968792122702e+00 -1.238415592222735118e+00
4.174199999376608276e+10 -5.851367959745497060e+00 -8.303586612914328757e-01
4.174199999407793427e+10 -5.568629309239057079e+00 -6.727457893716690673e-01
4.174199999416036224e+10 -5.736357351381609071e+00 -1.081535249326023740e+00
4.174199999371863556e+10 -5.718447237965920138e+00 -1.000330190248511553e+00
4.174199999354021454e+10 -5.673322862052661897e+00 -1.410410938360295852e+00
4.174199999353190613e+10 -5.389513269197357737e+00 -1.758863878671751646e+00
4.174199999349475098e+10 -5.473950948936526117e+00 -1.318948051552212064e+00
4.174199999380770874e+10 -5.777044364103854690e+00 -1.208375001168561669e+00
4.174199999341744995e+10 -5.602148477953332595e+00 -1.070001235618140978e+00
4.174199999352265930e+10 -5.565527539815055214e+00 -6.345407450527413840e-01
4.174199999353223419e+10 -5.280893933311964439e+00 -9.822883230695342860e-01
4.174199999397982788e+10 -5.320144865478066976e+00 -9.698521178555015165e-01
4.174199999421315002e+10 -5.337488250245405297e+00 -5.860599941663422463e-01
4.174199999409303284e+10 -5.534629826651052298e+00 -2.003868754258032459e-01
4.174199999406960297e+10 -5.197717573173982863e+00 -4.969969652144079486e-01
4.174199999396405792e+10 -4.899120047331458672e+00 -1.780347429577921470e-01
4.174199999394150543e+10 -5.248799113341933165e+00 -4.595523620466686610e-01
4.174199999408006287e+10 -5.149779918568268222e+00 -8.755241443909517196e-01
4.174199999387036896e+10 -5.522754321706791814e+00 -7.378416441372837031e-01
4.174199999374499512e+10 -5.779596691274800691e+00 -1.084756971752476096e+00
4.174199999359356689e+10 -5.749569281963146317e+00 -6.626151075297288529e-01
4.174199999381900787e+10 -5.582595252415489817e+00 -1.013802179389914571e+00
4.174199999423553467e+10 -5.459859909865622640e+00 -8.976969372887831922e-01
4.174199999401570892e+10 -5.801093367656140920e+00 -7.046361509972656201e-01
4.174199999425960541e+10 -6.008943522306505081e+00 -1.019831203158486632e+00
4.174199999429714966e+10 -5.891361490796939826e+00 -1.452036512454627282e+00
4.174199999438436127e+10 -5.720680828412408658e+00 -1.045467771876425811e+00
4.174199999395893860e+10 -5.670265402448714909e+00 -9.094249189234423492e-01
4.174199999357864380e+10 -5.614755184282294032e+00 -6.763377118998969983e-01
4.174199999400639343e+10 -5.654882865895411115e+00 -8.084719862871267981e-01
4.174199999430278778e+10 -5.630396309375615971e+00 -1.145500953973248581e+00
4.174199999399871063e+10 -5.793839902332376113e+00 -8.576493357450801769e-01
4.174199999420735931e+10 -6.041016098999322459e+00 -1.169749394030210610e+00
4.174199999387887573e+10 -6.269978413672529172e+00 -9.655189618773093452e-01
4.174199999374669647e+10 -6.061583851631218600e+00 -5.898374606023792932e-01
4.174199999367987823e+10 -5.635233921197795759e+00 -4.641517409317259535e-01
4.174199999348657227e+10 -5.610925760212166047e+00 -8.692166610878402366e-01
4.174199999313753510e+10 -5.873657747326401335e+00 -7.634655536855298186e-01
4.174199999310497284e+10 -5.473780189074723523e+00 -5.607985560713901751e-01
4.174199999313407898e+10 -5.509571345347474391e+00 -1.007909455767850293e+00
4.174199999343846130e+10 -5.331595152115442993e+00 -1.286679868142967198e+00
4.174199999380332184e+10 -5.361077913442076515e+00 -1.025823670268082966e+00
4.174199999370793152e+10 -5.306849329466604814e+00 -1.461710119945098363e+00
4.174199999361294556e+10 -5.696271403364224106e+00 -1.665091203444187151e+00
4.174199999339032745e+10 -6.086673796533691672e+00 -1.657029896886164755e+00
4.174199999296129608e+10 -6.016849314399337345e+00 -1.771467644673812236e+00
4.174199999326119232e+10 -6.162372365459291679e+00 -2.072997430339936109e+00
4.174199999282421875e+10 -6.067468776529197250e+00 -2.027316214018731078e+00
4.174199999325936127e+10 -6.043637678837018967e+00 -2.137400060349932573e+00
4.174199999334967804e+10 -6.003032141049152060e+00 -2.575840909043789928e+00
4.174199999312820435e+10 -5.617232014790507932e+00 -2.511466476945748205e+00
4.174199999317882538e+10 -5.489419179672353266e+00 -2.939412501657589161e+00
4.174199999315405273e+10 -5.428764705082412156e+00 -2.494728797986054403e+00
4.174199999286676025e+10 -5.141889265563175826e+00 -2.687604545240935394e+00
4.174199999286910248e+10 -5.153081231596756240e+00 -3.136943629285385171e+00
4.174199999291332245e+10 -5.586806045862270587e+00 -3.246322937222731131e+00
4.174199999311186218e+10 -5.294336296804334374e+00 -2.968690472705614702e+00
4.174199999286992645e+10 -5.574950151192395786e+00 -2.714212958508382290e+00
4.174199999324813843e+10 -5.663877129205342698e+00 -2.488190994385838017e+00
4.174199999350376892e+10 -5.791525829252522684e+00 -2.835169631135829427e+00
4.174199999374551392e+10 -5.544949024987927189e+00 -3.122909685941558600e+00
4.174199999376232910e+10 -5.557197101945431150e+00 -3.571912508015415710e+00
4.174199999374021149e+10 -5.314014161389885693e+00 -3.194540942067814360e+00
4.174199999339673615e+10 -5.565498075646933884e+00 -3.050265142008734109e+00
4.174199999351784515e+10 -5.662843425505826644e+00 -2.628491518472346300e+00
4.174199999372970581e+10 -5.591587217545127331e+00 -3.018456756411128428e+00
4.174199999404445648e+10 -5.475913808455398879e+00 -2.719144847999968473e+00
4.174199999404245758e+10 -5.585074392776206764e+00 -2.283121531678091731e+00
4.174199999433295441e+10 -5.677485614089500032e+00 -2.613439773605687577e+00
4.174199999473069000e+10 -5.492750845495691259e+00 -2.712005499451763502e+00
4.174199999470586395e+10 -5.598631142828872420e+00 -3.148135662760702669e+00
4.174199999470769501e+10 -5.743834900984085223e+00 -3.573516522932774997e+00
4.174199999494906616e+10 -5.752382759260926903e+00 -3.194433633255159499e+00
4.174199999538753510e+10 -5.749884857572617136e+00 -3.095580310696386839e+00
4.174199999504210663e+10 -5.596689605672264811e+00 -3.338987202459424264e+00
4.174199999547113800e+10 -5.705826489975917681e+00 -3.416796922628152267e+00
4.174199999547153473e+10 -5.700309064582885554e+00 -2.967346428119109536e+00
4.174199999561662292e+10 -5.803883905508276264e+00 -3.379968935456067580e+00
4.174199999605006409e+10 -5.851844821620351134e+00 -3.488905787808118664e+00
4.174199999591270447e+10 -6.279596106888417850e+00 -3.474824036527973004e+00
4.174199999601117706e+10 -6.369909091852347771e+00 -3.903989015141289265e+00
4.174199999615316772e+10 -6.016899642361390299e+00 -3.664699992203384049e+00
4.174199999601483917e+10 -6.186241708313956700e+00 -4.057414616051665313e+00
4.174199999633184052e+10 -6.491061495118891855e+00 -3.964513454574452478e+00
4.174199999605671692e+10 -6.670282125623647751e+00 -4.271473369322499991e+00
4.174199999584426880e+10 -6.617627242680280020e+00 -3.878879567219138291e+00
4.174199999624566650e+10 -6.651049105399069461e+00 -4.078369940460269127e+00
4.174199999659608459e+10 -6.932063343926233578e+00 -4.095007559711137723e+00
4.174199999658005524e+10 -6.929290779299290826e+00 -3.645817547552550053e+00
4.174199999696999359e+10 -6.759289951851979339e+00 -3.500609985135199054e+00
4.174199999671151733e+10 -6.520256431913325379e+00 -3.221164530836110984e+00
4.174199999698666382e+10 -6.550255261850611355e+00 -3.575324891697223340e+00
4.174199999663030243e+10 -6.782599319130634186e+00 -3.720451505438288287e+00
4.174199999671408844e+10 -6.902190290388132254e+00 -4.145555776415209337e+00
4.174199999660661316e+10 -6.543570353107519999e+00 -3.896803472372797561e+00
4.174199999648311615e+10 -6.621735163043025452e+00 -4.321863391165705615e+00
4.174199999649479675e+10 -6.520276482183423816e+00 -3.884135016131440299e+00
4.174199999648129272e+10 -6.576840674899606221e+00 -3.438428260789490043e+00
4.174199999651735687e+10 -6.663515625338876092e+00 -3.878000077226023468e+00
4.174199999615376282e+10 -6.457432715644969790e+00 -4.043432074013833422e+00
4.174199999620513153e+10 -6.459116432676178299e+00 -4.489968773215004205e+00
4.174199999602149200e+10 -6.352982094827223314e+00 -4.886261520420098314e+00
4.174199999598249054e+10 -6.797333989268978804e+00 -4.941636517860186650e+00
4.174199999582263184e+10 -6.524305643589106474e+00 -5.260910671093212976e+00
4.174199999553112030e+10 -6.707285797148807127e+00 -5.550004666653325813e+00
4.174199999556916809e+10 -6.687888677527707770e+00 -5.102553788535673540e+00
4.174199999540061188e+10 -6.996791507349323425e+00 -4.822902692006064918e+00
4.174199999572207642e+10 -7.032904544364239285e+00 -4.510822279799685752e+00
4.174199999587343597e+10 -7.386957440871211311e+00 -4.278929657790500940e+00
4.174199999606908417e+10 -7.060524244069235955e+00 -4.039762853333614068e+00
4.174199999593968964e+10 -7.287089554198526997e+00 -3.673754242669589054e+00
4.174199999596646881e+10 -7.721563590162173085e+00 -3.785788544420912061e+00
4.174199999603328705e+10 -8.008820899946954341e+00 -3.446591254414776540e+00
4.174199999606845093e+10 -7.564423621073266268e+00 -3.389049156679455610e+00
4.174199999622321320e+10 -7.699916298072711385e+00 -3.788706504241377893e+00
4.174199999600509644e+10 -7.610911283620219514e+00 -4.171512041470637477e+00
4.174199999614640808e+10 -7.492531232503870875e+00 -3.761568013570682822e+00
4.174199999624904633e+10 -7.802172757520341229e+00 -3.452337097813652278e+00
4.174199999663393402e+10 -7.980963484005804354e+00 -3.600428785645874985e+00
4.174199999698734283e+10 -7.710831206282934502e+00 -3.664970011009870632e+00
4.174199999698157501e+10 -7.602890880366127035e+00 -3.228676598269100584e+00
4.174199999707601929e+10 -8.036713929437498294e+00 -3.298773000301207237e+00
4.174199999740148926e+10 -7.992916421539336902e+00 -3.605676046710008187e+00
4.174199999707142639e+10 -7.687875189728781145e+00 -3.598889466271778304e+00
4.174199999730541229e+10 -7.547417379817554561e+00 -3.956045236180388613e+00
4.174199999736005402e+10 -7.742106201881287397e+00 -3.554613816114752023e+00
4.174199999764278412e+10 -7.411378504978217485e+00 -3.667401841936763773e+00
4.174199999739124298e+10 -7.123820919417406472e+00 -3.904203003127452387e+00
4.174199999760736847e+10 -7.333869650218699299e+00 -4.237675739289108456e+00
4.174199999761817932e+10 -7.404672153039815186e+00 -3.793934278180453923e+00
4.174199999747797394e+10 -7.001328219030590105e+00 -3.653602310699390898e+00
4.174199999743558502e+10 -7.163054110529269991e+00 -3.236368405371272683e+00
4.174199999752420807e+10 -7.200430772063743490e+00 -2.797295544512988563e+00
4.174199999756966400e+10 -7.238093059177432842e+00 -3.242886514674382159e+00
4.174199999740163422e+10 -7.176639950126483036e+00 -2.830545082344980923e+00
4.174199999742559052e+10 -7.200720662278568440e+00 -3.278744260440144220e+00
4.174199999742221832e+10 -6.808296104159246909e+00 -3.497897002835000713e+00
4.174199999765190125e+10 -6.730191002117702936e+00 -3.119501994664388711e+00
4.174199999729893494e+10 -6.950248239848149545e+00 -3.289871436408433603e+00
4.174199999774386597e+10 -7.014011486336550583e+00 -3.292900158836105984e+00
4.174199999759452820e+10 -6.873561352640514599e+00 -2.892890734336214020e+00
4.174199999802384186e+10 -6.757042784686483117e+00 -2.957323512568005075e+00
4.174199999797988892e+10 -6.719302891770307262e+00 -2.511587759763278083e+00
4.174199999792014313e+10 -6.743043196047191046e+00 -2.066725110359591611e+00
4.174199999807295990e+10 -6.877517950116495804e+00 -2.467474638667614073e+00
4.174199999786269379e+10 -7.098420332441700786e+00 -2.137283496574187591e+00
4.174199999788919067e+10 -7.540849810798297526e+00 -2.212053851609168120e+00
4.174199999747439575e+10 -7.475064334366664731e+00 -2.372226054862965672e+00
4.174199999759223175e+10 -7.041490787633574833e+00 -2.359366310356774576e+00
4.174199999766944122e+10 -7.039602575400522255e+00 -2.802166118104200798e+00
4.174199999796326447e+10 -7.316058262866659945e+00 -3.000345888863300559e+00
4.174199999793741608e+10 -6.967260038903105190e+00 -3.282672151590702914e+00
4.174199999824964142e+10 -7.172570274236737653e+00 -3.032872058546479455e+00
4.174199999782926941e+10 -7.301054380481827089e+00 -3.126779277173199034e+00
4.174199999792629242e+10 -6.981712459827828177e+00 -2.825708901006929619e+00
4.174199999767410278e+10 -6.639547535998007177e+00 -2.679555707851899449e+00
4.174199999796064758e+10 -6.827533696879991787e+00 -2.388709064256909542e+00
4.174199999782699585e+10 -6.859999523663138810e+00 -2.816632631760890959e+00
4.174199999787649536e+10 -6.449995009238186583e+00 -2.994064579059805276e+00
4.174199999745829010e+10 -6.342429360103352565e+00 -3.118852588519080982e+00
4.174199999731074524e+10 -6.182997828881721780e+00 -3.512361007555538261e+00
4.174199999696643829e+10 -5.925764214387150730e+00 -3.643969496672900377e+00
4.174199999721888733e+10 -5.584888371623023318e+00 -3.792655963486996296e+00
4.174199999749597931e+10 -5.822314079291112776e+00 -4.055113605241564834e+00
4.174199999745938873e+10 -5.826812676381446288e+00 -3.607143343161319571e+00
4.174199999719696808e+10 -5.493914542846304983e+00 -3.756642995025428533e+00
4.174199999741444397e+10 -5.342572402175390422e+00 -3.393549338451445685e+00
4.174199999739423370e+10 -5.366327990817167937e+00 -2.945148125073923318e+00
4.174199999762337494e+10 -5.648831353646855291e+00 -3.209196244167024314e+00
4.174199999755561829e+10 -5.520847142346774206e+00 -2.783678255927683587e+00
4.174199999716094208e+10 -5.384271693003654491e+00 -2.617504581813711262e+00
4.174199999714553070e+10 -5.317384902954855441e+00 -2.173291745818542786e+00
4.174199999714174652e+10 -5.095051338540342201e+00 -1.782664284006562738e+00
4.174199999753630829e+10 -4.912075801989671753e+00 -1.896149459572745721e+00
4.174199999765994263e+10 -4.964891739072133880e+00 -2.325056794363111745e+00
4.174199999763593292e+10 -4.884024869298725591e+00 -2.766554924863874554e+00
4.174199999753409576e+10 -4.826758847713168876e+00 -3.200589018340300740e+00
4.174199999787545776e+10 -4.909803624588119142e+00 -2.920207350907262800e+00
4.174199999830191803e+10 -5.001284695486274856e+00 -2.811579791934677441e+00
4.174199999818853760e+10 -4.740871545478626103e+00 -2.463203266472203001e+00
4.174199999820269775e+10 -4.759934498065365283e+00 -2.912060175785932792e+00
4.174199999824077606e+10 -4.813412195862685650e+00 -3.356724851572232549e+00
4.174199999813273621e+10 -5.239989598105455393e+00 -3.448348300266231625e+00
4.174199999801281738e+10 -5.179780597382301899e+00 -3.019359849952989006e+00
4.174199999820748138e+10 -5.151279673089564248e+00 -2.615220267484282157e+00
4.174199999837509918e+10 -5.379224413296914697e+00 -2.265960809933200704e+00
4.174199999835638428e+10 -5.011336961856604155e+00 -2.523536015059931081e+00
4.174199999830724335e+10 -4.791862916884228163e+00 -2.912705008344204760e+00
4.174199999830495453e+10 -4.797085628681871938e+00 -2.463256650697668526e+00
4.174199999805615234e+10 -5.146587012147502804e+00 -2.329152533547071080e+00
4.174199999790936279e+10 -5.222588350361379916e+00 -1.911166993129167047e+00
4.174199999787727356e+10 -5.224025391339447211e+00 -2.359502456092626765e+00
4.174199999776026154e+10 -5.288484527543139357e+00 -1.930330231264871355e+00
4.174199999745422363e+10 -5.563803358911362906e+00 -1.749839765363794486e+00
4.174199999703049469e+10 -5.701203009570575020e+00 -1.689766158045129085e+00
4.174199999743518066e+10 -5.888722642079801339e+00 -1.745466604257572829e+00
4.174199999722909546e+10 -6.044707991314863804e+00 -2.113206778038226652e+00
4.174199999763063812e+10 -6.119670969775100389e+00 -1.925640678813645756e+00
4.174199999796027374e+10 -6.401176569097441593e+00 -1.806773080288528233e+00
4.174199999826294708e+10 -6.069016433167778501e+00 -1.797151300024638410e+00
4.174199999828606415e+10 -6.089995033429373983e+00 -2.245550592126230871e+00
4.174199999841426849e+10 -5.703647485014432306e+00 -2.054931492849207508e+00
4.174199999837930298e+10 -5.673685289770468820e+00 -1.607811827972915442e+00
4.174199999849878693e+10 -5.269957945217234929e+00 -1.765180555733137258e+00
4.174199999864739990e+10 -5.276619430188613791e+00 -2.189334407101557911e+00
4.174199999835145569e+10 -5.341133142901463238e+00 -2.521435702693387793e+00
4.174199999862008667e+10 -4.983719383574662487e+00 -2.567578726862541849e+00
4.174199999864753723e+10 -5.022328011179596707e+00 -2.120597491340784568e+00
4.174199999878277588e+10 -4.792146515960244990e+00 -2.482209740334794024e+00
4.174199999899028778e+10 -5.182867612874450636e+00 -2.402754158319579503e+00
4.174199999882558441e+10 -5.225415399901938152e+00 -1.986702759525307949e+00
4.174199999856141663e+10 -5.509560982092626347e+00 -1.759737607825872852e+00
4.174199999888619995e+10 -5.471156250809561250e+00 -1.451392923456295669e+00
4.174199999873553467e+10 -5.352300368431861521e+00 -1.044933097376082642e+00
4.174199999829342651e+10 -5.331793968390274863e+00 -1.123415525457238662e+00
4.174199999817542267e+10 -5.155413662975704803e+00 -1.519648654582776315e+00
4.174199999825872803e+10 -4.729402137125993555e+00 -1.636315000644452233e+00
4.174199999809038544e+10 -4.828303446233475960e+00 -2.041178453560689832e+00
4.174199999840626526e+10 -4.674185030222687942e+00 -1.760988880337621243e+00
4.174199999852796936e+10 -5.106749976634437971e+00 -1.750378716006484092e+00
4.174199999880060577e+10 -5.297353287774299702e+00 -2.052660468593778820e+00
4.174199999875393677e+10 -5.502452978391235483e+00 -1.655429087954076506e+00
4.174199999844001007e+10 -5.668679516640591665e+00 -1.380012347514516957e+00
4.174199999848421478e+10 -6.042865707264262198e+00 -1.625097434412670738e+00
4.174199999821889496e+10 -5.705897750879424635e+00 -1.759612102204620054e+00
4.174199999833727264e+10 -6.137282950012419747e+00 -1.803549251610161885e+00
4.174199999801951599e+10 -6.387463413177474791e+00 -1.999703246230382758e+00
4.174199999777564240e+10 -6.012301334389672292e+00 -1.957092772172316142e+00
4.174199999802413940e+10 -5.695181206282858177e+00 -1.757795643783263140e+00
4.174199999791342163e+10 -5.938567929263888878e+00 -2.119100165752094256e+00
4.174199999799401855e+10 -5.968492009788544550e+00 -1.677913861600396128e+00
4.174199999817298889e+10 -6.380424219936815966e+00 -1.695757791540939641e+00
4.174199999842692566e+10 -6.073071763020647218e+00 -1.488184056408425660e+00
4.174199999830716705e+10 -6.307684705525425706e+00 -1.123971020686047373e+00
4.174199999874388123e+10 -6.235132659521632092e+00 -1.201758701862501333e+00
4.174199999877918243e+10 -6.269849751899633894e+00 -1.648508019778225808e+00
4.174199999873622131e+10 -6.708685419447984799e+00 -1.561248433191513962e+00
4.174199999874433899e+10 -6.620815313477647734e+00 -1.120511264029434351e+00
4.174199999891732025e+10 -6.410039917781622520e+00 -7.631764888209795483e-01
4.174199999909820557e+10 -6.501314608524860539e+00 -1.164407549036142520e+00
4.174199999900077057e+10 -6.218114835161459020e+00 -8.292347723103650203e-01
4.174199999910994720e+10 -6.079087070584160202e+00 -1.242500099443334172e+00
4.174199999884568024e+10 -6.196858890505181350e+00 -8.985110938615583631e-01
4.174199999910473633e+10 -6.296343851305552519e+00 -5.449168535194985896e-01
4.174199999941753387e+10 -6.600328846792012705e+00 -4.363388116336651690e-01
4.174199999945022583e+10 -6.442017016244097505e+00 -1.692831100246727782e-02
4.174199999941675568e+10 -6.320271704656430067e+00 4.144582582856404240e-01
4.174199999951551056e+10 -6.330985333647470625e+00 8.528297407888374426e-01
4.174199999971224976e+10 -6.455983361455919223e+00 4.685033422363478195e-01
4.174199999960968781e+10 -6.333250984101973735e+00 8.885668794425615191e-01
4.174199999981016541e+10 -6.323867146448496790e+00 4.863764541833227595e-01
4.174199999995119476e+10 -5.908243107659225224e+00 5.833464219434100206e-01
4.174199999991560364e+10 -6.215027954971247048e+00 9.099237906860357938e-01
4.174200000000560760e+10 -6.253387688154911750e+00 4.712159086107989836e-01
4.174200000010836029e+10 -6.340824710515947871e+00 4.245889229015437083e-02
