3.478500000000000000e+10 0.000000000000000000e+00 0.000000000000000000e+00
3.478500000003280640e+10 9.297259478718249148e-02 -3.706728135928488710e-01
3.478499999985921478e+10 -2.184065589634700544e-01 -2.291548663030365252e-01
3.478499999974251556e+10 -1.746694253452575341e-01 1.335934002675012999e-01
3.478499999958547211e+10 -2.394786645758358312e-01 -2.102904830051303409e-01
3.478499999922237396e+10 -3.596933878588017830e-01 -2.390057408347882051e-01
3.478499999907989502e+10 -5.205444042575606556e-01 7.871317054122500823e-02
3.478499999918579865e+10 -5.449861597261052015e-01 -2.891265049058966419e-01
3.478499999923799896e+10 -5.501078922059670084e-01 -6.690840622742433297e-01
3.478499999948355103e+10 -3.322298435029416019e-01 -8.674585575828134276e-01
3.478499999939832306e+10 -4.220704174435498945e-01 -1.230478631001110656e+00
3.478499999924588776e+10 -2.081474159103549326e-01 -9.509802418112497380e-01
3.478499999919666290e+10 -2.187999161559064376e-01 -5.707403887927344766e-01
3.478499999889870453e+10 -4.473992974092301234e-01 -6.487295253152758345e-01
3.478499999871467590e+10 -5.109919914073101088e-01 -3.182615284082933038e-01
3.478499999859462738e+10 -6.344820351448814399e-01 2.445907353915377502e-02
3.478499999859841919e+10 -6.386706749414535755e-01 -3.590596326925607484e-01
3.478499999860848999e+10 -7.650421154464885909e-01 -7.210642523276394877e-01
3.478499999881440735e+10 -9.972808839734427222e-01 -9.464123653944502834e-01
3.478499999915143585e+10 -9.390605263343370090e-01 -7.727951088370789146e-01
3.478499999902289581e+10 -1.142580848092777268e+00 -4.741713997397518088e-01
3.478499999901661682e+10 -8.691420880040102714e-01 -7.430771746344393414e-01
3.478499999903344727e+10 -9.095786549606734717e-01 -1.124128600855178295e+00
3.478499999895344543e+10 -1.097503889756531903e+00 -7.994705030766717790e-01
3.478499999903202057e+10 -9.228030272766138964e-01 -4.671695952969028842e-01
3.478499999907991028e+10 -1.274458502476942368e+00 -6.126458130075184139e-01
3.478499999909484100e+10 -1.277291745681487845e+00 -2.293867540864210630e-01
3.478499999872529602e+10 -1.330193861845813563e+00 -1.413167486236937553e-01
3.478499999835118103e+10 -1.320021549025975460e+00 -2.252906196304707009e-01
3.478499999807521820e+10 -1.056659354500015358e+00 -1.852507418406810769e-01
3.478499999809989166e+10 -6.748465689741462992e-01 -1.582534583779232340e-01
3.478499999809999084e+10 -6.769823637489339463e-01 -5.418078480731149948e-01
3.478499999802085114e+10 -9.432197804113680029e-01 -8.063323649152847050e-01
3.478499999781459808e+10 -8.838943753051017316e-01 -1.124229649569875367e+00
3.478499999770323181e+10 -7.396236733520568096e-01 -7.867365072752309230e-01
3.478499999798594666e+10 -5.610228663957661510e-01 -5.988780267980915450e-01
3.478499999790253448e+10 -8.149363951545965934e-01 -3.237611211002754397e-01
3.478499999758136749e+10 -6.052468084671792647e-01 -3.229067637066302954e-01
3.478499999750116730e+10 -2.862561428434051147e-01 -5.202171962396128224e-01
3.478499999762325287e+10 -1.091731450437779805e-01 -2.026393421138346085e-01
3.478499999752358246e+10 -2.106192876623189103e-01 -5.588597320134488511e-01
3.478499999750033569e+10 -5.636484620114714517e-01 -4.107097243356732097e-01
3.478499999748301697e+10 -5.019413064316512463e-01 -7.888775422817697613e-01
3.478499999731403351e+10 -2.750070895984099151e-01 -1.047842670981541602e+00
3.478499999710039520e+10 -4.904073528043956243e-02 -8.233094666625899727e-01
3.478499999710370636e+10 3.100069859279807605e-01 -6.884306015103029974e-01
3.478499999694290161e+10 8.563157929122702794e-02 -4.221321866211513729e-01
3.478499999699217224e+10 3.940184775690213081e-01 -6.448173119447212498e-01
3.478499999719350433e+10 6.904589229201890666e-01 -5.080401079501832839e-01
3.478499999700530243e+10 4.083936317308873853e-01 -6.873068917226858865e-01
3.478499999705985260e+10 4.412308452695609118e-01 -1.065545963371879790e+00
3.478499999720278931e+10 4.240476688689276408e-01 -7.100289314235934679e-01
3.478499999705970764e+10 6.070304878690365724e-01 -4.048027177691964629e-01
3.478499999685185242e+10 6.005238357790239068e-01 -7.270942284780179676e-01
3.478499999659233093e+10 7.614076281263503221e-01 -9.592218978274651420e-01
3.478499999626885223e+10 7.305528707449695514e-01 -7.554422025324114554e-01
3.478499999626893616e+10 7.294361300850280561e-01 -1.139000916721617962e+00
3.478499999626409149e+10 3.511902331848964498e-01 -1.075557357243077217e+00
3.478499999621824646e+10 5.046180858517916867e-01 -1.424091923167271290e+00
3.478499999587429810e+10 5.351856847619866908e-01 -1.591082039908898071e+00
3.478499999608472443e+10 6.806341716369614936e-01 -1.305276550547066705e+00
3.478499999611833191e+10 1.028811923395406724e+00 -1.147918826171643536e+00
3.478499999616738129e+10 9.569799553353236510e-01 -1.521486443785080134e+00
3.478499999617497253e+10 5.758555569350306547e-01 -1.563973159893102149e+00
3.478499999583102417e+10 6.819926637794525570e-01 -1.431491817683712586e+00
3.478499999613573456e+10 5.620759057048495544e-01 -1.631217544144414999e+00
3.478499999594412994e+10 6.867753611936826541e-01 -1.939205946502104982e+00
3.478499999600560760e+10 7.141831290621768469e-01 -1.561598225800383766e+00
3.478499999605306244e+10 7.564662432028448347e-01 -1.183340630064057208e+00
3.478499999598146057e+10 7.626985897835804051e-01 -1.560107199246429710e+00
3.478499999598553467e+10 7.666272640358907653e-01 -1.943625817056796601e+00
3.478499999560396576e+10 8.046727599697020006e-01 -1.935051667450200297e+00
3.478499999573668671e+10 8.108772563938987377e-01 -1.575239461231077165e+00
3.478499999596747589e+10 5.298976782475595115e-01 -1.697331549137834239e+00
3.478499999583189392e+10 4.620844175754424965e-01 -2.049662884010609698e+00
3.478499999573558807e+10 7.051120107873215526e-01 -2.330342458291743135e+00
3.478499999549810791e+10 6.624849017201783763e-01 -2.032176538808561528e+00
3.478499999577587891e+10 4.346584197342130418e-01 -2.166555132674750084e+00
3.478499999566057587e+10 4.569853811244246056e-01 -2.531692789245953534e+00
3.478499999548754120e+10 6.531554765491756065e-01 -2.251168653802739339e+00
3.478499999525956726e+10 8.989568935328443589e-01 -2.437520719942567915e+00
3.478499999534519196e+10 1.006160359294824502e+00 -2.795701985558298741e+00
3.478499999563627625e+10 8.296000605259072902e-01 -2.619021702406801655e+00
3.478499999597801971e+10 9.035416342337961870e-01 -2.461346379010397545e+00
3.478499999626826477e+10 1.151587119184823704e+00 -2.498076537565628641e+00
3.478499999651634979e+10 1.011003353373207236e+00 -2.241547417646740925e+00
3.478499999660368347e+10 1.068785024143990903e+00 -2.610535849632449334e+00
3.478499999687158203e+10 7.943252049805624715e-01 -2.614976118395357041e+00
3.478499999680116272e+10 8.640445366713855879e-01 -2.244437015183819994e+00
3.478499999656028748e+10 6.271766811397962993e-01 -2.426075191900398664e+00
3.478499999628720856e+10 4.023850899632278599e-01 -2.574446047903345303e+00
3.478499999647637177e+10 6.664506933117150256e-01 -2.370473913717900061e+00
3.478499999635985565e+10 5.579292469133300125e-01 -2.021524690566574911e+00
3.478499999627443695e+10 5.311916474633796570e-01 -2.394496171328704737e+00
3.478499999636267853e+10 7.882739714949930088e-01 -2.123866683794370491e+00
3.478499999625009918e+10 1.139166581360093744e+00 -2.230253658525962468e+00
3.478499999607297516e+10 8.861691739332607787e-01 -2.457713908002832515e+00
3.478499999601441193e+10 1.183539967636505930e+00 -2.222640825060067105e+00
3.478499999627740479e+10 1.074959620316252806e+00 -2.479861146682690531e+00
3.478499999614741516e+10 1.270000992194310729e+00 -2.176247782270452902e+00
3.478499999652108765e+10 1.295678064127094409e+00 -2.258882721345428557e+00
3.478499999618523407e+10 1.340625092282339281e+00 -2.079159803791175154e+00
3.478499999615888977e+10 1.158572639451472819e+00 -2.415732797382374564e+00
3.478499999619464874e+10 7.769184868128792276e-01 -2.429141454676285061e+00
3.478499999618317413e+10 4.609076545739331787e-01 -2.212060597473827883e+00
3.478499999596280670e+10 4.231671746264499268e-01 -2.523720447128315225e+00
3.478499999586502838e+10 5.122354215604045802e-01 -2.163687029439893550e+00
3.478499999580170441e+10 2.394249293504790432e-01 -2.425761818703905170e+00
3.478499999546534729e+10 6.099220821938949877e-02 -2.379474814516868708e+00
3.478499999578478241e+10 9.161845701534601649e-02 -2.169380672668367094e+00
3.478499999582138824e+10 3.425232807147370329e-01 -1.881586371114925216e+00
3.478499999598213196e+10 -1.208849996145955341e-03 -1.825650709488114698e+00
3.478499999620599365e+10 3.023491512104240497e-01 -1.755948084423191835e+00
3.478499999620444489e+10 3.192580972852233634e-01 -1.372763761466854193e+00
3.478499999592028046e+10 9.146679363879101077e-02 -1.493095912960304306e+00
3.478499999584344482e+10 2.360830120881858007e-01 -1.146250903679455924e+00
3.478499999553448486e+10 6.658780435215763682e-02 -1.297685713617442671e+00
3.478499999526972198e+10 2.583968095488518579e-01 -1.498257172752014199e+00
3.478499999541821289e+10 -1.285942102836168388e-03 -1.258187309574474888e+00
3.478499999518727875e+10 1.168121888745709963e-01 -9.756289814333303223e-01
3.478499999494185638e+10 2.853164853903353282e-01 -7.337766286978698593e-01
3.478499999510580444e+10 7.326437616504141714e-02 -1.008137238768182176e+00
3.478499999497753906e+10 2.462897594420863923e-02 -1.366327358425138971e+00
3.478499999499971771e+10 3.299848376170060049e-02 -9.835003033230969027e-01
3.478499999521652222e+10 -9.350790304312357748e-02 -1.273516884547763794e+00
3.478499999491211700e+10 -9.288743252383428739e-02 -1.506870827124409784e+00
3.478499999482238007e+10 -6.858078152808438910e-02 -1.878993821645092765e+00
3.478499999462175751e+10 6.936396516031534398e-02 -1.582614431665154697e+00
3.478499999484904480e+10 3.201277121321817187e-01 -1.763104795786459178e+00
3.478499999486802673e+10 5.150935935179804526e-01 -1.433337374216291815e+00
3.478499999500361633e+10 1.768949371022749961e-01 -1.313521761200793669e+00
3.478499999475560760e+10 2.847201553007935315e-01 -1.041519998116590573e+00
3.478499999483708954e+10 3.119995274607537672e-01 -1.415331229399681812e+00
3.478499999485727692e+10 5.609119705256576660e-01 -1.124206737579108051e+00
3.478499999486542511e+10 5.151172073115266592e-01 -7.434771981996503021e-01
3.478499999483269501e+10 1.333712742132240892e-01 -7.612855291570913563e-01
3.478499999495636749e+10 -1.526586907864448950e-01 -9.849151799193749390e-01
3.478499999522755432e+10 -3.985811901272314772e-01 -8.704617006355049869e-01
3.478499999510856628e+10 -5.357482906879498241e-01 -5.326078494539423502e-01
3.478499999494867706e+10 -3.152913597387331790e-01 -8.027051496333227343e-01
3.478499999524308014e+10 -3.110182588528216385e-01 -1.048528216368983079e+00
3.478499999529640198e+10 -5.529135939696456781e-01 -1.341379821553169149e+00
3.478499999563141632e+10 -3.793667854660807137e-01 -1.272347814167328339e+00
3.478499999555889893e+10 -6.144694123942850972e-01 -1.566602756205958569e+00
3.478499999557134247e+10 -7.134499024992243532e-01 -1.196242668324912106e+00
3.478499999534342194e+10 -4.659639273781688851e-01 -1.012067845747782080e+00
3.478499999516571045e+10 -5.038608357422030837e-01 -1.349855279246811035e+00
3.478499999532288361e+10 -4.500885594041734716e-01 -1.004131891073710925e+00
3.478499999542144012e+10 -7.378170545486417709e-01 -1.237834692568994921e+00
3.478499999552873993e+10 -8.412023534679267112e-01 -8.843980988141934008e-01
3.478499999527397919e+10 -5.611175701916701897e-01 -8.230211339595880915e-01
3.478499999539664459e+10 -4.009282176124288055e-01 -1.149229279017905059e+00
3.478499999545510101e+10 -4.205554555432583497e-02 -1.027114600405922840e+00
3.478499999576351929e+10 -1.301644119475572903e-01 -8.167962392256981063e-01
3.478499999594886780e+10 -2.165670723432204792e-01 -4.923001193098941464e-01
3.478499999557988739e+10 -2.939901332080271934e-01 -4.217508038283658278e-01
3.478499999564213562e+10 -6.504448443689109238e-01 -2.945360540093021062e-01
3.478499999577545166e+10 -5.483195951682693359e-01 -6.393786461058215131e-01
3.478499999568130493e+10 -4.772325383907050078e-01 -2.744103237683554464e-01
3.478499999580195618e+10 -3.410151858467226349e-01 -6.120597840876089712e-01
3.478499999580426788e+10 -1.863978454192536105e-01 -9.630678818710907141e-01
3.478499999550401306e+10 -2.391719132962487337e-01 -1.195831672822371905e+00
3.478499999516790771e+10 -9.986149173846201044e-02 -1.074409278126076783e+00
3.478499999517103577e+10 -9.536532878887231390e-02 -1.457930529266882935e+00
3.478499999543381500e+10 -1.344712690676850841e-01 -1.181278061242016175e+00
3.478499999534536743e+10 -1.327619676476408939e-01 -1.554498071275944415e+00
3.478499999513659668e+10 -3.792159010716588119e-01 -1.761364879910493064e+00
3.478499999507695770e+10 -5.988320408002805184e-01 -1.452609074436915115e+00
3.478499999534990692e+10 -6.047502210499926534e-01 -1.183194534053586322e+00
3.478499999552722168e+10 -5.646482005781845448e-01 -1.520935332370958681e+00
3.478499999555117798e+10 -6.333759368413297564e-01 -1.897526953160426633e+00
3.478499999543674469e+10 -3.278886450215104387e-01 -2.099273570909197861e+00
3.478499999541934204e+10 -7.840537737159147813e-03 -2.309951108720984525e+00
3.478499999527909851e+10 -1.913611968987117551e-01 -2.616171067175160125e+00
3.478499999562738037e+10 -2.932320612490059153e-01 -2.740423505202336685e+00
3.478499999562988281e+10 -2.846341993824240135e-01 -3.123879310705854895e+00
3.478499999549517059e+10 -1.412444898609453714e-01 -2.794621105640381131e+00
3.478499999512712860e+10 -1.391301493520122612e-01 -2.686653389252292801e+00
3.478499999497956085e+10 -4.813051447485883205e-01 -2.777529766993856342e+00
3.478499999478584290e+10 -5.077631899695403961e-01 -3.107519422233563589e+00
3.478499999504430389e+10 -2.304185710720380031e-01 -3.165806433111948870e+00
3.478499999467750549e+10 -1.192598864268505504e-01 -3.180746051569437682e+00
3.478499999470383453e+10 -1.114124168997895764e-01 -2.798171043710889982e+00
3.478499999470629883e+10 -1.641072649615164525e-01 -2.418255614367735173e+00
3.478499999455490875e+10 -3.882400996486944367e-01 -2.146290304871709242e+00
3.478499999457992554e+10 -1.212224247473842054e-02 -2.075380451444892138e+00
3.478499999456439972e+10 -1.740839286567880118e-01 -2.422721596628742979e+00
3.478499999456256104e+10 -1.740292365584770184e-01 -2.039165655928205201e+00
3.478499999456622314e+10 -1.746742180704745906e-01 -2.422707954921378359e+00
3.478499999484175110e+10 -4.398713361414711143e-01 -2.452262935434876834e+00
3.478499999477891541e+10 -8.124497153595180432e-01 -2.518257176558160282e+00
3.478499999492650604e+10 -9.817229813013252926e-01 -2.207318825209091173e+00
3.478499999476538849e+10 -9.622875362507378183e-01 -2.554854374849247378e+00
3.478499999450339508e+10 -1.110375063702117915e+00 -2.317056138819924893e+00
3.478499999474805450e+10 -1.098814569431211252e+00 -2.021882830589898816e+00
3.478499999462693787e+10 -1.403543607069386745e+00 -2.220856046644349213e+00
3.478499999494592285e+10 -1.455443659333836459e+00 -2.014285988405841721e+00
3.478499999495538330e+10 -1.429956362465336861e+00 -1.631690404874154066e+00
3.478499999493372345e+10 -1.812461447363187483e+00 -1.650113099208800671e+00
3.478499999507492065e+10 -1.531780449500594443e+00 -1.870114220400941774e+00
3.478499999515885162e+10 -1.655662614726396420e+00 -1.516946012175274028e+00
3.478499999486559296e+10 -1.683810429137921894e+00 -1.762558924132747951e+00
3.478499999484331512e+10 -1.683276471289265386e+00 -1.379646535607977009e+00
3.478499999493247223e+10 -1.846711193663570949e+00 -1.714994200405830282e+00
3.478499999513724518e+10 -1.861595482304278182e+00 -1.391008721904719803e+00
3.478499999534683990e+10 -1.654632426268862311e+00 -1.636681935248860409e+00
3.478499999527406311e+10 -2.005511754295150162e+00 -1.773451655160901197e+00
3.478499999559226227e+10 -1.951746311041380189e+00 -1.980757865636457282e+00
3.478499999534157562e+10 -2.148084740656654557e+00 -2.194596234479795793e+00
3.478499999550646973e+10 -2.066069878761585876e+00 -1.858141239985385607e+00
3.478499999550127411e+10 -2.066014886441547738e+00 -2.241666419572917679e+00
3.478499999545030212e+10 -2.384336128679784395e+00 -2.033839227397176597e+00
3.478499999566948700e+10 -2.669066113841485510e+00 -2.168028868986288327e+00
3.478499999550015259e+10 -2.639810247956841494e+00 -1.825115212171879442e+00
3.478499999547142029e+10 -2.725491899308797095e+00 -1.452353107909581942e+00
3.478499999560321808e+10 -2.553460413115305361e+00 -1.768824315809824910e+00
3.478499999571177673e+10 -2.882101430015068910e+00 -1.934137201844975396e+00
3.478499999575584412e+10 -2.927664713605902413e+00 -1.555851154093069288e+00
3.478499999613603210e+10 -2.949741437077605166e+00 -1.601566656137665356e+00
3.478499999587315369e+10 -3.181370445416718873e+00 -1.445479027627005308e+00
3.478499999601170349e+10 -3.319159061031461189e+00 -1.115422503128137066e+00
3.478499999627897644e+10 -3.531816218159731680e+00 -9.408891210527872140e-01
3.478499999641351318e+10 -3.514179218386327630e+00 -1.299647206660006882e+00
3.478499999643359375e+10 -3.509959800524012241e+00 -1.682658222646268964e+00
3.478499999634633636e+10 -3.196396744907870069e+00 -1.885593322471742050e+00
3.478499999613844299e+10 -2.884197823321376308e+00 -1.805410662323867932e+00
3.478499999635340118e+10 -3.096769433718888909e+00 -1.569351399657753054e+00
3.478499999626584625e+10 -2.751699549650175047e+00 -1.712106057813898463e+00
3.478499999599937439e+10 -3.024295080992666751e+00 -1.669623728500814641e+00
3.478499999600288391e+10 -3.054497772530845978e+00 -2.051977025745438610e+00
3.478499999628987885e+10 -3.308820506173409282e+00 -2.060459760621294212e+00
3.478499999619433594e+10 -2.963018125351368770e+00 -1.924770724659680132e+00
3.478499999588484192e+10 -3.181244774999004932e+00 -1.985657098814018751e+00
3.478499999591991425e+10 -3.015748326912436106e+00 -1.641419781294539471e+00
3.478499999612017059e+10 -2.688888494774557270e+00 -1.628014181239408220e+00
3.478499999618565369e+10 -3.066744662660750187e+00 -1.635462886594082788e+00
3.478499999630828857e+10 -2.977896854724294329e+00 -1.987861326142348339e+00
3.478499999614582825e+10 -2.793975823809168091e+00 -1.693074447695404938e+00
3.478499999616919708e+10 -2.412857863828912208e+00 -1.656723700555414958e+00
3.478499999649707794e+10 -2.226070047196989865e+00 -1.587992312633810688e+00
3.478499999677246094e+10 -2.039952463066325716e+00 -1.779412004661404589e+00
3.478499999712343597e+10 -2.012574050782270696e+00 -1.931677443987823262e+00
3.478499999730174255e+10 -1.679349491743647116e+00 -1.997145663021494100e+00
3.478499999764982605e+10 -1.521120505571068149e+00 -2.027516185744823840e+00
3.478499999800015259e+10 -1.643922175126117269e+00 -2.123994537421956430e+00
3.478499999828980255e+10 -1.817141589355686371e+00 -2.306253498416324099e+00
3.478499999820503235e+10 -2.110043677089593395e+00 -2.538936599682299899e+00
3.478499999815180969e+10 -2.438479468194137745e+00 -2.729766783479361081e+00
3.478499999828557587e+10 -2.409412803933982605e+00 -3.088068966760311618e+00
3.478499999832575226e+10 -2.031723369607298491e+00 -3.034633338177715967e+00
3.478499999829630280e+10 -1.818052463840242661e+00 -3.351802197380419734e+00
3.478499999828153229e+10 -1.848664704830708105e+00 -3.733853570437259961e+00
3.478499999808706665e+10 -2.178333685277085152e+00 -3.758734086732978597e+00
3.478499999834862518e+10 -2.158123031049795859e+00 -4.038548634068560794e+00
3.478499999842707825e+10 -2.521189651537501408e+00 -3.942911812549842576e+00
3.478499999845146179e+10 -2.513343356570220344e+00 -4.325615776537754087e+00
3.478499999878975677e+10 -2.335192837810911914e+00 -4.356275177461446546e+00
3.478499999913892365e+10 -2.182589295624021375e+00 -4.312547883738068855e+00
3.478499999939045715e+10 -2.194247741543901231e+00 -4.023211926270612082e+00
3.478499999912535095e+10 -1.927056134853389224e+00 -3.949423791112582016e+00
3.478499999933607483e+10 -1.819649198035713900e+00 -3.647468120769380651e+00
3.478499999938657379e+10 -1.894537188469432420e+00 -4.020241711258355721e+00
3.478499999972004700e+10 -1.798894373615757880e+00 -4.183847663227760805e+00
3.478499999939688873e+10 -1.593707938506977895e+00 -4.208013070466367189e+00
3.478499999935881805e+10 -1.595200778768649075e+00 -4.589676154199584523e+00
3.478499999960630035e+10 -1.526424317583010559e+00 -4.304824189259469414e+00
3.478499999935131836e+10 -1.780106482303179360e+00 -4.171604673383683348e+00
3.478499999931325531e+10 -1.763623501756601319e+00 -4.552915620411341457e+00
3.478499999938586426e+10 -1.400146252736407915e+00 -4.651561075185916216e+00
3.478499999968605804e+10 -1.257486013455765717e+00 -4.460116369359825583e+00
3.478500000002748871e+10 -1.382963275670243908e+00 -4.338464866704138778e+00
3.478499999989292908e+10 -1.248438993195793989e+00 -4.671503791486614432e+00
3.478499999981619263e+10 -1.191510097755622999e+00 -4.300035538821136427e+00
3.478499999979232788e+10 -1.152961563203959594e+00 -3.919163955151726331e+00
3.478499999987291718e+10 -1.193013138522988958e+00 -3.546310052940795821e+00
3.478500000003334045e+10 -8.661082302742220129e-01 -3.666789395780249539e+00
3.478499999998601532e+10 -8.414373325305550821e-01 -4.046618148804319581e+00
3.478500000018048859e+10 -1.115295559539520642e+00 -4.231825035452621897e+00
