3.478500000000000000e+10 0.000000000000000000e+00 0.000000000000000000e+00
3.478499999990773010e+10 -1.343800257608986914e-01 -3.471986656424560502e-01
3.478499999975244141e+10 -2.555141448224184098e-01 -6.763363369649504353e-01
3.478499999969775391e+10 -3.136768277033639141e-01 -1.051496533787747767e+00
3.478499999994603729e+10 -5.842360680783271754e-01 -9.407216986727178210e-01
3.478499999998218536e+10 -9.620757048557528890e-01 -9.959412265932717778e-01
3.478499999982215881e+10 -1.310117785795454903e+00 -1.015338554154525896e+00
3.478499999989343262e+10 -1.425191427685210455e+00 -6.564561320168410541e-01
3.478500000003221893e+10 -1.264529827303029430e+00 -9.759018463430928492e-01
3.478500000037131500e+10 -1.440447560735574228e+00 -9.414857107611886988e-01
