3.478500000000000000e+10 0.000000000000000000e+00 0.000000000000000000e+00
3.478500000008681488e+10 3.893099552950743392e-02 3.715731455319802312e-01
3.478499999997505951e+10 3.143717782169481723e-01 1.291653250280747067e-01
3.478499999980202484e+10 3.706054161557547078e-01 4.668287256172162225e-01
3.478499999979615784e+10 3.536171926282388744e-01 8.368972620945530627e-02
3.478499999974275208e+10 6.344019169836208061e-01 3.394756756428097821e-01
3.478499999981130219e+10 5.639827392522684946e-01 -3.128095195125196737e-02
3.478499999956303406e+10 8.256252544960901441e-01 -1.617653954230588997e-01
3.478499999922476959e+10 9.004189283959189716e-01 -3.263870859028770166e-01
3.478499999920149994e+10 1.178327303412548321e+00 -5.897198895703061883e-01
3.478499999913809204e+10 1.184016247153448109e+00 -9.679605111631903736e-01
3.478499999909233093e+10 1.320818526630336720e+00 -6.125601567636425049e-01
3.478499999872986603e+10 1.381123100069666210e+00 -7.225678155702071059e-01
3.478499999877198029e+10 1.563305334962087567e+00 -1.057462270852754127e+00
3.478499999883992767e+10 1.524870390645535645e+00 -1.432994917819431002e+00
3.478499999892754364e+10 1.835116877677309244e+00 -1.640814381267241995e+00
3.478499999890576935e+10 1.862543523600779016e+00 -1.258856180970241434e+00
3.478499999909344482e+10 1.550112291007226251e+00 -1.378364129469445309e+00
3.478499999902222443e+10 1.560030767789570172e+00 -1.755123582561409101e+00
3.478499999896549225e+10 1.394553965015181696e+00 -1.413777366939290125e+00
3.478499999889103699e+10 1.440994048542092676e+00 -1.787165177788635040e+00
3.478499999861831665e+10 1.397753475154772440e+00 -1.520943608802300950e+00
3.478499999851397705e+10 1.371479554213905772e+00 -1.889104163130427061e+00
3.478499999826678467e+10 1.196850858384398419e+00 -2.124729224760163682e+00
3.478499999841354370e+10 1.329514415337840427e+00 -1.796125194144941872e+00
3.478499999872490692e+10 1.366197321625667982e+00 -2.017089188735965877e+00
3.478499999869363403e+10 1.549295036662867275e+00 -2.352672105192792351e+00
3.478499999852803802e+10 1.529936635300646053e+00 -2.007243496824235418e+00
3.478499999869129181e+10 1.876723978708579654e+00 -1.992915135165107321e+00
3.478499999885791779e+10 1.534091582092474093e+00 -2.037150751498837842e+00
3.478499999882447052e+10 1.607957682695165369e+00 -2.412042489906502496e+00
3.478499999888704681e+10 1.373385111515240453e+00 -2.115093393087418061e+00
3.478499999917002869e+10 1.372970882777060586e+00 -1.856170821466098131e+00
3.478499999906150818e+10 1.468571356834452724e+00 -2.211420282801153103e+00
3.478499999916831207e+10 1.490549841057527303e+00 -1.843685604930191957e+00
3.478499999895376587e+10 1.306181937329968568e+00 -2.102714429723756773e+00
3.478499999897060394e+10 1.615783096083816206e+00 -1.876922231914748496e+00
3.478499999911492157e+10 1.308200062843507094e+00 -2.054923632594256144e+00
3.478499999907847595e+10 1.287573180559119734e+00 -1.673656560030215124e+00
3.478499999929233551e+10 1.485497733309733670e+00 -1.923076040671155118e+00
3.478499999917717743e+10 1.177988124373327672e+00 -2.121304880367951728e+00
3.478499999901716614e+10 1.197059363990492287e+00 -1.773235853372566728e+00
3.478499999924678040e+10 9.866859458859899012e-01 -1.997155363176239762e+00
3.478499999922585297e+10 1.218634130116643677e+00 -2.301918757358088374e+00
3.478499999948485565e+10 1.213833181812856266e+00 -2.019054194174347838e+00
3.478499999925357056e+10 1.364476429856319228e+00 -1.752721590661994622e+00
3.478499999922571564e+10 1.382543657463552123e+00 -1.370601006672860223e+00
3.478499999902994537e+10 1.075353388876473693e+00 -1.250493630327406347e+00
3.478499999870349884e+10 1.040681854029186004e+00 -1.052127824525125099e+00
3.478499999845413208e+10 1.150701680802874938e+00 -1.322000950802750374e+00
3.478499999882589722e+10 1.178400921300758242e+00 -1.231764592847728768e+00
3.478499999856777191e+10 1.019096891434143171e+00 -1.466521061031693884e+00
3.478499999855519104e+10 1.092447560194163669e+00 -1.842792082203170478e+00
3.478499999877492523e+10 1.401805158862724054e+00 -1.786804509763225912e+00
3.478499999865586853e+10 1.196868880804095925e+00 -2.088376796520874379e+00
3.478499999836274719e+10 9.726635656374617023e-01 -1.983818441465116100e+00
3.478499999803134155e+10 1.003267351667330054e+00 -1.793152664357842374e+00
3.478499999796549225e+10 8.150509756809161122e-01 -2.120806418197305199e+00
3.478499999781858826e+10 1.050777202675740041e+00 -1.856284969331975621e+00
3.478499999759765625e+10 1.137924835495144782e+00 -2.157470584238942113e+00
3.478499999761988831e+10 1.209777208244826374e+00 -1.781357078950112971e+00
3.478499999798185730e+10 1.140366989231125894e+00 -1.887570644624307903e+00
3.478499999817330170e+10 1.336482842828990991e+00 -1.619233410594863365e+00
3.478499999794090271e+10 1.077059507779225989e+00 -1.779879117999323634e+00
3.478499999798102570e+10 1.091060542939752631e+00 -1.398680345231761324e+00
3.478499999778065491e+10 8.409386216839982442e-01 -1.609415973930727217e+00
3.478499999771405792e+10 8.161076438081467099e-01 -1.232498321290263377e+00
3.478499999771064758e+10 1.036895176405085994e+00 -9.188746733522912269e-01
3.478499999790808105e+10 9.203209870865892706e-01 -1.226363697892686622e+00
3.478499999756953430e+10 1.052320392088939016e+00 -1.349157530359733848e+00
3.478499999776860046e+10 7.765216221100050831e-01 -1.526431497328757159e+00
3.478499999796098328e+10 4.822174484283787144e-01 -1.679700136370658514e+00
3.478499999778312683e+10 7.744610626259098574e-01 -1.853133749036042444e+00
3.478499999809805298e+10 8.781207829747610383e-01 -1.660270285760439890e+00
3.478499999802675629e+10 7.756212321430148160e-01 -2.022939053930275399e+00
3.478499999784526825e+10 1.110478148326603076e+00 -1.977641567490233232e+00
3.478499999751294708e+10 1.242234426344313247e+00 -1.838647982113941648e+00
3.478499999772953033e+10 9.394307592987514166e-01 -1.746351325208846061e+00
3.478499999778190613e+10 8.824584991790808131e-01 -1.370678926242973716e+00
3.478499999748171997e+10 7.125386761394698620e-01 -1.538416843623992003e+00
3.478499999761952972e+10 8.477222505795570795e-01 -1.206977078273706372e+00
3.478499999780221558e+10 8.419159119701100646e-01 -8.697672813725492169e-01
3.478499999794218445e+10 1.194143395835786770e+00 -9.286219107891561242e-01
3.478499999762039948e+10 1.355313586005977955e+00 -1.061280810484746429e+00
3.478499999729124451e+10 1.275871583527253605e+00 -1.241464197132615022e+00
3.478499999757471466e+10 1.326952496797215053e+00 -9.881783784654071257e-01
3.478499999767968750e+10 1.633438262465702895e+00 -1.193521833710387225e+00
3.478499999736585999e+10 1.805576382486347997e+00 -1.055691765926172643e+00
3.478499999749225616e+10 1.810538451682222494e+00 -6.935894401004949472e-01
3.478499999768183136e+10 2.060144305669862952e+00 -4.725104065323962321e-01
3.478499999774460602e+10 1.994836743675691748e+00 -9.980029725541283980e-02
3.478499999794551849e+10 1.672069582032905011e+00 -1.505381111221832380e-01
3.478499999808766937e+10 1.317707902785560048e+00 -1.871451978835594887e-01
3.478499999808003998e+10 1.668106233684421680e+00 -3.429699797686985852e-01
3.478499999816871643e+10 1.506756562355576534e+00 -6.794537196932538548e-01
3.478499999827048492e+10 1.348002075671490330e+00 -3.454488205784929655e-01
3.478499999840104675e+10 1.091764710954470363e+00 -9.165031950691415741e-02
3.478499999813548279e+10 1.171340713148260493e+00 1.734218558517857112e-01
3.478499999836910248e+10 1.426834972825733461e+00 8.302202605871777941e-03
3.478499999859520721e+10 1.120694500242806368e+00 5.596255271119138924e-02
3.478499999855706787e+10 9.759872246781862160e-01 -2.971995684976913576e-01
3.478499999842070770e+10 6.175398730568861794e-01 -3.034554144375657403e-01
3.478499999811022949e+10 4.054573296027458307e-01 -2.276687688395126474e-01
3.478499999812547302e+10 4.406208779687622590e-01 1.539720004149022214e-01
3.478499999797483063e+10 7.589007126221634092e-01 3.060354294924950702e-01
3.478499999822191620e+10 5.995501826157505487e-01 5.523601241256478334e-01
3.478499999843936920e+10 8.032620800964331842e-01 7.938845180222455777e-01
3.478499999861678314e+10 5.756542531481732006e-01 1.046547722263080571e+00
3.478499999860955048e+10 6.197756317231952750e-01 6.656021885418459405e-01
3.478499999898870087e+10 5.918639985794373892e-01 6.147873946751293284e-01
3.478499999912813568e+10 6.378026375752939847e-01 2.604341340457044240e-01
3.478499999896717072e+10 9.716917474190616133e-01 3.590530838489370269e-01
3.478499999903794861e+10 1.292064268220406209e+00 5.577242142885721066e-01
3.478499999909986877e+10 1.042714507640605692e+00 8.425212774885830758e-01
3.478499999895497894e+10 1.283286013704782791e+00 5.812717395606190607e-01
3.478499999903443909e+10 1.356727273463724126e+00 9.492542692997403275e-01
3.478499999895571899e+10 1.337767179286191377e+00 5.743385167400337776e-01
3.478499999906528473e+10 1.170642431171863951e+00 9.017259005260236382e-01
3.478499999923084259e+10 1.116349477256222800e+00 5.600204026099653287e-01
3.478499999946269226e+10 1.204861954922346712e+00 2.675669238740357447e-01
3.478499999924565125e+10 1.190501266348558573e+00 -4.835134991064188315e-02
3.478499999956621552e+10 1.173939255438438911e+00 1.616054051475380726e-01
3.478499999955883026e+10 1.301496170811847986e+00 5.232588077162555473e-01
3.478499999921653748e+10 1.466085944222587756e+00 4.697420809225121285e-01
3.478499999950975800e+10 1.356177970384059961e+00 2.482459678614817311e-01
3.478499999979462433e+10 1.551902525629998530e+00 8.192635834627007285e-02
3.478500000011963654e+10 1.583751256962298015e+00 2.830964026981171999e-01
