2.782800000000000000e+10 0.000000000000000000e+00 0.000000000000000000e+00
2.782799999987881851e+10 -2.860030443571750722e-02 -3.190287643071287316e-01
2.782800000001766205e+10 2.793150995350247023e-01 -2.625221818481862646e-01
2.782800000002442551e+10 2.408096881558810243e-01 -6.027480889884611059e-01
2.782799999989224243e+10 4.634754044574082021e-01 -3.786292831245709478e-01
2.782799999962799835e+10 6.774099436300683452e-01 -4.197166778628561024e-01
2.782799999955122375e+10 4.704125349072989515e-01 -1.579152277408331084e-01
2.782799999944015884e+10 5.785138821434543388e-01 -4.633012224189402839e-01
2.782799999926932526e+10 8.555602813070477541e-01 -3.567965368369112600e-01
2.782799999925037384e+10 8.489560550251834536e-01 -1.492040778830722170e-02
2.782799999944280624e+10 8.936290004611304738e-01 2.648238274630486111e-01
2.782799999935411835e+10 9.735229108762945005e-01 5.858126083388615069e-01
2.782799999946155930e+10 9.008928571137044816e-01 9.027723107104916878e-01
2.782799999946232605e+10 7.430224028031409134e-01 1.206677534753814784e+00
2.782799999978698730e+10 8.513442916598240595e-01 1.194663742272444873e+00
2.782800000001630020e+10 8.979833314786014320e-01 9.446182819375004147e-01
2.782800000001137924e+10 1.083512680702624742e+00 1.232431968394432475e+00
2.782799999995640945e+10 1.050285720913042509e+00 1.568818865976126409e+00
2.782799999993396759e+10 1.093385327780149741e+00 1.229819180682324653e+00
2.782799999990586853e+10 1.146755344674077470e+00 1.566930752343348887e+00
2.782800000007351685e+10 9.117861497415997718e-01 1.382632613567002400e+00
2.782800000007039261e+10 9.011839895317332871e-01 1.040346351648355983e+00
2.782800000034663773e+10 8.773653679502941838e-01 8.393406442615050089e-01
