4.869900000000000000e+10 0.000000000000000000e+00 0.000000000000000000e+00
4.869899999961973572e+10 2.536812546790128686e-01 3.304623321652375711e-01
4.869899999962493896e+10 2.118110408141085643e-02 8.443477067923176316e-01
4.869899999974748230e+10 1.153191225088525951e-01 3.018688759772532038e-01
4.869899999972425079e+10 3.805066617821023511e-01 7.991589404783296935e-01
4.869899999918634796e+10 2.539856322662210064e-01 6.859461177002268428e-01
4.869899999927675629e+10 6.745858013451280222e-01 3.211409447229309766e-01
4.869899999899817657e+10 9.271852262222923802e-01 -9.927370426651216384e-02
4.869899999883709717e+10 8.004895803935399012e-01 4.262381914098016811e-01
4.869899999880844116e+10 4.289986055167324674e-01 2.758886111910607841e-03
4.869899999890800476e+10 2.968349433940323245e-01 5.420005612421556762e-01
4.869899999888739014e+10 4.700467526195907242e-01 5.591792675615270269e-03
4.869899999841007996e+10 6.113588376706104999e-01 -2.596790831862170190e-01
4.869899999837037659e+10 2.754716791498265649e-01 -7.110822167702465224e-01
4.869899999838263702e+10 -1.474742306139747994e-02 -1.194594462379276134e+00
4.869899999850690460e+10 4.505250366088336955e-01 -1.488260750761917661e+00
4.869899999852256775e+10 2.972072407827782148e-01 -2.030856352702050671e+00
4.869899999865040588e+10 5.634719935928753642e-01 -1.550312228065761522e+00
4.869899999857033539e+10 2.333293814794589194e-01 -2.000596719586726913e+00
4.869899999882758331e+10 4.601284440898817385e-01 -1.552773137597072584e+00
4.869899999902360535e+10 6.380512273909348941e-01 -1.054696602258395011e+00
4.869899999942283630e+10 2.506460686245927105e-01 -1.147945428925001288e+00
4.869899999931712341e+10 4.003896345550779778e-01 -1.681389774036564866e+00
4.869899999960067749e+10 4.742662851649924183e-01 -1.199414342997044081e+00
4.869899999948020172e+10 1.018158998082191014e+00 -1.110935193282704070e+00
4.869899999950361633e+10 1.022296303912382021e+00 -5.473785076305296426e-01
4.869899999949106598e+10 1.013442014426192417e+00 1.647045228640520165e-02
4.869899999990376282e+10 8.532296793824505343e-01 -3.330612136933843170e-01
4.869899999988172150e+10 7.291894692871553341e-01 2.167477027573072035e-01
4.869899999979904175e+10 7.485146471192143380e-01 7.743780835420286390e-01
4.869899999979921722e+10 6.149929066477242134e-01 1.322404975029500385e+00
4.869900000005534363e+10 8.756097172367564019e-01 8.927073395102954612e-01
4.869899999995463562e+10 6.995368762594361689e-01 1.419031590605902560e+00
4.869900000031362915e+10 1.121523021893247263e+00 1.313138121776559863e+00
