4.174200000000000000e+10 0.000000000000000000e+00 0.000000000000000000e+00
4.174200000001551056e+10 6.278315132011086375e-02 -4.448077599463803322e-01
4.174199999961674500e+10 1.822839009823787881e-01 -2.752655673233135314e-01
4.174199999928784180e+10 2.924734910635366503e-01 -5.611251447544671755e-01
4.174199999891693878e+10 9.604394108278585529e-02 -4.002381003353573941e-01
4.174199999914425659e+10 1.330394215700219651e-01 -7.862337008876993938e-01
4.174199999924880981e+10 -1.752441868623052512e-01 -1.096179619970934160e+00
4.174199999968981171e+10 -2.621175253752144885e-01 -1.094106882691172622e+00
4.174199999983884430e+10 -1.533288675020431646e-01 -1.503973646863469682e+00
4.174199999978823853e+10 -1.119545330769478320e-01 -1.059267706978228141e+00
4.174199999993128967e+10 -1.596201515154574424e-01 -6.358290203224910009e-01
4.174199999959761810e+10 -1.539929964281632757e-01 -9.369413519652923794e-01
4.174199999959041595e+10 2.361935912866761078e-01 -1.159963566473704022e+00
4.174199999965707397e+10 4.791390664750558304e-02 -7.572921954411098167e-01
4.174199999974162292e+10 2.797669310042045776e-01 -3.816165501694896989e-01
4.174199999943675232e+10 1.992460359293502514e-01 -7.019386999297587693e-01
4.174199999969762421e+10 -6.296869608623223424e-02 -4.465475989881677044e-01
4.174200000003825378e+10 -2.675085262105030837e-01 -6.567202685594060174e-01
4.174200000043381500e+10 -3.382061553825954636e-01 -8.581444434709294411e-01
