6.957000000000000000e+09 0.000000000000000000e+00 0.000000000000000000e+00
6.956999999758419991e+09 1.185562723895997039e-01 1.096261966275376004e-01
6.956999999641662598e+09 -1.285166975449113236e-01 2.084043783527742000e-01
6.956999999518655777e+09 -1.543666424864094111e-01 -5.357956680195974375e-02
6.956999999603658676e+09 -1.834008873739088052e-01 -3.299236369490681775e-01
6.956999999655776978e+09 -1.899949398164355596e-01 -4.413581586843523530e-02
6.956999999397900581e+09 -1.879511553667158330e-01 8.976662437089347191e-02
6.956999999356330872e+09 -4.281288862310096976e-01 -6.841402159478660039e-02
6.956999999187978745e+09 -1.921865828859872227e-01 -8.898631048693617096e-02
6.956999999171175003e+09 -4.126949908778145826e-01 -2.774755055765086853e-01
6.956999999422704697e+09 -3.676864522558109805e-01 -1.391221749585861422e-01
6.956999999493670464e+09 -3.417764533696160956e-01 -4.197055871645297698e-01
6.956999999467012405e+09 -3.444279755073794691e-01 -7.090441998341325824e-01
6.956999999646692276e+09 -3.892747857596423611e-01 -9.329605777484885065e-01
6.956999999915092468e+09 -3.518703597874496269e-01 -8.280940835407526457e-01
6.956999999977116585e+09 -1.061118724691640647e-01 -6.860014448849404145e-01
6.957000000245103836e+09 -5.880861943579368534e-03 -6.352937253663282213e-01
