6.957000000000000000e+09 0.000000000000000000e+00 0.000000000000000000e+00
6.957000000059790611e+09 -2.443531608514213083e-01 1.454343303387495012e-01
6.957000000053085327e+09 -2.386668011750752438e-01 -1.450087871312588372e-01
6.957000000007061005e+09 -2.717660241425642886e-01 1.399837035015607245e-01
6.956999999839430809e+09 -5.037136513180111574e-01 8.963688624240676028e-02
6.956999999671224594e+09 -2.699264668381265997e-01 5.110561594274958680e-02
6.956999999958737373e+09 -3.025003547961485628e-01 2.446302210538468455e-02
6.956999999972177505e+09 -8.370705315669912938e-02 -1.662811983501407131e-01
6.956999999921376228e+09 -2.053766997303709263e-01 9.265943101438345320e-02
6.957000000210365295e+09 -1.799069182654823018e-01 1.091263759434688285e-01
