1.391400000000000000e+10 0.000000000000000000e+00 0.000000000000000000e+00
1.391399999980855370e+10 1.142996992219054778e-02 -2.302430822548549860e-01
1.391399999981515121e+10 -2.314122772130552397e-01 -5.480585403056195681e-02
1.391399999964404488e+10 -1.085220131706987751e-01 1.583020911498115857e-01
1.391399999974915695e+10 -1.864791932498726101e-01 4.278727742569197190e-01
1.391399999974928093e+10 -1.780900296328892796e-01 1.283336104786087506e-01
1.391400000004099083e+10 -2.206449494056840488e-01 7.458787357992477385e-02
1.391399999990546417e+10 -1.044301806549191580e-01 3.152550242967392946e-01
1.391399999970681381e+10 1.180722134212628116e-01 3.439812492965571566e-01
1.391399999947186089e+10 1.593676812790286723e-01 5.253266624550733122e-01
1.391399999975943565e+10 2.424953814617027692e-01 5.117550816230228561e-01
1.391399999972879982e+10 2.018401751493371088e-01 8.070560289174573132e-01
1.391399999961771584e+10 6.552637455139559419e-02 5.644181467801501206e-01
1.391399999982816124e+10 2.785765092551835131e-01 5.752283908955048153e-01
1.391399999966888618e+10 5.008430324803833100e-01 4.526604423589347670e-01
1.391399999969588661e+10 4.902492778330578282e-01 7.509100241571929901e-01
1.391399999969867325e+10 4.243522827136559927e-01 4.586021032441940926e-01
1.391399999973783302e+10 4.237947555046078785e-01 7.556885727996351942e-01
1.391399999970215607e+10 3.951015552015267884e-01 4.595502262001942007e-01
1.391399999953128624e+10 3.658679325116876435e-01 2.151267515434993616e-01
1.391399999960621262e+10 8.528876496502368898e-02 2.889881272126638700e-01
1.391399999962394905e+10 1.399922933410049919e-01 5.830748839593552502e-01
1.391399999959541130e+10 2.116913750729568222e-01 8.726245130628496049e-01
1.391399999983877754e+10 1.355681335744234883e-01 1.030017808767505594e+00
1.391399999998336792e+10 2.503887867356175412e-01 1.266034700640271016e+00
1.391400000027903366e+10 2.139140228553240430e-01 1.298371434293038806e+00
