4.869900000000000000e+10 0.000000000000000000e+00 0.000000000000000000e+00
4.869899999971015167e+10 -3.816175864450511712e-01 -2.975195729083940366e-01
4.869899999928961182e+10 -1.573838645488351284e-02 -2.112461528988601178e-01
4.869899999932910156e+10 -9.311024530584403880e-03 -7.738833769578021826e-01
4.869899999898213196e+10 -1.569328260811372888e-02 -3.292106026934772944e-01
4.869899999920629883e+10 -1.137121341021328502e-02 1.883713900452392287e-01
4.869899999914382935e+10 4.083203532943937564e-01 5.600135935978791668e-01
4.869899999877716064e+10 2.066070608909319761e-01 1.818216119759230587e-01
4.869899999930427551e+10 3.424552781976649141e-01 3.296744020169828371e-01
4.869899999959732056e+10 1.344002491189145165e-01 7.644150389391165534e-01
4.869899999916810608e+10 -2.286891230601480474e-01 7.185577096516866380e-01
4.869899999897546387e+10 -4.493829919089732394e-01 2.365355854260880464e-01
4.869899999888988495e+10 -5.598248870232036545e-01 7.830161506941353267e-01
4.869899999883433533e+10 -3.809773293238182812e-01 1.315077350762397623e+00
4.869899999865772247e+10 -1.096339567364806311e-01 1.776966598286211951e+00
4.869899999815132141e+10 -6.461887297996156410e-02 2.021291681869622270e+00
4.869899999805812073e+10 -3.236201239667736429e-01 1.528956790730058302e+00
4.869899999835327911e+10 -3.078708951620192091e-01 2.009366840368586260e+00
4.869899999882261658e+10 -2.523108981675203921e-01 1.701471210278859170e+00
4.869899999855879974e+10 -5.286530204114291420e-01 2.116437273974944411e+00
4.869899999857896423e+10 -6.407817547917051826e-01 1.564004515340662538e+00
4.869899999865217590e+10 -1.070612428079965595e-01 1.396840101164712022e+00
4.869899999880660248e+10 3.076776567311242938e-03 8.656309524440053416e-01
4.869899999875126648e+10 -5.582508442476867838e-01 8.623007068178040191e-01
4.869899999834696198e+10 -7.234420330045518988e-01 5.053493268214452883e-01
4.869899999824346161e+10 -6.101420581306867819e-01 1.048131928198005269e+00
4.869899999802384186e+10 -2.162450779467534612e-01 7.093476354071950318e-01
4.869899999805567932e+10 -2.309079267903597632e-01 1.272315791111406025e+00
4.869899999811581421e+10 -7.911448607759384855e-01 1.298385496497614477e+00
4.869899999834959412e+10 -3.971374999038198017e-01 9.693444482250436200e-01
4.869899999830918121e+10 -5.996406728480037085e-01 4.444439660733831010e-01
4.869899999810009003e+10 -7.483288133514529594e-01 9.467721112879601275e-01
4.869899999815115356e+10 -4.501514764245557743e-01 4.707005710062311388e-01
4.869899999780776215e+10 -6.950655586548447618e-01 9.618392835195838098e-02
4.869899999789322662e+10 -5.929905932372752098e-01 6.443064371873181706e-01
4.869899999746566772e+10 -6.019892605678152098e-01 2.765114690709359335e-01
4.869899999797564697e+10 -7.403491449557634274e-01 7.917607781379282228e-02
4.869899999772129822e+10 -2.568424034256535649e-01 -6.113722404650617781e-02
4.869899999813941193e+10 -5.207717411250005757e-01 -3.325901900815468881e-01
4.869899999850430298e+10 -8.039598404768293349e-01 -8.832887157722402183e-03
4.869899999900704956e+10 -9.107122437567628515e-01 2.235634311411319186e-01
4.869899999904908752e+10 -8.928080122985097011e-01 7.857679369449237505e-01
4.869899999902057648e+10 -7.496861315699498984e-01 1.330620977605343036e+00
4.869899999896159363e+10 -2.796092975968048622e-01 1.636742113165851498e+00
4.869899999876618958e+10 -3.269290942191354077e-01 1.109732444635352921e+00
4.869899999830532837e+10 -2.032759655056153858e-01 1.410529371639493545e+00
4.869899999810128784e+10 2.013239888820380075e-01 1.074629082446981965e+00
4.869899999852391052e+10 -3.939160378119002659e-02 7.889637543377032713e-01
4.869899999903908539e+10 1.850178538021078067e-01 8.379523881191717205e-01
4.869899999864319611e+10 -1.367895913838121091e-01 5.973898020504690987e-01
4.869899999836470032e+10 1.955951550621226331e-01 2.366641229008522584e-01
4.869899999851316071e+10 -2.742299570787213314e-01 5.112298356021645063e-01
4.869899999897006226e+10 4.835157840708936838e-02 4.381439638027277428e-01
4.869899999918125153e+10 -7.411488591792711467e-02 -7.034784143413402857e-02
4.869899999931957245e+10 -1.232320672691719632e-01 -6.149737148260598918e-01
4.869899999927062988e+10 -1.486535464911620252e-03 -1.163557701551994672e+00
4.869899999879724884e+10 8.306489977220685161e-02 -8.687316131289399834e-01
4.869899999889693451e+10 -3.232054621318258825e-04 -1.417613637984440844e+00
4.869899999864138794e+10 1.250786407086542373e-01 -9.306502757429337969e-01
4.869899999854523468e+10 5.844922727581650657e-01 -6.178314681683358955e-01
4.869899999909715271e+10 6.347716536465786152e-01 -5.128539629006616529e-01
4.869899999914018250e+10 8.981085097963852348e-01 -1.589932595509785385e-02
4.869899999944207001e+10 1.181512313574361928e+00 3.671227121454110898e-01
4.869899999926014709e+10 1.145201511027514885e+00 8.998029699213450083e-01
4.869899999978422546e+10 1.353613839167055133e+00 9.082396307838326299e-01
4.869900000009616852e+10 1.792226976560575169e+00 7.395098327364654223e-01
4.869899999990201569e+10 1.480204811756816285e+00 3.115984754521145539e-01
4.869900000036234283e+10 1.769538366806807428e+00 4.617604411610803927e-01
