6.957000000000000000e+09 0.000000000000000000e+00 0.000000000000000000e+00
6.957000000083574295e+09 7.285365063076985892e-02 -2.685929520634637857e-01
6.957000000064042091e+09 3.353097985308138296e-01 -1.454274321986829266e-01
6.956999999789992332e+09 2.692384999779033339e-01 -7.495920521298064798e-02
6.956999999880119324e+09 2.521101754143493801e-01 2.007549188972566623e-01
6.956999999641727448e+09 9.944633130803798293e-02 2.663118841994047137e-01
6.956999999758128166e+09 1.543070977641404495e-01 5.782184578667692865e-03
6.956999999737275124e+09 9.406667420117728606e-02 2.892795199669858652e-01
6.956999999823079109e+09 -8.984725714807512142e-02 8.131828964616821809e-02
6.956999999997797012e+09 -2.439623807396431587e-01 -9.233892751611236238e-02
6.957000000045510292e+09 -2.602104291999128849e-01 1.938322085543376094e-01
6.957000000053203583e+09 -2.733410978546246817e-01 -9.634515680299746143e-02
6.957000000061217308e+09 -2.039331359980997571e-01 -3.783962303111938486e-01
6.957000000066237450e+09 -1.484122479606274636e-01 -6.635746457652262897e-01
6.956999999890798569e+09 -2.781993683175563170e-01 -4.717122960661219166e-01
6.956999999991895676e+09 -5.260810639192265992e-01 -3.587143440037994235e-01
6.956999999900615692e+09 -7.403576252404115987e-01 -5.324615493935186405e-01
6.957000000026663780e+09 -8.487752781233093291e-01 -7.707724628466763317e-01
6.957000000070085526e+09 -8.780252278796121246e-01 -1.056593260306682547e+00
6.956999999919920921e+09 -7.894674636886297447e-01 -1.289063985140278090e+00
6.956999999947416306e+09 -8.511114393445771142e-01 -1.571691911312260048e+00
6.956999999764809608e+09 -6.868754890344835884e-01 -1.726984323280625233e+00
6.956999999613639832e+09 -5.924360221439837204e-01 -1.956469609860326475e+00
6.956999999607427597e+09 -6.673157295667695443e-01 -1.675775935534693506e+00
6.956999999890945435e+09 -7.236921081282623458e-01 -1.705335794480260070e+00
6.956999999667087555e+09 -7.830070473938761655e-01 -1.880845757147269204e+00
6.956999999750814438e+09 -7.503219960024183344e-01 -2.157171672842039367e+00
6.956999999647421837e+09 -5.075100465011250783e-01 -2.278772565054268284e+00
6.956999999554431915e+09 -3.335302092680200725e-01 -2.065422070022477907e+00
6.956999999710285187e+09 -4.757641846939866803e-01 -1.865637440882893738e+00
6.956999999640241623e+09 -2.350995404167683656e-01 -2.012637153473126439e+00
6.956999999866209984e+09 -2.876085618154485268e-01 -1.837664588185177861e+00
6.957000000093093872e+09 -1.741145058931078404e-01 -1.979358390595508554e+00
6.956999999978705406e+09 -4.225267191316264825e-01 -2.077548251129655910e+00
6.956999999978439331e+09 -4.803078358112308766e-01 -1.792775061440530671e+00
6.956999999864804268e+09 -2.130323571378253678e-01 -1.783535265132546677e+00
6.956999999849838257e+09 -1.182367657704613273e-01 -2.057805780643020555e+00
6.956999999640117645e+09 4.140644909317675593e-02 -1.935470218074159199e+00
6.956999999823010445e+09 -1.765057001476944692e-02 -2.153408154525981111e+00
6.956999999684881210e+09 1.895971396365981332e-01 -2.303085095166993668e+00
6.956999999546635628e+09 3.137876728777261315e-02 -2.102362348905695288e+00
6.956999999477151871e+09 -1.457978237946806754e-02 -2.380740320958479650e+00
6.956999999456592560e+09 1.484866597418741385e-01 -2.141113183409492304e+00
6.956999999166994095e+09 1.556818770219222381e-01 -2.118408740880024510e+00
6.956999999287286758e+09 3.489098094203249012e-01 -2.299038786000668466e+00
6.956999999522390366e+09 2.373187474619708193e-01 -2.428298947166184885e+00
6.956999999269656181e+09 3.261345804545411897e-01 -2.315729477896241395e+00
6.956999999011419296e+09 4.186014081794150465e-01 -2.219821914645483840e+00
6.956999999115195274e+09 6.896378316375038064e-01 -2.205528446221757477e+00
6.956999999051823616e+09 9.729596964885693922e-01 -2.217663305197631995e+00
6.956999998912608147e+09 1.064950449008863043e+00 -2.455552465860355138e+00
6.956999999051352501e+09 1.317242507776710037e+00 -2.494709683503629538e+00
6.956999998957832336e+09 1.202377489951787171e+00 -2.244720741024339716e+00
6.956999998858513832e+09 1.458584931966147913e+00 -2.150232240244708048e+00
6.956999999103107452e+09 1.511157922082011495e+00 -2.002433645233788084e+00
6.956999999381814957e+09 1.510720253903778953e+00 -1.920237524557713460e+00
6.956999999126924515e+09 1.403020981237566467e+00 -2.008930505499594066e+00
6.956999999123419762e+09 1.392296363501616341e+00 -1.718573492526293212e+00
6.956999998851546288e+09 1.308249629050487695e+00 -1.777354628517355595e+00
6.956999998841118813e+09 1.320332309821484529e+00 -1.487217103627758608e+00
6.956999998707574844e+09 1.258262035870522322e+00 -1.236721783593937030e+00
6.956999998561504364e+09 1.013010125476835555e+00 -1.182413054330824442e+00
6.956999998554739952e+09 9.875991182411079095e-01 -8.930291847690871032e-01
6.956999998778800964e+09 9.105762269112609442e-01 -7.248067429908120474e-01
6.956999998836741447e+09 1.096079729054092233e+00 -9.408294484362009769e-01
6.956999998623052597e+09 1.159263586069562368e+00 -1.127321699490792861e+00
6.956999998668815613e+09 9.391522714202675814e-01 -9.432258220942894011e-01
6.956999998510654449e+09 9.158800713032515528e-01 -7.005782586166768855e-01
6.956999998767624855e+09 9.279218438849861084e-01 -8.356927772330967619e-01
6.956999998824098587e+09 9.716181754023445194e-01 -1.117358946289027433e+00
6.956999998930175781e+09 7.688873877078026275e-01 -1.296474327026379658e+00
6.956999999036699295e+09 8.127691512129744389e-01 -1.563235746025279038e+00
6.956999999145783424e+09 6.684246122966099879e-01 -1.790611570634523586e+00
6.956999999327304840e+09 5.852160094776691635e-01 -1.579516963070399793e+00
6.956999999390981674e+09 4.089299133492475535e-01 -1.357474155524380555e+00
6.956999999467995644e+09 6.828701295777166447e-01 -1.416296590819289936e+00
6.956999999451852798e+09 6.749811929040566705e-01 -1.706316723734327079e+00
6.956999999623795509e+09 7.547855046203427731e-01 -1.486086115411292097e+00
6.956999999379006386e+09 8.645874687580210605e-01 -1.597694057594702066e+00
6.956999999590998650e+09 1.006979362268850320e+00 -1.459064004377389479e+00
6.956999999576855659e+09 9.332771186435845356e-01 -1.739781773624886396e+00
6.956999999482592583e+09 1.147541893976217420e+00 -1.911943068379363897e+00
6.956999999459746361e+09 1.144172273618171198e+00 -1.622286069676216247e+00
6.956999999450937271e+09 1.373230984504253627e+00 -1.800860997822291587e+00
6.956999999368632317e+09 1.516122135700476381e+00 -1.561606772392032383e+00
6.956999999150362968e+09 1.325597641635016144e+00 -1.539396015719381117e+00
6.956999999066296577e+09 1.085366866030786692e+00 -1.679597844522226380e+00
6.956999999071256638e+09 1.085053626242687752e+00 -1.389064209204704747e+00
6.956999999129378319e+09 9.222972239490709878e-01 -1.155468918141484558e+00
6.956999999089686394e+09 6.503505161591043304e-01 -1.249830319042642968e+00
6.956999998862854958e+09 5.356228021485279767e-01 -1.390612847577947564e+00
6.956999999011382103e+09 6.754024687311668274e-01 -1.597581101396251313e+00
6.956999999017331123e+09 6.555094519174037293e-01 -1.887414465145501818e+00
6.956999999179667473e+09 4.214806586184552950e-01 -1.829864123390221753e+00
6.956999999199000359e+09 7.112281829326858595e-01 -1.819515047028311017e+00
6.956999999477411270e+09 6.686462193710399626e-01 -1.748040581949326100e+00
6.956999999363439560e+09 4.168297227381654868e-01 -1.837669360149225106e+00
6.956999999432648659e+09 4.276932814206884093e-01 -1.555664842087009392e+00
6.956999999460016251e+09 4.056482669678684871e-01 -1.267221568676110799e+00
6.956999999471012115e+09 5.585256746582688558e-01 -1.020357060270162153e+00
6.956999999606362343e+09 3.363987136091551866e-01 -1.149873215509945368e+00
6.956999999664601326e+09 3.095287823138754280e-01 -8.664641269202484342e-01
6.956999999527656555e+09 1.914498909828793449e-01 -6.390042093857990491e-01
6.956999999552135468e+09 -8.474349513302698034e-02 -7.259093509214420425e-01
6.956999999509686470e+09 -2.807864168468611199e-01 -5.156719722379154991e-01
6.956999999220602989e+09 -2.972580605758720074e-01 -5.400451891420563477e-01
6.956999999169120789e+09 -2.041294489954706970e-01 -2.696544541530225270e-01
6.956999999216581345e+09 -3.167609577371227614e-01 -5.332756296837639631e-01
6.956999999102645874e+09 -2.442199617678417756e-01 -2.759995856309573337e-01
6.956999998920555115e+09 -3.180790736527343565e-01 -4.900609552601202790e-01
6.956999998839613914e+09 -4.387369842924254693e-01 -7.417049828725781335e-01
6.956999998782201767e+09 -5.922835359419573731e-01 -5.017845770321918142e-01
6.956999998553377151e+09 -4.196676718374653392e-01 -5.495076784965292616e-01
6.956999998287542343e+09 -3.312034605285120725e-01 -4.724326409741637089e-01
6.956999998518135071e+09 -4.450933785676955412e-01 -3.371895826811975305e-01
6.956999998487749100e+09 -2.614180013974793382e-01 -5.602917371933860968e-01
6.956999998255741119e+09 -2.520047806200428342e-01 -7.349859957045689063e-01
6.956999998254769325e+09 -2.689351583761715458e-01 -1.025066873680249291e+00
6.956999998140763283e+09 -1.130077370890691935e-01 -1.242146714018540710e+00
6.956999998011956215e+09 -6.153939281428938424e-02 -9.868149324529630340e-01
6.956999998188645363e+09 -2.891382111175470060e-01 -9.492108334254857338e-01
6.956999998432998657e+09 -2.887763560172374455e-01 -1.106456047485179672e+00
6.956999998278186798e+09 -1.519954110213158904e-01 -1.310805900519463663e+00
6.956999998495395660e+09 -3.360821610435235640e-01 -1.252781349923325127e+00
6.956999998323728561e+09 -2.781206527066507617e-01 -1.025612979293732296e+00
6.956999998295970917e+09 -4.451256187106277240e-01 -7.894491790908979567e-01
6.956999998424176216e+09 -2.309616190989058071e-01 -6.406821730242699964e-01
6.956999998503414154e+09 -2.480196118806796690e-01 -9.197249201195283330e-01
6.956999998624773026e+09 -4.561434520501691514e-01 -1.082178209962026738e+00
6.956999998623985291e+09 -3.721034842075724436e-01 -8.040214909149596689e-01
6.956999998399896622e+09 -3.916906570576069169e-01 -9.879651415628241118e-01
6.956999998370155334e+09 -1.670377410676324725e-01 -1.169847030559773460e+00
6.956999998639257431e+09 -7.231387587310267318e-02 -1.225035005240978636e+00
6.956999998750265121e+09 -2.107418328062003049e-02 -1.488637691364924853e+00
6.956999998744908333e+09 2.646662694013934281e-01 -1.541156209149332268e+00
6.956999998809683800e+09 3.670831896112669024e-01 -1.805257382492879259e+00
6.956999998788100243e+09 3.833877071103322653e-01 -1.515942979371766031e+00
6.956999998587339401e+09 5.829010473062870012e-01 -1.450186618144813977e+00
6.956999998834033966e+09 7.224126471949272599e-01 -1.514319565397012957e+00
6.956999998935568810e+09 5.212736233681998232e-01 -1.697808452746347285e+00
6.956999998786024094e+09 5.294373102162805989e-01 -1.448801857670754867e+00
6.956999998948324203e+09 7.455372654292257151e-01 -1.342059115841222283e+00
6.956999999238221169e+09 7.271934121458435429e-01 -1.334471424165598830e+00
6.956999999315068245e+09 1.007283681754477911e+00 -1.325611234421109730e+00
6.956999999116130829e+09 1.018572561017970335e+00 -1.537107846901899499e+00
6.956999998931091309e+09 1.237824052546738329e+00 -1.583191171563141930e+00
6.956999998988487244e+09 1.037949892772574989e+00 -1.786145714443447163e+00
6.956999998726290703e+09 1.149415376344766537e+00 -1.729025721110859504e+00
6.956999998548007965e+09 1.285392749363613030e+00 -1.544201742218337614e+00
6.956999998677199364e+09 1.449709324471263550e+00 -1.342350260172994192e+00
6.956999998774039268e+09 1.715858137124090632e+00 -1.407321450128909968e+00
6.956999998813245773e+09 1.631989960613643653e+00 -1.682754702017196680e+00
6.956999998799403191e+09 1.471562047122545236e+00 -1.440875072532774581e+00
6.956999999053331375e+09 1.424177211869490645e+00 -1.307798177516978910e+00
6.956999998869403839e+09 1.362829211322764245e+00 -1.524227292082736440e+00
6.956999999118459702e+09 1.213890721493499303e+00 -1.539165975872768044e+00
6.956999999124564171e+09 1.215396642855322007e+00 -1.829674089699761197e+00
6.956999999019974709e+09 1.179340536213848489e+00 -1.560981927043577411e+00
6.956999999086366653e+09 1.161287619669085114e+00 -1.278668712509573702e+00
6.956999999125875473e+09 8.737258733680941525e-01 -1.292150665733556414e+00
6.956999999139366150e+09 6.017621204158979387e-01 -1.190719868912966994e+00
6.956999999202176094e+09 7.386864487013972136e-01 -9.422422836738681973e-01
6.956999999225859642e+09 6.057662516981503487e-01 -6.849373607213883330e-01
6.956999999269236565e+09 4.202754816164957496e-01 -9.043596719316254751e-01
6.956999999022510529e+09 5.342553227338163735e-01 -1.007167615405465844e+00
6.956999999108994484e+09 4.355459332644270876e-01 -1.266419374628175998e+00
6.956999999250892639e+09 4.239293499105918905e-01 -1.013112186177392182e+00
6.956999999378073692e+09 1.941079834926087988e-01 -8.888480650943577643e-01
6.956999999426964760e+09 4.803679493986769966e-01 -8.788797702886674834e-01
6.956999999602398872e+09 3.451284752799659294e-01 -6.908170967621499736e-01
6.956999999575873375e+09 2.355784624142270023e-01 -9.586410411506720575e-01
6.956999999428961754e+09 2.568905967340067154e-01 -7.088464496648139157e-01
6.956999999364202499e+09 2.038255028214014941e-01 -9.870996672722200937e-01
6.956999999497010231e+09 2.658045619854234598e-01 -7.361907591234913006e-01
6.956999999448945999e+09 1.449939721033562945e-01 -4.763270768278571876e-01
6.956999999494611740e+09 -1.229413617541880721e-01 -5.790881468841231339e-01
6.956999999327688217e+09 -3.357896989033635204e-01 -4.729439077451818019e-01
6.956999999131551743e+09 -1.363885124727548248e-01 -5.517109650692616496e-01
6.956999999126446724e+09 -7.463811951708809733e-03 -8.120700555974932344e-01
6.956999999134964943e+09 1.415535911698598270e-01 -5.627595096228490412e-01
6.956999999158521652e+09 3.972296950768804957e-01 -6.988084420011646536e-01
6.956999999401927948e+09 3.499163633179899202e-01 -5.473175864784285416e-01
6.956999999625562668e+09 4.771137021744149553e-01 -4.122517737053184583e-01
6.956999999485388756e+09 5.645975722569636090e-01 -1.732281791387972336e-01
6.956999999238960266e+09 6.186880898187360200e-01 -2.907031236287552223e-02
6.956999998952836990e+09 6.458441578689406715e-01 1.371572062035187473e-02
6.956999999027505875e+09 5.975920219344182938e-01 2.903575754091745620e-01
6.956999998906218529e+09 6.645158097242720441e-01 5.457887631129330064e-01
6.956999998622753143e+09 7.088505328324458121e-01 5.917899026327830825e-01
6.956999998801912308e+09 6.136241514373921291e-01 3.837791683559297340e-01
6.956999998867705345e+09 4.359233896788239360e-01 6.040703288015527583e-01
6.956999998829849243e+09 4.810548696691926973e-01 8.886130738895420267e-01
6.956999999116153717e+09 5.104888663213894562e-01 8.486363144908626310e-01
6.956999999040304184e+09 4.683804716085799846e-01 5.713129428994105918e-01
6.956999998754309654e+09 5.121047106809065719e-01 5.442949356280379902e-01
6.956999998471506119e+09 5.636333647801818891e-01 5.018483598357511566e-01
6.956999998382091522e+09 4.473101125821858925e-01 7.526639942226618363e-01
6.956999998295082092e+09 4.403576442910147049e-01 4.755078944261079688e-01
6.956999998413854599e+09 4.343236523974428054e-01 2.103831268188760539e-01
6.956999998449252129e+09 6.972570937458487661e-01 9.186093415709582766e-02
6.956999998231986046e+09 5.091158084324504118e-01 4.904841262097647120e-02
6.956999998322099686e+09 7.764279600844635754e-01 -2.065267129937877616e-02
6.956999998336752892e+09 1.057376295115556752e+00 -9.337000320347549343e-02
6.956999998081826210e+09 9.314142997721277517e-01 -3.353349245770715498e-02
6.956999998065563202e+09 9.035495875776088370e-01 2.552459385333079034e-01
6.956999998047784805e+09 9.164594631911463507e-01 -3.449834417522484875e-02
6.956999998140065193e+09 1.165149205107517849e+00 -1.531249149839428170e-01
6.956999998123866081e+09 1.256111449708945838e+00 -4.286207496642342463e-01
6.956999998237787247e+09 1.207288580577031034e+00 -1.658036752741532949e-01
6.956999998220495224e+09 1.225387883451669824e+00 -4.552995997448193166e-01
6.956999998235415459e+09 1.304108268249850155e+00 -1.759879497411427907e-01
6.956999997974609375e+09 1.279885794021341949e+00 -5.017851945548529313e-02
6.956999997977380753e+09 1.296257758690437356e+00 -3.402798403287664031e-01
6.956999997698501587e+09 1.289653079175118844e+00 -2.589322951620054436e-01
6.956999997742179871e+09 1.202068071654219361e+00 1.466521711934248851e-02
6.956999997478658676e+09 1.287863693718891200e+00 -7.268487186656659438e-02
6.956999997663105965e+09 1.451341055561574667e+00 8.122701966544575158e-02
6.956999997738789558e+09 1.512127607823849473e+00 3.551092688237739714e-01
6.956999997731342316e+09 1.498179053040977982e+00 6.452548839683668325e-01
6.956999997537717819e+09 1.394408997166285191e+00 8.354546863265183143e-01
6.956999997450360298e+09 1.413806309782755122e+00 5.590003889915637902e-01
6.956999997502243042e+09 1.397581178789642165e+00 8.444463156377983726e-01
6.956999997591873169e+09 1.429141159610137990e+00 1.119045712052963770e+00
6.956999997694304466e+09 1.673654606930370381e+00 1.000069084525726071e+00
6.956999997764322281e+09 1.505075956651126479e+00 1.226151401074520031e+00
6.956999997682952881e+09 1.581308801192591318e+00 1.494483561985048503e+00
6.956999997599489212e+09 1.510122149227632660e+00 1.225409596507317733e+00
6.956999997658085823e+09 1.559583781984634543e+00 1.505685319850871506e+00
6.956999997604549408e+09 1.643873212342878976e+00 1.232805067113526665e+00
6.956999997403010368e+09 1.650852588355745887e+00 1.442012685175491526e+00
6.956999997549644470e+09 1.876639859638503660e+00 1.551342494466896316e+00
6.956999997372776985e+09 2.078891003263452220e+00 1.440676904915921375e+00
6.956999997500139236e+09 2.042980145128512781e+00 1.699373047306337536e+00
6.956999997305341721e+09 2.206187704780068870e+00 1.558476495344480073e+00
6.956999997330254555e+09 2.104407492454913431e+00 1.829501679847551410e+00
6.956999997252723694e+09 1.945101104054908658e+00 2.059816442666288161e+00
6.956999997265968323e+09 1.851663124373289948e+00 2.334640799818949120e+00
6.956999997352419853e+09 2.128590498031969425e+00 2.351130620589672038e+00
6.956999997420803070e+09 1.964422543049027192e+00 2.121332664308592353e+00
6.956999997357902527e+09 1.790105957500844003e+00 1.897520821098305221e+00
6.956999997540930748e+09 1.784681909405392730e+00 1.671897856155452944e+00
6.956999997636261940e+09 1.890232265534100398e+00 1.925286012794449331e+00
6.956999997537968636e+09 1.914940043704845829e+00 2.197613763053744673e+00
6.956999997405947685e+09 2.173655778159640395e+00 2.189172705403614749e+00
6.956999997481029510e+09 1.901569467679327108e+00 2.120134872572625895e+00
6.956999997369825363e+09 1.928890619711798982e+00 1.853073594026026782e+00
6.956999997373324394e+09 1.895524039486831347e+00 2.141706449965781633e+00
6.956999997446546555e+09 1.946913651804135004e+00 1.865242828519591889e+00
6.956999997457174301e+09 1.944683851488691273e+00 2.155616006254455375e+00
6.956999997299629211e+09 1.703097954646548340e+00 2.190973611819274414e+00
6.956999997304362297e+09 1.707310850268482616e+00 1.900466560759870527e+00
6.956999997305166245e+09 1.419973435677663653e+00 1.943722337448893667e+00
6.956999997397950172e+09 1.316481436068824395e+00 1.688545726586053286e+00
6.956999997393649101e+09 1.278555926165693135e+00 1.976604142490489879e+00
6.956999997389034271e+09 1.482920424183983954e+00 2.183118919997296459e+00
6.956999997524095535e+09 1.634440887190989899e+00 2.391047718458798155e+00
6.956999997684889793e+09 1.544835893334117749e+00 2.166212815587082119e+00
6.956999997783171654e+09 1.456109719343803510e+00 2.424868480984586849e+00
6.956999997782444000e+09 1.454337860815960948e+00 2.715438316186683299e+00
6.956999997858915329e+09 1.450136731822828651e+00 2.435136623643873399e+00
6.956999998070330620e+09 1.627157005096700360e+00 2.526797588036290065e+00
6.956999998093482018e+09 1.614202760255047719e+00 2.237435030516026213e+00
6.956999998035092354e+09 1.610665465645468197e+00 1.952807803881747795e+00
6.956999997752136230e+09 1.551173624093699299e+00 1.923977013847922413e+00
6.956999997551709175e+09 1.652624178066709471e+00 1.739663895347571820e+00
6.956999997398393631e+09 1.897554939701835197e+00 1.770287787098492993e+00
6.956999997621439934e+09 1.761654424426414511e+00 1.642945988747273711e+00
6.956999997594153404e+09 1.916759215856157939e+00 1.398748436251320726e+00
6.956999997638395309e+09 1.802481983751531791e+00 1.135275703214935206e+00
6.956999997816232681e+09 1.705831836438021609e+00 9.267876300756796581e-01
6.956999997748400688e+09 1.579947718492732633e+00 6.738320556447781051e-01
6.956999997784420013e+09 1.804870276701102227e+00 8.542397716449425804e-01
6.956999997901751518e+09 1.682025729273038950e+00 1.089987738947396201e+00
6.956999997867020607e+09 1.727838575531284171e+00 1.374819994417712188e+00
6.956999997852474213e+09 1.616339276313308426e+00 1.642758073553653109e+00
6.956999997764322281e+09 1.709054420619069425e+00 1.381860240492370107e+00
6.956999997573288918e+09 1.769204686041171426e+00 1.171330832590708582e+00
6.956999997604906082e+09 2.048318299190383662e+00 1.096963722315253076e+00
6.956999997424575806e+09 1.906044252000251404e+00 1.274934129896158952e+00
6.956999997671444893e+09 2.056856730823273249e+00 1.302240767152199163e+00
6.956999997890069008e+09 2.052302646806964059e+00 1.493597262559747119e+00
6.956999997615143776e+09 1.987080843056983070e+00 1.425797228796406246e+00
6.956999997414807320e+09 2.184152290435140920e+00 1.499706948409761376e+00
6.956999997420807838e+09 2.188268159326101081e+00 1.209221930719076354e+00
6.956999997507853508e+09 2.282432679154803967e+00 1.469972135725627016e+00
6.956999997437498093e+09 2.022968492144686437e+00 1.359686591621549034e+00
6.956999997330433846e+09 1.858878970027601163e+00 1.574270552262793110e+00
6.956999997354654312e+09 1.854924997997936531e+00 1.863808496161570405e+00
6.956999997429167747e+09 1.852347754956843229e+00 2.144656495631781290e+00
6.956999997409051895e+09 1.689799871182399160e+00 2.384673263090178352e+00
6.956999997391473770e+09 1.785375982305465348e+00 2.110828910951591197e+00
6.956999997349514961e+09 1.640745694862550508e+00 1.862321302217861962e+00
6.956999997374499321e+09 1.682199261831175852e+00 1.575804493050791955e+00
6.956999997102652550e+09 1.775583934043507339e+00 1.533224993040453343e+00
6.956999997185160637e+09 1.582114548552394195e+00 1.332734177991297120e+00
6.956999997255577087e+09 1.456616321851669449e+00 1.585174797930175572e+00
6.956999997241963387e+09 1.440076969972127641e+00 1.295389340831159863e+00
6.956999997334475517e+09 1.246360069797036729e+00 1.099558311098618901e+00
6.956999997324560165e+09 1.226153206926832606e+00 1.389261382965468083e+00
6.956999997237116814e+09 1.407751935216566386e+00 1.598569791277962393e+00
6.956999997047589302e+09 1.201755945695283545e+00 1.520599111828437655e+00
6.956999997118319511e+09 1.234204836817931028e+00 1.240636876959206214e+00
6.956999996831068993e+09 1.190523914211028655e+00 1.244332222092694451e+00
6.956999996906959534e+09 1.343152197305827578e+00 1.009003296380662107e+00
6.956999996928846359e+09 1.075750696648890559e+00 1.120591365942473105e+00
6.956999996940045357e+09 1.049688242323136178e+00 8.314031446606483522e-01
6.956999996857218742e+09 1.107856885384129075e+00 1.103782744904045154e+00
6.956999996961372375e+09 9.587717280325371849e-01 1.330410437602516982e+00
6.956999996885290146e+09 1.201003281836652059e+00 1.471725432696467495e+00
6.956999996886008263e+09 1.188968759739062575e+00 1.181399491221664988e+00
6.956999996929698944e+09 1.470683562851538451e+00 1.125164497306262446e+00
6.956999996823934555e+09 1.710426185688249001e+00 9.995786317799054688e-01
6.956999996890479088e+09 1.551139882834121630e+00 7.658389365496618417e-01
6.956999997060729027e+09 1.488082663878242728e+00 9.927159611172118314e-01
6.956999997245785713e+09 1.694014809837777635e+00 1.080922235046066771e+00
6.956999997346009254e+09 1.493380683414873955e+00 8.961637695402522308e-01
6.956999997393618584e+09 1.559349773841224085e+00 1.175118893977449286e+00
6.956999997221290588e+09 1.458873737316239483e+00 9.638319501163412628e-01
6.956999997242770195e+09 1.422412108312044010e+00 6.763538190648921145e-01
6.956999997210611343e+09 1.517386056275681128e+00 9.490812725753539070e-01
6.956999997178364754e+09 1.600314793056375695e+00 1.225699238863734886e+00
6.956999997010884285e+09 1.692239365488905189e+00 1.006759283021666285e+00
6.956999997013317108e+09 1.414897017035933402e+00 9.201001838767642882e-01
6.956999996969884872e+09 1.395653234327674186e+00 6.334334020589387215e-01
6.956999996972035408e+09 1.214743030355904363e+00 8.608127544047045054e-01
6.956999997148088455e+09 1.031249818539683227e+00 1.001419267857458051e+00
6.956999997159151077e+09 1.034208529176291247e+00 7.110688604793642398e-01
6.956999997266700745e+09 8.104380767977578115e-01 8.620465902122675939e-01
6.956999997214029312e+09 8.818029204432313861e-01 1.138754442171058257e+00
6.956999997326973915e+09 8.025197472105503049e-01 8.830355022090664585e-01
6.956999997245923042e+09 7.962334629229746996e-01 1.162008215501481700e+00
6.956999997314043999e+09 7.366177970026264177e-01 8.858923288217156466e-01
6.956999997419077873e+09 9.923223546991759569e-01 7.963515773392110253e-01
6.956999997283383369e+09 7.467988480564691223e-01 8.721121540483327550e-01
6.956999997118062973e+09 8.836887050921073961e-01 6.762424473375550082e-01
6.956999996867121696e+09 9.141914800417143550e-01 5.329504386573610253e-01
6.956999996682783127e+09 1.098918370908187780e+00 4.051629259573584219e-01
6.956999996787711143e+09 1.344130961738668528e+00 5.204682903535547966e-01
6.956999996767042160e+09 1.334360586715230834e+00 2.307928748869244595e-01
6.956999996822436333e+09 1.227865963949278161e+00 -3.382935042183848884e-02
6.956999996811200142e+09 1.323696561589929210e+00 -3.079182766693852047e-01
6.956999996590711594e+09 1.343240472610314651e+00 -4.961668882057306273e-01
6.956999996519035339e+09 1.422814197153352556e+00 -7.662872009451562327e-01
6.956999996770942688e+09 1.474757636117890680e+00 -6.310867640569649550e-01
6.956999996501845360e+09 1.369639703360520766e+00 -6.622540912104039057e-01
6.956999996355997086e+09 1.282732758119439431e+00 -8.980718130828629908e-01
6.956999996231113434e+09 1.544577541085624173e+00 -8.814647662212182766e-01
6.956999996083737373e+09 1.331830133885701262e+00 -7.493539810545972735e-01
6.956999996068576813e+09 1.602525960573018438e+00 -6.448148291978945679e-01
6.956999995959768295e+09 1.760278758064792282e+00 -4.263903843816602701e-01
6.956999995969982147e+09 1.800950360303138043e+00 -7.139247336210443606e-01
6.956999995717410088e+09 1.943602217442693902e+00 -7.310188589583577201e-01
6.956999995566746712e+09 1.728939661473515743e+00 -8.561395017958186582e-01
6.956999995626543045e+09 2.012695497894898988e+00 -8.376583997676859683e-01
6.956999995780817032e+09 1.975670934843988702e+00 -1.081098723408560947e+00
6.956999995755055428e+09 1.943740129288664242e+00 -7.934335331298860705e-01
6.956999995648057938e+09 1.909789214620080555e+00 -5.254158832967934512e-01
6.956999995694733620e+09 1.654064521373270313e+00 -6.552647514145752972e-01
6.956999995461213112e+09 1.488837094145603723e+00 -6.042514939113752259e-01
6.956999995306712151e+09 1.715947626105267076e+00 -6.990398128321675397e-01
6.956999995451370239e+09 1.806268819220347766e+00 -4.637726731550574910e-01
6.956999995363943100e+09 2.073607511726762720e+00 -5.367177353184268140e-01
6.956999995336757660e+09 2.231942914324022365e+00 -7.788444808625156757e-01
6.956999995367541313e+09 2.192906321983874918e+00 -1.065136313341973118e+00
6.956999995479528427e+09 2.419664882783345128e+00 -9.220493619143704800e-01
6.956999995713449478e+09 2.440453604847918179e+00 -1.093173100058931757e+00
6.956999995870882034e+09 2.504236374759653661e+00 -8.574166319860625496e-01
6.956999995863143921e+09 2.499564717806843195e+00 -1.147852149391983989e+00
6.956999995867949486e+09 2.447467679669167673e+00 -8.620247563231391297e-01
6.956999995924222946e+09 2.692136993636734310e+00 -1.008328144154602146e+00
6.956999996011855125e+09 2.894492585679584451e+00 -1.197556185747518320e+00
6.956999996059126854e+09 2.637847493790397291e+00 -1.325357616298773022e+00
6.956999995815763474e+09 2.629571130562267989e+00 -1.483914637099869038e+00
6.956999996084980965e+09 2.726376671668385487e+00 -1.534757644506902219e+00
6.956999996314794540e+09 2.548584875611980216e+00 -1.531540058082817790e+00
6.956999996071953773e+09 2.413598748605953137e+00 -1.616636624661113686e+00
6.956999996324115753e+09 2.349745773430962803e+00 -1.487131870010732326e+00
6.956999996361563683e+09 2.267372882463252637e+00 -1.211003497723692979e+00
6.956999996142224312e+09 2.135053312225533517e+00 -1.073830575215551697e+00
6.956999995918419838e+09 2.068557382772451270e+00 -1.246816970644755385e+00
6.956999995923085213e+09 2.358340948679144677e+00 -1.267750516955112650e+00
6.956999995862871170e+09 2.370752907987641045e+00 -9.837528798827009924e-01
6.956999996110904694e+09 2.509062020996102760e+00 -9.222337683465653413e-01
6.956999996169737816e+09 2.473381919855858424e+00 -6.399217062009453505e-01
6.956999996251062393e+09 2.584832172705835873e+00 -3.841881300079247330e-01
6.956999996540991783e+09 2.603797590741812940e+00 -3.881917552719910680e-01
6.956999996549768448e+09 2.517607790829231806e+00 -6.655521493122430465e-01
6.956999996771424294e+09 2.647817024352007387e+00 -5.300947637443996774e-01
6.956999996973316193e+09 2.791492189955643077e+00 -3.783325953189394797e-01
6.956999997165843964e+09 2.869032518205692828e+00 -5.816917924709857912e-01
6.956999996881436348e+09 2.852021891394338482e+00 -6.387666045524968972e-01
6.956999997098329544e+09 2.678227061643092100e+00 -7.235428122298838138e-01
6.956999996827521324e+09 2.695925545613563123e+00 -8.273907686915000781e-01
6.956999996958531380e+09 2.825876392871703668e+00 -1.051853690778280725e+00
6.956999997131941795e+09 2.670175305505346763e+00 -1.225405883519053996e+00
6.956999997205118179e+09 2.596141712766161014e+00 -1.496696697706102697e+00
6.956999997365926743e+09 2.562640108018777507e+00 -1.736389765631477289e+00
6.956999997607967377e+09 2.536586979848957757e+00 -1.895046112861968890e+00
6.956999997607532501e+09 2.435358802859953542e+00 -2.167419321526188103e+00
6.956999997891913414e+09 2.391214144355323867e+00 -2.207585896857399366e+00
6.956999997901951790e+09 2.209963232582436099e+00 -1.980689809424499126e+00
6.956999998059480667e+09 2.446002212977229195e+00 -2.043177589749441747e+00
6.956999997980369568e+09 2.347902398382036626e+00 -1.781352589762160044e+00
6.956999997925496101e+09 2.441290278732268781e+00 -2.050985789662810088e+00
6.956999998190725327e+09 2.549236977926886638e+00 -2.001635876266256719e+00
6.956999998424552917e+09 2.426334335268895082e+00 -2.122689753794766876e+00
6.956999998233936310e+09 2.256821597989368211e+00 -2.261848623244899326e+00
6.956999998012477875e+09 2.069380270189095317e+00 -2.245836409374700082e+00
6.956999997888706207e+09 2.330256232946644968e+00 -2.213298390413879879e+00
6.956999997708555222e+09 2.386966906568487978e+00 -1.992472265605143233e+00
6.956999997826699257e+09 2.484094141797174249e+00 -2.239540422151299559e+00
6.956999997967436790e+09 2.413372185377383961e+00 -1.995356459483548894e+00
6.956999998081277847e+09 2.579998773380040245e+00 -2.204426306026417315e+00
6.956999998089829445e+09 2.574287541743627727e+00 -1.914032188667532886e+00
6.956999998036939621e+09 2.402820227153205312e+00 -2.142584388440246457e+00
6.956999998248900414e+09 2.309442134309187100e+00 -2.318048462859757297e+00
6.956999998055123329e+09 2.148640560043145520e+00 -2.463058619954003881e+00
6.956999998068776131e+09 2.062413868566682407e+00 -2.185906936573893233e+00
6.956999998088932991e+09 1.817434170499928170e+00 -2.030945205526511366e+00
6.956999997884752274e+09 1.614220281234603149e+00 -2.069010623084639011e+00
6.956999997735617638e+09 1.575057906988262202e+00 -2.315302482099553139e+00
6.956999997557498932e+09 1.758500825868136053e+00 -2.453348916815359715e+00
6.956999997483169556e+09 1.990107450460686378e+00 -2.294389722255794073e+00
6.956999997446052551e+09 1.962759390674555737e+00 -2.581285063080491771e+00
6.956999997563261032e+09 2.192555681065032402e+00 -2.715040227506791304e+00
6.956999997381617546e+09 2.418336903356899104e+00 -2.693526936302226282e+00
6.956999997395024300e+09 2.213071087568462492e+00 -2.898760210069934562e+00
6.956999997239978790e+09 1.971508689506308754e+00 -2.853559874848599964e+00
6.956999997188326836e+09 2.250014541562114445e+00 -2.788744197033263816e+00
6.956999997067537308e+09 2.174278405138830195e+00 -3.041940822165489777e+00
6.956999997142012596e+09 2.214040926290968603e+00 -3.319981869249829298e+00
6.956999997420042992e+09 2.251170743265600738e+00 -3.395841830760268909e+00
6.956999997382099152e+09 2.208734271584190001e+00 -3.680787258722551414e+00
6.956999997396583557e+09 2.346467783577447008e+00 -3.936236243183472538e+00
6.956999997401285172e+09 2.432271070074103037e+00 -4.213815407354379872e+00
6.956999997404225349e+09 2.158989585680804790e+00 -4.115108348838019126e+00
6.956999997602779388e+09 2.118357989159837640e+00 -3.906878276095030245e+00
6.956999997826566696e+09 2.092357299424416617e+00 -3.723363985272728272e+00
6.956999997783310890e+09 2.179915797361784424e+00 -3.997037095339579960e+00
6.956999997631038666e+09 2.098585501241318596e+00 -3.763300064379945464e+00
6.956999997454906464e+09 2.329695383501379169e+00 -3.762867026351579991e+00
6.956999997603959084e+09 2.171082651943559316e+00 -3.955376431323288422e+00
6.956999997569777489e+09 2.035398500529298715e+00 -3.700708111251163945e+00
6.956999997543507576e+09 1.955388774496359616e+00 -3.422602285423269830e+00
6.956999997756332397e+09 1.910529646442392648e+00 -3.229916158287494010e+00
6.956999998041396141e+09 1.912736331917754828e+00 -3.173630281927352748e+00
6.956999997818053246e+09 1.809906702917829957e+00 -3.328480530805522086e+00
6.956999997905565262e+09 2.076992223746397581e+00 -3.402246545713783377e+00
6.956999998151264191e+09 2.131113637652438442e+00 -3.256858724470092170e+00
6.956999998038121223e+09 2.351513110319438660e+00 -3.105012940241977049e+00
6.956999997986128807e+09 2.275582527690029000e+00 -3.380631934682011064e+00
6.956999997933477402e+09 2.183496167016937051e+00 -3.651154513120692613e+00
6.956999997839726448e+09 2.322258148979865044e+00 -3.888621057536980619e+00
6.956999997852483749e+09 2.396141184357428511e+00 -3.607884458313685538e+00
6.956999998052608490e+09 2.198581399843786865e+00 -3.681060101037803900e+00
6.956999998196335793e+09 2.064356265356375175e+00 -3.467142913332574850e+00
6.956999998470941544e+09 2.050258277002883212e+00 -3.561096869179810831e+00
6.956999998560606003e+09 1.909762988250182758e+00 -3.323072036894558323e+00
6.956999998704072952e+09 1.773398938716699069e+00 -3.110336029899801957e+00
6.956999998971947670e+09 1.708613682522184041e+00 -3.202424956087040364e+00
6.956999998771747589e+09 1.895184108013383106e+00 -3.104722376796575478e+00
6.956999998895513535e+09 1.693726564353615904e+00 -3.273634608108493271e+00
6.956999998919133186e+09 1.791857474980412146e+00 -3.001151694922777224e+00
6.956999998870281219e+09 2.075608707520463447e+00 -2.961995414331229703e+00
6.956999998712202072e+09 2.305089635576545781e+00 -2.879631311508903835e+00
6.956999998714813232e+09 2.294918348787834184e+00 -3.170017645541117979e+00
6.956999998821273804e+09 2.548758390155953624e+00 -3.263108018991878634e+00
6.956999998967134476e+09 2.662140327105277482e+00 -3.487392616892283304e+00
6.956999999095400810e+09 2.681818431904287703e+00 -3.227401993499440902e+00
6.956999999125475883e+09 2.646499742148257450e+00 -3.514251419364359474e+00
6.956999999135372162e+09 2.687801977479876481e+00 -3.801706954534147087e+00
6.956999999077499390e+09 2.443165992411590715e+00 -3.947441347643721787e+00
6.956999998828398705e+09 2.583489629056223258e+00 -3.999331711224365371e+00
6.956999999037522316e+09 2.754239976167501158e+00 -3.891879668720838126e+00
6.956999999043755531e+09 2.718443617597189554e+00 -4.180175109301409009e+00
6.956999998989695549e+09 2.990374322572599830e+00 -4.093193873577182451e+00
6.956999998928003311e+09 3.114445816686630675e+00 -3.837782699556013810e+00
6.956999999055850029e+09 3.204752336268244850e+00 -3.592967455937498222e+00
6.956999999077791214e+09 3.284702112111189454e+00 -3.871465386344775439e+00
6.956999999342050552e+09 3.307713130027180704e+00 -3.990089898946628022e+00
6.956999999205668449e+09 3.477178904060451714e+00 -3.797435241054182953e+00
6.956999999237013817e+09 3.474481419509075852e+00 -4.086303171448485649e+00
6.956999999141867638e+09 3.200290933308440167e+00 -4.100488070581982392e+00
6.956999999205399513e+09 3.068257021738396428e+00 -3.849559248878086759e+00
6.956999999335362434e+09 2.852638515558557852e+00 -3.704463640641201927e+00
6.956999999614712715e+09 2.923052431611110613e+00 -3.666517395606373242e+00
6.956999999392643929e+09 3.100604789671133510e+00 -3.726477012324988181e+00
6.956999999489505768e+09 3.329347015367607021e+00 -3.575714987840632908e+00
6.956999999393135071e+09 3.440536743482041970e+00 -3.325147555098828978e+00
6.956999999405968666e+09 3.621347727737928235e+00 -3.098041446104111696e+00
6.956999999504706383e+09 3.364426824833710139e+00 -3.191191591171462338e+00
6.956999999471639633e+09 3.132771241279794783e+00 -3.018922059531247815e+00
6.956999999411838531e+09 2.897899407747441369e+00 -3.179214103037296013e+00
6.956999999336053848e+09 3.039826973094463369e+00 -2.937247681836832047e+00
6.956999999095000267e+09 2.886905837782712148e+00 -2.991493520340094747e+00
6.956999999378083229e+09 2.832080445910550637e+00 -2.955538743806435331e+00
6.956999999188578606e+09 2.622733433138253467e+00 -2.887008210170991518e+00
6.956999999181610107e+09 2.373141901895902350e+00 -3.035635281202286428e+00
6.956999999417867661e+09 2.214779986051541805e+00 -2.976149750869442556e+00
6.956999999705763817e+09 2.241231825478551709e+00 -3.005318193818814265e+00
6.956999999491508484e+09 2.377103890690114962e+00 -3.146979223122521763e+00
6.956999999459028244e+09 2.664927362488482387e+00 -3.123802546099705424e+00
6.956999999631669044e+09 2.850182237329955903e+00 -3.266316529036019212e+00
6.956999999667236328e+09 2.898696727984735322e+00 -3.550597749951070359e+00
6.956999999555097580e+09 2.706961340232245217e+00 -3.737939666091534274e+00
6.956999999411393166e+09 2.809708145449055561e+00 -3.968648735159392427e+00
6.956999999427616119e+09 2.803039876732518643e+00 -3.678602424314336705e+00
6.956999999273905754e+09 2.740869672546404789e+00 -3.917228394020573656e+00
6.956999999226592064e+09 2.834477523821711031e+00 -4.188214508880969689e+00
6.956999999356876373e+09 2.629804613141348391e+00 -4.348119194350347883e+00
6.956999999490306854e+09 2.381761146077080227e+00 -4.276667981257419981e+00
6.956999999486286163e+09 2.322897627943725229e+00 -3.992144839653517963e+00
6.956999999510410309e+09 2.356806857259590604e+00 -3.704564062687215831e+00
6.956999999710615158e+09 2.416935926864067330e+00 -3.906398008082094364e+00
6.956999999976136208e+09 2.386618361498489271e+00 -4.020477356923787937e+00
6.956999999993883133e+09 2.589760891044228686e+00 -3.813468490995274962e+00
6.956999999994290352e+09 2.589952331128895668e+00 -3.522892691379828634e+00
6.957000000070717812e+09 2.467116217900426456e+00 -3.270891505647358422e+00
6.956999999929182053e+09 2.506608825986323730e+00 -3.020207277746966401e+00
6.956999999756396294e+09 2.550633392275323263e+00 -3.249644549005494820e+00
6.956999999740449905e+09 2.544883046639661028e+00 -2.959563289222398197e+00
6.956999999831712723e+09 2.499102265867384709e+00 -3.231610593915911878e+00
6.956999999658944130e+09 2.388664961058383440e+00 -3.025724732694423214e+00
6.956999999833746910e+09 2.617724833910452187e+00 -2.988172220980774618e+00
6.956999999833427429e+09 2.615297100136609210e+00 -2.697606390381637187e+00
6.956999999798308372e+09 2.595254989520593636e+00 -2.985355367091980128e+00
6.956999999716408730e+09 2.455471868578149586e+00 -2.744134295923783995e+00
6.956999999711924553e+09 2.457403240311534010e+00 -3.034669419644884236e+00
6.956999999664908409e+09 2.742727585809739743e+00 -3.006139470055650076e+00
6.956999999699108124e+09 2.575226111650005478e+00 -3.241103518627745483e+00
6.956999999734474182e+09 2.542362738682384826e+00 -3.527641043324253545e+00
6.956999999562043190e+09 2.594055212241432429e+00 -3.299540466489409685e+00
6.956999999625137329e+09 2.552319759678511435e+00 -3.018984345344779108e+00
6.956999999762871742e+09 2.415203621614677942e+00 -2.802968579891953471e+00
6.956999999958619118e+09 2.200883106948176682e+00 -2.789399774610623162e+00
6.956999999671668053e+09 2.172707229174828836e+00 -2.753347598626032955e+00
6.956999999901041031e+09 2.120210404225184142e+00 -2.582858455386740193e+00
6.956999999906246185e+09 2.177845751566597432e+00 -2.298103170186607258e+00
6.957000000004055023e+09 2.234422719504735255e+00 -2.565810023576976739e+00
6.956999999909452438e+09 2.023400549242907687e+00 -2.741748823414083880e+00
6.956999999951022148e+09 1.756685974133235018e+00 -2.849311719840418533e+00
6.957000000058444977e+09 1.487876970615603867e+00 -2.874542750574796024e+00
6.956999999796422958e+09 1.493053393925346750e+00 -3.000049529329956943e+00
6.956999999834105492e+09 1.574030425872029459e+00 -3.276558592820727700e+00
6.956999999787816048e+09 1.770312343134612831e+00 -3.067357343764129940e+00
6.957000000001823425e+09 1.718356676351324941e+00 -3.256924939463549773e+00
6.957000000117272377e+09 1.589060088786746983e+00 -3.490138074580068750e+00
