4.869900000000000000e+10 0.000000000000000000e+00 0.000000000000000000e+00
4.869900000003617096e+10 3.947281530178275988e-01 4.013018453476387415e-01
4.869899999998471832e+10 4.740861638600096795e-01 -1.547702071234690613e-01
4.869899999995008850e+10 1.762843414897374283e-01 -6.325527777679934571e-01
4.869899999970584869e+10 1.730161045702626188e-01 -1.140979412034016205e+00
4.869899999969021606e+10 -2.339860291581540852e-01 -1.531192704894781764e+00
4.869899999950531769e+10 2.352393351227259899e-01 -1.783782898329502542e+00
4.869899999946115112e+10 9.264028560068360285e-02 -1.239837487153273354e+00
4.869899999980092621e+10 1.247894895426766709e-01 -7.907508210371747559e-01
4.869899999947795868e+10 2.242483602906296669e-01 -1.242374340473142658e+00
4.869899999925852966e+10 -1.321698293942208391e-01 -1.620497184793700640e+00
4.869899999967291260e+10 -3.798458403322260146e-01 -1.328768894082092089e+00
4.869899999961936951e+10 -9.387355641532990624e-01 -1.382965890194280734e+00
4.869899999959897614e+10 -9.682954087062415338e-01 -8.200522692952175730e-01
4.869899999998762512e+10 -5.613481530447728129e-01 -8.588613657406315438e-01
4.869899999969618988e+10 -1.004956066238434254e+00 -1.049752171216407071e+00
4.869899999958226776e+10 -1.541597162122387399e+00 -9.186065270575622943e-01
4.869899999983126068e+10 -1.123401841408070201e+00 -1.203695330616787462e+00
4.869899999930889130e+10 -9.163692768795318466e-01 -1.253007930512242574e+00
4.869899999935969543e+10 -9.824798425458171058e-01 -1.810869881599925346e+00
4.869899999916637421e+10 -1.152353404151073235e+00 -2.312798571471946119e+00
4.869899999932801056e+10 -7.110661805252642687e-01 -2.000867471138107145e+00
4.869899999934595490e+10 -5.112369392887371466e-01 -1.473697951957860131e+00
4.869899999910140228e+10 -5.016805135683530814e-01 -9.654994309768023530e-01
4.869899999870544434e+10 -7.003255416823030988e-01 -6.163333987516799173e-01
4.869899999824801636e+10 -4.387250355512433142e-01 -4.151203173780936284e-01
4.869899999807875824e+10 -4.402637402870785976e-01 -9.531836035221146197e-01
4.869899999848589325e+10 -5.269431330632956545e-02 -1.000026825616801451e+00
4.869899999802658844e+10 3.514568109483946767e-02 -1.315438848791390170e+00
4.869899999798055267e+10 3.231618478945383899e-01 -1.798232068233929226e+00
4.869899999849403381e+10 3.228796782640179219e-01 -1.564775489907963779e+00
4.869899999816661835e+10 4.874995703270562641e-01 -1.135987404576991544e+00
4.869899999838485718e+10 2.000916622337560735e-01 -7.024802682287606403e-01
4.869899999844960785e+10 1.204765487259632784e-01 -1.257124973048743266e+00
4.869899999831043243e+10 1.232652713070376965e-01 -7.105142366981926916e-01
4.869899999836095428e+10 -2.178086866323170612e-01 -2.641090429983775634e-01
4.869899999840965271e+10 3.316168391316100528e-01 -1.461191660928818636e-01
4.869899999883780670e+10 -2.293229763329895921e-02 -5.051860763364060536e-02
4.869899999862689972e+10 1.987873068430823509e-01 -5.243543888299140310e-01
4.869899999864052582e+10 1.651171547075984125e-01 -1.087241819758345773e+00
4.869899999878211212e+10 2.108703842503904524e-01 -1.631319766138189742e+00
4.869899999933411407e+10 1.841523875186193426e-01 -1.518430897285041548e+00
4.869899999935792542e+10 2.479157167520124883e-01 -2.078367476344904929e+00
4.869899999884229279e+10 2.051292575944967944e-01 -2.302979768505375002e+00
4.869899999831954956e+10 3.842385387470748093e-02 -2.433772443178120248e+00
4.869899999851936340e+10 -1.913428105906774535e-01 -1.958963921568984912e+00
4.869899999871645355e+10 -4.034118227605207885e-01 -2.443053774273552747e+00
4.869899999865166473e+10 -4.106863455773135940e-01 -3.003331046169114504e+00
4.869899999864335632e+10 -4.115285577051536747e-01 -3.567327320692688986e+00
4.869899999866127777e+10 -4.188498972120893171e-01 -4.131053172209745661e+00
4.869899999898838806e+10 -6.535205109815298563e-01 -3.735969218791395985e+00
4.869899999913907623e+10 -1.165809726252067247e-01 -3.820531212743413896e+00
4.869899999911750793e+10 5.364531262070482143e-03 -3.270235097270268732e+00
4.869899999935836792e+10 3.362013667793513072e-01 -2.882042179022285211e+00
4.869899999935510254e+10 2.836939080290034054e-01 -3.443641572344732005e+00
4.869899999915708923e+10 -1.028388561127073220e-01 -3.803564663750154118e+00
4.869899999893159485e+10 -1.556695329274703776e-01 -3.289247922500038168e+00
4.869899999838458252e+10 -2.878096807324831419e-01 -3.327654787007153558e+00
4.869899999893353271e+10 -3.656786023703563759e-01 -3.223952919884143675e+00
4.869899999890670013e+10 1.922346960198006438e-01 -3.145376744716022799e+00
4.869899999912702942e+10 -4.881667268836367701e-02 -2.685475405928126502e+00
4.869899999915191650e+10 -4.093557652358233989e-01 -2.252400464118294643e+00
4.869899999929821777e+10 -2.470648893702255267e-01 -2.772419364333076786e+00
4.869899999961753082e+10 -2.561345690968786504e-01 -2.307536150706931188e+00
4.869899999906087494e+10 -2.757504412209180189e-01 -2.218568728527007483e+00
4.869899999909141541e+10 -7.853022091469141763e-02 -1.690996008035888565e+00
4.869899999958021545e+10 -3.433733710847105547e-01 -1.595630659854554656e+00
4.869899999953904724e+10 -2.788312570406283886e-01 -1.036791840302560885e+00
4.869900000009923553e+10 -2.179599194960450403e-01 -1.062253759864874469e+00
4.869899999999511719e+10 2.145792451011016566e-02 -1.562254523911839943e+00
4.869900000010625458e+10 2.482405849608449733e-01 -1.057893878044482872e+00
