6.957000000000000000e+09 0.000000000000000000e+00 0.000000000000000000e+00
6.956999999783674240e+09 2.922586921418292641e-02 1.917903480468653998e-01
6.957000000047319412e+09 2.376548722378091921e-02 6.974167302690852110e-02
6.956999999965687752e+09 2.912502731365469999e-01 -9.142334267288082517e-03
6.957000000080463409e+09 5.430038705165273205e-01 7.963357974842405484e-02
6.957000000065491676e+09 4.997047166833897824e-01 -2.073081048444191943e-01
6.957000000020878792e+09 7.172200044581901190e-01 -1.987459402863225866e-02
6.957000000005273819e+09 9.875135848418444828e-01 -1.253845646507997236e-01
6.956999999716395378e+09 9.831856337130804313e-01 -9.432401647537476397e-02
6.956999999732601166e+09 9.692339975524956186e-01 1.954642070990025848e-01
6.956999999734153748e+09 6.791124235060130854e-01 2.116370074520030897e-01
6.956999999492268562e+09 6.349615044098974037e-01 3.664819655270101229e-01
6.956999999333553314e+09 4.393092404476636736e-01 2.216921141642781978e-01
6.956999999382880211e+09 2.041160248945130540e-01 3.850490896078365699e-01
6.956999999482169151e+09 4.080304952784030714e-01 2.034037683214504344e-01
6.956999999594813347e+09 5.788449379844048392e-01 4.097242046530742421e-01
6.956999999633774757e+09 8.649112061151436048e-01 4.426269129360206889e-01
6.956999999660342216e+09 8.009994983275953162e-01 7.248395640411351426e-01
6.956999999425337791e+09 7.783047328283118071e-01 8.942284275401364280e-01
6.956999999290440559e+09 7.788144598330314361e-01 1.151593919134613841e+00
6.956999999139388084e+09 8.387553894357440143e-01 1.392476994396488088e+00
6.956999999425086021e+09 7.880191058926687697e-01 1.377075555316119360e+00
6.956999999579804420e+09 7.436783039132472961e-01 1.619006663559219295e+00
6.956999999696331978e+09 5.864459703846706118e-01 1.833794455326672512e+00
6.956999999959609032e+09 5.219448757196059052e-01 1.938481635531802638e+00
6.957000000165089607e+09 7.167474484652640587e-01 2.003781349873217099e+00
