6.261300000000000000e+10 0.000000000000000000e+00 0.000000000000000000e+00
6.261299999939819336e+10 5.027866520195234390e-01 1.295010456397958309e+00
6.261299999941277313e+10 9.813279187426832140e-02 2.753796415419436538e+00
6.261299999803024292e+10 3.287898330086259646e-01 3.325995623435389348e+00
6.261299999860122681e+10 1.455400913978740274e+00 2.491286675123192129e+00
6.261299999771269989e+10 2.498738331640247168e+00 1.847872258257832190e+00
6.261299999730867004e+10 1.299740459114627322e+00 1.016501385872889518e+00
6.261299999586450958e+10 1.489873932933486689e+00 1.429118708419582662e+00
6.261299999451085663e+10 8.119236842393057207e-01 1.433648365195121066e+00
6.261299999329428864e+10 1.508201100752429635e+00 2.005634216820188165e+00
6.261299999251939392e+10 6.037205944092364218e-01 2.940229943803439383e+00
6.261299999286841583e+10 1.275376604943312397e+00 1.629094775573553200e+00
6.261299999288768768e+10 1.329812238928012036e+00 3.141932903270365340e+00
6.261299999374039459e+10 1.742943573436587457e+00 1.961157272614388880e+00
6.261299999496444702e+10 2.161184030762284713e+00 1.174523077736497001e+00
6.261299999454051208e+10 3.149654748777518609e+00 1.090557291451492716e-01
6.261299999462800598e+10 2.675085392001232965e+00 -1.325915716497104713e+00
6.261299999324129486e+10 2.689573792433273436e+00 -1.933231014285219151e+00
6.261299999406558990e+10 2.574602968918250578e+00 -6.685822629109856585e-01
6.261299999425688934e+10 3.607082499493101224e+00 4.220160091888707221e-01
6.261299999306990051e+10 4.428126299282554967e+00 -3.509380960297758811e-02
6.261299999298494720e+10 4.329969325782481171e+00 1.473270043848833755e+00
6.261299999315010834e+10 5.469760030666445338e+00 4.906136893762925721e-01
6.261299999326699829e+10 5.460081933031329271e+00 -1.018776142466490509e+00
6.261299999414596558e+10 4.245000206921363706e+00 -8.114091080654588506e-01
6.261299999442769623e+10 4.643802926250910623e+00 -2.244447529273569941e+00
6.261299999447753906e+10 3.896526398070868868e+00 -3.560162931668683584e+00
6.261299999442781067e+10 3.833047426819516268e+00 -5.071953789561193915e+00
6.261299999305839539e+10 4.311592856928355921e+00 -5.505219920990702676e+00
6.261299999241226959e+10 3.597608205272079474e+00 -6.673447906145929309e+00
6.261299999237471008e+10 3.646284254113132395e+00 -5.160757013963501727e+00
6.261299999111313629e+10 4.477954285650288746e+00 -5.067114781488682773e+00
6.261299999053721619e+10 3.472845489701843924e+00 -6.041838275195352992e+00
6.261299999079360962e+10 2.101160067322201286e+00 -5.454680716157981557e+00
6.261299999230588531e+10 2.136118355663454427e+00 -5.392831053861085522e+00
6.261299999200833130e+10 3.440377760990674272e+00 -6.101621702762465738e+00
6.261299999194909668e+10 3.079558810472037944e+00 -4.632501286156077924e+00
6.261299999114408112e+10 3.773656355540989882e+00 -3.554450322081771141e+00
6.261299999237763214e+10 4.558398291628702026e+00 -3.947564278865545617e+00
6.261299999381355286e+10 4.458784639315573450e+00 -3.478285324240788068e+00
6.261299999380191803e+10 4.278699171903520337e+00 -1.975139374576055040e+00
6.261299999322560120e+10 2.928318766035447496e+00 -2.344390532943890548e+00
6.261299999417275238e+10 3.838978918082315506e+00 -1.592315084605913977e+00
6.261299999485344696e+10 3.539329200437845380e+00 -2.736487612960629701e-01
6.261299999349243164e+10 3.060099650544164884e+00 -7.318869897589137530e-01
6.261299999222780609e+10 3.252627000046881101e+00 7.784813685018621143e-02
6.261299999162712097e+10 3.457304651921619065e+00 1.452367139127238582e+00
6.261299999162509155e+10 3.452920165217481241e+00 2.966299257904586373e+00
6.261299999238874817e+10 2.899032030700270379e+00 1.782217063267924395e+00
6.261299999347086334e+10 1.973416183258054790e+00 1.268134773388954972e+00
6.261299999266110992e+10 3.085802059711715728e+00 6.365390181457685204e-01
6.261299999290314484e+10 2.325008385892645801e+00 1.922861292821566259e+00
6.261299999175727081e+10 1.500909022749693733e+00 1.375278395234280193e+00
6.261299999165740204e+10 1.292418741333465348e-01 2.008183843178050765e+00
6.261299999123976135e+10 -1.232401637553324214e+00 2.521521738102018073e+00
6.261299999114897919e+10 -8.652195526065404874e-01 3.987451511197814824e+00
6.261299999164438629e+10 -1.736931184627863001e+00 2.853120519289469303e+00
6.261299999090104675e+10 -2.548994000662639259e+00 1.813884283400299058e+00
6.261299999043587494e+10 -1.869959758172767383e+00 3.084529375169399401e+00
6.261299999088370514e+10 -2.565320742178317293e+00 1.816486783973339403e+00
6.261299999200417328e+10 -2.204502086703504116e+00 8.644460091628805021e-01
6.261299999197673798e+10 -2.376892765417602416e+00 -6.393965867935358371e-01
6.261299999268574524e+10 -3.233014665476225069e+00 3.884067960880848158e-01
6.261299999158763123e+10 -3.258790004615935043e+00 -6.534644976614671918e-01
6.261299999234490967e+10 -3.354155514940203808e+00 -1.960924398498020249e+00
6.261299999292000580e+10 -3.446076406995710606e+00 -3.358359931280132216e+00
6.261299999289231110e+10 -3.446716431218992849e+00 -1.844673628385208985e+00
6.261299999405742645e+10 -4.403221469969047064e+00 -1.704578185761565168e+00
6.261299999420556641e+10 -5.357427232089834845e+00 -5.385763510141796662e-01
6.261299999465474701e+10 -4.748491422532601369e+00 7.727005192681684065e-01
6.261299999458599854e+10 -5.619415756567608611e+00 2.009138171414912577e+00
6.261299999326216125e+10 -6.108893002334864875e+00 1.461526276735263696e+00
6.261299999250150299e+10 -6.588545602873977280e+00 2.435987958357763716e-01
6.261299999286318970e+10 -7.722438717882134540e+00 -6.920725411815077388e-01
6.261299999286793518e+10 -8.514252097457145396e+00 5.982851082427859124e-01
6.261299999154711914e+10 -7.870724784900648530e+00 2.331404415206230762e-01
6.261299999161502075e+10 -7.521336797396739549e+00 1.704646953498377027e+00
6.261299999101338196e+10 -6.215606040951983324e+00 1.230189348774507918e+00
6.261299999022129822e+10 -7.458777112430293954e+00 8.850245741014577394e-01
6.261299998883634186e+10 -7.820685548671368004e+00 1.377900404237601073e+00
6.261299998805586243e+10 -7.857523666917930250e+00 2.674631503045604042e+00
6.261299998844796753e+10 -6.395269587941864842e+00 2.665552712699297278e+00
6.261299998847511292e+10 -6.899996115533337360e+00 4.092622520110925421e+00
6.261299998829981232e+10 -6.633737284971187087e+00 5.572619092888476899e+00
6.261299998784585571e+10 -8.013515786491922199e+00 5.999403956149039985e+00
6.261299998870384216e+10 -9.075525291155935648e+00 5.345175782951833376e+00
6.261299998923394775e+10 -1.012079638123915792e+01 6.303513743614689524e+00
6.261299999033177185e+10 -1.116162031200094162e+01 6.362529349737636508e+00
6.261299999049123383e+10 -1.092283612745956844e+01 7.848991011717551203e+00
6.261299999188294983e+10 -1.036191308352033857e+01 7.647747887772315956e+00
6.261299999126500702e+10 -9.579837573551422736e+00 6.508221916551881314e+00
6.261299998997105408e+10 -8.816137028823421318e+00 6.322568075918869823e+00
6.261299998997077179e+10 -8.815347937072631979e+00 4.808628480443427833e+00
6.261299999086995697e+10 -8.456044761884864869e+00 5.972406699336120894e+00
6.261299998937609863e+10 -8.435220913418826072e+00 6.217296412014027496e+00
6.261299999068435669e+10 -9.037348504785255088e+00 6.684109108573394131e+00
6.261299999149209595e+10 -9.367830616595474780e+00 5.447036839724706425e+00
6.261299999199562073e+10 -7.993952087265439488e+00 5.835542554812735538e+00
6.261299999082102203e+10 -8.946269773923312130e+00 5.909219031137113554e+00
6.261299999183965302e+10 -9.984520851151597043e+00 6.329260738959859189e+00
6.261299999171891785e+10 -9.982617298342280066e+00 7.838377611634037123e+00
6.261299999192023468e+10 -9.345414894556824947e+00 9.196854422635173165e+00
6.261299999157833862e+10 -8.843457934161436995e+00 7.810073427888889697e+00
6.261299999213047791e+10 -7.784275630767470311e+00 6.879865118451714778e+00
6.261299999109056854e+10 -8.595581479901360566e+00 6.136640264069410655e+00
6.261299999139453888e+10 -8.398712202150392159e+00 7.606626786493286829e+00
6.261299999029451752e+10 -7.633560461896472304e+00 6.901996224483664122e+00
6.261299999090468597e+10 -8.363129248394036708e+00 5.724101536200119966e+00
6.261299999205004883e+10 -9.341391282484149627e+00 5.876274863366555579e+00
6.261299999268961334e+10 -8.204016304515485913e+00 6.643965732472338459e+00
6.261299999276115417e+10 -8.154485195685582610e+00 8.155403010987278378e+00
6.261299999288961029e+10 -7.640363074771014951e+00 9.573567484344737366e+00
6.261299999321208191e+10 -7.351775339703149115e+00 8.122793591219423348e+00
6.261299999203406525e+10 -6.543081775384385068e+00 8.623097005029036310e+00
6.261299999124965668e+10 -6.011132499120138029e+00 7.442525994092608954e+00
6.261299999097885132e+10 -6.428700509117003747e+00 6.012729966392073244e+00
6.261299999163271332e+10 -5.214031880097369509e+00 6.636472755871248630e+00
6.261299999057266998e+10 -5.440792218979921380e+00 7.693309618345165468e+00
6.261299998971146393e+10 -6.516345747575975622e+00 7.066001061120524618e+00
6.261299998991133118e+10 -7.909059991967332337e+00 6.507061948476701829e+00
6.261299999101957703e+10 -7.849499375030061010e+00 5.477376986390671831e+00
6.261299999107190704e+10 -7.235356515130530575e+00 4.094588553046501822e+00
6.261299998980760193e+10 -7.977864014345620980e+00 3.717459018699768691e+00
6.261299999052447510e+10 -7.285361286252755697e+00 2.577923304010361072e+00
6.261299998981941986e+10 -7.234163830409401363e+00 3.916686812317040189e+00
6.261299999112224579e+10 -6.470501454475368952e+00 4.023819075980912707e+00
6.261299999227738190e+10 -7.380514397470117949e+00 3.663876465190786469e+00
6.261299999323622131e+10 -6.979693636369550092e+00 4.764775984202789694e+00
6.261299999229512024e+10 -8.098179424429112316e+00 4.370661808469935572e+00
6.261299999151662445e+10 -7.486081918824832648e+00 3.225546054322293354e+00
6.261299999121868896e+10 -6.615772126723608260e+00 4.427964792262608640e+00
6.261299998973608398e+10 -6.850710135001294887e+00 4.231243537581631742e+00
6.261299999074150085e+10 -6.134185993794705638e+00 3.355030611683153197e+00
6.261299999200238800e+10 -6.857068007262648202e+00 3.778846228299992394e+00
6.261299999103275299e+10 -7.284740407408030194e+00 4.860014010397024187e+00
6.261299999132132721e+10 -6.486880121397119225e+00 3.606157024042681236e+00
6.261299999024842834e+10 -6.117202211767038378e+00 2.604038804832598863e+00
6.261299999020567322e+10 -6.229237872505033913e+00 1.094855645107622788e+00
6.261299999033662415e+10 -6.017324990589579592e+00 2.588160189995789118e+00
6.261299998960721588e+10 -7.342688723989990507e+00 2.646336187517269956e+00
6.261299999075139618e+10 -6.365597746294312742e+00 2.814137063454665633e+00
6.261299998949082947e+10 -6.238547259906842335e+00 1.985377899865263362e+00
6.261299999080931091e+10 -6.824788785066901120e+00 2.443569654820342940e+00
6.261299999219831085e+10 -6.398749341096917398e+00 2.869222783173744684e+00
6.261299999165482330e+10 -6.692462750949980332e+00 1.487063236518009202e+00
6.261299999106624603e+10 -7.570881382784977909e+00 4.035654552058998146e-01
6.261299999093869781e+10 -6.651653948491110135e+00 1.599711613061085780e+00
6.261299999086951447e+10 -7.022138760364923016e+00 3.065988835838011184e+00
6.261299999111100006e+10 -5.648450083793503218e+00 3.654783783224213156e+00
6.261299999147451019e+10 -5.106430100417868267e+00 2.288734659096554935e+00
6.261299999195762634e+10 -4.628771181138175983e+00 3.641678834413994537e+00
6.261299999067153931e+10 -5.423143318522200218e+00 3.558264608658320505e+00
6.261299999190002441e+10 -4.645030438980574772e+00 3.979416789648996922e+00
6.261299999206147003e+10 -6.143936945217605583e+00 4.118083634649823743e+00
6.261299999190779114e+10 -4.730100864136856487e+00 3.598985324346919867e+00
6.261299999194733429e+10 -4.798853952995716377e+00 2.087124551598291244e+00
6.261299999171069336e+10 -5.838561388044551492e+00 1.012404553743559976e+00
6.261299999125859833e+10 -5.358537509516505537e+00 2.375195173451946751e+00
6.261299999094712830e+10 -4.158935832932543875e+00 1.505739076515070440e+00
6.261299999008228302e+10 -4.512360650698093778e+00 2.697020192045486375e+00
6.261299998963189697e+10 -5.179670120672071221e+00 1.414888764212430150e+00
6.261299998946530151e+10 -3.847678355707225606e+00 7.148480974225471796e-01
6.261299998952576447e+10 -3.538686925196707023e+00 2.195686524251050376e+00
6.261299998943381500e+10 -3.645634438746540695e+00 6.883309814705584895e-01
6.261299998799214172e+10 -3.323770020368499001e+00 1.020001108340764073e+00
6.261299998849133301e+10 -3.788633312121535202e+00 2.371564420864855194e+00
6.261299998899787140e+10 -5.167043793532601015e+00 2.003574543757248527e+00
6.261299998922097778e+10 -4.915741357566312253e+00 3.479747168163306981e+00
6.261299998913791656e+10 -4.812579217522144681e+00 1.971612034618365872e+00
6.261299998902839661e+10 -4.904462527941603867e+00 3.478787142449965675e+00
6.261299998967120361e+10 -6.180722129646341934e+00 3.978757554682623265e+00
6.261299998980092621e+10 -6.398108402590610311e+00 2.486132920901047871e+00
6.261299998953604889e+10 -5.903624958538175704e+00 1.079953218315483854e+00
6.261299998865501404e+10 -6.875636419039295788e+00 1.835585390324533384e+00
6.261299998995915985e+10 -6.183792652169498361e+00 2.171091453499901291e+00
6.261299998970128632e+10 -6.293731280635103786e+00 6.833322138943001001e-01
6.261299998919517517e+10 -7.702173524485611544e+00 9.117109371407468021e-01
6.261299998818404388e+10 -7.616713090950249843e+00 2.035244135777922736e+00
6.261299998854952240e+10 -8.847533842921160741e+00 1.233046428174641829e+00
6.261299998924810028e+10 -8.897696541837802897e+00 2.575243034628260208e+00
6.261299998924150085e+10 -7.392462535621804776e+00 2.737233167460181971e+00
6.261299998819472504e+10 -6.311343993792837281e+00 2.571543168489617948e+00
6.261299998820656586e+10 -6.339968874672001320e+00 4.085166016195490357e+00
6.261299998881530762e+10 -5.152664727808911493e+00 3.369794213723750431e+00
6.261299998833271027e+10 -6.164845657649070887e+00 2.352637884040898797e+00
6.261299998893192291e+10 -7.442749992418407956e+00 1.804989094762757595e+00
6.261299998890003204e+10 -6.904970913518324593e+00 3.901427086805917543e-01
6.261299998878053284e+10 -8.362519359731043878e+00 -1.374819459108389541e-03
6.261299998907080078e+10 -8.607675663353182571e+00 1.464114435284036730e+00
6.261299998766822052e+10 -8.149761641275295787e+00 1.124839429822401815e+00
6.261299998871762085e+10 -7.674951503333716119e+00 1.423275017208068816e-01
6.261299998840989685e+10 -8.746629704946306205e+00 -8.817951253490253771e-01
6.261299998840528107e+10 -8.820198564784009321e+00 -2.393939340634394952e+00
6.261299998876312256e+10 -7.978025718953142054e+00 -1.187827463559141705e+00
6.261299998804430389e+10 -8.204884969207904888e+00 1.251262861119142311e-01
6.261299998808286285e+10 -6.808099486439678216e+00 7.078073642276062616e-01
6.261299998736575317e+10 -8.128467822964813294e+00 5.223401939707505992e-01
6.261299998757696533e+10 -7.906580260648231828e+00 -9.602821673215489184e-01
6.261299998669689941e+10 -6.674739580488495250e+00 -9.683053070883056446e-01
6.261299998786306000e+10 -7.546762884700148000e+00 -5.539834015983264859e-01
6.261299998837995911e+10 -6.834058299088079380e+00 -1.785599741937216267e+00
6.261299998808380890e+10 -7.698483420819524525e+00 -5.785044867272113311e-01
6.261299998765569305e+10 -6.899964188087347239e+00 -1.791391403990252540e+00
6.261299998772626495e+10 -7.292358094285178893e+00 -3.251891482772286679e+00
6.261299998720888519e+10 -7.284234410985302333e+00 -1.829123990390800092e+00
6.261299998671432495e+10 -7.404514829599015968e+00 -3.254942170446231575e+00
6.261299998633583832e+10 -7.014137610328774031e+00 -4.667871744232055420e+00
6.261299998606389618e+10 -7.865137592148190748e+00 -3.445635558434308798e+00
6.261299998622563934e+10 -8.835639797185587341e+00 -2.294993163314950291e+00
6.261299998654625702e+10 -8.615509241473787938e+00 -3.758127068004787574e+00
6.261299998639717865e+10 -8.922188594366476266e+00 -5.233165180178652953e+00
6.261299998544112396e+10 -7.748356210152812729e+00 -5.242473562961412981e+00
6.261299998427151489e+10 -6.940041935574605247e+00 -5.762717788601289470e+00
6.261299998575705719e+10 -6.930487662604445376e+00 -5.471034256947225671e+00
6.261299998607978821e+10 -6.108590461406861571e+00 -4.241260871343627059e+00
6.261299998577057648e+10 -4.764933384601611976e+00 -3.615970848207775479e+00
6.261299998577822876e+10 -4.786362009986119048e+00 -5.129739678784902779e+00
6.261299998728726959e+10 -4.713086525015842909e+00 -5.032611445482942258e+00
6.261299998725893402e+10 -4.519243772924584235e+00 -6.533822937002143227e+00
6.261299998873736572e+10 -4.838946145385525810e+00 -6.597455732631209990e+00
6.261299998937338257e+10 -4.687376031904894269e+00 -7.962931305714513464e+00
6.261299998934636688e+10 -5.178503412580540477e+00 -9.394740622304237121e+00
6.261299998933741760e+10 -5.154485886690737040e+00 -7.881017791467966660e+00
6.261299998871488953e+10 -4.183298441758178221e+00 -8.861462039270683988e+00
6.261299998912331390e+10 -3.220023694998565222e+00 -7.767246933360326011e+00
6.261299998949853516e+10 -3.221267077744951468e+00 -9.233952119425961058e+00
6.261299999048198700e+10 -2.301950687538036888e+00 -8.541355079587560795e+00
6.261299999044718933e+10 -2.141394850327262844e+00 -1.004635492914181327e+01
6.261299998989060211e+10 -1.084701594078068210e+00 -9.115967013522437767e+00
6.261299999068849945e+10 1.970215998433793025e-01 -9.003908783758708623e+00
6.261299999021479034e+10 -9.520489289782028131e-01 -8.139472261978559331e+00
6.261299999016223145e+10 -8.541969159253354205e-01 -9.649332099853161537e+00
6.261299999125096130e+10 -1.471373255051402262e+00 -1.050125921821535613e+01
6.261299999105350494e+10 -1.626919410020836398e+00 -9.008332784983570818e+00
6.261299999131738281e+10 -1.128451075596839992e+00 -7.603373828621885266e+00
6.261299999178562164e+10 -1.031262253106395743e+00 -6.166946342001714321e+00
6.261299999168901062e+10 -5.669663575622068130e-01 -4.729201612841153590e+00
6.261299999226641083e+10 -9.087446008252147989e-01 -6.086335517752467617e+00
6.261299999227520752e+10 -8.693085271549834125e-01 -4.572934957519973587e+00
6.261299999162788391e+10 4.711706916751765561e-01 -4.848797892542761723e+00
6.261299999113690948e+10 9.703176973487442902e-01 -3.506483667833401263e+00
6.261299999155538940e+10 1.220120141384752221e+00 -2.073136315991745082e+00
6.261299999129070282e+10 2.237780892523723253e+00 -3.162319266807489981e+00
6.261299999161438751e+10 2.289430513188408511e+00 -4.640349250551908611e+00
6.261299999310878754e+10 2.332192689747834891e+00 -4.401719565721518457e+00
6.261299999209238434e+10 2.695904134710994882e+00 -5.463160611634089392e+00
6.261299999061533356e+10 2.836537693192782150e+00 -5.162237971006322645e+00
6.261299998972557831e+10 1.694918085574721012e+00 -5.606139609991691586e+00
6.261299998910009766e+10 6.477102222852879621e-01 -6.502877962977647641e+00
6.261299998989662933e+10 1.544225230557748407e+00 -7.426894870732363430e+00
6.261299998944322968e+10 2.530075369284778830e+00 -8.482613461456601556e+00
6.261299998841114807e+10 3.565219437200616515e+00 -8.876702021467641757e+00
6.261299998728837585e+10 4.579046981938941663e+00 -8.817115332892795365e+00
6.261299998722174072e+10 4.996400276591054457e+00 -1.027086545754010416e+01
6.261299998709175873e+10 6.472226082193907715e+00 -9.959327728272533875e+00
6.261299998640631104e+10 6.953899221739663794e+00 -8.698308000349960878e+00
6.261299998782102966e+10 6.654322564444568933e+00 -9.146469357507278630e+00
6.261299998816323853e+10 6.556348408768832847e+00 -7.674971530706828915e+00
6.261299998848841858e+10 7.025684539326047862e+00 -9.077111554262124571e+00
6.261299998836470795e+10 6.691118403541679527e+00 -1.054842925124051511e+01
6.261299998782797241e+10 7.913994143433512818e+00 -1.126152523700955932e+01
6.261299998778814697e+10 7.969057608900342871e+00 -1.277393905568472654e+01
6.261299998753527832e+10 8.513580427283399032e+00 -1.138413170297388177e+01
6.261299998843035889e+10 8.576469380546917876e+00 -1.016474839509910133e+01
6.261299998851673889e+10 8.576483402125671063e+00 -1.167622177544972573e+01
6.261299998903885651e+10 9.225022912932747232e+00 -1.294065839270641227e+01
6.261299998997039795e+10 9.202806167244242275e+00 -1.413387079780151545e+01
6.261299999020215607e+10 8.344356438366526518e+00 -1.535917252274307465e+01
6.261299999064956665e+10 6.935573072319108689e+00 -1.503181025694969541e+01
6.261299999152208710e+10 5.719864596498406506e+00 -1.480207135062442703e+01
6.261299999225166321e+10 6.028896886003049183e+00 -1.351202243869459352e+01
6.261299999095947266e+10 5.410727109233090637e+00 -1.302200819695903178e+01
6.261299999104472351e+10 5.203128719422441151e+00 -1.451922178868665370e+01
6.261299999240109253e+10 5.032466476793365118e+00 -1.386872676570597918e+01
6.261299999245963287e+10 5.056595602358189723e+00 -1.538134206432759399e+01
6.261299999256951904e+10 6.339472766303480000e+00 -1.458499729754213448e+01
6.261299999313591766e+10 5.456255934759991710e+00 -1.567638931735547381e+01
6.261299999204993439e+10 4.539267956073189225e+00 -1.619771810293335079e+01
6.261299999151628113e+10 3.333581178987235383e+00 -1.545371023754272599e+01
6.261299999148305511e+10 3.329714023180883942e+00 -1.696728049941127026e+01
6.261299999133489227e+10 2.064230460196509132e+00 -1.614959262885132674e+01
6.261299999148891449e+10 1.871710942392912358e+00 -1.465586364578190093e+01
6.261299999063083649e+10 2.278917135332788391e+00 -1.347692280238316798e+01
6.261299999159735107e+10 1.801699921627174739e+00 -1.453999994929903039e+01
6.261299999069018555e+10 8.432593707844305841e-01 -1.528192943107066348e+01
6.261299999216902924e+10 6.654311344642431791e-01 -1.555286884553971838e+01
6.261299999216483307e+10 6.670498778468728629e-01 -1.706680198783728741e+01
6.261299999331215668e+10 1.627832563044934178e+00 -1.683754116930979094e+01
6.261299999289488220e+10 8.276320957641376541e-01 -1.805309770275434289e+01
6.261299999284656525e+10 2.214913728123106385e+00 -1.865735682282211627e+01
6.261299999259980774e+10 2.616221574869066480e+00 -1.721858027085643883e+01
6.261299999335382080e+10 2.756100447268647002e+00 -1.852392137731473554e+01
6.261299999467730713e+10 2.556903388634794272e+00 -1.923153159818366831e+01
6.261299999495621490e+10 2.998117830918892057e+00 -1.781042100615832169e+01
6.261299999508133698e+10 2.952124125992094950e+00 -1.630236181467110157e+01
6.261299999395365143e+10 3.424355199079580192e+00 -1.540942840168099259e+01
6.261299999358929443e+10 3.296823836774190220e+00 -1.394553222173372298e+01
6.261299999373619843e+10 3.657931097273287691e+00 -1.540841761736720628e+01
6.261299999515962982e+10 3.299504420387345593e+00 -1.577908851236254151e+01
6.261299999527508545e+10 3.570687131400306580e+00 -1.726406142174181113e+01
6.261299999466275024e+10 3.484633104448024099e+00 -1.588216059576519079e+01
6.261299999563652039e+10 3.780317564240491368e+00 -1.700303143771976266e+01
6.261299999616573334e+10 3.394965921381075002e+00 -1.563794960574701243e+01
6.261299999611795807e+10 4.568279822814276692e+00 -1.468240467858728060e+01
6.261299999659879303e+10 4.662224905689179799e+00 -1.324992890621291863e+01
6.261299999624781036e+10 5.294906031033706384e+00 -1.457979412412448816e+01
6.261299999518710327e+10 5.780415176421485057e+00 -1.361480756407555148e+01
6.261299999625587463e+10 6.447252485548734313e+00 -1.445449650368272998e+01
6.261299999578318787e+10 6.309788312068619121e+00 -1.302282472066520214e+01
6.261299999522364044e+10 5.572479388696405245e+00 -1.422086411342744583e+01
6.261299999572493744e+10 5.614618559237244177e+00 -1.564877841132225278e+01
6.261299999570607758e+10 5.535231839679300769e+00 -1.413703907221302991e+01
6.261299999681714630e+10 6.083299658240268748e+00 -1.500719406463403161e+01
6.261299999535247040e+10 6.461981013025248188e+00 -1.494934794816504997e+01
6.261299999505940247e+10 5.243374780615269515e+00 -1.410015738485027370e+01
6.261299999576710510e+10 6.496219281264908219e+00 -1.457084567911009465e+01
6.261299999595828247e+10 5.001961839419838185e+00 -1.472137298183559828e+01
6.261299999654301453e+10 4.323189536144631084e+00 -1.350097676184142337e+01
6.261299999763278961e+10 4.085528741467868485e+00 -1.452465761548059220e+01
6.261299999863360596e+10 4.659472728659141083e+00 -1.550494442216120206e+01
6.261299999879396820e+10 4.766102845316471992e+00 -1.400330301636338248e+01
6.261299999733683014e+10 4.369410009119810923e+00 -1.411006364264361146e+01
6.261299999622281647e+10 5.015370025503817608e+00 -1.490613254882648064e+01
6.261299999601341248e+10 4.134136305885656171e+00 -1.611922373213519322e+01
6.261299999680616760e+10 3.118717080238692319e+00 -1.532394055790781984e+01
6.261299999609835815e+10 2.672936656071045025e+00 -1.658580538100614632e+01
6.261299999469946289e+10 2.857551465472376595e+00 -1.713445664127356949e+01
6.261299999374265289e+10 4.012021522211150604e+00 -1.692535241183148642e+01
6.261299999385245514e+10 2.705245197503534094e+00 -1.768185247363528134e+01
6.261299999373670197e+10 4.200978086794115107e+00 -1.747838557469367160e+01
6.261299999374389648e+10 4.213109332606236990e+00 -1.596451145703763785e+01
6.261299999423433685e+10 3.853812912732178741e+00 -1.735101304158627755e+01
6.261299999327877045e+10 5.009872127397564157e+00 -1.755700365614730174e+01
6.261299999372232819e+10 3.677798549275716589e+00 -1.812343886184966024e+01
6.261299999439626312e+10 3.695695942020882807e+00 -1.947898348562792492e+01
6.261299999458816528e+10 3.560073394848583650e+00 -1.798339203388312058e+01
6.261299999539753723e+10 2.589663666341294412e+00 -1.881720018952441364e+01
6.261299999650610352e+10 2.514917816110364690e+00 -1.984554983790336635e+01
6.261299999616686249e+10 3.455509310990300786e+00 -2.098230667082282963e+01
6.261299999744064331e+10 3.452947535176380534e+00 -2.016407766250928546e+01
6.261299999795114899e+10 4.708508445999957992e+00 -1.948956938276914030e+01
6.261299999901302338e+10 4.654736123021979921e+00 -2.056731613390899227e+01
6.261299999840470123e+10 3.377035455903244721e+00 -2.110531023120515925e+01
6.261299999895070648e+10 2.884305663675075682e+00 -1.978201629028223962e+01
6.261299999987384033e+10 2.270217705216625248e+00 -1.875112585174419877e+01
6.261299999973890686e+10 2.714681351718712055e+00 -1.731020273549507849e+01
6.261299999976351929e+10 2.676467741099319841e+00 -1.579694538385683877e+01
6.261299999834234619e+10 2.401652729413795928e+00 -1.535336925518659079e+01
6.261299999887929535e+10 3.784588105888237131e+00 -1.505139599070276013e+01
6.261299999965200043e+10 4.965116478092076235e+00 -1.560030000424839791e+01
6.261299999963162994e+10 4.941261585123049471e+00 -1.711391479584040809e+01
6.261300000036792755e+10 4.731412969166408189e+00 -1.841999473309233792e+01
