2.782800000000000000e+10 0.000000000000000000e+00 0.000000000000000000e+00
2.782799999974602890e+10 -1.283694488756990416e-02 -2.293805742684534577e-01
2.782799999945780563e+10 -2.693916617180135836e-02 -4.496256505255455393e-02
2.782799999949094009e+10 -6.641285259038712252e-02 -3.835270474198824164e-01
2.782799999960676956e+10 1.223105522977468718e-01 -6.447726633849188982e-01
2.782799999962908936e+10 1.246698812013326274e-01 -3.030443549764467170e-01
2.782799999980284119e+10 -1.007090990770811434e-01 -1.125282557090289404e-01
2.782799999964466858e+10 -2.514807191261403396e-03 1.749100493686694680e-01
2.782799999939916992e+10 7.055293405473603285e-03 4.134929171361215738e-01
2.782799999931018066e+10 -6.581821183775275752e-02 9.092175537923807838e-02
2.782799999902886963e+10 -5.171609248739675313e-02 2.857208277836710275e-01
2.782799999928203583e+10 -2.635050648654123640e-01 1.944257768228381256e-01
2.782799999935800934e+10 -2.741219992481699341e-01 -1.393363920285727864e-01
2.782799999907340622e+10 -2.626069047944907808e-01 -3.294716308182253917e-01
2.782799999929376602e+10 -5.026526194144799176e-01 -2.241058397886760423e-01
2.782799999939333725e+10 -2.145448460199664287e-01 -3.801875548038761710e-01
2.782799999959389877e+10 -4.757517061282205417e-01 -4.741419729867591415e-01
2.782799999952315140e+10 -3.832861383438885827e-01 -1.520752812093192907e-01
2.782799999965127945e+10 -5.482202010357268840e-01 1.193327057797876622e-01
2.782799999966625214e+10 -5.596939271462259002e-01 -2.226120676799799858e-01
2.782799999939964676e+10 -4.074213836867858762e-01 -3.743247992859413120e-01
2.782799999946553802e+10 -5.734805863534675474e-01 -6.664975394943107867e-01
2.782799999941132355e+10 -3.739461390891558601e-01 -3.934977282048670588e-01
2.782799999941422653e+10 -4.113863822837994788e-01 -5.309817933386001831e-02
2.782799999959632111e+10 -2.976656896263888408e-01 -3.199155345626039093e-01
2.782799999934104919e+10 -3.008829913392309097e-01 -9.164235036136961221e-02
2.782799999916769409e+10 -1.760518788927521450e-01 1.760266286081749454e-01
2.782799999918780899e+10 -1.843256918853444781e-01 -1.657465916819665652e-01
2.782799999916049576e+10 -3.532189064583801108e-01 1.309200436827260561e-01
2.782799999938808441e+10 -9.849897299312249110e-02 1.063617048689722289e-01
2.782799999939680862e+10 -1.119274658401278461e-01 -2.357283954612148236e-01
2.782799999971026993e+10 -2.443689522585634766e-02 -3.423513750162695546e-01
2.782799999968804169e+10 2.829530601884373137e-02 -6.800011237542603615e-01
2.782799999965692520e+10 -6.113832896474847428e-02 -3.508879277798130913e-01
2.782799999958148193e+10 -1.997272817179248650e-01 -6.548342066638419556e-01
2.782799999951560974e+10 -5.318553423493324050e-01 -6.035141707402184030e-01
2.782799999947959518e+10 -8.489190938791648655e-01 -7.278348204791105225e-01
2.782799999960689545e+10 -9.731941270536194066e-01 -1.020464530981648021e+00
2.782799999970777130e+10 -6.462423586007810528e-01 -1.034914121162466838e+00
2.782799999965409470e+10 -5.780051323573046629e-01 -7.036367846382125535e-01
2.782799999964656830e+10 -5.858605380834271958e-01 -1.045928609223458761e+00
2.782799999979475403e+10 -3.090690493103251391e-01 -9.091438088826671038e-01
2.782799999961622238e+10 -2.424642256220617687e-01 -6.245885881990645982e-01
2.782799999971065140e+10 -8.204558828968283590e-03 -8.558621339434131503e-01
2.782799999939211273e+10 -1.287657534862197972e-01 -8.200876297257452263e-01
2.782799999906000519e+10 -4.574145712419448728e-02 -8.104229275184192671e-01
2.782799999898187256e+10 -1.778203033794163446e-01 -5.042649993534640274e-01
2.782799999899464798e+10 -1.767901934102677208e-01 -8.464897403552136268e-01
2.782799999894772720e+10 -2.074327953384191292e-01 -5.086411942853001911e-01
2.782799999897178268e+10 -2.974636339247480610e-01 -8.381829148465327339e-01
2.782799999872820282e+10 -9.266912187449613536e-02 -9.647149738256115548e-01
2.782799999888691711e+10 2.080687701458633632e-01 -9.241193030841073908e-01
2.782799999897985077e+10 4.455000576164163673e-01 -6.954888615952316000e-01
2.782799999891923523e+10 4.693546615788594667e-01 -3.592762195219473265e-01
2.782799999886003494e+10 4.545784876321281032e-01 -2.229111360797847441e-02
2.782799999900438309e+10 1.491017740569997585e-01 -7.823603137557069709e-02
2.782799999893508530e+10 4.501958743039483624e-01 6.948677889779508732e-02
2.782799999892475128e+10 4.466292616140941085e-01 4.117768669127476189e-01
2.782799999874328613e+10 4.255719411039585731e-01 7.014467862672842946e-01
2.782799999849496460e+10 3.418077781933922532e-01 9.219064484977801399e-01
2.782799999860102463e+10 3.087852356132566589e-01 5.979582442130750852e-01
2.782799999859551239e+10 1.324185292529488078e-01 3.044510771825548190e-01
2.782799999883132172e+10 -9.813287631266376376e-02 3.967628210891017138e-01
2.782799999890935898e+10 -1.556535034966257947e-01 6.830681353737322326e-02
2.782799999882336044e+10 -2.134922326473087384e-01 -2.580996046172477909e-01
2.782799999906819534e+10 -2.336780884538636749e-01 -4.967013685493268382e-01
2.782799999906162262e+10 -3.284709319748040368e-01 -8.257198995174912515e-01
2.782799999936095428e+10 -2.665143205199830279e-01 -6.713012817923549314e-01
2.782799999930025864e+10 -1.992652301377467183e-01 -3.410351757517747218e-01
2.782799999954787445e+10 -2.835786366633298861e-01 -1.199937869500998233e-01
2.782799999964359665e+10 -1.009007641092524721e-01 1.534068577175239922e-01
2.782799999975127792e+10 1.140739250871126154e-01 -9.046380085388247561e-02
2.782799999952100372e+10 1.811232214848844391e-02 1.441559579064493890e-01
2.782799999963200378e+10 3.339858197238421700e-01 7.214820630742696528e-02
2.782799999960157776e+10 3.235449246587328576e-01 4.130986366926897579e-01
2.782799999957818985e+10 2.665582547582368567e-01 7.621940346340927430e-02
2.782799999980920029e+10 2.652094790492296461e-01 3.290329039948595158e-01
2.782799999987792969e+10 2.926324416954639851e-01 -5.341302562675398491e-03
2.782799999989233398e+10 4.071814978632365967e-01 3.170762158176174683e-01
2.782799999971457291e+10 6.933442125781690279e-01 2.554852160481622114e-01
2.782799999980862045e+10 5.524421426246104438e-01 5.531159895553714456e-01
2.782799999977901840e+10 5.812733906987584964e-01 8.930786159710719652e-01
2.782799999983434296e+10 5.879776485658446683e-01 1.230978203710928920e+00
2.782799999984618378e+10 6.077149671686988830e-01 8.892878023826914502e-01
2.782799999984619904e+10 9.311740907424244096e-01 1.001787803913711805e+00
2.782799999956503677e+10 9.334519540654604430e-01 1.197300724458536747e+00
2.782799999987845993e+10 7.981674908703703109e-01 1.224626985501335641e+00
2.782800000021762085e+10 8.347680794830821815e-01 1.194442122437332277e+00
