2.782800000000000000e+10 0.000000000000000000e+00 0.000000000000000000e+00
2.782799999994212723e+10 -5.358465369001218226e-02 -3.332586369878369204e-01
2.782799999999042892e+10 -2.257783419746811071e-01 -6.253174891577115702e-01
2.782800000008479691e+10 -3.082653224723339580e-01 -9.440222364001691346e-01
2.782799999984788513e+10 -6.527797667348592126e-02 -9.899786312751636119e-01
2.782799999959870911e+10 2.597005497271294427e-02 -1.206466379410951362e+00
2.782799999977700043e+10 -2.214901248146528001e-01 -1.050718243988326694e+00
2.782799999975678635e+10 -1.291273223711620899e-01 -1.379872621857717530e+00
2.782799999975701904e+10 -1.293733919199581972e-01 -1.722337131853952874e+00
2.782799999977641296e+10 -3.265740464712106883e-01 -1.443020315157041544e+00
2.782799999974095154e+10 -3.312928333091136879e-01 -1.783611448177038206e+00
2.782799999969926453e+10 -3.864526891200603664e-02 -1.610690761878727839e+00
2.782799999990703964e+10 -3.093360112004629459e-01 -1.581737933286109232e+00
2.782799999992981720e+10 -1.349160872345817608e-01 -1.287899685179167086e+00
2.782799999992156982e+10 -1.575037400468717874e-01 -1.629519129531133537e+00
2.782800000020651627e+10 3.085921819179884840e-02 -1.604874260932605656e+00
