3.478500000000000000e+10 0.000000000000000000e+00 0.000000000000000000e+00
3.478499999994137573e+10 -3.727924107251440189e-01 6.861195074233002178e-02
3.478499999978871918e+10 -2.307298152789899470e-02 1.074749383384524110e-01
3.478500000003727722e+10 1.300328047289843192e-01 3.562623465391396849e-01
3.478499999977081299e+10 4.030718763326095466e-01 3.167255613897073108e-01
3.478499999970449829e+10 6.320223040383627922e-01 6.172291559570012298e-01
3.478499999971414185e+10 8.715999526288404908e-01 3.178496030289248431e-01
3.478499999986585236e+10 7.477770862346414527e-01 6.476539777562406730e-01
3.478499999987665558e+10 1.065541452459011662e+00 8.621944245449670863e-01
3.478499999986112976e+10 1.201543806137690407e+00 5.038916927260134182e-01
3.478499999988927460e+10 1.149462495108376281e+00 1.249276228304436742e-01
3.478499999992524719e+10 1.451358227137245605e+00 3.587730599963999123e-01
3.478499999971277618e+10 1.497390717394488480e+00 4.277203975115273504e-02
3.478499999945335388e+10 1.275727205416146370e+00 2.179427053500320732e-01
3.478499999969182587e+10 1.421642039213774078e+00 -4.465367402006747977e-02
3.478499999942907715e+10 1.145491058193153888e+00 -1.946875005047261908e-03
3.478499999924796295e+10 8.678486700469075776e-01 -1.949016133128159134e-01
3.478499999927473450e+10 9.028239131067286039e-01 -5.759246606637798971e-01
3.478499999891297913e+10 9.838453126824360240e-01 -4.775081140887705855e-01
3.478499999897232056e+10 9.728532880032781938e-01 -9.872604162773390701e-02
3.478499999933478546e+10 8.992698823410811837e-01 2.876244591058202404e-03
3.478499999921463776e+10 1.246060909832559460e+00 -1.085686307064553657e-01
3.478499999889972687e+10 1.453660028677134619e+00 -1.782373888859913325e-01
3.478499999862808990e+10 1.262838801148744361e+00 -3.703863214301126860e-01
3.478499999872686768e+10 1.283297125897596480e+00 -3.285818602661860766e-04
3.478499999870504761e+10 1.078567279322402150e+00 3.232885649942898176e-01
3.478499999860002899e+10 1.033428830799566489e+00 -4.284333726027877987e-02
3.478499999886890411e+10 1.263884073537218322e+00 1.045237312416687769e-01
3.478499999876768494e+10 1.513353282205455619e+00 -1.686767350072198857e-01
3.478499999875617981e+10 1.494950104515763378e+00 2.142691523859095726e-01
3.478499999910347748e+10 1.532753503793494287e+00 3.726171510370404061e-01
3.478499999921612549e+10 1.202476005813136073e+00 2.134134584197250883e-01
3.478499999931338501e+10 1.430150743813537906e+00 -7.954300419352461349e-02
3.478499999920942688e+10 1.471506589120311848e+00 -4.464239790006314101e-01
3.478499999947414398e+10 1.723393222988686802e+00 -3.298217491074731389e-01
3.478499999910467529e+10 1.820652198039277581e+00 -2.958492285747215678e-01
3.478499999880658722e+10 2.061392278619157636e+00 -2.783235119393360768e-01
3.478499999916055298e+10 1.953427170477047392e+00 -3.791654180592362589e-01
3.478499999922954559e+10 2.329773193087774974e+00 -3.522957171997009862e-01
3.478499999922354889e+10 2.349763996276446942e+00 -7.352878417146804235e-01
3.478499999899630737e+10 2.215021861669349335e+00 -1.013362198823708038e+00
3.478499999895545959e+10 2.233576564792790542e+00 -6.324351204649149016e-01
3.478499999920220947e+10 1.940500323944871264e+00 -6.140209456115064413e-01
3.478499999931456757e+10 1.895025257795711848e+00 -2.501167794655772547e-01
3.478499999937579346e+10 1.903136261579317479e+00 1.284386474701905145e-01
3.478499999930287933e+10 1.939588910552394241e+00 5.032360135006757051e-01
3.478499999942960358e+10 1.637091384769062019e+00 3.043507511017516931e-01
3.478499999923905945e+10 1.554819724194392849e+00 6.269069296682230341e-01
3.478499999919276428e+10 1.232962698019382852e+00 8.303362282250970061e-01
3.478499999953897858e+10 1.347627453125559649e+00 9.490995484502267043e-01
3.478499999964723206e+10 1.681672878853895492e+00 7.947817756457646876e-01
3.478499999973429871e+10 1.568246913771643269e+00 4.388704391111775127e-01
3.478499999972287750e+10 1.563526762447064344e+00 8.222316549626608184e-01
3.478499999968864441e+10 1.834875803402350680e+00 1.091148221606663249e+00
3.478500000003234863e+10 1.686924040113421119e+00 1.175394882286774578e+00
3.478500000008862305e+10 1.882570471206450158e+00 1.500470303465244459e+00
3.478500000008039093e+10 2.166553622103656540e+00 1.758160732329263176e+00
3.478499999994158936e+10 2.000204878228443395e+00 2.074674264503154841e+00
3.478499999992819977e+10 1.668994427788685009e+00 2.267647932582885772e+00
3.478499999999576569e+10 1.777447569858076726e+00 2.629298981168475713e+00
3.478500000005885315e+10 1.801120529188912966e+00 3.006894055520733744e+00
3.478500000004938507e+10 1.901279276409070684e+00 2.636762743922101748e+00
3.478500000032945251e+10 2.121908017179310324e+00 2.495326237273471470e+00
