6.261300000000000000e+10 0.000000000000000000e+00 0.000000000000000000e+00
6.261299999996588898e+10 2.794766551853558045e-01 1.487529126795212209e+00
6.261299999958802032e+10 2.349100189209900047e-01 2.218239942194299985e-02
6.261299999973159027e+10 7.720623659098877489e-01 1.430325955359772916e+00
6.261299999911034393e+10 -1.365600510572315684e-01 2.469785442414175414e+00
6.261299999862120056e+10 5.749748065849819012e-01 1.226214658267483104e+00
6.261299999849690247e+10 1.196552579735011612e+00 2.601061774706345808e+00
6.261299999868858337e+10 1.083190238710010744e+00 1.103590170896703082e+00
6.261299999931925201e+10 5.277011468840977493e-01 -1.556577744986902267e-01
6.261299999966490936e+10 1.229290951617692418e+00 -1.451924654272896520e+00
6.261299999894027710e+10 2.038971560257508031e+00 -2.506123613634715586e+00
6.261299999849629211e+10 2.480086016199743781e+00 -3.884639651105562308e+00
6.261299999872899628e+10 3.754606102532802581e+00 -4.667876177042772134e+00
6.261299999722840118e+10 3.570312436205043127e+00 -4.588761951111377080e+00
6.261299999710751343e+10 3.496529943759739467e+00 -6.096063140289653681e+00
6.261299999693373108e+10 4.986585778771380539e+00 -6.299891938593172647e+00
6.261299999700134277e+10 4.921701389567351370e+00 -4.788854916819156315e+00
6.261299999676403046e+10 5.425533897478871381e+00 -6.196636564563654304e+00
6.261299999677452850e+10 4.637572010674386291e+00 -7.489315824175161396e+00
6.261299999741506195e+10 3.738899292141607766e+00 -6.452917046632617115e+00
6.261299999815706635e+10 4.080567033896216778e+00 -5.178277054753024800e+00
6.261299999834954834e+10 3.910814277115318927e+00 -6.670304991969134178e+00
6.261299999955833435e+10 3.945575835646949692e+00 -7.581156557097088466e+00
6.261300000003966522e+10 4.395318205653302002e+00 -6.218048478061550810e+00
6.261300000110633850e+10 5.466117260586955240e+00 -6.130819762551325880e+00
