6.957000000000000000e+09 0.000000000000000000e+00 0.000000000000000000e+00
6.956999999780963898e+09 1.165578974000919255e-01 1.512350178813958168e-01
6.956999999804167747e+09 -1.588744010040432642e-01 6.160723358676782613e-02
6.956999999563676834e+09 -2.193657254189818051e-01 2.130641502081209171e-01
6.956999999718183517e+09 -3.412784589005889990e-01 4.268381711632993625e-01
6.956999999705963135e+09 -3.302631180146236023e-01 1.367281394922962856e-01
6.956999999469572067e+09 -2.187045527244057541e-01 9.809695148211505789e-03
6.956999999476748466e+09 -2.135049286305095162e-01 3.002506600635403422e-01
6.956999999376373291e+09 5.863689247412812167e-02 2.829836381002003298e-01
6.956999999647365570e+09 1.554492553280071021e-01 3.232943256939236343e-01
6.956999999819432259e+09 1.161050429210378210e-01 5.541181444288861835e-01
6.956999999778820038e+09 -1.266057489562106286e-01 7.086387293539373466e-01
6.956999999725047112e+09 2.641413015983865020e-02 9.497360640344763016e-01
6.956999999802915573e+09 7.430333204194024266e-02 6.739143072872265661e-01
6.956999999762372017e+09 -3.976337683226881248e-02 9.380723931563617057e-01
6.956999999593152046e+09 5.223400013408295572e-02 7.205050739372168556e-01
6.956999999815071106e+09 -5.112121184604068169e-02 8.770427127633655395e-01
6.956999999860702515e+09 -7.143023687023217216e-02 5.907914124745194950e-01
6.956999999794528008e+09 -7.097261919456442081e-02 8.737316677356652406e-01
6.956999999790896416e+09 -1.759263096358782696e-01 1.144667140586860254e+00
6.956999999504972458e+09 -2.064516861992340135e-01 1.102833471168084944e+00
6.956999999308773041e+09 -4.205549672886834678e-01 1.092835679910862945e+00
6.956999999265635490e+09 -1.586346802986169924e-01 9.746347961283035044e-01
6.956999999342077255e+09 -3.146634499762013260e-01 1.207542784765798016e+00
6.956999999242369652e+09 -2.573760263868333231e-01 1.474396903637889888e+00
6.956999999268102646e+09 -2.135972950877581267e-01 1.760501343467527402e+00
6.956999999413920403e+09 -2.744503210192357767e-01 2.004362935271232438e+00
6.956999999363197327e+09 -2.250800844968038061e-01 2.286186092863594865e+00
6.956999999536409378e+09 -1.706920746853035631e-02 2.180528176518603534e+00
6.956999999515651703e+09 3.750924381206911101e-02 2.465176730287686802e+00
6.956999999515304565e+09 3.845177995179743791e-02 2.174602318085729458e+00
6.956999999249945641e+09 1.425024176013263422e-01 2.231105620463103456e+00
6.956999999271428108e+09 4.815918146282183177e-02 1.957112238193192022e+00
6.956999999267113686e+09 2.919576567884167861e-01 2.115157130167906629e+00
6.956999999265949249e+09 3.772403159714232679e-01 2.392934035112723734e+00
6.956999999131904602e+09 3.117457582672149563e-01 2.642287232551309373e+00
6.956999998980049133e+09 3.955167382552921551e-01 2.875432906953705015e+00
6.956999998977772713e+09 2.227391186850348481e-01 3.109050567941919585e+00
6.956999999126220703e+09 1.142304643134209596e-01 2.884054055451950038e+00
6.956999999108182907e+09 3.857758877415792265e-01 2.782209966413828006e+00
6.956999999039109230e+09 2.107966576708526774e-01 2.560747654805885176e+00
6.956999999042642593e+09 2.178613205449538293e-01 2.851216424139362271e+00
6.956999998964346886e+09 4.934487738779252952e-01 2.899753159262876245e+00
6.956999998747030258e+09 3.147324366389212535e-01 2.827169402652478958e+00
6.956999998750205994e+09 3.282856534307658225e-01 3.117411922817593162e+00
6.956999998879016876e+09 2.019251245544421702e-01 2.889650404309482834e+00
6.956999998934755325e+09 1.992516194334721380e-01 3.174818022627479586e+00
6.956999999038118362e+09 4.669259780341616928e-01 3.220654093142433005e+00
6.956999999178962708e+09 2.446231428167587318e-01 3.343856497848026077e+00
6.956999999230251312e+09 2.153003949258186500e-01 3.059349573265575994e+00
6.956999999248119354e+09 2.378086958111471638e-01 3.348501097979554864e+00
6.956999999447908401e+09 2.183055365162901162e-01 3.558592878847548491e+00
6.956999999264081955e+09 4.272060902989174291e-01 3.474909350947188447e+00
6.956999999282716751e+09 3.134289515905607226e-01 3.741633941705635458e+00
6.956999999556525230e+09 4.049089371622380806e-01 3.708545857202024454e+00
6.956999999692077637e+09 3.716744336800772430e-01 3.453681928422746239e+00
6.956999999720550537e+09 6.264215182945322979e-01 3.590531116882998752e+00
6.956999999793374062e+09 5.858613272913870684e-01 3.868894292475863583e+00
6.956999999709844589e+09 5.875232501592575485e-01 4.147200980146091176e+00
6.956999999748927116e+09 3.016243546979649470e-01 4.113012179264861956e+00
6.956999999480408669e+09 2.257616979928377954e-01 4.031913602807787100e+00
6.956999999716923714e+09 1.274094985914533407e-01 3.894720883873480144e+00
6.956999999570078850e+09 8.745656613903152188e-02 3.647183328020737303e+00
6.956999999618267059e+09 4.924243656933940949e-02 3.363190194108453213e+00
6.956999999785254478e+09 6.318399050956885477e-02 3.125797722955726776e+00
6.957000000006882668e+09 -5.719535424057689554e-03 3.300634554776782359e+00
6.956999999963814735e+09 -2.402142183762628891e-01 3.466742743731675347e+00
6.957000000246685028e+09 -1.837034661420370585e-01 3.431739691727956565e+00
