2.782800000000000000e+10 0.000000000000000000e+00 0.000000000000000000e+00
2.782800000008652496e+10 1.863592324164269898e-01 -2.739809124613362123e-01
2.782799999991178513e+10 1.813503139331659741e-02 -5.157431537971375324e-01
2.782799999979288101e+10 2.039775610133358064e-01 -7.776720050580934185e-01
2.782799999948535156e+10 8.485705503616455814e-02 -6.853752484415263080e-01
2.782799999951700974e+10 -2.287914938657747699e-01 -8.191829510318127117e-01
2.782799999934557343e+10 4.777144784964251767e-02 -9.259778524673166755e-01
2.782799999934955215e+10 2.199657157659456186e-01 -1.221976776377158735e+00
2.782799999932979965e+10 2.839268083477975990e-01 -8.861184543401937619e-01
2.782799999952177048e+10 3.143048710097602338e-01 -1.168087351466389423e+00
2.782799999977083206e+10 3.392244826486066067e-01 -9.343594216968398314e-01
2.782799999992019272e+10 1.666835876422173013e-01 -6.790104098726068571e-01
2.782799999990504074e+10 3.119516531259106662e-01 -3.692530452942510144e-01
2.782799999985284042e+10 4.007340423430127974e-01 -6.958640778915773373e-01
2.782800000011376953e+10 2.264538437952058614e-01 -8.330630563458215621e-01
