4.869900000000000000e+10 0.000000000000000000e+00 0.000000000000000000e+00
4.869900000001284790e+10 -2.571369363571302524e-01 5.018735840531388659e-01
4.869899999953474426e+10 -5.108866323929635023e-01 3.431540008157776267e-01
4.869899999951055908e+10 -5.551897540810623033e-01 9.049492302784440945e-01
4.869899999976824188e+10 -3.479297662299352112e-01 4.479965495052363189e-01
4.869899999948497772e+10 -8.349720611098944145e-01 4.212805796573951822e-01
4.869899999972882843e+10 -8.422314756128267410e-01 -8.729146504228879611e-02
4.869899999971981049e+10 -3.832142192595502928e-01 2.404025862542598646e-01
4.869899999919834137e+10 -4.532167440291023364e-01 4.437071962161941441e-01
4.869899999947818756e+10 -2.872890324811909757e-01 -1.706821877882030991e-02
4.869899999931105804e+10 2.508936075143698430e-01 -4.131786487745647829e-02
4.869899999899316406e+10 8.835871384074517332e-03 3.568199301084691855e-01
4.869899999880061340e+10 3.981451969097000720e-01 7.167140085694141405e-01
4.869899999831909180e+10 2.698095587153582775e-01 9.809701232389841374e-01
4.869899999839602661e+10 3.478764846021535906e-01 4.276634491149257089e-01
4.869899999828273010e+10 8.315551348209901938e-01 1.604927720883549402e-01
4.869899999839326477e+10 1.066438332414156642e+00 -3.402793958528225748e-01
4.869899999850177765e+10 7.766388835303091875e-01 1.313158543441770298e-01
4.869899999852001190e+10 1.004532416993808353e+00 6.469646872455449005e-01
4.869899999851103210e+10 1.128355046492220959e+00 9.673850261461369726e-02
4.869899999879360199e+10 8.002057804945434949e-01 4.581706448026820477e-01
4.869899999926795197e+10 5.827963852678887946e-01 6.723774017242518664e-01
4.869899999905139923e+10 7.351848074348720230e-01 1.170417890659332549e+00
4.869899999939838409e+10 1.077924453513671388e+00 1.453776314888944876e+00
4.869899999894503021e+10 7.718483295808478140e-01 1.591423108839971290e+00
4.869899999921238708e+10 5.255563792470833162e-01 2.022724992845291503e+00
4.869899999936975098e+10 8.537441080603666022e-01 2.453643665710600441e+00
4.869899999892293549e+10 6.348688830816510142e-01 2.187919897654181156e+00
4.869899999836261749e+10 5.903315623144261837e-01 2.140816616176692389e+00
4.869899999880792236e+10 2.441316452279099214e-01 2.137698730055057617e+00
4.869899999829324341e+10 3.462078425440809348e-02 2.234489790683440891e+00
4.869899999832335663e+10 -1.679520469529114518e-02 2.795391805357107629e+00
4.869899999824870300e+10 1.837796101301673313e-01 2.273512395310747003e+00
4.869899999831719971e+10 1.910284683770007153e-01 2.833348853661179945e+00
4.869899999854396820e+10 5.971187982904624381e-01 3.152456713992967785e+00
4.869899999827038574e+10 8.573488806783587934e-01 2.733418801028224099e+00
4.869899999851219177e+10 3.479498112995405013e-01 2.747672216826264169e+00
4.869899999906127930e+10 2.830035331241267382e-01 2.636108014744076744e+00
4.869899999908699799e+10 2.421263637955910486e-01 3.198094961983550810e+00
4.869899999865684509e+10 5.975955739614754458e-01 3.280401994805675514e+00
4.869899999888024139e+10 4.138455579982423527e-01 3.764644065684135121e+00
4.869899999890017700e+10 2.170282496974925424e-01 4.292874059846404577e+00
4.869899999842345428e+10 4.671882673401205333e-01 4.461142602736469343e+00
4.869899999852185822e+10 3.478699189424873661e-01 5.003583064204601527e+00
4.869899999826979065e+10 6.098158759845646593e-01 5.434871352663053656e+00
4.869899999836966705e+10 1.113867817911554869e+00 5.667503334779850910e+00
4.869899999844010162e+10 1.560653651488503435e+00 6.004523403681668370e+00
4.869899999858046722e+10 2.080603567401483112e+00 6.172185562663718983e+00
4.869899999857866669e+10 2.460631499510479436e+00 6.589003370623778721e+00
4.869899999899258423e+10 2.791152924468713437e+00 6.782883131817659894e+00
4.869899999938124084e+10 3.014658942371873707e+00 7.125155120984348223e+00
4.869899999916252136e+10 2.932727218456134821e+00 6.611723854072393713e+00
4.869899999901465607e+10 2.786026238212018225e+00 6.087532253658272552e+00
4.869899999893927765e+10 2.562699019187847593e+00 6.599981385419899205e+00
4.869899999838497162e+10 2.615362536626615775e+00 6.690158824801001103e+00
4.869899999836819458e+10 3.101579002371244620e+00 6.975594886633837532e+00
4.869899999888515472e+10 2.876307291813624545e+00 6.988390572502281906e+00
4.869899999932019806e+10 2.517373844382852610e+00 6.996527551233039155e+00
4.869899999987206268e+10 2.621788589613494924e+00 7.048572904180519849e+00
4.869899999985715485e+10 2.634480749400350152e+00 7.612291167875330444e+00
4.869900000017245483e+10 2.169373281082587201e+00 7.661524834800489181e+00
