5.565600000000000000e+10 0.000000000000000000e+00 0.000000000000000000e+00
5.565599999983436584e+10 -1.287930318878199587e-01 -7.710388843584212726e-01
5.565599999971434021e+10 -1.845288571309069980e-01 -1.559081046940784976e+00
5.565599999988855743e+10 4.591202285864448562e-02 -8.140520794700515372e-01
5.565599999988074493e+10 6.535762152164968641e-02 -1.525002882198722709e-02
5.565599999908395386e+10 4.925154290653779854e-03 -1.495532654408848576e-02
5.565599999875914764e+10 1.385866777521945203e-01 -7.327007403268682717e-01
5.565599999818910980e+10 -1.650101337488018571e-01 -1.203243448180742359e+00
5.565599999858501434e+10 3.500336819371152042e-01 -7.379333397274813189e-01
5.565599999868846130e+10 -2.680860933122518053e-01 -2.422013825474538251e-01
5.565599999869643402e+10 -2.961379199499682979e-01 5.563431310498968552e-01
5.565599999844056702e+10 -6.741606527320869180e-01 1.212206074480941753e+00
5.565599999879936218e+10 1.982641270434903902e-02 1.044362859069153160e+00
5.565599999819194031e+10 -4.455714985927541338e-01 1.274519111806489358e+00
5.565599999886179352e+10 -1.214601702619453327e-01 1.565671464254713152e+00
5.565599999922408295e+10 1.647128019446027491e-01 9.134621567392421371e-01
5.565599999961414337e+10 3.181687027459245143e-01 2.331470359516363278e-01
5.565599999975511932e+10 3.863646213261734963e-01 1.016728196859674416e+00
5.565599999997291565e+10 1.293246761290701707e-01 2.921470989456426137e-01
5.565600000022766113e+10 -2.810775167007854014e-01 9.286994241790959004e-01
