2.782800000000000000e+10 0.000000000000000000e+00 0.000000000000000000e+00
2.782799999973324585e+10 1.827144971226632164e-01 1.128732279495655161e-01
2.782799999953393936e+10 6.709097908937396160e-02 3.662299510755381293e-01
2.782799999933985519e+10 1.188409275240145391e-01 8.885736606099353674e-02
2.782799999915547180e+10 3.712781405144133795e-01 2.287147086339613444e-01
2.782799999915617371e+10 3.596047097372495061e-01 -1.135502383865504561e-01
2.782799999914237976e+10 7.010586562709220093e-02 6.888393620507157755e-02
2.782799999924417877e+10 -2.829633928976674206e-02 -2.429426947885417742e-01
2.782799999895712280e+10 1.198581404041353382e-01 -1.292289851906035236e-01
2.782799999879268265e+10 -1.675565973866842695e-01 -2.166027328840361699e-01
2.782799999861942291e+10 -2.561208930924136484e-01 -4.984180251050703836e-01
2.782799999864288712e+10 -8.903750422173031809e-02 -7.964358747317790144e-01
2.782799999877682114e+10 2.260434189470987565e-01 -7.882298583063989117e-01
2.782799999876169968e+10 4.575390175087315492e-01 -1.040148869587564917e+00
2.782799999876905060e+10 4.960611368038945757e-01 -6.999370388366055185e-01
2.782799999864753723e+10 3.725455873054202005e-01 -9.953353525811545754e-01
2.782799999872813034e+10 3.812314480545669348e-01 -6.626024037539113287e-01
2.782799999870873642e+10 4.411928328503127439e-01 -9.992186399152269694e-01
2.782799999840084839e+10 4.152508564849612394e-01 -8.515259775746248927e-01
2.782799999835319901e+10 6.185211944891811919e-01 -5.800615694854984739e-01
2.782799999811488724e+10 5.151054382997186654e-01 -3.569125986429347863e-01
2.782799999830595779e+10 6.291103378699521853e-01 -6.172539901248581540e-01
2.782799999848873138e+10 8.796815457573083918e-01 -4.720300317019981429e-01
2.782799999840133667e+10 8.704117842905544356e-01 -1.410337731328105138e-01
2.782799999836615372e+10 8.328059114627102133e-01 -4.796044544511451346e-01
2.782799999840760422e+10 8.254326923223849199e-01 -1.397372711022590308e-01
2.782799999814868164e+10 1.034490792113808455e+00 -2.205808236507542652e-01
2.782799999813768768e+10 1.047391292160095855e+00 1.214641103162661939e-01
2.782799999812347412e+10 1.020167005237154312e+00 -2.196207281842580405e-01
2.782799999815447998e+10 1.236346053394099087e+00 4.417327067079118708e-02
2.782799999789274979e+10 1.393063959754399228e+00 -1.114510478250794467e-01
2.782799999777942657e+10 1.487358827624132518e+00 1.976579915737132487e-01
2.782799999773429871e+10 1.497148873783217926e+00 5.369951457728612265e-01
2.782799999760474396e+10 1.428114505005240842e+00 2.275893994027073375e-01
2.782799999740010834e+10 1.442543397086133883e+00 -4.663237116870933008e-02
2.782799999720520782e+10 1.408744500940382949e+00 -3.261916366155074298e-01
2.782799999753164673e+10 1.325967532288891304e+00 -3.883921608538951631e-01
2.782799999760966110e+10 1.273899198886615958e+00 -5.902225244846581731e-02
2.782799999741152191e+10 1.312700084613358076e+00 2.175964475406033660e-01
2.782799999740380478e+10 1.302162823564092520e+00 -1.246190692357713181e-01
2.782799999756785583e+10 1.517794158914646641e+00 -3.340764386757684723e-01
2.782799999730611420e+10 1.305300626810076414e+00 -3.942473036470513503e-01
2.782799999706324768e+10 1.322935642924624400e+00 -1.534434058420228730e-01
2.782799999700721741e+10 1.139646794953588227e+00 -4.372526843860902179e-01
2.782799999703239059e+10 1.196653509440585683e+00 -7.739997945935491730e-01
2.782799999702692413e+10 1.001383264517344163e+00 -4.927140203860255752e-01
2.782799999718645477e+10 1.052704092985736084e+00 -7.913747891999503015e-01
2.782799999748218155e+10 1.219483979149413422e+00 -7.465072060845204804e-01
2.782799999754040527e+10 1.307623537349819953e+00 -1.072273285246903018e+00
2.782799999748492813e+10 1.326090401835089860e+00 -7.348368998541530139e-01
2.782799999749337387e+10 1.534075730165243234e+00 -4.628941738146014617e-01
2.782799999745558548e+10 1.340547977874676500e+00 -7.428963624093039009e-01
2.782799999760253143e+10 1.418560284022785334e+00 -4.435595473541663059e-01
2.782799999740071106e+10 1.656239649536072278e+00 -5.851922422376352184e-01
2.782799999740935898e+10 1.661935327133376994e+00 -9.275003426751669000e-01
2.782799999772405243e+10 1.672679389333758371e+00 -7.928365673737685082e-01
2.782799999747776031e+10 1.850115280484396774e+00 -9.513857128883743686e-01
2.782799999757918167e+10 1.809149797314839825e+00 -1.275912141081829265e+00
2.782799999734898376e+10 1.993932320072335340e+00 -1.449537996092639780e+00
2.782799999737567520e+10 2.018746455922691307e+00 -1.790058040710561738e+00
2.782799999741997147e+10 2.036235029931052321e+00 -2.129195227463253293e+00
2.782799999746993637e+10 2.141431723808194132e+00 -1.807140726841987011e+00
2.782799999730269241e+10 2.075908889399143753e+00 -1.515562574953026598e+00
2.782799999732454300e+10 2.069869128893196297e+00 -1.857276180487069439e+00
2.782799999744699860e+10 2.362557506851794553e+00 -1.986194138190737091e+00
2.782799999722873688e+10 2.614348024731929510e+00 -2.065218259197440176e+00
2.782799999750904846e+10 2.626863385132975903e+00 -2.261559672014217259e+00
2.782799999727883911e+10 2.705126539740093428e+00 -2.502724237533310969e+00
2.782799999697338867e+10 2.688946557379970237e+00 -2.656740565725962178e+00
2.782799999716643524e+10 2.544589574917860197e+00 -2.900001817965253803e+00
2.782799999717817688e+10 2.211535389142826435e+00 -2.821140627790991395e+00
2.782799999730289841e+10 2.400980199679882521e+00 -3.077727702664255105e+00
2.782799999733506775e+10 2.319359874805859256e+00 -2.746691101411778302e+00
2.782799999710606766e+10 2.457074132387308651e+00 -2.532504739499791047e+00
2.782799999700991440e+10 2.455068051647421701e+00 -2.861187286790976447e+00
2.782799999687343979e+10 2.201003516178756669e+00 -2.676504980509869736e+00
2.782799999692272186e+10 2.100251118137886674e+00 -3.000082333558652614e+00
2.782799999694133759e+10 2.054868219858141387e+00 -3.339015851785673394e+00
2.782799999694672012e+10 1.928327706570269751e+00 -3.020832624870454453e+00
2.782799999712974930e+10 2.082386891411780905e+00 -2.775786173400971446e+00
2.782799999725774002e+10 1.877791690565312255e+00 -3.018769455437729121e+00
2.782799999733388138e+10 1.725405035901860007e+00 -3.315859652229134813e+00
2.782799999756167603e+10 1.637441961673411939e+00 -3.075746265110927080e+00
2.782799999727737427e+10 1.827860154426260264e+00 -3.061770623956515891e+00
2.782799999739280701e+10 1.617466916578695901e+00 -3.306089455043128122e+00
2.782799999717170715e+10 1.581599248298038773e+00 -3.565145205113518845e+00
2.782799999738969421e+10 1.326979547265681125e+00 -3.635373614010220855e+00
2.782799999744251633e+10 1.535211643327440534e+00 -3.368668780343352154e+00
2.782799999743660355e+10 1.693555100652142986e+00 -3.065066305876952946e+00
2.782799999718440247e+10 1.660267786082691766e+00 -3.294344900217317296e+00
2.782799999711682510e+10 1.646077821879588399e+00 -3.629776102843798924e+00
2.782799999684603119e+10 1.744481177410667883e+00 -3.444653958719428921e+00
2.782799999699003601e+10 1.842348303178682478e+00 -3.149753367960318684e+00
2.782799999727552032e+10 1.660160992299056337e+00 -3.200628564585440650e+00
2.782799999723809052e+10 1.383230792662231590e+00 -3.398595258920055873e+00
2.782799999722978592e+10 1.383721532588796821e+00 -3.740958838049657675e+00
2.782799999712525177e+10 1.620589843092789639e+00 -3.965120231443729715e+00
2.782799999720205688e+10 1.878451951351402860e+00 -3.753246870751377529e+00
2.782799999718677902e+10 1.819750446663279897e+00 -3.416196715862369171e+00
2.782799999708943558e+10 1.568193349038481177e+00 -3.627207593208330749e+00
2.782799999698034286e+10 1.425354461517140958e+00 -3.335698414900570175e+00
2.782799999698140717e+10 1.429489028215264579e+00 -3.678136484205066559e+00
2.782799999705576324e+10 1.117551492908807287e+00 -3.557935824609951059e+00
2.782799999725708389e+10 1.321310130203341426e+00 -3.745642905426854963e+00
2.782799999726298141e+10 1.461311540337737691e+00 -4.058127879170085883e+00
2.782799999699667740e+10 1.418763264736035312e+00 -4.269205082981452293e+00
2.782799999690665817e+10 1.502338363295749879e+00 -4.588882824120873671e+00
2.782799999716645813e+10 1.633287139031431634e+00 -4.769545612016196756e+00
2.782799999705592346e+10 1.741588659721430732e+00 -4.464038048807358550e+00
2.782799999722527695e+10 1.504893896671669840e+00 -4.283547814501361017e+00
2.782799999721570206e+10 1.445551190028263822e+00 -4.620695884500120698e+00
2.782799999753168106e+10 1.574243628699777631e+00 -4.650339910871569948e+00
2.782799999761704636e+10 1.790801354630353170e+00 -4.901531936431934966e+00
2.782799999795317841e+10 1.794117229113043166e+00 -4.966999293525650394e+00
2.782799999826749420e+10 1.914542429500540877e+00 -4.903868465219076711e+00
2.782799999850235748e+10 2.052342802611000216e+00 -4.696183470464800003e+00
2.782799999858548355e+10 1.721975631048266342e+00 -4.731246290639621321e+00
2.782799999871387100e+10 1.705750271786073746e+00 -4.414173284357965521e+00
2.782799999870903015e+10 1.401787964363360173e+00 -4.256485130884416712e+00
2.782799999899367142e+10 1.471748210429013604e+00 -4.079377862695854340e+00
2.782799999900478363e+10 1.473665692712622821e+00 -3.737098873131530219e+00
2.782799999897643661e+10 1.428821326087309274e+00 -4.075429301556894757e+00
2.782799999884704208e+10 1.462407993487466307e+00 -3.760133717930637332e+00
2.782799999886220932e+10 1.310011864694686556e+00 -3.453821169318075146e+00
2.782799999853901672e+10 1.396858438509537059e+00 -3.526522878262811300e+00
2.782799999849654007e+10 1.350719434550851972e+00 -3.189849402215709340e+00
2.782799999883242035e+10 1.381435663369097178e+00 -3.130500187003079304e+00
2.782799999874785614e+10 1.422901486782806701e+00 -3.459759564586006420e+00
2.782799999845976257e+10 1.462447290190982629e+00 -3.640645700591751854e+00
2.782799999846770096e+10 1.467036081239567080e+00 -3.982987583389141939e+00
2.782799999847160339e+10 1.461531234345668562e+00 -4.325385765645959779e+00
2.782799999852035141e+10 1.201815972533277099e+00 -4.543224493616293103e+00
2.782799999855783844e+10 1.321907849137399671e+00 -4.224704863728474535e+00
2.782799999854355240e+10 1.319851028986295249e+00 -3.882544510693904716e+00
2.782799999878481674e+10 1.545391920420478460e+00 -3.791963653111555033e+00
2.782799999901395416e+10 1.793114831479579285e+00 -3.850371283082967278e+00
2.782799999906277466e+10 2.024654513234612097e+00 -4.097935269416174364e+00
2.782799999905083466e+10 1.809715415659921778e+00 -4.364282197223053217e+00
2.782799999883334732e+10 2.017819268759839080e+00 -4.527602733935399471e+00
2.782799999884579086e+10 2.017794738827071832e+00 -4.185364162728943072e+00
2.782799999888717270e+10 2.044577787093324606e+00 -4.524262598012454006e+00
2.782799999903361511e+10 2.307412467677706580e+00 -4.687832364524505913e+00
2.782799999932415771e+10 2.221124137019438560e+00 -4.528394092864666653e+00
2.782799999920738983e+10 2.473329748745491496e+00 -4.328295198340675221e+00
2.782799999910916519e+10 2.512561142149167370e+00 -4.002572724041239205e+00
2.782799999897833633e+10 2.415955513223154050e+00 -3.701187275210662264e+00
2.782799999903632355e+10 2.740005398107646428e+00 -3.795585496544342963e+00
2.782799999870721817e+10 2.737897059598474847e+00 -3.890285479871186780e+00
2.782799999842755890e+10 2.558182553068522491e+00 -3.972599479136655898e+00
2.782799999829949570e+10 2.381207944825391998e+00 -4.236345611453987026e+00
2.782799999812245560e+10 2.189222628444964958e+00 -4.014805587257493258e+00
2.782799999803176117e+10 2.149731621040537277e+00 -4.342673483668949785e+00
2.782799999801736069e+10 2.132459477039799545e+00 -4.000947897021142730e+00
2.782799999801060486e+10 2.171679520633064797e+00 -4.341092259801689224e+00
2.782799999809412766e+10 2.191155925873763177e+00 -4.009540390034573853e+00
2.782799999804484177e+10 2.301562203726576161e+00 -4.329951979965774633e+00
2.782799999803553009e+10 2.482195857336186862e+00 -4.039148157098350289e+00
2.782799999802622223e+10 2.467727695572825564e+00 -4.381180489039427250e+00
2.782799999833481216e+10 2.319781742716709783e+00 -4.368246465154971503e+00
2.782799999824819565e+10 2.343366497612533905e+00 -4.037756816994398257e+00
2.782799999791284943e+10 2.305960799957248675e+00 -3.979216425449497496e+00
2.782799999794580078e+10 2.168707176584646401e+00 -4.291238556960432327e+00
2.782799999778377914e+10 2.030171013520201573e+00 -4.559265833763895159e+00
2.782799999798288727e+10 2.014076518895333567e+00 -4.837437662688996554e+00
2.782799999791333389e+10 2.072908210306203536e+00 -5.167563681145425747e+00
2.782799999798488235e+10 1.899635975151783507e+00 -5.454163887128241406e+00
2.782799999784453964e+10 1.930009985342664658e+00 -5.765072100503493502e+00
2.782799999805157471e+10 2.146732925408232351e+00 -5.930752780274773706e+00
2.782799999791506195e+10 2.121947039661358669e+00 -5.617651533308916534e+00
2.782799999787168503e+10 1.962663478805293238e+00 -5.317602909359956165e+00
2.782799999783081818e+10 1.792291022116927701e+00 -5.611856702284113041e+00
2.782799999782506943e+10 1.803976977406430482e+00 -5.269639717502228038e+00
2.782799999764660645e+10 1.573954547176702912e+00 -5.449979268201657234e+00
2.782799999781024170e+10 1.353522170618991716e+00 -5.654710505840584212e+00
2.782799999778170395e+10 1.066942228169170725e+00 -5.840019792117068675e+00
2.782799999801664734e+10 1.211051588414719937e+00 -5.636755153305571753e+00
2.782799999801645660e+10 1.166727566904581126e+00 -5.297170996002797061e+00
2.782799999820745087e+10 1.105492795395186079e+00 -5.019584756711373608e+00
2.782799999842583847e+10 1.312022555409698032e+00 -4.855467919813766464e+00
2.782799999831277084e+10 9.953234479111701116e-01 -4.920268658557999331e+00
2.782799999828879166e+10 1.286205243183054403e+00 -4.741118232101529273e+00
2.782799999818341827e+10 9.883176330842557977e-01 -4.873183814526131030e+00
2.782799999843609238e+10 1.144057954099519270e+00 -5.044010812595417725e+00
2.782799999827996826e+10 1.249392997616747270e+00 -4.757982842936123724e+00
2.782799999833886337e+10 1.189868961287158688e+00 -4.425913395448963783e+00
2.782799999849073410e+10 1.090760873873998671e+00 -4.135406173532865992e+00
2.782799999845951462e+10 1.135476455091919412e+00 -3.797311756785948234e+00
2.782799999842923355e+10 1.038572713916424917e+00 -3.470241659320067118e+00
2.782799999866023254e+10 1.153043423263389489e+00 -3.695669655837277912e+00
2.782799999867247772e+10 1.247154672009030296e+00 -4.024721584354508330e+00
2.782799999883936691e+10 1.044807545914336444e+00 -3.804527044888729392e+00
2.782799999886485291e+10 1.171610328541804913e+00 -3.487425223863735546e+00
2.782799999856183243e+10 1.134834450738632983e+00 -3.642692295113311829e+00
2.782799999858216476e+10 8.816427290754502710e-01 -3.872393310408416056e+00
2.782799999853220367e+10 5.772901846687632510e-01 -4.021240719046696555e+00
2.782799999832751083e+10 8.161043421015097277e-01 -4.156705643604039935e+00
2.782799999864593124e+10 8.004130294772898724e-01 -4.281780530647901983e+00
2.782799999831137466e+10 7.342578346734435213e-01 -4.313056092306266187e+00
2.782799999853898239e+10 6.502547967432976694e-01 -4.071354130066124455e+00
2.782799999820995331e+10 7.349394960452398928e-01 -4.114385202307643041e+00
2.782799999852072906e+10 6.747117812195462250e-01 -3.983720412455916016e+00
2.782799999871225357e+10 8.839961804239502285e-01 -4.175553530160402538e+00
2.782799999846889114e+10 6.493814594351109415e-01 -4.230434509717525771e+00
2.782799999879336929e+10 6.771245131944221285e-01 -4.124478291555592868e+00
2.782799999871789169e+10 9.961131631039530365e-01 -4.025325277100198385e+00
2.782799999872501373e+10 9.843380474841030292e-01 -4.367513352500040469e+00
2.782799999865460205e+10 1.015122969080622273e+00 -4.033782145209707792e+00
2.782799999870017624e+10 8.054578974310605544e-01 -3.766863712678923726e+00
2.782799999868020630e+10 8.017077796962058800e-01 -3.425002326687700549e+00
2.782799999836787033e+10 9.093064388049932889e-01 -3.334716528626869181e+00
2.782799999846243286e+10 1.208914038954785219e+00 -3.471006571501257909e+00
2.782799999865246964e+10 1.212485032097275095e+00 -3.755885206148746214e+00
2.782799999889568710e+10 1.453221231490367638e+00 -3.769084334679417392e+00
2.782799999895363617e+10 1.768553915374072139e+00 -3.648712524681743563e+00
2.782799999919667053e+10 1.829778913103268456e+00 -3.882096654647673173e+00
2.782799999911398697e+10 1.842157196317222523e+00 -4.214199362582458974e+00
2.782799999898200226e+10 1.621395026047006027e+00 -3.988089260074778597e+00
2.782799999898236465e+10 1.621198545588510731e+00 -4.330553688047564798e+00
2.782799999930024719e+10 1.740669273367759340e+00 -4.374831931144051111e+00
2.782799999916355133e+10 1.817713467807198446e+00 -4.679233359491369093e+00
2.782799999900423813e+10 2.015246133871224643e+00 -4.909194136358889793e+00
2.782799999932175064e+10 2.092994869651092493e+00 -4.807104074256443482e+00
2.782799999913755798e+10 2.012923539731654721e+00 -4.529717480912912819e+00
2.782799999926707458e+10 2.039228310902565955e+00 -4.213780895201505672e+00
2.782799999932084656e+10 2.050745225993437337e+00 -4.551801873399252685e+00
2.782799999926880646e+10 2.359060719948971485e+00 -4.691499593734731910e+00
2.782799999947887421e+10 2.172242256605342536e+00 -4.887080945555362987e+00
2.782799999955456543e+10 2.004913103156213072e+00 -4.598023754986510170e+00
2.782799999952322388e+10 1.665024147841210667e+00 -4.625868072809630860e+00
2.782799999954264832e+10 1.718695639418696075e+00 -4.963542702639155202e+00
2.782799999936118317e+10 1.636241779281532471e+00 -4.685057763477559867e+00
2.782799999936439896e+10 1.716971094688805710e+00 -4.352259782550171430e+00
2.782799999914523315e+10 1.654744640478730044e+00 -4.607946108731802326e+00
2.782799999917455673e+10 1.667354502398759042e+00 -4.948919809651563639e+00
2.782799999934078598e+10 1.756313057079678774e+00 -4.663023225271119898e+00
2.782799999909656906e+10 1.754567488247903428e+00 -4.422946442796773958e+00
2.782799999924138260e+10 1.763697808479558038e+00 -4.112741333137852173e+00
2.782799999930443573e+10 1.982051727364327665e+00 -3.856561565686635440e+00
2.782799999904953384e+10 1.849892648509760429e+00 -3.669905830860009210e+00
2.782799999895283127e+10 1.934670269360269312e+00 -3.987306923016177507e+00
2.782799999925605392e+10 1.931693940765759843e+00 -3.828153539684011619e+00
2.782799999911738968e+10 1.786220108776533255e+00 -4.105446147509720589e+00
2.782799999885080719e+10 1.868015455338784658e+00 -3.906634039026430028e+00
2.782799999874737167e+10 2.194255306757916024e+00 -3.918901133358984712e+00
2.782799999900026321e+10 1.963777723803394881e+00 -3.933320263490037494e+00
2.782799999921550369e+10 1.719166613005244315e+00 -3.827876667214576312e+00
2.782799999916811371e+10 1.709586252569022857e+00 -3.488842160522202196e+00
2.782799999912898254e+10 1.998090495474412309e+00 -3.669164566656509141e+00
2.782799999914011765e+10 2.270374137169675066e+00 -3.876576374585065210e+00
2.782799999926577377e+10 2.002730512421575959e+00 -4.049375110344652029e+00
2.782799999921066666e+10 1.728503463192438749e+00 -3.851777441816506276e+00
2.782799999927940369e+10 1.573405961823969523e+00 -4.149270760335760144e+00
2.782799999926200104e+10 1.626318965201633437e+00 -4.487175133756330148e+00
2.782799999892840195e+10 1.579066968044850805e+00 -4.425846646853711874e+00
2.782799999891300964e+10 1.521303366104155064e+00 -4.088639743088675615e+00
2.782799999906028748e+10 1.472196094364089269e+00 -3.783385878999476759e+00
2.782799999893638992e+10 1.211663841124908547e+00 -3.967923802507970166e+00
2.782799999885164261e+10 1.497307951264276404e+00 -4.136764857750142355e+00
2.782799999885252380e+10 1.576873651323155157e+00 -3.803672416030724701e+00
2.782799999886673737e+10 1.542175800429249621e+00 -4.144078253414997803e+00
2.782799999862523651e+10 1.546791935661432360e+00 -4.386850653025592628e+00
2.782799999843869781e+10 1.748001392044696622e+00 -4.181911812453773969e+00
2.782799999842898560e+10 1.739819506591623544e+00 -4.524140963702898866e+00
2.782799999838785553e+10 1.507780674520087016e+00 -4.772633219694297324e+00
2.782799999830516434e+10 1.199644136909968184e+00 -4.897117734967442182e+00
2.782799999832972336e+10 1.533851331459393563e+00 -4.967718705857273598e+00
2.782799999835936356e+10 1.221035031137855942e+00 -4.831522042759373470e+00
2.782799999834284973e+10 1.311277737473041549e+00 -5.161469894327909813e+00
2.782799999821075821e+10 1.396106704066394144e+00 -4.857104382979257728e+00
2.782799999820718002e+10 1.395664254872581278e+00 -4.514658693510674503e+00
2.782799999834646988e+10 1.462500481267599017e+00 -4.820295418455820879e+00
2.782799999833987045e+10 1.427470329916113778e+00 -4.479690999925101558e+00
2.782799999813645935e+10 1.234465315069487756e+00 -4.283082424436566171e+00
2.782799999824132156e+10 1.218026865139404391e+00 -4.608682886212696062e+00
2.782799999837222672e+10 1.097950089737681711e+00 -4.901475759261892939e+00
2.782799999817409897e+10 1.013770220600650029e+00 -4.635128853803052174e+00
2.782799999806825256e+10 1.049232101578499554e+00 -4.958889515703151396e+00
2.782799999804599762e+10 1.005709148431816580e+00 -4.619931570480081184e+00
2.782799999831872940e+10 8.310358569779849880e-01 -4.731235718406556323e+00
2.782799999830875015e+10 1.041900640367128705e+00 -5.000899430137551782e+00
2.782799999830679703e+10 1.042419147853632433e+00 -5.343358143342909372e+00
2.782799999830428696e+10 1.382784159265707968e+00 -5.381139335653760014e+00
2.782799999848315048e+10 1.155257869281215877e+00 -5.564229533098881575e+00
2.782799999853511047e+10 1.120292756415651070e+00 -5.900919057722942895e+00
2.782799999857433319e+10 1.130499139886736781e+00 -5.560860898838278388e+00
2.782799999841580582e+10 8.527057715330194076e-01 -5.438460207851000483e+00
2.782799999841396332e+10 5.167717174121988499e-01 -5.371924765658945944e+00
2.782799999823606491e+10 3.044463636775855409e-01 -5.170547823918253627e+00
2.782799999825462723e+10 4.248907349083211882e-01 -4.850499922176934930e+00
2.782799999837843704e+10 3.882213557051333308e-01 -5.167688391737363496e+00
2.782799999853146744e+10 6.925511271888690201e-01 -5.132379057445936255e+00
2.782799999863856506e+10 6.519374297587317013e-01 -5.455120906159127259e+00
2.782799999862508392e+10 6.100648150660226143e-01 -5.115493148356853759e+00
2.782799999874961853e+10 3.920917219590270841e-01 -4.882553468693714649e+00
2.782799999895187759e+10 3.752550979825640676e-01 -5.158398170350167788e+00
2.782799999885958862e+10 3.501396705058302250e-01 -5.487235968815761922e+00
2.782799999914561462e+10 1.640360781474411167e-01 -5.458323633056686219e+00
2.782799999913811874e+10 -1.188980220559217316e-01 -5.265517628588487042e+00
2.782799999917164230e+10 6.796755467554677077e-03 -4.948722814411989468e+00
2.782799999896509933e+10 2.484812858013824843e-01 -5.076044332425384553e+00
2.782799999922530365e+10 2.505041401927767253e-01 -5.298692474479743453e+00
2.782799999932817459e+10 3.607405811837865461e-01 -5.606178855610639111e+00
2.782799999942282867e+10 3.162340096678517565e-02 -5.604078762613083242e+00
2.782799999955808640e+10 2.566341363135157261e-01 -5.384175311297928701e+00
2.782799999955718613e+10 2.604904155873057903e-01 -5.041733528662390995e+00
2.782799999967513275e+10 1.773101829295983534e-01 -5.352300692735843413e+00
2.782799999991124725e+10 2.525651735861630387e-01 -5.115935449798254098e+00
2.782800000003955841e+10 3.203150233283973969e-01 -4.805728968504094034e+00
2.782800000013805008e+10 1.301167999577088064e-01 -5.072948054649478067e+00
