4.174200000000000000e+10 0.000000000000000000e+00 0.000000000000000000e+00
4.174199999985901642e+10 1.541016046308036659e-02 4.265231641769362536e-01
4.174199999967965698e+10 -6.354246247786203561e-02 2.200873142674963923e-02
4.174199999980804443e+10 -2.502374428932705452e-01 4.102061357974901568e-01
4.174199999976615906e+10 -2.633260335134586239e-01 8.575435101653923198e-01
4.174199999997338104e+10 -1.796394494027644118e-01 4.675520650505031739e-01
4.174199999999574280e+10 -1.476091970002047782e-01 1.976829059527857035e-02
4.174199999956042480e+10 -2.573001437580041961e-01 -2.695643780331970218e-03
4.174199999945503998e+10 -6.918395941615376188e-01 4.319502116257852020e-02
4.174199999952352142e+10 -7.012292120253700300e-01 4.873334984121845403e-01
4.174199999965112305e+10 -7.239629998872588734e-01 9.177255096995220462e-01
4.174199999955413055e+10 -9.947373095558562639e-01 1.263139474748366631e+00
4.174199999944882965e+10 -6.408522691993030485e-01 1.006792092335978328e+00
4.174199999951610565e+10 -8.121794778317137364e-01 1.416861798954312412e+00
4.174199999936578369e+10 -8.029119486740806666e-01 1.840363451454032795e+00
4.174199999951968384e+10 -8.637159576893085333e-01 2.258280786979329324e+00
4.174199999921598816e+10 -5.438139030143251951e-01 2.171860624027060371e+00
4.174199999937339020e+10 -5.061789034068862048e-01 2.591197676830100605e+00
4.174199999931230927e+10 -7.067495271059713868e-01 2.988786865200682819e+00
4.174199999970905304e+10 -5.695992760244377173e-01 2.828104665278068808e+00
4.174200000007138062e+10 -3.463326973520046703e-01 2.972695081413971430e+00
4.174199999999679565e+10 7.507247614907686106e-02 3.110140503003297141e+00
4.174199999969137573e+10 2.606829358461426605e-01 2.837556180089097158e+00
4.174200000006512451e+10 1.732545129006435314e-02 2.781656316880611879e+00
4.174199999982255554e+10 -1.624986251741399879e-01 3.114610497968699487e+00
4.174199999982198334e+10 -1.622346513592335393e-01 3.564094591175118509e+00
4.174199999950988770e+10 -2.476411747413151954e-01 3.876084944668545695e+00
4.174199999990965271e+10 -4.296780511681760895e-01 3.780748606386228339e+00
4.174199999952562714e+10 -6.561941569236053873e-01 3.723731438962374352e+00
4.174199999993969727e+10 -8.028814044968910490e-01 3.818927223424550377e+00
4.174199999973351288e+10 -1.061288098240764644e+00 4.123476468402570205e+00
4.174199999945943451e+10 -8.470425096815420440e-01 3.838846391922083434e+00
4.174199999940750122e+10 -9.891089436630877696e-01 4.262115411449409308e+00
4.174199999961813354e+10 -1.029164134772954098e+00 3.867063309082239719e+00
4.174199999967454529e+10 -9.783340479537623313e-01 3.424039378734844430e+00
4.174199999931855011e+10 -1.219826104274664313e+00 3.293719099278648255e+00
4.174199999905430603e+10 -8.792390896553243795e-01 3.166389774113466782e+00
4.174199999898131561e+10 -8.852232092968850274e-01 3.609868242450392728e+00
4.174199999902397156e+10 -1.306555242859098742e+00 3.760521292897549550e+00
4.174199999902057648e+10 -8.578361770129714348e-01 3.786521249809374545e+00
4.174199999903958893e+10 -8.710117676651697449e-01 4.235410263875591497e+00
4.174199999891886902e+10 -9.995945717328695856e-01 4.648845815765385581e+00
4.174199999885282135e+10 -5.807349446310544616e-01 4.499746237920021485e+00
4.174199999895134735e+10 -4.864484027671592825e-01 4.928044186583474762e+00
4.174199999850974274e+10 -4.079153863852631456e-01 4.898818379931706879e+00
4.174199999883445740e+10 -2.050846956949191058e-01 5.134311007026106211e+00
4.174199999924085236e+10 -2.801845931801674738e-01 5.311061338500220330e+00
4.174199999924284363e+10 -2.303897221971728249e-01 5.757774726638016816e+00
4.174199999915555573e+10 1.399695891851870100e-01 5.997046638730395784e+00
4.174199999920519257e+10 -4.918465395803311990e-02 5.592333252801342525e+00
4.174199999930324554e+10 3.393085180949834134e-02 5.161620979221848593e+00
4.174199999928683472e+10 1.751773254969896457e-02 4.712736180808419384e+00
4.174199999934687042e+10 -7.978397038875194303e-02 5.147436265259522692e+00
4.174199999896499634e+10 -4.649208562923293903e-02 5.382175341892987852e+00
4.174199999913521576e+10 -4.602232749848511606e-01 5.425617303176997197e+00
4.174199999929662323e+10 -4.495185861416844397e-01 5.844985111202500860e+00
4.174199999920988464e+10 -3.246628450783425324e-01 6.267979097110981002e+00
4.174199999918382263e+10 -7.500845365085466732e-01 6.410715139385761319e+00
4.174199999951415253e+10 -6.217686140502078906e-01 6.134209288631205403e+00
4.174199999978319550e+10 -6.122436421087152914e-01 6.494158652069418558e+00
4.174199999984751892e+10 -4.679201395812053743e-01 6.914954502245585388e+00
4.174199999941264343e+10 -4.925462107679653423e-01 7.025933876010279633e+00
4.174199999950227356e+10 -3.614652994888336579e-01 6.605433748016706019e+00
4.174199999984716034e+10 -4.281104477620203408e-01 6.324995476710692621e+00
4.174199999995163727e+10 -4.121282794871323207e-01 6.761877251617315565e+00
4.174200000000521851e+10 -3.656849752074892712e-01 6.318021396658775046e+00
4.174199999978881073e+10 -3.162753234713968631e-01 6.708869781437892144e+00
4.174200000002413940e+10 5.215447235017728334e-02 6.604395012802617870e+00
4.174200000040479279e+10 1.052648997348734766e-01 6.371332206831105793e+00
