3.478500000000000000e+10 0.000000000000000000e+00 0.000000000000000000e+00
3.478499999977258301e+10 2.393891365082435885e-01 -1.951740607834869801e-01
3.478499999940749359e+10 3.434102677324385455e-01 -2.500088008765599112e-01
3.478499999940595245e+10 6.786359633633545219e-01 -4.363952399599352328e-01
3.478499999930577087e+10 6.819621412389393900e-01 -8.066255311793070204e-01
3.478499999937145233e+10 9.941251104837788288e-01 -1.019600935456659530e+00
3.478499999945803070e+10 6.912227770057284282e-01 -8.008035413156108229e-01
3.478499999928859711e+10 6.272164758652086780e-01 -4.627007372982363531e-01
3.478499999929711151e+10 5.889666525975115752e-01 -8.442540909112170588e-01
3.478499999892685699e+10 5.878710662159178924e-01 -9.443865212969826395e-01
3.478499999926936340e+10 7.249712778208378117e-01 -1.049316455062338838e+00
3.478499999899356842e+10 4.850291689931895966e-01 -1.165435888581281443e+00
3.478499999931927490e+10 4.162370010033777379e-01 -9.749099726639174346e-01
3.478499999920738220e+10 3.560046543243165496e-01 -1.336808051034631406e+00
3.478499999937867737e+10 2.611383374718662109e-02 -1.242210508300338967e+00
3.478499999961237335e+10 3.832754266258998205e-02 -9.383083849922853048e-01
3.478499999953516388e+10 -1.124616337212126782e-01 -5.941859214883351559e-01
3.478499999955539703e+10 -2.850424620089633820e-01 -2.522429319960218241e-01
3.478499999929710388e+10 -5.264989985302809261e-01 -4.009087081853711654e-01
3.478499999896002197e+10 -4.435754903390027870e-01 -5.640545967286487716e-01
3.478499999898488617e+10 -5.946957959428758045e-01 -9.157120102845865972e-01
3.478499999884798431e+10 -9.388608356571848113e-01 -8.160761397892433155e-01
3.478499999872495270e+10 -7.893113080829193828e-01 -1.147159871544714660e+00
3.478499999846147919e+10 -7.814846915834294805e-01 -1.425801199360813287e+00
3.478499999838113403e+10 -8.634292902955374993e-01 -1.059812519211646320e+00
3.478499999812945557e+10 -5.944144384677605419e-01 -1.166613402694734347e+00
3.478499999813323975e+10 -6.164710243960854763e-01 -7.837064496052055240e-01
3.478499999824093628e+10 -2.533813175899595760e-01 -8.444153115369795737e-01
3.478499999813628387e+10 -1.660037847228164609e-01 -4.859013963762128241e-01
3.478499999784226227e+10 -1.820175674250006925e-01 -7.316887437585213316e-01
3.478499999782537079e+10 -1.598293581365655136e-01 -1.114233912337180499e+00
3.478499999809255219e+10 -2.969759875181751108e-01 -8.756504859686483622e-01
3.478499999827352142e+10 3.323997728824312770e-02 -9.486353289828568514e-01
3.478499999842156219e+10 2.878432108299672221e-01 -1.194360125927583782e+00
3.478499999814722443e+10 2.464291354396595246e-01 -9.295173086533752294e-01
3.478499999824989319e+10 1.753188877872942641e-01 -5.668583109480536120e-01
3.478499999819790649e+10 1.705680149696994496e-01 -9.468493858847439881e-01
3.478499999809100342e+10 3.288189547716149352e-01 -6.142127568042055064e-01
3.478499999790229797e+10 2.340487179368707649e-01 -9.344105554136132863e-01
3.478499999767453766e+10 1.481020771924099755e-01 -1.230818955377906310e+00
3.478499999770259094e+10 4.647043475429622761e-02 -8.620337589090776298e-01
3.478499999769053650e+10 4.089387642440818205e-01 -7.371741819094461690e-01
3.478499999776081848e+10 4.853895780096934010e-01 -1.106408596231379438e+00
3.478499999776370239e+10 4.913057116156185899e-01 -7.229047465177393939e-01
3.478499999785754395e+10 6.122611492318785764e-01 -1.074589939640389069e+00
3.478499999752752686e+10 7.472295810476528022e-01 -9.331940693755095273e-01
3.478499999752922058e+10 7.509152179285033535e-01 -5.496551806881349034e-01
3.478499999734628296e+10 5.694136768290193329e-01 -8.337505042634256736e-01
3.478499999745549774e+10 7.563491054899219579e-01 -1.150366102213800090e+00
3.478499999730014038e+10 8.169916929740710376e-01 -8.049595803541418348e-01
3.478499999744606018e+10 5.741279425827157112e-01 -5.464201528801089225e-01
3.478499999768019867e+10 8.721477451558818927e-01 -6.054286003916184988e-01
3.478499999803356934e+10 9.685086373418499983e-01 -7.192842630412560334e-01
3.478499999766870117e+10 1.035487591994692869e+00 -8.167781245980212379e-01
3.478499999768328857e+10 9.772149063827634263e-01 -4.379508415772491170e-01
3.478499999765225220e+10 8.131873798900430828e-01 -9.262457195694268064e-02
3.478499999758177948e+10 4.362171796913859589e-01 -9.935399883666660992e-02
3.478499999752651978e+10 4.042123007296375414e-01 2.788526671765927945e-01
3.478499999752836609e+10 3.998067927094188234e-01 -1.046779287696786853e-01
3.478499999733279419e+10 6.579829585536128844e-01 1.007838994395759413e-01
3.478499999721813202e+10 9.404309709663792871e-01 3.335801525742633222e-01
3.478499999705297852e+10 8.557397229219575463e-01 6.692448715561363226e-01
3.478499999704521942e+10 8.628613976912180572e-01 2.858291741254637697e-01
3.478499999682370758e+10 6.065110404995686100e-01 1.060088727652060414e-01
3.478499999663463593e+10 3.158864261616594615e-01 -5.802380482116070715e-02
3.478499999672076416e+10 2.729533196537774487e-01 -4.293155000623652962e-01
3.478499999692478180e+10 1.178764212133795453e-01 -7.147041114267902451e-01
3.478499999683241272e+10 6.214576846317340642e-02 -1.082780188736354621e+00
3.478499999693645477e+10 6.719414999941658584e-02 -1.451925290842005056e+00
3.478499999693686676e+10 4.475911851949672116e-01 -1.402767743097005360e+00
3.478499999699551392e+10 1.058595910135234908e-01 -1.566776351205877882e+00
3.478499999714538574e+10 4.098108520326610993e-01 -1.746417228151488699e+00
3.478499999745568085e+10 4.080996307266603895e-01 -1.971880923109673001e+00
3.478499999743514252e+10 5.378674628643678179e-01 -1.611523950035173014e+00
3.478499999752011108e+10 6.563952613059140795e-01 -1.966277945477213240e+00
3.478499999784083557e+10 5.139201257160144198e-01 -1.811503987452211861e+00
3.478499999802936554e+10 6.581383456056175696e-01 -2.112793595870409380e+00
3.478499999829527283e+10 5.266766763410363206e-01 -1.869623476996016942e+00
3.478499999808557892e+10 2.063349469972047268e-01 -1.892581539445344685e+00
3.478499999790713501e+10 3.066323953446303818e-01 -2.216952563991220870e+00
3.478499999766490173e+10 6.011124541272562238e-01 -2.258467528013618164e+00
3.478499999766314697e+10 2.239832778048485018e-01 -2.188545876536731161e+00
3.478499999769788361e+10 3.210848607584522729e-01 -2.557982411507788267e+00
3.478499999784919739e+10 9.210482770653893869e-03 -2.722170435815124634e+00
3.478499999782613373e+10 -1.359368749634371626e-02 -3.104356963819423498e+00
3.478499999784833527e+10 -5.586305569532074022e-02 -2.723779717621380048e+00
3.478499999782548523e+10 -4.166727347513184132e-02 -2.341163994777074819e+00
3.478499999799098969e+10 -2.851068079735249450e-01 -2.587058384237107767e+00
3.478499999813433838e+10 -4.220081636383138379e-01 -2.258686200246764031e+00
3.478499999831996918e+10 -3.889220424795820086e-01 -2.592701200531373207e+00
3.478499999831259918e+10 -3.857372892925824970e-01 -2.209224860243105049e+00
3.478499999852274323e+10 -1.401588229374562400e-01 -2.002707163434553905e+00
3.478499999827893829e+10 -4.357212782923721162e-01 -2.020642282758730701e+00
3.478499999810897827e+10 -7.784448134637076411e-01 -1.992858939836056331e+00
3.478499999845266724e+10 -9.111554160929677959e-01 -2.099557369364137838e+00
3.478499999837032318e+10 -1.169456061332315944e+00 -1.828228674097592377e+00
3.478499999871469116e+10 -1.006294588359929909e+00 -1.871880125585990262e+00
3.478499999879866791e+10 -9.565277485606827890e-01 -1.500949392215477074e+00
3.478499999869711304e+10 -1.325963353588169857e+00 -1.518908867078180958e+00
3.478499999860720062e+10 -1.401140363587525028e+00 -1.153692523471099074e+00
3.478499999865637970e+10 -1.478857538512606595e+00 -1.526063452601045256e+00
3.478499999861638641e+10 -1.799686189677060844e+00 -1.732431690542233005e+00
3.478499999861351013e+10 -1.873087531433818231e+00 -2.108892210198622053e+00
3.478499999823395538e+10 -1.826331523060227946e+00 -2.079348095665647378e+00
3.478499999814223480e+10 -2.131549789517559468e+00 -2.292766057470089436e+00
3.478499999826250458e+10 -2.201264963905548822e+00 -1.935284100658296147e+00
3.478499999829143524e+10 -2.207078735833151395e+00 -2.317707743362112272e+00
3.478499999840167236e+10 -1.994648712596554185e+00 -2.017975042383436168e+00
3.478499999831367493e+10 -1.715371417407772991e+00 -1.770227868051924780e+00
3.478499999824832916e+10 -1.699480773322881388e+00 -1.392609447045978444e+00
3.478499999851589203e+10 -1.431529030145969328e+00 -1.331538588964248149e+00
3.478499999829691315e+10 -1.138881530993678393e+00 -1.447832622149205939e+00
3.478499999801081085e+10 -1.299299378572827290e+00 -1.249010623251584517e+00
3.478499999791282654e+10 -1.123754116640443890e+00 -9.223596810029444093e-01
3.478499999782028961e+10 -1.353503376805148983e+00 -1.215225906743561790e+00
3.478499999802092743e+10 -1.426734137667961200e+00 -8.966340023347312282e-01
3.478499999803212738e+10 -1.429130973647425140e+00 -5.132447392851707813e-01
3.478499999809651947e+10 -1.406036260562800733e+00 -1.358338760123858346e-01
3.478499999812021637e+10 -1.784982974921391463e+00 -8.145993215400010312e-02
3.478499999792143250e+10 -1.460053647479714556e+00 -3.647309055575960468e-02
3.478499999817986298e+10 -1.510161768977141605e+00 -3.154346885526477240e-01
3.478499999813881683e+10 -1.696871204776584374e+00 1.709069254915979164e-02
3.478499999808945465e+10 -1.550907799497715844e+00 -3.341596808678708452e-01
3.478499999801015472e+10 -1.670912004296614128e+00 -6.897277938605124170e-01
3.478499999832498932e+10 -1.460756547895408763e+00 -7.516312293507979581e-01
3.478499999813676453e+10 -1.251583723592831099e+00 -1.012279092365619970e+00
3.478499999827687073e+10 -1.137527193961395566e+00 -1.350626524300060805e+00
3.478499999859703827e+10 -9.270708450130989986e-01 -1.332749754987591517e+00
3.478499999878107452e+10 -7.071328661472919830e-01 -1.078040963209629499e+00
3.478499999882286072e+10 -5.201135801912182277e-01 -1.410300600051312747e+00
3.478499999919695282e+10 -4.992760192002508313e-01 -1.492400476732462788e+00
3.478499999916925049e+10 -5.322132277178385218e-01 -1.111262605538807957e+00
3.478499999928516388e+10 -4.890644776783994452e-01 -7.481924233207082331e-01
3.478499999927522278e+10 -6.566648295222511367e-01 -4.033304719882761513e-01
3.478499999913005066e+10 -3.145527681757168126e-01 -3.084419070251736561e-01
3.478499999932482147e+10 -3.028318614447898516e-01 -6.386609223250304668e-01
3.478499999950835419e+10 -5.285191390364831765e-01 -3.886593061180190767e-01
3.478499999958876038e+10 -8.796459148430633146e-01 -5.204283840266277217e-01
3.478499999971757507e+10 -9.307388250993998691e-01 -1.627769189141241024e-01
3.478499999997720337e+10 -7.829261312048513277e-01 7.776940374927851507e-02
3.478499999985430908e+10 -1.091702301418221888e+00 2.692732799597836735e-01
3.478499999984862518e+10 -7.592971032985069701e-01 4.605662527115977345e-01
3.478500000011772156e+10 -5.537058604724302002e-01 2.804581681629528811e-01
