2.087100000000000000e+10 0.000000000000000000e+00 0.000000000000000000e+00
2.087099999994342804e+10 3.100616266106304697e-01 2.436966100935614166e-02
2.087099999983485031e+10 2.028496158440155628e-01 -2.524865929915760532e-01
2.087099999972914124e+10 -9.505519379773130773e-02 -2.558274639172878340e-01
2.087099999986643982e+10 -1.257148304839528774e-01 -5.389210019481514014e-01
2.087100000003845978e+10 -4.053479195291710691e-02 -2.877512463311311941e-01
2.087099999976712799e+10 -6.073383869193250961e-02 -1.268018380368863829e-01
2.087099999992248917e+10 -2.181361292034707522e-01 9.907368960296661364e-02
2.087099999994347382e+10 -5.101546502447257270e-01 2.183104818484052911e-01
2.087100000021900177e+10 -6.027822519824795888e-01 3.425604867555356869e-01
