2.087100000000000000e+10 0.000000000000000000e+00 0.000000000000000000e+00
2.087099999983313370e+10 -1.502504351288672657e-01 2.225149485172281116e-01
2.087099999969153976e+10 5.326007884711259077e-02 2.638403632735958348e-02
2.087099999998199463e+10 1.058070072882991985e-01 1.395542742637875810e-01
2.087099999996451569e+10 -1.796729204742027186e-01 4.912831810874429550e-03
2.087100000003157043e+10 -4.765386831138075374e-01 -8.056908651123330378e-02
2.087099999983506012e+10 -3.088145124065793667e-01 -2.627357299810906821e-01
2.087099999971070862e+10 -5.919459310537118490e-01 -1.971159972267031435e-01
2.087099999975865936e+10 -5.962334025788919023e-01 1.153181858858721709e-01
2.087099999997079086e+10 -3.918462723473060683e-01 6.069957987505369967e-04
2.087099999990082169e+10 -2.812156586215663889e-01 -2.871393703728535307e-01
2.087099999992606735e+10 -4.592935095823982850e-01 -2.717093762529187995e-02
2.087099999990851212e+10 -3.313123277566193403e-01 -3.156934365915066154e-01
2.087099999977490616e+10 -4.628564589622499170e-01 -5.702084345634425011e-01
2.087100000008530045e+10 -5.008262596553354484e-01 -5.238858715319254511e-01
2.087100000008576965e+10 -1.848291797197594843e-01 -5.327338930304209574e-01
2.087100000021924210e+10 -2.964212130044908688e-01 -2.687922579573808202e-01
