5.565600000000000000e+10 0.000000000000000000e+00 0.000000000000000000e+00
5.565599999994789886e+10 2.708993146086100534e-01 7.499486395171903741e-01
5.565599999990385437e+10 -2.635516797670435230e-01 1.342355447331198048e+00
5.565599999989975739e+10 -8.127891225891822891e-02 2.120355227219236749e+00
5.565599999960380554e+10 2.301383331176448666e-02 2.855241860006552113e+00
5.565600000003302002e+10 -4.711299478955209841e-01 3.313632954364726491e+00
5.565599999982674408e+10 -3.863034401758501102e-01 2.546313591115848318e+00
5.565599999973413086e+10 -8.270038357962875564e-01 1.886215491534578792e+00
5.565599999989012146e+10 -7.432508785404271512e-01 1.107000231515270272e+00
5.565600000058108521e+10 -3.988813226286010427e-01 1.313161550421829693e+00
