2.087100000000000000e+10 0.000000000000000000e+00 0.000000000000000000e+00
2.087099999997552109e+10 -2.036409963323865258e-02 3.145136108053942503e-01
2.087099999983261871e+10 -2.672471495578185863e-01 4.507496293565705914e-01
2.087099999978834534e+10 -3.919806927522889728e-01 1.636710750534817183e-01
2.087099999995344543e+10 -6.027537606000298309e-01 -4.405476196881585871e-03
2.087100000002028275e+10 -7.898380391970527548e-01 2.414907927563348100e-01
2.087100000001551056e+10 -7.870702356659248222e-01 5.575639325305045135e-01
2.087100000001705551e+10 -1.101210029420705894e+00 5.222586415335234156e-01
2.087099999985939026e+10 -1.049704755326497985e+00 7.913700470143907317e-01
2.087100000012490463e+10 -1.219172530406728683e+00 8.181302056575590065e-01
