4.174200000000000000e+10 0.000000000000000000e+00 0.000000000000000000e+00
4.174200000000138855e+10 2.221459124557732812e-02 -4.489330999529240196e-01
4.174199999957528687e+10 -6.609494624308676070e-02 -5.615237032381088511e-01
4.174199999968063354e+10 1.156256604655826747e-02 -9.915318278697107246e-01
4.174199999937326050e+10 1.390815420853298012e-01 -1.293686835201836471e+00
4.174199999905314636e+10 -1.736384584593864688e-01 -1.251636674191907606e+00
4.174199999944255829e+10 -2.300013824044019328e-01 -1.034340212074784660e+00
4.174199999953688049e+10 -4.543217455253503179e-01 -6.564254551277610705e-01
4.174199999932554626e+10 -7.580863655653555799e-01 -4.012744614273264787e-01
4.174199999917712402e+10 -1.062877503042505722e+00 -6.964190482534734494e-01
4.174199999933727264e+10 -9.028442758556006753e-01 -1.084721051238512146e+00
4.174199999941945648e+10 -1.125314500873395129e+00 -7.028982187680532512e-01
4.174199999968743896e+10 -1.343008158703911992e+00 -4.150938627332428354e-01
4.174199999947483826e+10 -1.101343602433356939e+00 -7.288376189576076802e-01
4.174199999968927765e+10 -1.067810885237478136e+00 -3.352277820379713780e-01
4.174199999993760681e+10 -1.114338015430058615e+00 3.653131999390457629e-02
4.174199999985209656e+10 -1.470224130366502679e+00 2.974330858579546932e-01
4.174199999958387756e+10 -1.773213214085366252e+00 1.017434822725860610e-01
4.174199999983963013e+10 -1.974682727967063123e+00 4.116394351358121373e-01
4.174199999982067108e+10 -2.065747660514377415e+00 8.513938624390173793e-01
4.174200000008747101e+10 -2.103195941971176097e+00 1.211186938993134010e+00
4.174199999986161804e+10 -1.838285671903528762e+00 9.268440064605248940e-01
4.174200000000818634e+10 -1.900177147332025696e+00 1.347229252444297032e+00
4.174200000036524200e+10 -1.998218484522255256e+00 1.092401853322132244e+00
