1.391400000000000000e+10 0.000000000000000000e+00 0.000000000000000000e+00
1.391399999995505714e+10 -3.852815869374660168e-02 2.937513461847754970e-01
1.391399999981098938e+10 -7.112161546135536971e-02 5.544739384503665214e-01
1.391399999964514160e+10 1.444890457652379112e-01 6.801756791030966198e-01
1.391399999969093323e+10 -1.017548998719917941e-01 8.446785533084608666e-01
1.391399999964735794e+10 -9.665217301754275292e-02 5.482510547168831794e-01
1.391399999976620483e+10 -2.577284258365579728e-01 3.252628611531326319e-01
1.391399999978149414e+10 -2.834484117831169159e-01 2.710381737290362691e-02
1.391399999984981537e+10 -2.155448701509366516e-01 3.108563608079346063e-01
1.391400000011913681e+10 -3.263521268212736803e-01 3.814389178026233451e-01
