2.782800000000000000e+10 0.000000000000000000e+00 0.000000000000000000e+00
2.782799999989558792e+10 -5.388165007859658379e-02 3.216782804919839922e-01
2.782800000006008148e+10 -3.537652654546362685e-01 3.388267138995151861e-01
2.782799999978508759e+10 -4.379280434488621587e-01 1.528748833367196969e-01
2.782799999971037292e+10 -4.051515417723121626e-01 -1.797293731548500195e-01
2.782799999970336151e+10 -3.969642686900234918e-01 -5.220243920984247721e-01
2.782799999979454041e+10 -2.854752140590358644e-01 -8.327305848086001827e-01
2.782799999979219437e+10 -2.626868555704988673e-01 -4.910330052417307134e-01
2.782799999998392487e+10 -8.352398312473177655e-02 -2.709814059445295742e-01
2.782800000009525681e+10 -2.828569349850060810e-01 -5.262338722686130676e-01
2.782800000012924576e+10 -2.875473497981118065e-01 -1.854924691393541325e-01
