2.087100000000000000e+10 0.000000000000000000e+00 0.000000000000000000e+00
2.087099999975245667e+10 -1.600290894720743651e-01 -1.142138073293219452e-01
2.087099999989487076e+10 -5.584241796438782490e-02 -3.765039128976447880e-01
2.087099999987458801e+10 -5.487400075200622035e-02 -6.919722726085109077e-01
2.087099999980115509e+10 -9.019726737921690551e-02 -9.974109888865140272e-01
2.087099999974801636e+10 -5.746563019363281483e-02 -1.307310356729070255e+00
2.087099999997263718e+10 1.151741254701897366e-01 -1.447575874213410829e+00
2.087099999973733139e+10 3.255750270604250707e-01 -1.430409665378625794e+00
2.087099999973914337e+10 3.204384919811070209e-01 -1.746484012167914157e+00
2.087099999995433044e+10 1.675207720795705291e-01 -1.920389022815568891e+00
2.087099999996561813e+10 2.005268377691010184e-01 -1.606198244793571872e+00
2.087099999968804550e+10 3.482178706610967178e-01 -1.638972283121244322e+00
2.087099999967897034e+10 5.165120721231676315e-01 -1.371526318471611106e+00
2.087099999992551422e+10 4.009476134826128746e-01 -1.532131902660532452e+00
2.087099999990851593e+10 3.292402617401121168e-01 -1.224720594711814048e+00
2.087100000014540863e+10 4.158570081044679623e-01 -1.034164130097291467e+00
