1.391400000000000000e+10 0.000000000000000000e+00 0.000000000000000000e+00
1.391399999987454224e+10 2.410727491485844254e-01 1.262465427679213270e-01
1.391399999976478004e+10 1.511294831152960316e-01 -1.376788346490028514e-01
1.391399999967132759e+10 -1.335720557799562058e-01 -1.352865956297887307e-01
1.391399999972983170e+10 -2.092355203730313917e-01 1.486964942638833720e-01
1.391399999977379227e+10 -2.354768688630750895e-01 4.439472819276295557e-01
1.391399999980012321e+10 -1.823505607619155255e-01 1.502154630926629819e-01
1.391399999976988983e+10 8.951281874916838799e-02 2.725689043007666346e-01
1.391399999980982208e+10 3.039625591893209133e-01 4.780215193493826953e-01
1.391399999989591026e+10 5.893016384548224185e-01 4.469657381566319310e-01
1.391399999980854034e+10 8.755679825875555267e-01 4.323985455098455222e-01
1.391399999981103516e+10 6.370206710748747003e-01 2.510616777632554975e-01
1.391399999977848053e+10 7.078336449654802909e-01 -3.828208888532874665e-02
1.391400000000786209e+10 6.299354062877952076e-01 -2.146634213939418723e-01
1.391400000026813507e+10 7.670583741963703517e-01 -1.576573603221385622e-01
