6.261300000000000000e+10 0.000000000000000000e+00 0.000000000000000000e+00
6.261299999911896515e+10 7.833358019235338032e-01 9.498282082125087955e-01
6.261299999858776093e+10 2.453641534708752570e-01 2.261478210027703994e+00
6.261299999854817200e+10 -4.161126734786212422e-01 9.002674206306171545e-01
6.261299999706957245e+10 -2.306470332247622934e-01 1.167418957746847008e+00
6.261299999673271179e+10 -1.342462985920841456e+00 1.966431218608581943e-01
6.261299999624998474e+10 -2.262611212874474198e+00 -9.044100264851151483e-01
6.261299999717098236e+10 -1.063853863616235795e+00 -8.222161548542529230e-01
6.261299999833440399e+10 -9.718025265031726700e-02 -8.855142768208831283e-01
6.261299999922055054e+10 1.101280029548172390e+00 -1.150949548394194721e+00
6.261299999837074280e+10 1.302110111847983864e-01 -1.942696872881655157e+00
6.261299999861296844e+10 1.172824364467885072e+00 -3.013350454476352525e+00
6.261299999908217621e+10 8.871194269842045399e-01 -4.424105982867265752e+00
6.261299999972320557e+10 -6.807682534030623511e-02 -3.439882695979197713e+00
6.261299999823893738e+10 -1.473978032202430122e-01 -3.727387293084639452e+00
6.261299999828015137e+10 2.891858987612392351e-01 -5.176424930347103270e+00
6.261299999884980774e+10 1.993969534650808229e-01 -3.776624816130350837e+00
6.261300000036185455e+10 2.577608937464014871e-01 -3.728436350214798800e+00
