4.869900000000000000e+10 0.000000000000000000e+00 0.000000000000000000e+00
4.869899999997582245e+10 -3.043461461629337061e-01 4.742894345240140086e-01
4.869900000002278137e+10 -2.674268586650776491e-01 -8.659651402916607177e-02
4.869899999958583069e+10 -1.946277091528624825e-01 2.625927723574115191e-01
4.869899999955670166e+10 -2.455685919544184637e-01 8.235902404849176905e-01
4.869899999949992371e+10 2.120705839711441720e-01 4.987756102169362826e-01
4.869899999987390900e+10 6.563130984180320926e-03 1.299090174846547763e-01
4.869899999985043335e+10 1.977679420198887317e-01 6.600517596704138512e-01
4.869899999961553192e+10 -2.436097577484807597e-01 3.989599051683176967e-01
4.869899999956527710e+10 -7.354508609277229381e-01 6.704896010511407489e-01
4.869899999988923645e+10 -1.022754374195868010e+00 1.031970965536771700e+00
4.869899999985955048e+10 -9.815597190796312432e-01 4.702028745683637379e-01
4.869899999985859680e+10 -1.365216193106064235e+00 5.671967698338198360e-02
4.869900000015354156e+10 -1.440287507631227815e+00 5.316255495161796851e-01
