1.391400000000000000e+10 0.000000000000000000e+00 0.000000000000000000e+00
1.391399999975232124e+10 -1.357414376284627189e-01 -1.001178049453581298e-01
1.391399999967910385e+10 -4.240871507333869861e-01 -6.419889734612843624e-02
1.391399999971452332e+10 -7.008697194285123944e-01 -1.734276394440213975e-01
1.391399999970181084e+10 -7.044574711347615370e-01 -4.727930058568947103e-01
1.391399999973182487e+10 -9.686349483856913078e-01 -6.110086568459224265e-01
1.391399999994716835e+10 -8.411102994966119795e-01 -7.758075303524299970e-01
1.391399999989857292e+10 -8.832182300400142072e-01 -1.068484074030833897e+00
1.391399999967736244e+10 -1.078006650468418925e+00 -1.122499213491940484e+00
1.391399999986577034e+10 -8.636084740986132990e-01 -1.031229871698738032e+00
1.391399999972991371e+10 -8.128545165896488012e-01 -7.690065536933468060e-01
1.391399999977003860e+10 -9.808616155690385030e-01 -5.241437724997313197e-01
1.391399999999145126e+10 -1.110071286988575379e+00 -3.689803172895015360e-01
1.391399999975099373e+10 -1.113090299028091534e+00 -1.901911714323508973e-01
1.391399999981755447e+10 -1.195252323805054973e+00 9.018914677146613879e-02
1.391399999970753098e+10 -1.053087551582428949e+00 -1.495568641414478095e-01
1.391399999969162941e+10 -1.160299851595417264e+00 -4.289253536989572346e-01
1.391399999968103981e+10 -1.205591847090149216e+00 -1.329006599604600214e-01
1.391399999978471375e+10 -9.339708948340771366e-01 -6.032087940924381331e-02
1.391399999982789612e+10 -6.802817011157160643e-01 -2.138497060449764398e-01
1.391399999968851662e+10 -9.374535931346121842e-01 -2.788899454941242140e-01
1.391399999958700752e+10 -1.133929158865904618e+00 -7.668342675102912676e-02
1.391399999947496796e+10 -1.342319258546856853e+00 -2.605719657201415185e-01
1.391399999946450615e+10 -1.359480453728778127e+00 3.840988205430506675e-02
1.391399999963150787e+10 -1.247038976447134351e+00 2.603589713000069583e-01
1.391399999961324120e+10 -1.254567575454476502e+00 5.593635294327394814e-01
1.391399999945128441e+10 -1.446856286298666472e+00 7.224251413657682974e-01
1.391399999959970665e+10 -1.285660839822233115e+00 9.268295832226381981e-01
1.391399999938600922e+10 -1.180760163461317180e+00 1.108828586097141855e+00
1.391399999966924095e+10 -1.232035727929865709e+00 1.025493210193894056e+00
1.391399999996826363e+10 -1.250828164637871609e+00 1.020329887981860084e+00
1.391399999996908951e+10 -1.256125409912900670e+00 7.207212050832424444e-01
1.391400000013805008e+10 -1.475444689796227227e+00 6.060668547870678990e-01
