6.957000000000000000e+09 0.000000000000000000e+00 0.000000000000000000e+00
6.956999999994723320e+09 2.798730908570321030e-01 7.795964730511448226e-02
6.956999999816839218e+09 2.587020381820019366e-01 -1.508272673737959257e-01
6.956999999784048080e+09 3.271857024547837334e-01 1.296531128733217630e-01
6.956999999992691994e+09 4.681697504781092700e-01 -1.534921690337393008e-02
6.956999999889885902e+09 4.087049361724100494e-01 -2.805460877837087641e-01
6.956999999627483368e+09 4.038970750563030121e-01 -1.558217657050137706e-01
6.956999999855851173e+09 2.281968785330736049e-01 -1.934006165964972102e-01
6.956999999891469955e+09 2.990069641834629532e-01 8.615570637280645094e-02
6.956999999619441986e+09 2.996598441489498610e-01 -1.599644710328131103e-02
6.956999999488275528e+09 7.288552162145806035e-02 -1.417069897733578276e-01
6.956999999778305054e+09 5.889611116596437518e-02 -1.306744359873881212e-01
6.956999999921367645e+09 2.481022313134757795e-02 1.199362844823771701e-01
6.956999999877263069e+09 2.436888910448019585e-01 3.058971514965391769e-01
6.956999999996013641e+09 3.288662033658715234e-01 5.474435978169606143e-02
6.957000000128780365e+09 5.172584154970295556e-01 -1.222187942731962351e-01
