4.869900000000000000e+10 0.000000000000000000e+00 0.000000000000000000e+00
4.869899999970912933e+10 4.820821340882342487e-01 3.395134919714579841e-02
4.869899999999742126e+10 8.269494434355527668e-01 3.747069358578136167e-01
4.869899999973501587e+10 1.153690033026690598e+00 7.522601433463860232e-01
4.869899999962214661e+10 1.094730670861751909e+00 1.301756236051620830e+00
4.869900000000343323e+10 6.973643032846534862e-01 1.423739689164983391e+00
4.869899999987519836e+10 1.201002076259163776e+00 1.642981993002982977e+00
4.869899999987928009e+10 1.231234680828846573e+00 1.079749453066850773e+00
4.869899999970728302e+10 1.286918399923224543e+00 1.614050107267182232e+00
4.869899999973256683e+10 1.273045459920274958e+00 2.177370428027989302e+00
4.869899999966699982e+10 1.190417763392438433e+00 1.623263098399969628e+00
4.869899999928089142e+10 7.877044059617550609e-01 1.540175039248689925e+00
4.869899999934403229e+10 1.071994404764693654e+00 2.023242595722217985e+00
4.869899999922344208e+10 7.021365026225967476e-01 1.614801195874217887e+00
4.869899999916032410e+10 8.907991526567335949e-01 2.142612290191489688e+00
4.869899999903002930e+10 5.216795736794357374e-01 1.736490744180875900e+00
4.869899999916468048e+10 1.596293943900679024e-01 2.147525219418358944e+00
4.869899999901818085e+10 -3.850708979314382829e-01 2.146624570739861237e+00
4.869899999895063782e+10 -4.047289297333004909e-01 1.586970423355927196e+00
4.869899999877424622e+10 1.170973211537468250e-02 1.924056408584831512e+00
4.869899999877777863e+10 -1.251168538039038602e-01 1.376856658161559332e+00
4.869899999912107086e+10 -3.219695441995175100e-01 9.749090646130834648e-01
4.869899999925931549e+10 -8.773739950019032730e-02 1.469060040364207786e+00
4.869899999883331299e+10 -1.152211828161844864e-02 1.830826772337812880e+00
4.869899999831672668e+10 2.063487341714644874e-01 1.892747278775487318e+00
4.869899999783248138e+10 4.856191016537005356e-01 1.968071030363469420e+00
4.869899999812349701e+10 9.339962186310960535e-01 2.148152704321829365e+00
4.869899999833759308e+10 1.072439868195702584e+00 1.645005715409543212e+00
4.869899999800746155e+10 1.520395740782179539e+00 1.552745059613570788e+00
4.869899999826763916e+10 1.811723625159867401e+00 1.959683346549349725e+00
4.869899999851715088e+10 1.593276036217776692e+00 1.503408748259497330e+00
4.869899999875096130e+10 1.559264075459729781e+00 2.015595896736970261e+00
4.869899999885261536e+10 1.279424493021419584e+00 2.494675561308127065e+00
4.869899999888996124e+10 1.245696846449511952e+00 3.056484487536610839e+00
4.869899999858506012e+10 1.143355905907688763e+00 2.593101622248737748e+00
4.869899999904977417e+10 1.364502085182832669e+00 2.823961016378513378e+00
4.869899999890314484e+10 1.241201232535433796e+00 2.293435211256044770e+00
4.869899999871325684e+10 9.482726528941080035e-01 2.736488042379432883e+00
4.869899999891014862e+10 4.215593624420935770e-01 2.780850656482857453e+00
4.869899999869837189e+10 3.710436774168860419e-01 3.301197542143390784e+00
4.869899999857095337e+10 8.519374772758677716e-01 3.567029776023121546e+00
4.869899999871883392e+10 8.732278936385229340e-01 4.110940676664977644e+00
4.869899999854129791e+10 1.106094602124054305e+00 4.593036599710867307e+00
4.869899999863138580e+10 1.635368096638824209e+00 4.765997258206905229e+00
4.869899999891353607e+10 1.960825631576101458e+00 5.130179508621424134e+00
4.869899999889901733e+10 2.063950903648001045e+00 5.684540356166347230e+00
4.869899999901998138e+10 1.540298290050787333e+00 5.855764509396084172e+00
4.869899999859381104e+10 1.909756331056838397e+00 5.849177868538993685e+00
4.869899999869554138e+10 2.076387779010029799e+00 6.378372253466376485e+00
4.869899999835136414e+10 2.381476551792629071e+00 6.704903535941153514e+00
4.869899999839690399e+10 2.230722465278771161e+00 7.246531435656958564e+00
4.869899999807752991e+10 1.974427303637258602e+00 6.858621744376973695e+00
4.869899999789752960e+10 1.440062879166354115e+00 6.873310745020480006e+00
4.869899999829536438e+10 1.621341312460150341e+00 7.229718908271668631e+00
4.869899999827060699e+10 1.935641036558799266e+00 7.697441188326949124e+00
4.869899999855651855e+10 1.453726448320606712e+00 7.762045536813032776e+00
4.869899999814338684e+10 1.756846581337895064e+00 7.997843491910719749e+00
4.869899999784196472e+10 2.231547925445889646e+00 7.953511999364947016e+00
4.869899999840047455e+10 2.310445126096386304e+00 7.955322546702685571e+00
4.869899999846311951e+10 2.161488684478604316e+00 7.414907087695794985e+00
4.869899999825848389e+10 2.187649384243387729e+00 7.939884673210800159e+00
4.869899999822699738e+10 1.641246315511898590e+00 7.803451938501229534e+00
4.869899999860626984e+10 1.507502165386238824e+00 7.407944340009154693e+00
4.869899999860910797e+10 1.536790733457832125e+00 7.971234408960279794e+00
4.869899999836486053e+10 1.032310312663150098e+00 7.907945041879096415e+00
4.869899999843794250e+10 1.058627015616382172e+00 8.466629563630908351e+00
4.869899999816471100e+10 7.590603380785113652e-01 8.074497179599680052e+00
4.869899999838552856e+10 1.247971526534399134e+00 7.900239407664431113e+00
4.869899999849057770e+10 1.799263965201799431e+00 7.843642148902050693e+00
4.869899999855059814e+10 1.239473330850133337e+00 7.878187110319716524e+00
4.869899999866584015e+10 1.384991433363846225e+00 8.410826308502089788e+00
4.869899999878372192e+10 9.555968175701663458e-01 8.757070726079092537e+00
4.869899999914230347e+10 1.130310716838247354e+00 8.358255883504124739e+00
4.869899999877045441e+10 7.064855354998165193e-01 8.374476433638122330e+00
4.869899999833619690e+10 1.036175193419440976e+00 8.518992419833761431e+00
4.869899999847421265e+10 5.306299833913687980e-01 8.727650000319155055e+00
4.869899999865238190e+10 6.138111462963274922e-01 8.198974050649885825e+00
4.869899999860864258e+10 1.137282527528512333e+00 8.404464486086379083e+00
4.869899999909552002e+10 1.240907077984227502e+00 8.669740687622995878e+00
4.869899999902470398e+10 1.392602419662619884e+00 9.208382756378425071e+00
4.869899999931793976e+10 9.320171457937881376e-01 9.066839750715470103e+00
4.869899999926785278e+10 4.984213871379272187e-01 8.709562157970113461e+00
4.869899999884863281e+10 7.549521120036122301e-01 8.432781179939102145e+00
4.869899999883900452e+10 1.923410679873149842e-01 8.471994876239197225e+00
4.869899999867341614e+10 -5.477503549590564957e-02 8.951239031511883937e+00
4.869899999885879517e+10 -7.314840324690968787e-02 9.483647125326694294e+00
4.869899999917971039e+10 3.735037770850854200e-01 9.608862156308848768e+00
4.869899999915202332e+10 3.825905569686400276e-01 9.045557253372686901e+00
4.869899999933358002e+10 1.628783225337588347e-01 8.558807374659819445e+00
4.869899999966431427e+10 4.645901855537633018e-01 8.215668754338395274e+00
4.869899999989395905e+10 9.064094636218819057e-01 7.950673949266533924e+00
4.869900000013338470e+10 1.226011006225349975e+00 7.552314485523758947e+00
