6.957000000000000000e+09 0.000000000000000000e+00 0.000000000000000000e+00
6.956999999947198868e+09 1.935802751026089452e-01 -2.101741544866688460e-01
6.956999999805235863e+09 2.889008330939996649e-01 -4.451105646791756465e-01
6.956999999969826698e+09 5.279957791598404171e-01 -4.317743659294385195e-01
6.957000000055648804e+09 3.952985026254510759e-01 -1.879293019551021293e-01
6.956999999977842331e+09 4.183661580624181142e-01 9.108427391135362483e-02
6.956999999970682144e+09 4.266939025171476718e-01 -1.992842363593245458e-01
6.956999999878647804e+09 4.246301980973028467e-01 -4.748924352402110749e-01
6.956999999892068863e+09 4.139547606769214405e-01 -7.649620743814162793e-01
6.956999999684044838e+09 5.969289453069528406e-01 -6.773210810564105344e-01
6.956999999731385231e+09 5.838515786941007590e-01 -3.909255797074867589e-01
6.956999999539223671e+09 7.798870807957041240e-01 -2.956445764960990430e-01
6.956999999600961685e+09 1.017095679105793238e+00 -1.395835335641988917e-01
6.956999999690862656e+09 1.287671686196734555e+00 -8.353912538034027890e-02
6.956999999607797623e+09 1.010501217531268647e+00 -1.102077430974930383e-01
6.956999999457617760e+09 1.039626324184834028e+00 -3.572549730133080526e-01
6.956999999359008789e+09 9.135176993333042894e-01 -1.147527424302464683e-01
6.956999999415653229e+09 1.180326606630076158e+00 -1.455819975278881129e-02
6.956999999442590714e+09 9.531669626468118883e-01 1.646270575346443499e-01
6.956999999628957748e+09 8.174200703182573635e-01 -1.221954183598247812e-02
6.956999999470946312e+09 8.090591728720591957e-01 -2.559344542855638283e-01
6.956999999206293106e+09 8.275455318360558365e-01 -1.373957739735586492e-01
6.956999999194170952e+09 1.082069311010581902e+00 -2.770567817064524263e-01
6.956999999298749924e+09 1.012868653596567636e+00 -1.493273587080962139e-02
6.956999999330360413e+09 7.861530197335168113e-01 -1.939167822488920556e-01
6.956999999277147293e+09 1.024948457630863619e+00 -3.506956404441339825e-01
6.956999999109224319e+09 8.517387223197598889e-01 -1.887240362978260533e-01
6.956999999096521378e+09 8.333999040186236273e-01 -4.784425476889074824e-01
6.956999998823304176e+09 7.615947328904746350e-01 -5.464948001771607888e-01
6.956999999040003777e+09 9.015447673570002873e-01 -6.802470949686214574e-01
6.956999998841913223e+09 6.950852777207177091e-01 -6.295619355814638940e-01
6.956999998876730919e+09 7.007114450202974743e-01 -3.411341293617956572e-01
6.956999998870303154e+09 7.014458753353418619e-01 -6.316382447558669400e-01
6.956999998939702034e+09 7.015210143725014724e-01 -3.494711852931772222e-01
6.956999998940258026e+09 9.563213238966912222e-01 -2.097894387556392959e-01
6.956999998869842529e+09 8.186480076249879057e-01 -4.558019774669404001e-01
6.956999998753189087e+09 9.732553710203067920e-01 -6.724193149943169523e-01
6.956999998938463211e+09 1.115350160343433483e+00 -4.994534167491994081e-01
6.956999999083307266e+09 9.772852171665329379e-01 -2.887576285914631447e-01
6.956999998894897461e+09 7.951759265874421834e-01 -4.143454126027633633e-01
6.956999998902301788e+09 1.009004652224843479e+00 -2.177317118206742452e-01
6.956999998943079948e+09 1.035084471220900193e+00 -5.042477610226081541e-01
6.956999999017854691e+09 7.548243586159056884e-01 -4.870002247956030095e-01
6.956999999259198189e+09 9.056076006921192079e-01 -4.282464979102156288e-01
6.956999999264831543e+09 8.546659551699056223e-01 -7.142669767791767210e-01
6.956999999147332191e+09 8.475023702729779229e-01 -4.486035076645600861e-01
6.956999999045251846e+09 1.073658961618648489e+00 -2.973844505395648596e-01
6.956999998785089493e+09 1.099646936919160156e+00 -1.705978309505464807e-01
6.956999998967015266e+09 1.120064898648433616e+00 5.505851912218512334e-02
6.956999999058933258e+09 1.080184159973134106e+00 3.278132294438851901e-01
6.956999998858429909e+09 9.432698492982442007e-01 1.681653211573575502e-01
6.956999998648681641e+09 9.385704429911738700e-01 3.692081202914058169e-01
6.956999998644704819e+09 9.288116740725336218e-01 6.595931260311903577e-01
6.956999998535012245e+09 1.196948731293866697e+00 6.371326268499242218e-01
6.956999998262877464e+09 1.150644400704795345e+00 7.278697398913687167e-01
6.956999998469910622e+09 1.176432993609374034e+00 5.256160262649045567e-01
6.956999998259636879e+09 1.302695877070748631e+00 6.814266014921024350e-01
6.956999998236565590e+09 1.548919801255631556e+00 8.339913232386472197e-01
6.956999998078452110e+09 1.526100249522344798e+00 5.912696164257289499e-01
6.956999998363044739e+09 1.551370824844879426e+00 5.383247218905321541e-01
6.956999998107840538e+09 1.681664515589268216e+00 4.900675801939122223e-01
6.956999998328416824e+09 1.572710423465029317e+00 6.446945482925765525e-01
6.956999998302838326e+09 1.735433537462854225e+00 8.840716665524503970e-01
6.956999998199704170e+09 1.831001548306635751e+00 1.138364130461466894e+00
6.956999998443037033e+09 1.792695054672835298e+00 1.292494383840043115e+00
6.956999998478582382e+09 1.758708814991086333e+00 1.006110125662796229e+00
6.956999998459296227e+09 1.619407100535155797e+00 7.518315883312769454e-01
6.956999998340075493e+09 1.846545611431719580e+00 6.153434249540166157e-01
6.956999998120094299e+09 1.706933307775343689e+00 4.866927507565479427e-01
6.956999998174242973e+09 1.858124283386003439e+00 7.288574446798261608e-01
6.956999998070611000e+09 1.588826922929628349e+00 6.945948074004940631e-01
6.956999998173949242e+09 1.482833983755661000e+00 9.446371757807436875e-01
6.956999998196222305e+09 1.442695413384264880e+00 1.231564499991361306e+00
6.956999998202486992e+09 1.442059048453211867e+00 9.410565868452480665e-01
6.956999998332700729e+09 1.694985121385442550e+00 8.818349554737321405e-01
6.956999998303472519e+09 1.683108177971399666e+00 5.929765773755205638e-01
6.956999998500838280e+09 1.557323646416250540e+00 7.651956864945236303e-01
6.956999998338587761e+09 1.328311891658240596e+00 8.404487991230694677e-01
6.956999998366712570e+09 1.326486579155651713e+00 1.129654928105209066e+00
6.956999998141697884e+09 1.510336171027723662e+00 1.131077242885474066e+00
6.956999997875529289e+09 1.604324059622675991e+00 1.200034953508289037e+00
6.956999997680126190e+09 1.791268733850697403e+00 1.093715289445497341e+00
6.956999997783123970e+09 2.062313395437491259e+00 1.074722156378931759e+00
6.956999997677529335e+09 2.296513770520125508e+00 1.210495827155533721e+00
6.956999997693808556e+09 2.349287432540648979e+00 1.495775409242522835e+00
6.956999997738584518e+09 2.376010261237346377e+00 1.781634583313951747e+00
6.956999997778452873e+09 2.393026087229111365e+00 1.494309944890639841e+00
6.956999997835159302e+09 2.358302615642940747e+00 1.777175997193167989e+00
6.956999997765880585e+09 2.434214061643646954e+00 2.048970752251661143e+00
6.956999997757328987e+09 2.537369196140363936e+00 1.777455779643859701e+00
6.956999997780215263e+09 2.639192824173736796e+00 1.506268264643344068e+00
6.956999997657249451e+09 2.901735071494692342e+00 1.525902377375343733e+00
6.956999997561714172e+09 2.691317100403605611e+00 1.702060765528746522e+00
6.956999997345421791e+09 2.543774745617946031e+00 1.828089952868868107e+00
6.956999997461306572e+09 2.355937759297312972e+00 1.639085740869385521e+00
6.956999997652310371e+09 2.137922767879953057e+00 1.618559104565544526e+00
6.956999997915575981e+09 2.097702100581460005e+00 1.734783605268985118e+00
6.956999998112712860e+09 1.884942957912053352e+00 1.752248538064053562e+00
6.956999998108792305e+09 1.894143648150900416e+00 2.042652517164513792e+00
6.956999998348118782e+09 1.830768260792938751e+00 2.194773205600683674e+00
6.956999998127490997e+09 1.976480214734386953e+00 2.315296787005670431e+00
6.956999998103581429e+09 1.953437747487259069e+00 2.603969405517112090e+00
6.956999998101743698e+09 1.955413524069225861e+00 2.894533024396884979e+00
6.956999997952158928e+09 1.721747574017467697e+00 2.980898951371595107e+00
6.956999998041974068e+09 1.990116981672958474e+00 2.914977655524945366e+00
6.956999998260398865e+09 2.036843587409654432e+00 3.100831288023269128e+00
6.956999998537582397e+09 1.967939890416080972e+00 3.154272352399275725e+00
6.956999998560682297e+09 2.002548585604614573e+00 3.441853885933383594e+00
6.956999998317978859e+09 1.860123353085223696e+00 3.514274060198662397e+00
6.956999998135681152e+09 1.891695033148066196e+00 3.290208502690248782e+00
6.956999998319664001e+09 1.698250810311797032e+00 3.404944104949938488e+00
6.956999998477904320e+09 1.861274718354373192e+00 3.586100397210074231e+00
6.956999998482631683e+09 1.862059445343697606e+00 3.876637033702245549e+00
6.956999998547800064e+09 1.835782997035192654e+00 3.594684576217536343e+00
6.956999998593654633e+09 1.893940757476701542e+00 3.875664223970699318e+00
6.956999998644482613e+09 1.917958233101935139e+00 3.590577915449486568e+00
6.956999998552503586e+09 1.817774467870072685e+00 3.333794904491804267e+00
6.956999998405146599e+09 1.810706399343038120e+00 3.584135742727447393e+00
6.956999998347280502e+09 1.837934305896998577e+00 3.300684365577577051e+00
6.956999998139543533e+09 1.826334600322908841e+00 3.097841171717187869e+00
6.956999998258402824e+09 1.573602847953882611e+00 3.017631491862172055e+00
6.956999998012533188e+09 1.500231999980312647e+00 3.154010991386655860e+00
6.956999997814963341e+09 1.301602113384811688e+00 3.076894140992099125e+00
6.956999998024781227e+09 1.146488558453004902e+00 2.949024276762219010e+00
6.956999998069428444e+09 1.205811675665301896e+00 2.668093839598309813e+00
6.956999998095945358e+09 1.307010367421539643e+00 2.939184588920523478e+00
6.956999998226687431e+09 1.391268794152888733e+00 3.184626010243968963e+00
6.956999998262241364e+09 1.399144172101412176e+00 3.472911287497147281e+00
6.956999998342811584e+09 1.290462093231636187e+00 3.730070992665389884e+00
6.956999998534286499e+09 1.079388528121135060e+00 3.786814531819266971e+00
6.956999998417373657e+09 8.293694930130961485e-01 3.877678510008089496e+00
6.956999998428549767e+09 9.117323074541013872e-01 3.599243675109364826e+00
6.956999998595786095e+09 8.051955175004383847e-01 3.386837314164933499e+00
6.956999998831674576e+09 6.385192382720303872e-01 3.355052873216465059e+00
6.956999998695302963e+09 5.213159224230555777e-01 3.583308844640012758e+00
6.956999998805510521e+09 3.922061562511918731e-01 3.819146659354434981e+00
6.956999998983237267e+09 2.660953186881309662e-01 4.011354235438094662e+00
6.956999998852684975e+09 2.562514313126280086e-01 4.270764624747787508e+00
6.956999998634953499e+09 1.416952502402395730e-01 4.116154321973954033e+00
6.956999998669753075e+09 4.255657617644996726e-01 4.167544989013086010e+00
6.956999998673773766e+09 4.242593142059761235e-01 4.458090383620179509e+00
6.956999998783130646e+09 1.991352562934878279e-01 4.605720417029951719e+00
6.956999998866429329e+09 -2.360365391466101581e-02 4.438737865074062761e+00
6.956999999128708839e+09 -1.180674002084869945e-01 4.520715377520660994e+00
6.956999999064135551e+09 -1.593334509290625922e-01 4.801004413083194144e+00
6.956999999131529808e+09 -3.266456940573961854e-01 5.028818241823125312e+00
6.956999999089626312e+09 -1.999730834761349052e-01 4.770685217604194506e+00
6.956999999137578964e+09 -2.989354424372070440e-01 4.501721398904062532e+00
6.956999999275185585e+09 -1.435459242997512708e-01 4.298366835152235055e+00
6.956999999271943092e+09 -1.274440629705719252e-01 4.588478384342033145e+00
6.956999999023032188e+09 -3.754036816912678654e-03 4.673204146654734714e+00
6.956999998896249771e+09 -4.881900524911764877e-02 4.930749864624595524e+00
6.956999998618148804e+09 2.379359635245902743e-02 4.973429894146772945e+00
6.956999998827454567e+09 1.922242582400060518e-01 5.084139367434097778e+00
6.956999998845146179e+09 4.664485554201483475e-01 4.989680216198854268e+00
6.956999999032738686e+09 3.281811392717729481e-01 4.816112992285843220e+00
6.956999999174448013e+09 3.442000009895525570e-01 5.069285718665832441e+00
6.956999999111742020e+09 7.196739277249758482e-02 4.989336931593466140e+00
6.956999999080171585e+09 2.625614115698658990e-01 5.206389254391676324e+00
6.956999998996299744e+09 3.583927309723118904e-01 4.945206702138108312e+00
6.956999998870577812e+09 4.826148834708735014e-01 5.175852388539159854e+00
6.956999998926544189e+09 6.541039737225532447e-01 4.948050307967462480e+00
6.956999999139852524e+09 7.479043728211635100e-01 5.121645786360752517e+00
6.956999999091789246e+09 5.018745168806297841e-01 4.974697800331474795e+00
6.956999998930230141e+09 5.903094469364179586e-01 4.749948259884761548e+00
6.956999998705389977e+09 6.202350130967657638e-01 4.931568737083920517e+00
6.956999998866719246e+09 3.968557203444236792e-01 5.023812820151340119e+00
6.956999998884353638e+09 4.185546998055497125e-01 4.734585079343512248e+00
6.956999998726109505e+09 3.460579936774186849e-01 4.967259467093269265e+00
6.956999998708826065e+09 3.329864486095887033e-01 5.257026469997523321e+00
6.956999998689955711e+09 3.623960441763336426e-01 4.968559021356008465e+00
6.956999998976863861e+09 3.706485768157201099e-01 4.923282575506624958e+00
6.956999998958081245e+09 3.593120026452207849e-01 4.633535789311412856e+00
6.956999998900371552e+09 3.570888665933986683e-01 4.348756731847837287e+00
6.956999999047244072e+09 5.504949908433280914e-01 4.189204101155967308e+00
6.956999999266590118e+09 7.134646560246709068e-01 4.090398566476846298e+00
6.956999999100046158e+09 9.412288737066952793e-01 4.159832742060457278e+00
6.956999998814449310e+09 9.491412959815140882e-01 4.212807986244919256e+00
6.956999998539113045e+09 9.538863864759942190e-01 4.120062053903563282e+00
6.956999998465097427e+09 6.884221766158383771e-01 4.027948689473740629e+00
6.956999998338038445e+09 6.681057751904895259e-01 4.288482466148798800e+00
6.956999998091650009e+09 8.183979191334925796e-01 4.322239141984751676e+00
6.956999998021683693e+09 1.100404803104384932e+00 4.318879418170897821e+00
6.956999998304685593e+09 1.050191955645566777e+00 4.361574057148835948e+00
6.956999998209613800e+09 1.063410877411379518e+00 4.635838751062344443e+00
6.956999998343250275e+09 1.317569304053294754e+00 4.680328238010045716e+00
6.956999998622080803e+09 1.264173451200444331e+00 4.742271015140118173e+00
6.956999998645718575e+09 1.436064814556605285e+00 4.975357095760233328e+00
6.956999998592185020e+09 1.452873951036479871e+00 4.690249941082951679e+00
6.956999998784626961e+09 1.534128370452330303e+00 4.488263841560793388e+00
6.956999999071299553e+09 1.540373000864162512e+00 4.441207889504600104e+00
6.956999998988764763e+09 1.483852535353727076e+00 4.714022622614249869e+00
6.956999999148634911e+09 1.458939776933228849e+00 4.472661363753475783e+00
6.956999998970397949e+09 1.574090384001180176e+00 4.671171724933271818e+00
6.956999998916914940e+09 1.291303582779142367e+00 4.631100063580514181e+00
6.956999998855651855e+09 1.222906359382952113e+00 4.906786851490927859e+00
6.956999999088540077e+09 1.318984769570342719e+00 5.051584678101786352e+00
6.956999999039052963e+09 1.335509135637549027e+00 4.765730743233343780e+00
6.956999999067246437e+09 1.385747016132319764e+00 4.480922394881574178e+00
6.956999998972842216e+09 1.602154046991747016e+00 4.650304636077534859e+00
6.956999998779462814e+09 1.493689657781266389e+00 4.462490172301091462e+00
6.956999998630735397e+09 1.245810777449056994e+00 4.491997620675862279e+00
6.956999998738653183e+09 1.475011874177852178e+00 4.634318185905652143e+00
6.956999998826499939e+09 1.632262366295141431e+00 4.406305609326142125e+00
6.956999998850958824e+09 1.592358125875489305e+00 4.119523597898662182e+00
6.956999998707884789e+09 1.734395311608766477e+00 3.910263316076032947e+00
6.956999998688384056e+09 1.995676581058175802e+00 4.035906968885869972e+00
6.956999998603624344e+09 1.843090145791254297e+00 3.803597685177086074e+00
6.956999998327622414e+09 1.846700019994833575e+00 3.894397548619880300e+00
6.956999998368712425e+09 1.559676230214171566e+00 3.913461663894773679e+00
6.956999998622914314e+09 1.680029497467483424e+00 3.986473768851310773e+00
6.956999998552165031e+09 1.569496076463202217e+00 3.727222094591454926e+00
6.956999998539112091e+09 1.520485078837562787e+00 4.013337514589609967e+00
6.956999998565688133e+09 1.524428385036141753e+00 4.302668938382037567e+00
6.956999998536521912e+09 1.510947704027110650e+00 4.013874725986615211e+00
6.956999998483565331e+09 1.712403060856550363e+00 4.216472473744632410e+00
6.956999998573328972e+09 1.855284330793152359e+00 3.979909706576919337e+00
6.956999998800592422e+09 1.820036498090349175e+00 3.802304546658414885e+00
6.956999998804807663e+09 1.832464890780406197e+00 4.092584183292895084e+00
6.956999998557622910e+09 1.982400749144404672e+00 4.063368557659819302e+00
6.956999998742025375e+09 2.104262134604748979e+00 4.251995696515890266e+00
6.956999998751763344e+09 1.850340300647354885e+00 4.392933151871043940e+00
6.956999998652666092e+09 1.984748970038831439e+00 4.630732563004047009e+00
6.956999998761870384e+09 2.165384591643938261e+00 4.431033582678129079e+00
6.956999998701416016e+09 1.909931143719918456e+00 4.306441239223729234e+00
6.956999998579647064e+09 1.963189659389640962e+00 4.564840922438437865e+00
6.956999998359970093e+09 1.811008308496096619e+00 4.450747779065403087e+00
6.956999998436574936e+09 1.836210589814837313e+00 4.171586561009668515e+00
6.956999998477103233e+09 1.966306321393255674e+00 3.914940753638700865e+00
6.956999998240056992e+09 2.076680612590199537e+00 3.788208823796196612e+00
6.956999998152880669e+09 1.999531221153846072e+00 3.521970702064717962e+00
6.956999998043175697e+09 2.220158504001852329e+00 3.367947928954401426e+00
6.956999998199655533e+09 2.418514893059615201e+00 3.224409825827501574e+00
6.956999998263977051e+09 2.214315873991142158e+00 3.027941134689845271e+00
6.956999998119694710e+09 2.057250509574445996e+00 2.830590076620025375e+00
6.956999997980989456e+09 2.027074586912775089e+00 3.084134316505920292e+00
6.956999998199934006e+09 1.859452265627329126e+00 3.175789665870065726e+00
6.956999997976385117e+09 2.014488486322743466e+00 3.073690269790637863e+00
6.956999998034965515e+09 1.988241593860071266e+00 3.357087331808648489e+00
6.956999998086253166e+09 1.950784432447889571e+00 3.640638010456427764e+00
6.956999997945663452e+09 1.784148246826873230e+00 3.448540597985747969e+00
6.956999997905977249e+09 1.647107082323315819e+00 3.195401875613096632e+00
6.956999998170765877e+09 1.554113587032895927e+00 3.270725381169374835e+00
6.956999998186009407e+09 1.534691002624308132e+00 2.981200098643210339e+00
6.956999998188378334e+09 1.529701214500340356e+00 2.690676453996224016e+00
6.956999998059407234e+09 1.515419377851409788e+00 2.430682174279696017e+00
6.956999997893771172e+09 1.499476848522629746e+00 2.668894583894847461e+00
6.956999997696058273e+09 1.712398316083153738e+00 2.665949294073179043e+00
6.956999997442825317e+09 1.816667916823865747e+00 2.763085481018719758e+00
6.956999997438537598e+09 1.812802822881206311e+00 3.053604283230671790e+00
6.956999997365005493e+09 1.582052071309745234e+00 2.893037799388205933e+00
6.956999997326602936e+09 1.562610558490870938e+00 3.180408184832201002e+00
6.956999997263864517e+09 1.351832443343809143e+00 2.990484671933042016e+00
6.956999997480394363e+09 1.209697514366498527e+00 2.858777133656039027e+00
6.956999997493870735e+09 1.301381964630181187e+00 3.134180186391681389e+00
6.956999997455436707e+09 1.429127929845943390e+00 2.876036273161186152e+00
6.956999997683644295e+09 1.252051497281757131e+00 2.844419915322422110e+00
6.956999997611359596e+09 1.171888655749005581e+00 2.574635930910175396e+00
6.956999997825437546e+09 1.342242033345189656e+00 2.672537506234824001e+00
6.956999998049880981e+09 1.458980054460745635e+00 2.529597542325774828e+00
6.956999998334796906e+09 1.448900294867673688e+00 2.473421347211397947e+00
6.956999998453530312e+09 1.637006076680997513e+00 2.286463839374657692e+00
6.956999998537194252e+09 1.664779480033940384e+00 2.009582143206928073e+00
6.956999998649536133e+09 1.413481995070642094e+00 1.916504850571620677e+00
6.956999998765694618e+09 1.641002950939071781e+00 2.054981901079944162e+00
6.956999998674617767e+09 1.374685108532782696e+00 1.982772049180028251e+00
6.956999998746506691e+09 1.232310047568776490e+00 1.739881483563266773e+00
6.956999999004085541e+09 1.102658699531998909e+00 1.704132063238206429e+00
6.956999999019218445e+09 1.208259670781010264e+00 1.433847186627724701e+00
6.956999999031129837e+09 1.162116494235675201e+00 1.720488801392551670e+00
6.956999999207249641e+09 1.282183302564020577e+00 1.917973660089474119e+00
6.956999999148409843e+09 1.496371436429014823e+00 2.105312484933189676e+00
6.956999998920996666e+09 1.560283066637262017e+00 2.274525285800352403e+00
6.956999998933615685e+09 1.580096201592452898e+00 2.564150379427091231e+00
6.956999999205617905e+09 1.489939313311316571e+00 2.612327652436503111e+00
6.956999999158253670e+09 1.550943638276033543e+00 2.892451868707333507e+00
6.956999999050147057e+09 1.813345646443583536e+00 2.830060412061950803e+00
6.956999998948053360e+09 1.875626508141251314e+00 2.565235118170050121e+00
6.956999999038523674e+09 1.762694105649782905e+00 2.313251313517878938e+00
6.956999998959852219e+09 1.713905950339214224e+00 2.037815269802099483e+00
6.956999998754734039e+09 1.740013982123981950e+00 2.241970511392894938e+00
6.956999998949668884e+09 1.601559046659370100e+00 2.076849475896945574e+00
6.956999998842243195e+09 1.796482316482004071e+00 1.890036640834843018e+00
6.956999999117778778e+09 1.883216673245419415e+00 1.858543681614524212e+00
6.956999999139505386e+09 2.083592388758732650e+00 1.649230475753913794e+00
6.956999999212038994e+09 2.236303494509616296e+00 1.885562149421074585e+00
6.956999999202666283e+09 2.245892681495589738e+00 1.595295537462351199e+00
6.956999999287010193e+09 1.998899754821166885e+00 1.467564843036418987e+00
6.956999999190923691e+09 2.083523983930466450e+00 1.206718876587173694e+00
6.956999999274191856e+09 2.328541361034091928e+00 1.338883408760911609e+00
6.956999999333310127e+09 2.324849664752070222e+00 1.623358090948484600e+00
6.956999999514735222e+09 2.118161704081147345e+00 1.717163770209039431e+00
6.956999999317813873e+09 2.216648396902485718e+00 1.527540814019386683e+00
6.956999999215235710e+09 2.365531495072516588e+00 1.755018181816297984e+00
6.956999999260722160e+09 2.127163380975534146e+00 1.914849700256726184e+00
6.956999999273036957e+09 1.868556846981547892e+00 1.782919763133516078e+00
6.956999999093445778e+09 1.897011924430483054e+00 2.009573196167795839e+00
6.956999999208454132e+09 1.860432284808576142e+00 1.745244679724898607e+00
6.956999999448146820e+09 2.023892907436443345e+00 1.729042428723913671e+00
6.956999999332360268e+09 2.210086962957204637e+00 1.538359958349897916e+00
6.956999999605037689e+09 2.310092654725857564e+00 1.547339655763525723e+00
6.956999999668758392e+09 2.112864401937081471e+00 1.343685168827536636e+00
6.956999999545157433e+09 2.156313379414537046e+00 1.084321448440469293e+00
6.956999999632244110e+09 1.986733869630780358e+00 1.303623062444979386e+00
6.956999999666191101e+09 1.997894085901945838e+00 1.591993553964276442e+00
6.956999999563920021e+09 2.149532328559405236e+00 1.366203965893219019e+00
6.956999999839461327e+09 2.240784868217171155e+00 1.352625803780661995e+00
6.956999999934599876e+09 2.268106356920133404e+00 1.625822968459154083e+00
6.957000000136332512e+09 2.185059792579157278e+00 1.817764758737030917e+00
