4.869900000000000000e+10 0.000000000000000000e+00 0.000000000000000000e+00
4.869900000000622559e+10 -2.172779501278440106e-01 5.204931502185653480e-01
4.869899999958580780e+10 -5.389459098665503323e-01 7.152759741723871967e-01
4.869899999941905212e+10 -5.360650068585740557e-01 1.764393067377222346e-01
4.869899999920413971e+10 -1.005687193441092253e+00 4.032182880313723849e-01
4.869899999928047943e+10 -5.167870996373040704e-01 6.739771832008623065e-01
4.869899999925579834e+10 -9.589768143346618645e-01 1.023291910377247316e+00
4.869899999974878693e+10 -1.149814628427218821e+00 8.265501231189323894e-01
4.869899999942957306e+10 -1.012565121800774737e+00 3.822220179535923967e-01
4.869899999924099731e+10 -8.568530708611070690e-01 -1.260647423459672622e-01
4.869899999935221100e+10 -9.772831845817852026e-01 -6.657777398859605622e-01
4.869899999902156067e+10 -9.868484322818188437e-01 -1.122661046908985938e+00
4.869899999865507507e+10 -5.705305873533221828e-01 -1.225286127940210523e+00
4.869899999838043213e+10 -1.033535939746161869e+00 -1.393690702343484800e+00
4.869899999886615753e+10 -1.086639060665373524e+00 -1.675495512647286578e+00
4.869899999868492889e+10 -1.123402694453031092e+00 -2.208380165994911604e+00
4.869899999812411499e+10 -1.083268683703517254e+00 -2.253512000537559068e+00
4.869899999831722260e+10 -1.196572574506088227e+00 -2.771230240169409775e+00
4.869899999851779175e+10 -6.693772477113238972e-01 -2.770874238242758469e+00
4.869899999858573151e+10 -1.218157589741483360e+00 -2.659581719749803952e+00
4.869899999837328339e+10 -6.958332029525088336e-01 -2.645308853638439928e+00
4.869899999804264832e+10 -8.426778948930906399e-01 -2.212551778129709934e+00
4.869899999764802551e+10 -5.765839874704443702e-01 -1.909849165903419355e+00
4.869899999716156006e+10 -3.398288258885334701e-01 -2.069411542328100762e+00
4.869899999755957794e+10 3.475495984888549161e-02 -2.208797606610016562e+00
4.869899999783364105e+10 5.138582343039951317e-01 -2.092567378911283082e+00
4.869899999784821320e+10 4.995753471496784948e-01 -2.656256394121033537e+00
4.869899999782607269e+10 5.553848855612295576e-01 -3.217109900680263035e+00
4.869899999768412018e+10 4.997201171169718403e-01 -3.760168400887066831e+00
4.869899999743908691e+10 4.750154710049190321e-01 -4.267624398806801445e+00
4.869899999741706085e+10 3.749686373499696579e-01 -4.822301862317406318e+00
4.869899999755333710e+10 3.209179334903576319e-01 -4.277628799290043027e+00
4.869899999754196930e+10 3.465699856704336779e-01 -4.840988612927588974e+00
4.869899999722019958e+10 -7.958274861156167113e-02 -4.659275553829115957e+00
4.869899999693656921e+10 -5.439696838292267245e-01 -4.510749777444289066e+00
4.869899999693334198e+10 -5.523050379195366677e-01 -5.074737064145566912e+00
4.869899999678873444e+10 -4.277272898608006635e-01 -4.543954899623451560e+00
4.869899999683557892e+10 -4.597246534143046293e-01 -5.105153066911946702e+00
4.869899999689292145e+10 -8.738247135365377893e-01 -5.483827492732537223e+00
4.869899999678556061e+10 -1.409476939370055248e+00 -5.343426814313079198e+00
4.869899999715775299e+10 -1.315175966585659273e+00 -4.930218533567249040e+00
4.869899999691765594e+10 -1.765838151355219265e+00 -4.690597428441305006e+00
4.869899999704437256e+10 -1.675018176272919490e+00 -5.232681973115834495e+00
4.869899999724879456e+10 -1.602360342852546138e+00 -5.753349059307850233e+00
4.869899999747431946e+10 -1.476068767988112374e+00 -6.254699159171758893e+00
4.869899999793511963e+10 -1.247447843234930298e+00 -6.486127550760215854e+00
4.869899999817948151e+10 -1.338918646479474450e+00 -5.986044652279673528e+00
4.869899999788854218e+10 -1.452832493636154076e+00 -6.455662235657277037e+00
4.869899999814585114e+10 -1.818066619017220331e+00 -6.111340373524046576e+00
4.869899999819256592e+10 -1.911053039570724810e+00 -6.665716472010393190e+00
4.869899999783782959e+10 -1.588710526271969181e+00 -6.963069208880108718e+00
4.869899999789658356e+10 -1.523163629361842242e+00 -7.520216600832473119e+00
4.869899999786671448e+10 -1.170721595011857463e+00 -7.959595806209387447e+00
4.869899999754886627e+10 -1.625392858417747499e+00 -8.061620181372207483e+00
4.869899999753512573e+10 -1.635143718238459609e+00 -7.497813685450307908e+00
4.869899999729565430e+10 -1.220127766313638062e+00 -7.200196820105320583e+00
4.869899999711258698e+10 -1.423809139172526272e+00 -7.693312579741668600e+00
4.869899999689049530e+10 -1.754876353171370251e+00 -7.294275026820299601e+00
4.869899999730879211e+10 -2.087849165135514440e+00 -7.114500477761056985e+00
4.869899999773361206e+10 -2.244702135942472587e+00 -7.450782658211323906e+00
4.869899999792648315e+10 -2.137595349631229880e+00 -6.931659234445104900e+00
4.869899999817489624e+10 -2.628851606717704570e+00 -6.808693565260495184e+00
4.869899999775021362e+10 -2.584833960956973264e+00 -6.440089461113214675e+00
4.869899999808325958e+10 -2.475196039828721606e+00 -6.881928262259261686e+00
4.869899999810366058e+10 -2.692950406370240746e+00 -7.401859318058747306e+00
4.869899999865695953e+10 -2.650521686487668394e+00 -7.300738872691535875e+00
4.869899999862950897e+10 -2.729014076820715395e+00 -7.858634125343685106e+00
4.869899999876739502e+10 -2.611206261965014708e+00 -7.324526563570904258e+00
4.869899999885431671e+10 -2.060648673024399802e+00 -7.411082768020869516e+00
4.869899999868020630e+10 -2.336963541798399824e+00 -6.951195349243526778e+00
4.869899999877453613e+10 -1.922485696551030188e+00 -7.321966350078623620e+00
4.869899999842791748e+10 -2.362944916520043126e+00 -7.385301761229326800e+00
4.869899999851667786e+10 -1.931209477750302383e+00 -7.033324601800471143e+00
4.869899999808262634e+10 -1.838002351980074778e+00 -7.381277910113054119e+00
4.869899999808488464e+10 -1.865071250483278709e+00 -7.944681620477406447e+00
4.869899999840251923e+10 -1.683605455239052917e+00 -8.374032174063467338e+00
4.869899999863904572e+10 -1.175677514157320358e+00 -8.439047892665529460e+00
4.869899999848886108e+10 -1.079134649880064689e+00 -8.974104597109867854e+00
4.869899999860178375e+10 -1.052156022765652565e+00 -8.422124365509015220e+00
4.869899999844326019e+10 -1.171113034700910882e+00 -7.894031635273398351e+00
4.869899999865430450e+10 -1.636776520757788234e+00 -7.655750081476885072e+00
4.869899999832978058e+10 -1.235970224332292533e+00 -7.884223358298218187e+00
4.869899999834352112e+10 -9.242261007349350521e-01 -7.414342126193545823e+00
4.869899999840912628e+10 -3.656662901677857347e-01 -7.371116165335461545e+00
4.869899999876936340e+10 -2.102728496460692653e-01 -7.776389378951715337e+00
4.869899999899525452e+10 6.605825077557178626e-02 -7.339611444879403201e+00
4.869899999906598663e+10 6.403925112041700118e-02 -7.899213471044090440e+00
4.869899999864337158e+10 2.215961543250851429e-01 -7.560490979389496324e+00
4.869899999876023865e+10 -2.361266938111185876e-01 -7.252280871708861376e+00
4.869899999896922302e+10 -4.682471888728906295e-01 -7.721968461190347632e+00
4.869899999897206116e+10 -5.237194228667891860e-01 -8.283285072262261295e+00
4.869899999874684906e+10 -9.900703240231956137e-01 -8.059774270937149154e+00
4.869899999877485657e+10 -9.484746920940385628e-01 -7.497949566892105011e+00
4.869899999894345093e+10 -8.836936344131078869e-01 -8.032309045692647587e+00
4.869899999885881042e+10 -3.840349959150246573e-01 -8.279976330261344941e+00
4.869899999868859100e+10 -8.471162307059811880e-01 -8.553366129201444679e+00
4.869899999903575897e+10 -5.263257050388641112e-01 -8.861146585872615944e+00
4.869899999955734253e+10 -5.248797160282726582e-01 -8.646415076496536400e+00
4.869899999914977264e+10 -8.582038127473869960e-01 -8.444064340759688037e+00
4.869899999900296783e+10 -4.835956466226116746e-01 -8.839383894489232674e+00
4.869899999936376953e+10 -8.803677667033216192e-01 -9.014191051877542549e+00
4.869899999985299683e+10 -6.060149077715381027e-01 -8.954613263015529512e+00
4.869899999959751129e+10 -9.739281102178455329e-01 -8.611790347330760653e+00
4.869899999911170959e+10 -8.157823857848016669e-01 -8.372731821789212603e+00
4.869899999921427155e+10 -6.937009351861743722e-01 -7.831679170974187087e+00
4.869899999962276459e+10 -3.071977954880695805e-01 -7.875374998410999972e+00
4.869899999956304932e+10 -5.152715620572316801e-01 -7.354509826722562593e+00
4.869899999946189880e+10 -7.116676430019434063e-01 -7.873507261017818948e+00
4.869899999939113617e+10 -1.568090571312367176e-01 -7.946211161112994859e+00
4.869899999929711151e+10 -1.278726371131378992e-01 -8.501624282431940571e+00
4.869899999903049469e+10 -5.807598670504350580e-02 -8.009478541344185132e+00
4.869899999933641815e+10 -2.044642056519280771e-01 -7.558763164298335724e+00
4.869899999897210693e+10 9.351420638337881730e-02 -7.869642553465645562e+00
4.869899999908712006e+10 6.322271629851026198e-01 -7.990975339287840207e+00
4.869899999905297089e+10 5.923474105676311829e-01 -8.552584673812226868e+00
4.869899999932752228e+10 8.206302939518892448e-01 -8.989240599927653008e+00
4.869899999948330688e+10 1.217888725127512783e+00 -8.620353176652383098e+00
4.869899999959763336e+10 8.280640581716640636e-01 -8.229037641261575331e+00
4.869899999933086395e+10 7.005472626283909543e-01 -7.748686826296371954e+00
4.869899999924701691e+10 5.806800065823330970e-01 -8.293446126494398385e+00
4.869899999949155426e+10 9.326358381980294210e-01 -8.660173708210209043e+00
4.869899999961328125e+10 3.859818542016907328e-01 -8.592984772456325970e+00
4.869899999948558807e+10 5.257621715267798423e-01 -8.061649969158411366e+00
4.869899999950144196e+10 5.569606294579053651e-01 -7.498678418217681774e+00
4.869899999969664001e+10 2.778197549728322890e-02 -7.493206270663060664e+00
4.869900000013935089e+10 1.810125744273660686e-01 -7.179057141525155394e+00
