2.782800000000000000e+10 0.000000000000000000e+00 0.000000000000000000e+00
2.782800000005715179e+10 1.780159879776974444e-02 3.371924757713212761e-01
2.782799999982542801e+10 -9.538043160346277444e-03 8.651535276711813660e-02
2.782799999963058853e+10 1.593799442403897038e-01 -1.388424984965551390e-01
2.782799999989363480e+10 -2.067875435508936821e-02 -1.367280979324136947e-02
2.782799999979078674e+10 -3.010324774761763411e-03 -3.398505758084033324e-01
2.782799999977504730e+10 1.125570802462843023e-01 -6.618419439268689031e-01
2.782799999977371979e+10 1.177700125355830574e-01 -1.004264367868953789e+00
2.782800000008195496e+10 -7.129002762317496189e-03 -1.085955475563595396e+00
2.782800000011149216e+10 2.043501868678199163e-02 -1.426028835433740038e+00
