1.391400000000000000e+10 0.000000000000000000e+00 0.000000000000000000e+00
1.391399999972177315e+10 -7.717538928712742996e-02 8.017557363510655066e-02
1.391399999967381859e+10 -4.600222236559663169e-02 -2.139718268150803959e-01
1.391399999967801666e+10 -5.757428051532786223e-02 8.543184797981753786e-02
1.391399999969784546e+10 -2.909141704014887031e-01 -1.015264866751149353e-01
1.391399999960375977e+10 -5.281490893675075959e-01 -2.585670727928905954e-01
1.391399999933944511e+10 -5.500931858384806583e-01 -1.191017084419347671e-01
1.391399999934208870e+10 -5.336752435096607794e-01 -4.182965711317830904e-01
1.391399999914294434e+10 -3.518051241461224166e-01 -2.876868397494328766e-01
1.391399999929220200e+10 -4.790316383194546113e-01 -6.112621467964918232e-02
1.391399999914681053e+10 -2.816866444265549996e-01 -2.334934487433500683e-01
1.391399999901897812e+10 -3.144291391680357206e-01 3.554360237795908817e-02
1.391399999876631927e+10 -2.704264233806693007e-01 -1.194459524703907483e-01
1.391399999885023499e+10 -4.953957415813279308e-01 5.983377335657041884e-02
1.391399999885787010e+10 -5.895080371541140396e-01 3.442255375169433473e-01
1.391399999885784149e+10 -5.893437209571201763e-01 6.438821350225135687e-01
1.391399999869110107e+10 -5.759729498255965474e-01 8.925042360950967701e-01
1.391399999846991920e+10 -7.725722434739556999e-01 9.396374223344942100e-01
1.391399999848675346e+10 -8.202758785716899315e-01 1.234993311838888719e+00
1.391399999837204361e+10 -8.100473067809358385e-01 1.511636170967471049e+00
1.391399999841169548e+10 -1.089253483916006626e+00 1.410316383542499885e+00
1.391399999861857033e+10 -1.262833817000444503e+00 1.280444151603137737e+00
1.391399999884731102e+10 -1.455712747164439547e+00 1.264036148457240216e+00
1.391399999871982193e+10 -1.513639105785205441e+00 1.528960955266652322e+00
1.391399999872677803e+10 -1.360519683900219601e+00 1.271472803940398633e+00
1.391399999869219971e+10 -1.439783889774456371e+00 9.845657508099773247e-01
1.391399999877664757e+10 -1.464437277148833649e+00 1.271017915379514474e+00
1.391399999871291924e+10 -1.470517126616379899e+00 1.563756341907575065e+00
1.391399999891145897e+10 -1.355089874360313917e+00 1.756246359363580645e+00
1.391399999879668427e+10 -1.513507130015001811e+00 1.529255557093069706e+00
1.391399999861137772e+10 -1.723611628782364624e+00 1.635610636715950195e+00
1.391399999862665367e+10 -1.599677235348708537e+00 1.363212003868461419e+00
1.391399999863833427e+10 -1.469802601415154175e+00 1.093415288618744485e+00
1.391399999865460587e+10 -1.274332790045118680e+00 8.668741807619531059e-01
1.391399999852540398e+10 -1.443267496325920884e+00 6.557768380456523438e-01
1.391399999858443832e+10 -1.425405972321815318e+00 3.625362355724889851e-01
1.391399999836622238e+10 -1.470076657100961803e+00 5.629862139931967047e-01
1.391399999836920357e+10 -1.750745892274041537e+00 6.679147619363228205e-01
1.391399999840889549e+10 -1.796470095741059758e+00 3.744390457394635163e-01
1.391399999841218758e+10 -2.039827350109513660e+00 1.996233765284338990e-01
1.391399999831362534e+10 -1.786290493840269278e+00 3.253167598801370297e-01
1.391399999833762932e+10 -1.796014604909238699e+00 2.678140564559927661e-02
1.391399999834379959e+10 -1.806049038721041944e+00 3.262064439131171500e-01
1.391399999831110954e+10 -1.670953734025087511e+00 6.073566198752394785e-02
1.391399999850128365e+10 -1.466121287103215209e+00 1.687699386611725416e-01
1.391399999827607155e+10 -1.663402899722825179e+00 1.563646874988142976e-01
1.391399999845204353e+10 -1.790141658659919921e+00 3.631618827684898188e-01
1.391399999853684235e+10 -1.792272469725127548e+00 6.505619665327125878e-01
1.391399999871548653e+10 -1.680920908302409922e+00 4.372983468896244341e-01
1.391399999887359619e+10 -1.743919511483349893e+00 6.839284774208790330e-01
1.391399999915880585e+10 -1.800543273558585344e+00 7.563366515887678387e-01
1.391399999914310265e+10 -1.998502572746093664e+00 5.319271497547275462e-01
1.391399999942692184e+10 -2.071913324763765551e+00 5.939924881671019286e-01
1.391399999947493744e+10 -1.783131635348558897e+00 5.300106940598244831e-01
1.391399999952516937e+10 -1.731779924206820365e+00 2.390916424901622928e-01
1.391399999969246101e+10 -1.510329562537899406e+00 3.520847690224641058e-01
1.391399999963549232e+10 -1.307796424292272830e+00 1.387092866512732170e-01
1.391399999964076042e+10 -1.322961411322449710e+00 -1.605169940370174964e-01
1.391399999966267014e+10 -1.320766858916895936e+00 -4.593634836512707764e-01
1.391399999991697502e+10 -1.425301604558308899e+00 -5.785103385724904568e-01
1.391399999962897301e+10 -1.345383728054403649e+00 -5.999951305264817902e-01
1.391399999962257385e+10 -1.356807994876254586e+00 -8.993655195718155415e-01
1.391399999970323372e+10 -1.304787106766119420e+00 -1.183235274075736143e+00
1.391399999953287125e+10 -1.518723208640466504e+00 -1.060752879174371888e+00
1.391399999947861481e+10 -1.535826163329295779e+00 -7.665457340353796223e-01
1.391399999954860306e+10 -1.463660398052669009e+00 -1.048835920473527361e+00
1.391399999951538467e+10 -1.558954628492334127e+00 -1.330987703463334615e+00
1.391399999980992699e+10 -1.525902840704359775e+00 -1.375101795417215111e+00
1.391399999981990433e+10 -1.536578982650095515e+00 -1.075801651904156886e+00
1.391399999958933640e+10 -1.546044707183835687e+00 -8.846392650460663809e-01
1.391399999945700073e+10 -1.560071662220429589e+00 -6.161535495391368134e-01
1.391399999968628311e+10 -1.468526847536069990e+00 -7.859868135436161030e-01
1.391399999948743820e+10 -1.466691222888638846e+00 -1.010154836499106645e+00
1.391399999968041801e+10 -1.393945192330944938e+00 -1.227550826777186188e+00
1.391399999965213203e+10 -1.691564467056643206e+00 -1.207135269773757402e+00
1.391399999964172935e+10 -1.605130978855578761e+00 -1.493867119439500568e+00
1.391399999944787025e+10 -1.815027589394432095e+00 -1.403556748821725986e+00
1.391399999934211349e+10 -1.943043925402173189e+00 -1.154114626338471838e+00
1.391399999950041580e+10 -1.882129195868897487e+00 -1.401144457545451472e+00
1.391399999924459839e+10 -1.863323284650467038e+00 -1.556056931922348952e+00
1.391399999932847023e+10 -1.808818579992151454e+00 -1.838526122477603275e+00
1.391399999952024841e+10 -1.986386360689723629e+00 -1.691948715632650924e+00
1.391399999967041969e+10 -1.822526865815449426e+00 -1.892927700893673792e+00
1.391399999952106094e+10 -1.853852312753857090e+00 -1.635042209245727962e+00
1.391399999941340828e+10 -2.121673079667503625e+00 -1.715523010279361493e+00
1.391399999958759499e+10 -2.200140645967777697e+00 -1.484664293268110447e+00
1.391399999966521835e+10 -2.227492769143147200e+00 -1.772797449879673692e+00
1.391399999949507141e+10 -2.474105318202142190e+00 -1.767660057161895004e+00
1.391399999972453690e+10 -2.443120560621912851e+00 -1.577451656805638258e+00
1.391399999986386299e+10 -2.215139247772567987e+00 -1.441779548634821939e+00
1.391399999968438530e+10 -2.437539033972313085e+00 -1.531892868360803295e+00
1.391399999977993584e+10 -2.406319824803660357e+00 -1.249599296407220006e+00
1.391399999954480553e+10 -2.499861994895667738e+00 -1.410090983532349185e+00
1.391399999934206772e+10 -2.338656316365937737e+00 -1.560771394585424465e+00
1.391399999935190773e+10 -2.337270712538580764e+00 -1.860263213825070761e+00
1.391399999936333656e+10 -2.367580358042108202e+00 -2.158163866160071720e+00
1.391399999936954880e+10 -2.423012301478534969e+00 -2.452583321225320745e+00
1.391399999937507629e+10 -2.416878001770370155e+00 -2.752126163967158146e+00
1.391399999954660225e+10 -2.208231965416340259e+00 -2.881894962750881195e+00
1.391399999926856995e+10 -2.299985061131567754e+00 -2.945715621553065766e+00
1.391399999923952293e+10 -2.001776251508938564e+00 -2.950388790928332394e+00
1.391399999929581070e+10 -2.267239572969012684e+00 -2.823286818885444749e+00
1.391399999931126022e+10 -2.076211106900855086e+00 -3.053642078153948614e+00
1.391399999917536736e+10 -1.910720313513277979e+00 -2.844023198220457349e+00
1.391399999901112747e+10 -1.884452131382300388e+00 -3.093280883617207433e+00
1.391399999907827950e+10 -1.898851639530589441e+00 -3.384961152846896137e+00
1.391399999879834747e+10 -1.920845027126006688e+00 -3.280323781706756314e+00
1.391399999879024506e+10 -2.036384602637768548e+00 -3.556691378307960338e+00
1.391399999885295486e+10 -1.936444567948626849e+00 -3.281239692863979318e+00
1.391399999882437134e+10 -2.214975027815408559e+00 -3.174478875883113727e+00
1.391399999890886879e+10 -2.441217623013745452e+00 -2.997084813800405811e+00
1.391399999891281509e+10 -2.164671571257376304e+00 -3.112413983130551287e+00
1.391399999888324165e+10 -2.064087760113087811e+00 -3.393131749842121181e+00
1.391399999887214661e+10 -2.070149927798797584e+00 -3.692521547808869098e+00
1.391399999887719154e+10 -2.074168944335630815e+00 -3.992108758707845872e+00
1.391399999912178230e+10 -2.188182131720980639e+00 -4.122378705114347675e+00
1.391399999894775200e+10 -2.342681837786091847e+00 -3.933599814879197076e+00
1.391399999894614792e+10 -2.185882682526761212e+00 -4.188953595295500598e+00
1.391399999902248955e+10 -2.018301346621312220e+00 -3.952558485908080232e+00
1.391399999884507179e+10 -1.828467826531525731e+00 -3.803293668239036585e+00
1.391399999900046349e+10 -1.921429056607832697e+00 -3.564534912508640296e+00
1.391399999906686783e+10 -1.957518416311763820e+00 -3.274565595702996212e+00
1.391399999910892487e+10 -1.997513113364242310e+00 -3.568548014933627943e+00
1.391399999912845802e+10 -2.229906822081487494e+00 -3.380383984065177483e+00
1.391399999927683830e+10 -2.394346836540540924e+00 -3.178550847975301963e+00
1.391399999930469322e+10 -2.553694196507439784e+00 -3.430794085251071657e+00
1.391399999931279182e+10 -2.582047179625890809e+00 -3.132591760522307034e+00
1.391399999933324623e+10 -2.570199331669545728e+00 -3.431314681197374927e+00
1.391399999951827431e+10 -2.362706348296250702e+00 -3.319487707825151901e+00
1.391399999966998863e+10 -2.414567333735239796e+00 -3.066333183376270810e+00
1.391399999965809631e+10 -2.115975880503297990e+00 -3.044065660338815427e+00
1.391399999979398155e+10 -2.063553810870288885e+00 -3.305945900454621000e+00
1.391399999987618446e+10 -2.080504481711518583e+00 -3.018283834397539334e+00
1.391399999967416763e+10 -2.009616625879855345e+00 -3.227945582612822939e+00
1.391399999968221474e+10 -1.972626503999191039e+00 -2.930689656019740852e+00
1.391399999968778419e+10 -1.979269513497633692e+00 -2.631158446331645973e+00
1.391399999970895195e+10 -2.251684398562319167e+00 -2.508129308097934995e+00
1.391399999971928024e+10 -2.266892814674986933e+00 -2.807221485856537413e+00
1.391399999970477867e+10 -2.142367343944351354e+00 -3.079392780682035813e+00
1.391399999970757103e+10 -2.173154861728379128e+00 -2.781335016913016656e+00
1.391399999945772552e+10 -2.118120514427827672e+00 -2.937357002637609682e+00
1.391399999942763901e+10 -1.821095984224117448e+00 -2.963151889907084335e+00
1.391399999955635643e+10 -1.812059283713979951e+00 -2.692699890175982880e+00
1.391399999941585732e+10 -1.887262589779556521e+00 -2.438931498008293008e+00
1.391399999953949928e+10 -1.701237704417374985e+00 -2.239177393730327648e+00
1.391399999925039864e+10 -1.626533219023919230e+00 -2.264362267943375251e+00
1.391399999903053856e+10 -1.794546958338665066e+00 -2.149353518687267872e+00
1.391399999903709793e+10 -2.081948405626889098e+00 -2.064787082292043330e+00
1.391399999922794914e+10 -2.203928349185210855e+00 -2.260977674360358680e+00
1.391399999934045029e+10 -1.940402542080260417e+00 -2.348680437699935286e+00
1.391399999934320641e+10 -1.908653901846684597e+00 -2.050723170045278820e+00
1.391399999927875137e+10 -1.855384349856110004e+00 -2.338476426084830084e+00
1.391399999928151131e+10 -1.838317973850089437e+00 -2.637633957672707030e+00
1.391399999945805168e+10 -1.780022025468872338e+00 -2.872642832023040604e+00
1.391399999942979240e+10 -1.834822602640484579e+00 -2.579398154915668151e+00
1.391399999945422554e+10 -1.656630616493911523e+00 -2.819074465525924555e+00
1.391399999957460403e+10 -1.861660327572035811e+00 -3.001463882493355051e+00
1.391399999975014496e+10 -2.097664507523261168e+00 -3.058748089411660764e+00
1.391400000000651932e+10 -2.152847332079217857e+00 -2.913760516720212745e+00
1.391399999991231728e+10 -2.398473717831584917e+00 -2.770275806547909170e+00
1.391399999999281693e+10 -2.467589712889873166e+00 -2.490031544648528605e+00
1.391399999974210548e+10 -2.303835666497202617e+00 -2.478968917218455470e+00
1.391400000000316048e+10 -2.369100816351923378e+00 -2.610822160817899640e+00
1.391399999974930573e+10 -2.300881317793555869e+00 -2.466954070193161819e+00
1.391399999970513153e+10 -2.170951789531865739e+00 -2.200568969132171926e+00
1.391399999955636597e+10 -2.347132796644329389e+00 -2.391941065795173849e+00
1.391399999959382439e+10 -2.224719430229680661e+00 -2.121005841836130834e+00
1.391399999974715042e+10 -2.460545110900140831e+00 -2.224307698202036665e+00
1.391399999959309196e+10 -2.212672109139183441e+00 -2.292273003639457851e+00
1.391399999958631516e+10 -2.192162111965983318e+00 -1.993395904381192851e+00
1.391399999962568855e+10 -2.299991411005484210e+00 -1.716598721379495318e+00
1.391399999987450027e+10 -2.461116577434479424e+00 -1.760483602213058552e+00
1.391399999989380836e+10 -2.276412518293239540e+00 -1.995655335793639962e+00
1.391399999996574211e+10 -2.342325584339052913e+00 -2.278983912932934786e+00
1.391399999971199608e+10 -2.482569318920332169e+00 -2.203227224736188816e+00
1.391399999969371605e+10 -2.715204004782085789e+00 -2.391219291395549007e+00
1.391399999940033722e+10 -2.706046035346915346e+00 -2.330890073448743216e+00
1.391399999932250404e+10 -2.986076998958450801e+00 -2.403819610622069725e+00
1.391399999943461800e+10 -2.936770519508057120e+00 -2.677303367554051405e+00
1.391399999965606499e+10 -3.058318989982017122e+00 -2.838491727734987258e+00
1.391399999949740982e+10 -3.281748436327120988e+00 -2.717241200233202036e+00
1.391399999967057800e+10 -3.476900319176944976e+00 -2.569855551139522465e+00
1.391399999951319122e+10 -3.413285332898242874e+00 -2.816790015646167156e+00
1.391399999925908661e+10 -3.376484055141238727e+00 -2.971291618898073583e+00
1.391399999926673317e+10 -3.394023352415610706e+00 -2.672246476424458006e+00
1.391399999927467155e+10 -3.245071535225389603e+00 -2.412353341058820710e+00
1.391399999942830276e+10 -3.369438911862014052e+00 -2.187132689063371771e+00
1.391399999950209236e+10 -3.459325095618469348e+00 -1.910962865522506160e+00
1.391399999977536583e+10 -3.394154715898604291e+00 -1.806710969512115961e+00
1.391399999949745750e+10 -3.283319884136397970e+00 -1.790080346339703476e+00
1.391399999952840996e+10 -3.274294262711336945e+00 -2.087997405253926075e+00
1.391399999935378075e+10 -3.119530702887125084e+00 -2.276005657827423256e+00
1.391399999954935265e+10 -3.042788129034876388e+00 -2.062331949385258323e+00
1.391399999939971161e+10 -3.300981972182734481e+00 -2.035168955157216075e+00
1.391399999945333672e+10 -3.480507516395503487e+00 -1.801312036609318268e+00
1.391399999953343391e+10 -3.470899476571227105e+00 -1.512718326801463009e+00
1.391399999930890083e+10 -3.548358882481886578e+00 -1.330018065490460755e+00
1.391399999945509148e+10 -3.339452345671768629e+00 -1.487436195929609406e+00
1.391399999955829048e+10 -3.616216370407715708e+00 -1.436979329301524055e+00
1.391399999953011322e+10 -3.566055545169096064e+00 -1.731061032381679077e+00
1.391399999952152824e+10 -3.555896010393455153e+00 -1.431699750122192416e+00
1.391399999954244614e+10 -3.774552919427161868e+00 -1.227872115888668292e+00
1.391399999930493355e+10 -3.699483458987976814e+00 -1.394445751138969181e+00
1.391399999955563545e+10 -3.863520792008621640e+00 -1.388565579875390643e+00
1.391399999964314270e+10 -3.735442858101491126e+00 -1.132181691926123168e+00
1.391399999969794846e+10 -3.695822726492878019e+00 -1.424107357100736326e+00
1.391399999960029793e+10 -3.847512501773419302e+00 -1.663373995619218837e+00
1.391399999948477364e+10 -3.665325604599839693e+00 -1.455393283390880477e+00
1.391399999922515297e+10 -3.600872289774587731e+00 -1.320347334227774505e+00
1.391399999945229530e+10 -3.745962011670988634e+00 -1.189392380667172011e+00
1.391399999967896461e+10 -3.713644515663359069e+00 -1.382706691054657933e+00
1.391399999966029930e+10 -3.739209322485622877e+00 -1.084726620894745253e+00
1.391399999981415749e+10 -3.954446647369789680e+00 -1.225419870140813883e+00
1.391400000006551933e+10 -3.792820315347429361e+00 -1.247509962806275574e+00
1.391399999988093185e+10 -3.641940960102579172e+00 -1.065968874206085104e+00
1.391400000017776489e+10 -3.648017259496358911e+00 -1.025377422958866802e+00
