2.087100000000000000e+10 0.000000000000000000e+00 0.000000000000000000e+00
2.087099999990490723e+10 8.898128814141097187e-02 -2.880494755491347370e-01
2.087099999985009384e+10 -6.670521100766978184e-02 -1.843878820964373055e-02
2.087100000001612091e+10 -8.417813728505098292e-02 -2.868830415257282995e-01
2.087099999997328186e+10 -1.664504286809641576e-01 -5.890894162564075387e-01
2.087099999999245071e+10 -2.187968824774545185e-01 -9.002567211375420708e-01
2.087099999969971085e+10 -3.155073761138019739e-01 -9.701311529546632340e-01
2.087099999975496674e+10 -2.781599834027994045e-01 -6.611249831326209137e-01
2.087099999975310516e+10 -2.803799619884655980e-01 -9.772329898880616206e-01
2.087099999970944595e+10 -3.487509685234909673e-01 -6.716976215939804984e-01
2.087099999980139160e+10 -6.363928967117504776e-01 -5.782048332756937192e-01
2.087099999995611954e+10 -3.646629504052731896e-01 -6.246280172984186585e-01
2.087100000017542648e+10 -5.756608300409458145e-01 -5.390856871342882828e-01
