3.478500000000000000e+10 0.000000000000000000e+00 0.000000000000000000e+00
3.478499999994444275e+10 2.411035357983483118e-01 2.930892107100707689e-01
3.478499999981196594e+10 -9.168537977070040368e-02 4.302760845065588535e-01
3.478499999987194824e+10 -4.627561510588809046e-01 3.539410740080235485e-01
3.478499999999151611e+10 -7.305551253152667845e-01 6.011351876334370958e-01
3.478499999992520905e+10 -7.324171475512983864e-01 9.789164310383333678e-01
3.478500000003054810e+10 -6.271886484559217045e-01 6.254350084179347569e-01
3.478500000002539062e+10 -9.890257019163922747e-01 7.525801956650466362e-01
3.478499999986170959e+10 -9.891278997804362483e-01 1.099462750970989555e+00
3.478499999954048920e+10 -8.585159915301169287e-01 9.355293745953485729e-01
3.478499999986522675e+10 -1.041146075996874476e+00 8.443679877574308268e-01
3.478499999948822021e+10 -1.068024031668806328e+00 9.096408743003614461e-01
3.478499999935646820e+10 -1.428247000900192187e+00 9.093265285260047071e-01
3.478499999946958923e+10 -1.308215209135467294e+00 1.255614495060261016e+00
3.478499999952513123e+10 -1.402763625888217014e+00 1.623166186104118669e+00
3.478499999975597382e+10 -1.146141091487298480e+00 1.790424689038897954e+00
3.478499999981111145e+10 -1.175922288059018994e+00 1.412017844067027017e+00
3.478499999977133179e+10 -1.153121694489971594e+00 1.792827479972216587e+00
3.478499999982295990e+10 -1.140188672516357249e+00 1.412978256833542723e+00
3.478499999980417633e+10 -1.271774495745939593e+00 1.772771010050051332e+00
3.478499999956790161e+10 -1.415508840809098112e+00 1.507000926650468475e+00
3.478499999958186340e+10 -1.034821284562370325e+00 1.551728626352814722e+00
3.478499999954894257e+10 -8.578206877282201770e-01 1.213046481105988450e+00
3.478499999960384369e+10 -7.989012034109381766e-01 1.588057336489389959e+00
3.478499999929521179e+10 -9.959608282587665284e-01 1.702225149499537071e+00
3.478499999905970001e+10 -1.287936481224303265e+00 1.782250616285304234e+00
3.478499999882872772e+10 -1.430162444918216647e+00 2.053438340516718252e+00
3.478499999874640656e+10 -1.619506511027141382e+00 2.376688657046291731e+00
3.478499999837056732e+10 -1.546621522994450881e+00 2.353224496110264408e+00
3.478499999849990082e+10 -1.822814333219402894e+00 2.120611494791370788e+00
3.478499999861174011e+10 -1.789052711847960664e+00 2.485948248504808333e+00
3.478499999857875061e+10 -2.157079528161281790e+00 2.588839919845825843e+00
3.478499999880975342e+10 -1.851656869849148901e+00 2.610561854026018924e+00
3.478499999893943787e+10 -1.999024064560118941e+00 2.940082301528315512e+00
3.478499999874655914e+10 -2.226005679883005239e+00 3.181733968420558334e+00
3.478499999839962769e+10 -2.194783576954467019e+00 3.342297110580751518e+00
3.478499999866639709e+10 -2.145980419898510405e+00 3.613537065143591853e+00
3.478499999866537476e+10 -1.798534049464123985e+00 3.451060875191166666e+00
3.478499999885298157e+10 -1.922411807409250217e+00 3.761827067825793680e+00
3.478499999883628082e+10 -1.924463270921105362e+00 4.145018318442820870e+00
3.478499999872257996e+10 -2.029037848439078306e+00 4.496094364852077696e+00
3.478499999871364594e+10 -2.045065671789205286e+00 4.879215465325172474e+00
3.478499999909606934e+10 -2.035784818643175509e+00 4.851164771088187777e+00
3.478499999927491760e+10 -2.362503219408913502e+00 4.759580737887531221e+00
3.478499999929209137e+10 -2.298985530120616350e+00 4.381706226310115859e+00
3.478499999929060364e+10 -2.330281301180762821e+00 3.999427668635079591e+00
3.478499999929653168e+10 -1.992820943316691018e+00 4.181647039422967893e+00
3.478499999936717224e+10 -2.184200921313216970e+00 3.856835306270675723e+00
3.478499999949069977e+10 -1.991596227568351862e+00 3.549000553547761783e+00
3.478499999942974091e+10 -2.022076979368171212e+00 3.171543678946255440e+00
3.478499999945407104e+10 -2.036088621805846266e+00 2.789012153934383065e+00
3.478499999942655945e+10 -2.021209968807105462e+00 3.171295221539544684e+00
3.478499999967967987e+10 -1.865149935781479806e+00 3.413565302675614088e+00
3.478499999946201324e+10 -1.549952889308045423e+00 3.393781614195425789e+00
3.478499999960260773e+10 -1.674597187107433438e+00 3.728170220826357628e+00
3.478499999990847778e+10 -1.798947870433404095e+00 3.923363056493567314e+00
3.478499999990242004e+10 -1.876864898439489782e+00 4.298877036335779778e+00
3.478499999989897156e+10 -1.822553243445266924e+00 3.919197021077692522e+00
3.478500000021829224e+10 -1.734167356619124911e+00 4.112437473918515884e+00
