4.869900000000000000e+10 0.000000000000000000e+00 0.000000000000000000e+00
4.869899999947247314e+10 -1.816224998567581572e-01 -8.298818398672007379e-02
4.869899999948399353e+10 -7.181152278148856816e-01 9.080612011967269248e-02
4.869899999924978638e+10 -1.118796678159624136e+00 4.113731126676301586e-01
4.869899999948154449e+10 -1.414121351814957350e+00 -9.615625866762345098e-03
4.869899999932569885e+10 -1.719698078139087816e+00 -4.573833968045123988e-01
4.869899999883532715e+10 -1.971780442856609916e+00 -5.763374948218654703e-01
4.869899999919190216e+10 -2.270274262713947611e+00 -8.955811633376440373e-01
4.869899999912246704e+10 -2.140693777373448903e+00 -3.510180114215615266e-01
4.869899999949839783e+10 -2.118275581052142975e+00 -7.709381999053683820e-01
4.869899999989335632e+10 -2.136235263331994982e+00 -1.173243389728008790e+00
4.869900000007064819e+10 -2.251762015435455844e+00 -1.696102889779042666e+00
4.869899999960961914e+10 -2.190389118590565065e+00 -2.015239518815972630e+00
4.869899999935005188e+10 -1.695532287106551461e+00 -1.938401440601956738e+00
4.869899999907103729e+10 -1.747368996482711045e+00 -1.450933055454875387e+00
4.869899999863505554e+10 -1.391643133909532981e+00 -1.411683666406717830e+00
4.869899999864453888e+10 -1.365120987256076779e+00 -8.483292133585388362e-01
4.869899999879125977e+10 -1.045943592489351204e+00 -1.289645671581066910e+00
4.869899999875458527e+10 -8.350426862188371491e-01 -7.677859986885158250e-01
4.869899999864147186e+10 -1.287016502417308805e+00 -1.085727475069222070e+00
4.869899999844528961e+10 -9.317554503504705821e-01 -1.477472544215556516e+00
4.869899999829905701e+10 -4.433400478244908238e-01 -1.718778408735902818e+00
4.869899999810311127e+10 -7.596480700703964750e-01 -2.142708199721869988e+00
4.869899999826071930e+10 -1.214064732059724872e+00 -1.848045166934898731e+00
4.869899999867727661e+10 -1.375492908908197531e+00 -2.192401441480741564e+00
4.869899999813522339e+10 -1.487869297627736787e+00 -2.300608007629589835e+00
4.869899999794455719e+10 -1.593505436883901005e+00 -1.780368493979659128e+00
4.869899999788894653e+10 -1.558967688659051332e+00 -2.340615293027377142e+00
4.869899999739941406e+10 -1.293770653447904762e+00 -2.250109288058271595e+00
4.869899999723617554e+10 -1.521625976706082684e+00 -1.760622901142617547e+00
4.869899999742024994e+10 -1.286902619692359639e+00 -2.239354037892318239e+00
4.869899999690346527e+10 -1.319067376301498618e+00 -2.463099246043260138e+00
4.869899999723443604e+10 -1.368243828482127000e+00 -2.917195086215668365e+00
4.869899999683277130e+10 -1.086470306505647798e+00 -2.638927293915033445e+00
4.869899999654944611e+10 -7.431163020213851222e-01 -2.985333692813534334e+00
4.869899999663490295e+10 -8.566381942897832724e-01 -2.439465528263450977e+00
4.869899999639523315e+10 -1.275175595992745992e+00 -2.731946790605342734e+00
4.869899999627037048e+10 -1.265940980766351309e+00 -3.281933680471696757e+00
4.869899999649403381e+10 -1.393650437997494551e+00 -2.780109644604432440e+00
4.869899999670458221e+10 -8.849619161135828804e-01 -2.657362628886343892e+00
4.869899999652677155e+10 -1.233930585587478923e+00 -2.251447444908218465e+00
4.869899999701742554e+10 -1.507097509336569496e+00 -2.304391196325958013e+00
4.869899999696364594e+10 -1.517897849466560700e+00 -1.743006731627175565e+00
4.869899999693318939e+10 -2.067884444803773203e+00 -1.864451878299598686e+00
4.869899999652758026e+10 -2.423974348929447409e+00 -1.700610213348357824e+00
4.869899999629975891e+10 -2.787282896757098172e+00 -2.067033579593023251e+00
4.869899999633126068e+10 -2.874412697239845826e+00 -1.510636695959600040e+00
4.869899999664700317e+10 -2.871516515363683908e+00 -1.978031241920274130e+00
4.869899999681053925e+10 -2.569724527672738734e+00 -1.530438664905651391e+00
4.869899999690708160e+10 -2.713507719447657340e+00 -2.067251583900659107e+00
4.869899999683482361e+10 -2.894595288494714591e+00 -2.596540988482940016e+00
4.869899999692475891e+10 -3.385169535936029206e+00 -2.859998112187457586e+00
4.869899999669573975e+10 -3.430086248865268139e+00 -3.373510691711134601e+00
4.869899999689995575e+10 -3.747561552962269449e+00 -2.954384150733447179e+00
4.869899999732541656e+10 -3.717246482664898988e+00 -2.585300910558987475e+00
4.869899999723879242e+10 -3.303053548022438779e+00 -2.212337069908071996e+00
4.869899999759209442e+10 -2.989510246313159314e+00 -1.904071843351175186e+00
4.869899999768978882e+10 -2.821578703308996960e+00 -2.433615852502709842e+00
4.869899999766731262e+10 -2.327738295356907905e+00 -2.705236761585615657e+00
4.869899999782835388e+10 -2.465716076692662462e+00 -2.182561393381501347e+00
4.869899999784087372e+10 -1.926757757003411786e+00 -2.348479455977553698e+00
4.869899999782945251e+10 -1.911355380949862681e+00 -1.784747380427013752e+00
4.869899999734942627e+10 -1.788062230882014214e+00 -2.054065163067984923e+00
4.869899999733125305e+10 -1.825535735284609773e+00 -2.616583680242880128e+00
4.869899999755152893e+10 -1.743364679184696620e+00 -2.103857441669342077e+00
4.869899999769554138e+10 -1.339383351396627564e+00 -1.737496035354899160e+00
4.869899999773936462e+10 -1.038301172453332644e+00 -2.212459928649862295e+00
4.869899999818317413e+10 -9.908039558306841466e-01 -2.557335699539565965e+00
4.869899999812757874e+10 -1.123411651510317188e+00 -3.102758453670893424e+00
4.869899999762595367e+10 -1.188933125564547000e+00 -3.352240255435388949e+00
4.869899999754856873e+10 -6.863054481070262058e-01 -3.596246120602913265e+00
4.869899999746375275e+10 -9.218895870416786709e-01 -3.090808282421508402e+00
4.869899999760671234e+10 -1.324401349549864104e+00 -3.459194882191601206e+00
4.869899999759134674e+10 -7.751716923912510548e-01 -3.586757414967210789e+00
4.869899999778922272e+10 -4.684054349574231502e-01 -3.156754901768390909e+00
4.869899999813369751e+10 -8.952650082627904293e-01 -3.025265849610859092e+00
4.869899999786244965e+10 -1.172302496615215128e+00 -3.434945588390822646e+00
4.869899999820506287e+10 -7.568309930929908447e-01 -3.602751156257426146e+00
4.869899999820362091e+10 -7.563801249185634346e-01 -4.166807245647003555e+00
4.869899999821856689e+10 -1.218503089890259572e+00 -4.489887155729244128e+00
4.869899999819918060e+10 -1.750283579615828922e+00 -4.676957369757440475e+00
4.869899999814958191e+10 -1.854320694274643966e+00 -5.229114618570221751e+00
4.869899999827359009e+10 -2.267733088530416552e+00 -4.865970276055874955e+00
4.869899999825784302e+10 -2.288907354458401322e+00 -5.429410789854030917e+00
4.869899999829750061e+10 -2.313058759713063406e+00 -5.991554742592088090e+00
4.869899999858094025e+10 -2.265821161775441794e+00 -6.476935179647662189e+00
4.869899999852310181e+10 -2.179590218428902215e+00 -5.922515774886429440e+00
4.869899999868186951e+10 -1.823408480117311381e+00 -6.330056157022149854e+00
4.869899999857227325e+10 -1.978766126923085622e+00 -6.861105759563795203e+00
4.869899999838169098e+10 -1.458732402107451032e+00 -6.967892731653917870e+00
4.869899999820322418e+10 -1.604148269679152028e+00 -6.452949455454885630e+00
4.869899999795924377e+10 -2.014180231646717001e+00 -6.753793708165696685e+00
4.869899999739850616e+10 -1.984702069213290843e+00 -6.700264135877702643e+00
4.869899999722963715e+10 -1.862005243132569543e+00 -7.224277156129907951e+00
4.869899999705966187e+10 -1.356157707176415039e+00 -7.407000391826096930e+00
4.869899999722115326e+10 -1.705660683311453374e+00 -6.994774541717295513e+00
4.869899999689399719e+10 -1.870986431840519160e+00 -7.423493658400770911e+00
4.869899999645831299e+10 -1.908374495696753437e+00 -7.067206699610650844e+00
4.869899999656425476e+10 -1.992585770492657948e+00 -6.519624299682640789e+00
4.869899999708049011e+10 -2.181358832475767340e+00 -6.646223031525949843e+00
4.869899999723197937e+10 -1.638778835433397418e+00 -6.674834627829999256e+00
4.869899999697731018e+10 -1.962437635963939941e+00 -6.289413415418409592e+00
4.869899999676423645e+10 -1.649887915127876248e+00 -6.707833148126383982e+00
4.869899999725749969e+10 -1.922012047921348721e+00 -6.679571463560843192e+00
4.869899999727216339e+10 -2.309546545862019240e+00 -7.089160883810181168e+00
4.869899999774218750e+10 -2.241339353613328367e+00 -7.393446676413738317e+00
4.869899999776675415e+10 -2.166331338794229122e+00 -6.834938147630688299e+00
4.869899999750961304e+10 -2.072527978042031815e+00 -6.341744218920320364e+00
4.869899999775916290e+10 -2.529824561903248004e+00 -6.558000539900599613e+00
4.869899999821922302e+10 -2.715548374658935948e+00 -6.289648316885559254e+00
4.869899999826006317e+10 -3.071946343276425129e+00 -5.854362037315154588e+00
4.869899999844294739e+10 -2.606123194284431399e+00 -5.594123506438501536e+00
4.869899999841417694e+10 -2.840278958871719439e+00 -6.106476034761294969e+00
4.869899999863261414e+10 -3.092024224618176831e+00 -5.651425378643459396e+00
4.869899999905825806e+10 -3.086589970023679186e+00 -5.281347375671656685e+00
4.869899999871045685e+10 -2.906989899789508947e+00 -5.687475617828499530e+00
4.869899999836303711e+10 -2.651793450057652990e+00 -6.051257036755012031e+00
4.869899999809716797e+10 -2.566615471342823085e+00 -5.561132682297191820e+00
4.869899999788605499e+10 -2.890011009595811586e+00 -5.150027065719330999e+00
4.869899999759640503e+10 -2.923360973489332437e+00 -5.632885890165750808e+00
4.869899999782099915e+10 -2.553277374610106065e+00 -5.994487960597653320e+00
4.869899999750949860e+10 -2.739496152308151800e+00 -6.426287955825869425e+00
4.869899999753868103e+10 -2.738748511690227261e+00 -5.862985664077869252e+00
4.869899999776112366e+10 -3.244346034351189179e+00 -5.977235246362900156e+00
4.869899999778018188e+10 -3.244067160804505079e+00 -6.540971195780893588e+00
4.869899999735967255e+10 -3.182004645555677858e+00 -6.170187170854164904e+00
4.869899999698628235e+10 -3.591633502611479845e+00 -6.065563650343108293e+00
4.869899999668454742e+10 -3.161156094105239678e+00 -6.270028943337925931e+00
4.869899999676981354e+10 -3.390881364257887665e+00 -5.761976849572375770e+00
4.869899999723700714e+10 -3.189456400808365899e+00 -5.518415148441953022e+00
4.869899999728388977e+10 -3.086493819790351978e+00 -4.965819161199393150e+00
4.869899999725318909e+10 -2.900657743281238155e+00 -5.497499437042670856e+00
4.869899999751718903e+10 -2.871629012537668668e+00 -5.995117200716726380e+00
4.869899999777396393e+10 -2.461742709433153653e+00 -6.285327721174719606e+00
4.869899999732228088e+10 -2.125579614277263385e+00 -6.319088311352207832e+00
4.869899999686528015e+10 -2.442717396149209463e+00 -6.412538528603198174e+00
4.869899999719767761e+10 -2.158168766395563321e+00 -6.768492496325526631e+00
4.869899999677993011e+10 -2.532888741314531789e+00 -6.825338928961170559e+00
4.869899999717489624e+10 -2.418276669331658191e+00 -7.211380218543603782e+00
4.869899999717264557e+10 -2.559050202390366291e+00 -6.665175760617620959e+00
4.869899999673101807e+10 -2.318499451297967973e+00 -6.409705999178096469e+00
4.869899999710296631e+10 -2.474052796524682574e+00 -6.015216635539965218e+00
4.869899999736193085e+10 -2.013604510265901926e+00 -6.212921588153631269e+00
4.869899999743935394e+10 -1.721952755060249585e+00 -6.689478726444776591e+00
4.869899999796670532e+10 -1.524767044864732135e+00 -6.655137728336549152e+00
4.869899999755659485e+10 -1.820835984593109913e+00 -6.405513540190929334e+00
4.869899999743923187e+10 -1.590404763596908522e+00 -6.906800667737149624e+00
4.869899999795470428e+10 -1.464754036536498161e+00 -7.098264512890637867e+00
4.869899999811621857e+10 -1.276020192797228781e+00 -7.604678653836367097e+00
4.869899999800718689e+10 -9.141392856104612052e-01 -7.185971167516063574e+00
4.869899999755397034e+10 -1.059909364250386510e+00 -7.488469705619892558e+00
4.869899999707244873e+10 -1.269796984734094858e+00 -7.282927797748237175e+00
4.869899999725796509e+10 -8.962736044065673369e-01 -6.903157095251424735e+00
4.869899999689019775e+10 -5.608172831579805173e-01 -6.637871055777565310e+00
4.869899999696916199e+10 -5.104244476047247181e-01 -6.081645907545752294e+00
4.869899999734010315e+10 -4.988226536922473198e-01 -5.656874369492705057e+00
4.869899999718959808e+10 -5.542042587013281674e-01 -6.197653049658514490e+00
4.869899999723807526e+10 -5.291627563826323266e-01 -5.636239963220312177e+00
4.869899999715937042e+10 -5.985441433916449672e-02 -5.333391977027620356e+00
4.869899999682219696e+10 3.869529844112031269e-01 -5.263837956628267811e+00
4.869899999650192261e+10 7.916548884880043602e-01 -5.491444275235058292e+00
4.869899999659811401e+10 1.163520627679171415e+00 -5.078376653621313075e+00
4.869899999705950928e+10 8.849213073150874465e-01 -5.244677413754293305e+00
4.869899999706034088e+10 7.003015153199892984e-01 -5.777665596753015720e+00
4.869899999694192505e+10 6.463406532004157823e-01 -6.326507927424024125e+00
4.869899999701995850e+10 6.871206754599090694e-01 -5.769364091859428889e+00
4.869899999707673645e+10 1.119243391677637423e+00 -5.411302837863743775e+00
4.869899999738256073e+10 1.471184440459607945e+00 -5.093861995324767022e+00
4.869899999736932373e+10 1.540716681397732213e+00 -5.653461435885940745e+00
4.869899999743341064e+10 1.431335546826960847e+00 -5.103833820078857109e+00
4.869899999706480408e+10 1.854388315603580306e+00 -5.046261498604764917e+00
4.869899999695795441e+10 1.816685960751487361e+00 -5.598822341079950249e+00
4.869899999670889282e+10 1.423423044657416758e+00 -5.280274088515441555e+00
4.869899999618612671e+10 1.577520341997528330e+00 -5.425653275145888799e+00
4.869899999584391022e+10 1.151474552363967563e+00 -5.285894885634556672e+00
4.869899999602224731e+10 9.916547401059229161e-01 -5.796596299109656236e+00
4.869899999649488068e+10 9.183471144975944300e-01 -6.095608511388875606e+00
4.869899999691304779e+10 9.457337936277278034e-01 -5.718053756602808235e+00
4.869899999677812195e+10 1.173991727281755271e+00 -5.220203756964066244e+00
4.869899999622692108e+10 1.060017649457488220e+00 -5.183456374819818357e+00
4.869899999606054688e+10 9.936270754320315479e-01 -5.718315743216209945e+00
4.869899999552006531e+10 9.685492275667588746e-01 -5.558898461024122994e+00
4.869899999560372925e+10 7.784553080963498850e-01 -5.034469292846570632e+00
4.869899999560338593e+10 8.021747105990232329e-01 -5.598028366083501517e+00
4.869899999535775757e+10 3.956738066251455077e-01 -5.902304726795795986e+00
4.869899999534510803e+10 9.003232089491596257e-01 -5.650649336793696520e+00
4.869899999541628265e+10 9.674525518302526939e-01 -6.206157439524057295e+00
4.869899999512463379e+10 5.797643317114988815e-01 -5.918404321950443858e+00
4.869899999558040619e+10 8.451610317083187995e-01 -5.718404951217155308e+00
4.869899999542486572e+10 1.121907406358332526e+00 -6.184645593808296482e+00
4.869899999576194763e+10 1.388034852975108757e+00 -5.818978105857810945e+00
4.869899999570926666e+10 1.654918959405306866e+00 -5.324853520538536777e+00
4.869899999568639374e+10 1.686530463258667067e+00 -5.887560363884823289e+00
4.869899999548397827e+10 1.608849220380085709e+00 -6.408286317346897576e+00
4.869899999512918091e+10 1.341540726814939299e+00 -6.755884769376707233e+00
4.869899999494614410e+10 9.258728360601757856e-01 -6.421402599722646265e+00
4.869899999476212311e+10 1.367849321747819813e+00 -6.123151944112546374e+00
4.869899999489501953e+10 1.299679568448064204e+00 -6.667076352677906215e+00
4.869899999463763428e+10 1.317757596924327146e+00 -7.168661375670573044e+00
4.869899999437102509e+10 1.110199859770332864e+00 -7.620323930965223092e+00
4.869899999435132599e+10 1.142457070410034747e+00 -7.057533689455389059e+00
4.869899999416233063e+10 6.548544701685530267e-01 -6.846140884640318447e+00
4.869899999416031647e+10 1.208821845735647216e+00 -6.952337205227240524e+00
4.869899999395192719e+10 8.051137147784441783e-01 -6.618039483482371033e+00
4.869899999427867889e+10 4.525470467230969795e-01 -6.913149794549535265e+00
4.869899999435139465e+10 3.867061176606969575e-01 -6.357687343089829746e+00
4.869899999436531830e+10 6.531183659237602690e-01 -6.854670351552917928e+00
4.869899999421601105e+10 9.872845336801372440e-01 -6.425483188901728759e+00
4.869899999476179504e+10 1.041448294295061361e+00 -6.293780332928522014e+00
4.869899999518573761e+10 1.402432230869342433e+00 -6.383922000639988603e+00
4.869899999519555664e+10 1.412558016494727564e+00 -6.947803780789080008e+00
4.869899999467079163e+10 1.238946142622322721e+00 -6.835350949453376401e+00
4.869899999463571167e+10 1.157440737818254961e+00 -7.392385953426758860e+00
4.869899999442848969e+10 8.222640822150745210e-01 -6.988805593617535727e+00
4.869899999465167999e+10 1.097371521427455088e+00 -6.549870382281801184e+00
4.869899999464859009e+10 1.156105769682207018e+00 -5.988887046311651474e+00
4.869899999515929413e+10 9.400438509538632248e-01 -5.885643404778093668e+00
4.869899999538533020e+10 1.004798160610114621e+00 -6.398357450869979424e+00
4.869899999536927795e+10 1.008810825772162412e+00 -5.834542129553041079e+00
4.869899999534819794e+10 1.013954677905074764e+00 -6.398182864552328653e+00
4.869899999517205048e+10 7.263810090864901703e-01 -6.850329248754468026e+00
4.869899999508190918e+10 3.276406572999863709e-01 -6.461686874454259488e+00
4.869899999508922577e+10 3.104201305581705261e-01 -7.025434574466791204e+00
4.869899999507978058e+10 3.094767548661117584e-01 -6.461456311868741587e+00
4.869899999511000061e+10 7.186051351242550567e-01 -6.074335728366640375e+00
4.869899999469538879e+10 3.399509131723913447e-01 -6.020691486913938739e+00
4.869899999487369537e+10 6.717898221601645847e-01 -5.600867684914917710e+00
4.869899999447032928e+10 7.556909008889091117e-01 -5.986114391097298260e+00
4.869899999425141907e+10 8.256013589029417288e-01 -5.470990617096776809e+00
4.869899999411618042e+10 7.198953212207706009e-01 -4.933683472594053931e+00
4.869899999371712494e+10 7.095043459602818903e-01 -4.535174845756522188e+00
4.869899999426728058e+10 6.208280890806737728e-01 -4.622512933163974047e+00
4.869899999372919464e+10 5.212363069925225467e-01 -4.759271721943368227e+00
4.869899999382711029e+10 4.502510587876564219e-01 -5.310212121985152578e+00
4.869899999403491974e+10 4.289557248701789671e-01 -4.786263478369574109e+00
4.869899999355503845e+10 4.068596621874899788e-01 -4.490647365014920567e+00
4.869899999360540771e+10 4.000100105684535334e-01 -5.052410088242850428e+00
4.869899999305288696e+10 3.073786313986883734e-01 -4.986851731059632087e+00
4.869899999308621979e+10 3.437374662975751227e-01 -4.424954393313600853e+00
4.869899999314929962e+10 3.130213884816004377e-01 -4.984631982272941464e+00
4.869899999294258881e+10 7.435605024016780362e-01 -4.684519110031953204e+00
4.869899999262444305e+10 1.073282430865350578e+00 -5.013497447792336636e+00
4.869899999262455750e+10 1.241925348603462709e+00 -4.475239970285051605e+00
4.869899999232437134e+10 1.656681009544873628e+00 -4.711945328815448697e+00
4.869899999280742645e+10 1.541645801098377344e+00 -4.979503788808550269e+00
4.869899999278598022e+10 2.079368040360789927e+00 -5.148489922838015431e+00
4.869899999288722992e+10 1.916422468989001260e+00 -4.618057562024636908e+00
4.869899999263465118e+10 2.183767170575805938e+00 -4.190398205757036365e+00
4.869899999226056671e+10 2.480412242483246210e+00 -3.890028954831306063e+00
4.869899999222876740e+10 2.432547510979859773e+00 -3.328905485911752837e+00
4.869899999232077026e+10 2.517178639475182056e+00 -3.878936993643483433e+00
4.869899999219106293e+10 2.722921289893430519e+00 -4.387864099577143406e+00
4.869899999221080017e+10 2.310745769143186301e+00 -4.772420192674678319e+00
4.869899999241176605e+10 2.666578082567224950e+00 -5.161210307444042300e+00
4.869899999207290649e+10 2.449883916699229225e+00 -5.556658218874415134e+00
4.869899999206536865e+10 2.428317781186770663e+00 -4.993062895952403935e+00
4.869899999205934906e+10 2.893855668777522983e+00 -4.674629511503931134e+00
4.869899999163836670e+10 3.197199191579920718e+00 -4.453455851664918086e+00
4.869899999183101654e+10 3.192987260737147892e+00 -4.983578367669271536e+00
4.869899999170998383e+10 3.085847869426086909e+00 -5.523979645242093284e+00
4.869899999152245331e+10 2.927589547719635643e+00 -5.016094463977874618e+00
4.869899999205516052e+10 2.884332950276455865e+00 -5.196409636026904089e+00
4.869899999158860016e+10 2.755628425610622045e+00 -5.486092593903204140e+00
4.869899999180786896e+10 3.015879416901430243e+00 -5.036256635969050599e+00
4.869899999196575165e+10 3.544541492968256602e+00 -5.153521883282569327e+00
4.869899999217686462e+10 3.168127214838594163e+00 -4.790334665340150622e+00
4.869899999223316956e+10 3.238018183380319215e+00 -4.233462537851367280e+00
4.869899999180228424e+10 3.540624229484545360e+00 -4.031158097147690356e+00
4.869899999203249359e+10 3.455487806574577103e+00 -4.539014648280216058e+00
4.869899999209471893e+10 3.468955483527093264e+00 -5.099468061664563123e+00
4.869899999193699646e+10 3.716568984715843627e+00 -4.617833286790903102e+00
4.869899999178418732e+10 3.709206235629461279e+00 -4.074918906716012756e+00
4.869899999204630280e+10 3.433378304076106780e+00 -3.658533980323816159e+00
4.869899999167280579e+10 3.010750389850676445e+00 -3.665513750476302235e+00
4.869899999212538147e+10 3.173711534167086068e+00 -3.370927255215797391e+00
4.869899999173400879e+10 3.579900093275154127e+00 -3.369964749020716965e+00
4.869899999139530945e+10 4.030088635800238350e+00 -3.342151972025504847e+00
4.869899999112209320e+10 3.722838629054822324e+00 -3.728300229437646163e+00
4.869899999112566376e+10 3.737826015713915151e+00 -3.164452583460792390e+00
4.869899999107093048e+10 3.725217163977624590e+00 -3.725707479842712111e+00
4.869899999058314514e+10 3.927572067880107820e+00 -3.923903616918027915e+00
4.869899999078701782e+10 4.312556210079217855e+00 -4.282209737111628556e+00
4.869899999026721191e+10 4.327243995707243940e+00 -4.063696711009084694e+00
4.869899999027397156e+10 3.791290123283168167e+00 -4.239393460203170427e+00
4.869899999007614136e+10 3.650710095718360026e+00 -3.730215995245390825e+00
4.869899999042030334e+10 3.857802578629190293e+00 -3.334202087915298041e+00
4.869899999069019318e+10 3.664257710919571753e+00 -2.878284942891360387e+00
4.869899999071178436e+10 3.713768502403416605e+00 -2.316818877450199210e+00
4.869899999109622192e+10 3.368569020426697147e+00 -2.090530517363214713e+00
4.869899999055879211e+10 3.233833371094860798e+00 -2.196265850243612316e+00
4.869899999110947418e+10 3.111766729315945224e+00 -2.199479983892832280e+00
4.869899999116396332e+10 3.025068728699936926e+00 -2.754165448272538619e+00
4.869899999106330109e+10 3.102188037463793346e+00 -3.303784767732506289e+00
4.869899999069913483e+10 2.730656322187434704e+00 -3.521751498217337684e+00
4.869899999068852234e+10 2.377955960203430585e+00 -3.081693104127098515e+00
4.869899999058917236e+10 2.639702104014698847e+00 -2.592019232189490818e+00
4.869899999033218384e+10 2.167410041717198865e+00 -2.762489187627123588e+00
4.869899999057687378e+10 1.839955214972324615e+00 -3.151158082002440963e+00
4.869899999054283905e+10 1.748543036731524447e+00 -2.595598048272246494e+00
4.869899999083341980e+10 1.556505489221565952e+00 -3.039272069690499123e+00
4.869899999106887817e+10 1.724317515471254669e+00 -3.523584828669632074e+00
4.869899999116291809e+10 2.269560184721588048e+00 -3.633256566341638738e+00
4.869899999100447083e+10 2.488753252524782411e+00 -3.138272149927214816e+00
4.869899999106172943e+10 2.095534990004919607e+00 -3.538599490333549813e+00
4.869899999125146484e+10 1.946839017343598544e+00 -3.028646275919853359e+00
4.869899999119655609e+10 2.424469863681917303e+00 -3.323629652769742648e+00
4.869899999081211090e+10 2.144263935050207515e+00 -3.626696997289620583e+00
4.869899999106490326e+10 2.430669250456340080e+00 -4.041704746011337335e+00
4.869899999156772614e+10 2.456955847836704621e+00 -3.787455786865161489e+00
4.869899999162248993e+10 2.125883975953283045e+00 -4.240836311276312998e+00
4.869899999174351501e+10 1.575623137393080464e+00 -4.213872210001902374e+00
4.869899999174581909e+10 1.576176597054826489e+00 -3.649819074014803988e+00
4.869899999166936493e+10 1.452537961602623495e+00 -4.194823519993314598e+00
4.869899999200336456e+10 9.981114814874674224e-01 -4.184793910285629970e+00
4.869899999209095764e+10 1.416029787530883377e+00 -3.816238611081054000e+00
4.869899999209075165e+10 1.587329506738079488e+00 -4.353656439209583340e+00
4.869899999192643738e+10 1.983474973603787772e+00 -3.987280264764170301e+00
4.869899999187158966e+10 1.422197562955272776e+00 -3.976274015526069405e+00
4.869899999215235138e+10 1.734571354628204887e+00 -3.599766237168112060e+00
4.869899999239911652e+10 1.262203367153738931e+00 -3.414999915262563412e+00
4.869899999238324738e+10 1.268326343733871653e+00 -3.978801472415305795e+00
4.869899999190899658e+10 1.295637327667576333e+00 -3.674655443182601733e+00
4.869899999141249084e+10 1.366153306107224852e+00 -3.932866831098201121e+00
4.869899999168728638e+10 1.694463846042747024e+00 -3.565631040845751887e+00
4.869899999202922821e+10 1.631927705916597082e+00 -3.121418111076301294e+00
4.869899999210832977e+10 2.018624505248648227e+00 -3.524369081180176888e+00
4.869899999173158264e+10 2.314142118182290986e+00 -3.822518492812716051e+00
4.869899999146672058e+10 2.199636491370422053e+00 -4.307183241883357105e+00
4.869899999167720795e+10 1.758929125650281033e+00 -4.589379295832689998e+00
4.869899999176037598e+10 1.724586315353055843e+00 -5.146214766804065199e+00
4.869899999138011169e+10 1.520876457599773079e+00 -5.509616000725163332e+00
4.869899999194045258e+10 1.478075070104978073e+00 -5.558064978158221869e+00
4.869899999226368713e+10 1.153711798974919045e+00 -5.887414414617211378e+00
4.869899999231861877e+10 1.212830898398366664e+00 -5.329159371305387971e+00
4.869899999220087433e+10 1.037288148409847732e+00 -5.852115593741836541e+00
4.869899999180663300e+10 1.303285083390484766e+00 -6.155402022915471782e+00
4.869899999178280640e+10 1.095456331311907894e+00 -5.631568999226282735e+00
4.869899999194611359e+10 1.101010670724979601e+00 -5.091698156451030854e+00
4.869899999141960907e+10 1.163313290525811894e+00 -5.284234098852755857e+00
4.869899999151443481e+10 1.511845640341769048e+00 -4.850996163863190880e+00
4.869899999148919678e+10 1.484139992530784102e+00 -4.288184530949662232e+00
4.869899999157142639e+10 1.810599210847448903e+00 -3.835609834198234758e+00
4.869899999140558624e+10 1.930715363566789078e+00 -4.361185388924207373e+00
4.869899999193485260e+10 1.937151340780845388e+00 -4.556107717826066938e+00
4.869899999210657501e+10 2.086888317408488014e+00 -5.072103885270350609e+00
4.869899999215308380e+10 2.105193158591734282e+00 -4.510264715858253837e+00
4.869899999210897064e+10 1.612781409780784880e+00 -4.238701756420464761e+00
4.869899999240355682e+10 1.295957258771320397e+00 -4.600642582860361429e+00
4.869899999272721100e+10 1.004694827789778033e+00 -4.242069387844879635e+00
4.869899999247451782e+10 9.146567032679668863e-01 -3.745884214917159394e+00
4.869899999252865601e+10 9.064903543361454430e-01 -3.184489705856409003e+00
4.869899999235537720e+10 9.820741788103228842e-01 -3.715924347934290939e+00
4.869899999195225525e+10 6.200119291032468727e-01 -3.559192140320987630e+00
4.869899999229404449e+10 2.112995621390620915e-01 -3.744384358985483274e+00
4.869899999238708496e+10 1.249924104600031033e-01 -3.194788020612459256e+00
4.869899999238687134e+10 1.376364396472482265e-01 -3.758704362634631924e+00
4.869899999271147919e+10 -1.551774227834526176e-01 -4.115145324484852374e+00
4.869899999240424347e+10 1.671571513711149481e-01 -3.768924987289762107e+00
4.869899999285020447e+10 2.710086942561057977e-01 -3.439539264483508774e+00
4.869899999239276123e+10 7.339368276249075285e-02 -3.175232269439131727e+00
4.869899999220845032e+10 -1.730417940988709935e-01 -3.647948925423052380e+00
4.869899999184797668e+10 1.815218370790431246e-01 -3.397943902579383391e+00
4.869899999232806396e+10 8.964534703500644242e-02 -3.679429808039990757e+00
4.869899999222375488e+10 1.685455564732107892e-01 -4.228116035093623992e+00
4.869899999256623077e+10 -2.788503076341912745e-01 -4.201496005362254316e+00
4.869899999286176300e+10 -4.274727016341391961e-01 -4.658370374171621364e+00
4.869899999250804901e+10 -6.015738494880552567e-01 -5.061775058569723207e+00
4.869899999218061829e+10 -6.075584187468519026e-01 -5.521028779440181111e+00
4.869899999213508606e+10 -5.717477236530027485e-01 -4.959953245365005259e+00
4.869899999168278503e+10 -3.465450050099288526e-01 -4.709217158476829646e+00
4.869899999168165588e+10 -3.362694762984360652e-01 -4.145253771537856124e+00
4.869899999208074188e+10 -3.606369564233822822e-01 -3.747386484128063522e+00
4.869899999224533081e+10 -5.205467909795643555e-01 -4.262653927045644053e+00
4.869899999195235443e+10 -5.342822358872166832e-01 -3.780849169427778378e+00
4.869899999222753143e+10 -4.793363836713156467e-01 -4.270155233531710337e+00
4.869899999202191162e+10 -2.675884138925502809e-01 -4.750825494902947810e+00
4.869899999203396606e+10 2.543075053578361944e-01 -4.537188267310571455e+00
4.869899999240470123e+10 4.199599033089467248e-01 -4.928692433085986480e+00
4.869899999295380402e+10 3.842280602806780188e-01 -4.804727829201773659e+00
4.869899999323443604e+10 8.707383465492528618e-01 -4.856822108653871872e+00
4.869899999321197510e+10 1.433732078232358376e+00 -4.883190387973719737e+00
4.869899999266874695e+10 1.491181463181640909e+00 -4.742595794949203025e+00
4.869899999263919067e+10 1.509578011494067340e+00 -5.305578332739249170e+00
4.869899999260810852e+10 9.633361800124967678e-01 -5.168410133045796329e+00
4.869899999261804962e+10 8.607017366819086357e-01 -5.722962992838351859e+00
4.869899999235108948e+10 5.500735976492681090e-01 -6.110781318174089094e+00
4.869899999233959198e+10 1.045717124965630296e+00 -5.841770297123529687e+00
4.869899999238488007e+10 1.031015235345122960e+00 -5.279725458227750856e+00
4.869899999268779755e+10 6.135538105273499188e-01 -5.051413639653659082e+00
4.869899999243558502e+10 7.457362622560672616e-01 -5.538320489648636880e+00
4.869899999246318054e+10 7.516164388882062841e-01 -6.101672533761817618e+00
4.869899999208442688e+10 5.026968667033320237e-01 -5.765892329377880543e+00
4.869899999247162628e+10 3.933349852162693061e-01 -6.161212427548558246e+00
4.869899999217562103e+10 4.043462457259330289e-01 -5.681188495719834641e+00
4.869899999234192657e+10 4.641597136549532321e-01 -6.216844725280720851e+00
4.869899999196505737e+10 7.888832938397571937e-01 -6.482708462671260996e+00
4.869899999147290039e+10 5.137501661733365754e-01 -6.498474455001392869e+00
4.869899999166725922e+10 1.507969860550073538e-01 -6.112921709434596451e+00
4.869899999126923370e+10 7.379424702283680915e-02 -6.505106679729579788e+00
4.869899999119653320e+10 1.984729951389313796e-01 -7.050387564631921400e+00
4.869899999151863861e+10 1.741042946755564647e-01 -6.587985290514545511e+00
4.869899999199672699e+10 -8.930818614681426681e-02 -6.445845914406318933e+00
4.869899999220001221e+10 -2.920851610084843619e-01 -6.931354043439169388e+00
4.869899999216175842e+10 2.543001273000538021e-01 -7.066118358390068188e+00
4.869899999185347748e+10 5.895507837654342387e-01 -6.733358261809619272e+00
4.869899999174715424e+10 1.138815128247987474e+00 -6.661486118183481686e+00
4.869899999172326660e+10 1.014837215796703607e+00 -7.211231924935575854e+00
4.869899999156732941e+10 1.165809693965915272e+00 -6.690604842138215602e+00
4.869899999129619598e+10 1.263542611677773264e+00 -7.175473807460347686e+00
4.869899999148417664e+10 1.563878500031386176e+00 -6.736585866911918963e+00
4.869899999166806793e+10 1.215604058096610318e+00 -6.332790780103558781e+00
4.869899999147689056e+10 1.315424720232684752e+00 -6.853989391258014763e+00
4.869899999110146332e+10 1.527221686914019161e+00 -7.217795934197720698e+00
4.869899999112451172e+10 1.530062369757792196e+00 -7.781375790632758083e+00
4.869899999134260559e+10 1.185870071508367429e+00 -7.391339243520013369e+00
4.869899999145144653e+10 1.449044989024651509e+00 -6.904456993603887760e+00
4.869899999143544006e+10 1.009564601825946317e+00 -6.551240024342978252e+00
4.869899999132800293e+10 1.133840864496836964e+00 -6.011634568991957472e+00
4.869899999141035461e+10 8.330370886438662748e-01 -6.481630785692336971e+00
4.869899999195948792e+10 7.669960701849378726e-01 -6.370940232144977955e+00
4.869899999225152588e+10 1.173950342990863094e+00 -6.111583694408727396e+00
4.869899999275362396e+10 1.417232902931479410e+00 -6.194487849106922184e+00
4.869899999257726288e+10 1.269757322710134639e+00 -6.709570640501238969e+00
4.869899999262514496e+10 1.380729515490507930e+00 -7.260528305305594898e+00
4.869899999270676422e+10 1.503071348619368974e+00 -6.715980350044448599e+00
4.869899999319918060e+10 1.661301456151742073e+00 -6.941030756675807822e+00
4.869899999346799469e+10 1.282326392179959029e+00 -6.621222871253826803e+00
4.869899999329936981e+10 1.469877792230769975e+00 -7.125754029351677232e+00
4.869899999353471375e+10 1.260258173184733765e+00 -7.593549905990609972e+00
4.869899999315592194e+10 1.212845336012895681e+00 -8.008797997738712482e+00
4.869899999365752411e+10 1.323791657892591678e+00 -7.775878765374088175e+00
4.869899999379302216e+10 1.867621278085293657e+00 -7.839534430385119101e+00
4.869899999361552429e+10 1.706780181478462666e+00 -7.328861606183810551e+00
4.869899999344069672e+10 1.335265175650619085e+00 -6.942114386613648769e+00
4.869899999374378204e+10 1.603159193131269644e+00 -7.335224762058741632e+00
4.869899999385162354e+10 1.335632226475002460e+00 -7.819953087007900372e+00
4.869899999391804504e+10 1.849002619790135693e+00 -7.595898278337961607e+00
4.869899999445903015e+10 1.939825778292302738e+00 -7.464576443185957366e+00
4.869899999390179443e+10 2.027280564409716490e+00 -7.466984637032509475e+00
4.869899999368330383e+10 2.226908465555089034e+00 -7.947162746117374610e+00
4.869899999399625397e+10 2.435598244362368714e+00 -8.367486195431585116e+00
4.869899999388069916e+10 2.922855758654280045e+00 -8.627077948064762580e+00
4.869899999430280304e+10 2.690238296568428389e+00 -8.920124847690924952e+00
4.869899999478539276e+10 2.921824393529844688e+00 -9.097982356391076664e+00
4.869899999478633881e+10 2.954842817602108429e+00 -9.661072447504391647e+00
4.869899999465908813e+10 2.825409251516414422e+00 -1.019512798188571345e+01
4.869899999472091675e+10 2.796070443116092985e+00 -9.635237284377359046e+00
4.869899999485173798e+10 2.319727675360606867e+00 -9.362942517557142352e+00
4.869899999501746368e+10 2.817163426525770120e+00 -9.154963917574612253e+00
4.869899999526982117e+10 3.156369953079564805e+00 -8.781577006887388848e+00
4.869899999550337982e+10 3.059150546510231550e+00 -9.285719653781303151e+00
4.869899999521952820e+10 2.845095373470155842e+00 -9.723634612915187603e+00
4.869899999512462616e+10 3.008488972213040569e+00 -1.025510262540170281e+01
4.869899999511845398e+10 3.176068637922537352e+00 -1.079365672121824815e+01
4.869899999458644104e+10 3.343103150702534165e+00 -1.087865149409577370e+01
4.869899999499488831e+10 3.008726394129305426e+00 -1.107745411446601302e+01
4.869899999540944672e+10 3.311077369293828454e+00 -1.131173639252541463e+01
4.869899999492418671e+10 3.403446880649818151e+00 -1.103942176433538513e+01
4.869899999490889740e+10 3.572259478799841848e+00 -1.157740880611923728e+01
4.869899999505825043e+10 3.658363567642696434e+00 -1.104034243024791984e+01
4.869899999520943451e+10 3.181830733416628032e+00 -1.077915145624256077e+01
4.869899999476025391e+10 3.107098020685257644e+00 -1.044626337580388231e+01
4.869899999472905731e+10 3.274087376580858688e+00 -9.908394599110772916e+00
4.869899999479009247e+10 3.413233239143597331e+00 -9.365187016131249820e+00
4.869899999517214966e+10 3.004500974038599725e+00 -9.293550617673773218e+00
4.869899999544428253e+10 2.609163702161022336e+00 -9.589881052193804933e+00
4.869899999588695526e+10 2.698944923908902727e+00 -9.252034383474228463e+00
4.869899999583807373e+10 2.718388162731184998e+00 -9.813633888049384524e+00
4.869899999559101105e+10 2.564866174965951373e+00 -1.029690517866424848e+01
4.869899999587432098e+10 2.948363892961947119e+00 -9.995528595261374605e+00
4.869899999592389679e+10 2.728986371445820680e+00 -1.051280752753544334e+01
4.869899999545417786e+10 2.875631054965379185e+00 -1.023708588081646553e+01
4.869899999510385895e+10 3.316320076458942001e+00 -1.020202421268871440e+01
4.869899999557626343e+10 3.534252957151724051e+00 -9.984076195227466144e+00
4.869899999569145203e+10 3.424847245419888608e+00 -9.442852075670405299e+00
4.869899999541055298e+10 3.421086307308042862e+00 -8.953727388831795864e+00
4.869899999566863251e+10 3.073886551981904525e+00 -9.315678564337483536e+00
4.869899999520964813e+10 3.312566213408709270e+00 -9.090890298394565860e+00
4.869899999543247223e+10 3.800793288681357573e+00 -8.917262606033389716e+00
4.869899999491054535e+10 3.597435641931659767e+00 -8.983609235853663222e+00
4.869899999487654877e+10 3.718575927440177953e+00 -9.533455404624710638e+00
4.869899999495706177e+10 3.930197146814913722e+00 -1.005007445086752860e+01
4.869899999492688751e+10 3.925796094791510260e+00 -1.061330776445771917e+01
4.869899999490019226e+10 4.465612737192750537e+00 -1.077469786623696102e+01
4.869899999495900726e+10 4.699990142469396837e+00 -1.128437418970874795e+01
4.869899999440252686e+10 4.639659474425170238e+00 -1.121471449189417235e+01
4.869899999435606384e+10 4.893281502709961650e+00 -1.071303861236981447e+01
4.869899999464633942e+10 5.320170873510035037e+00 -1.048573140029138884e+01
4.869899999467303467e+10 5.410549660783077641e+00 -9.929601341954198190e+00
4.869899999460025024e+10 5.485438913945781536e+00 -9.375294506868714350e+00
4.869899999462039948e+10 5.778670669679569549e+00 -9.856720238876043538e+00
4.869899999461475372e+10 5.832665136962475572e+00 -9.295280769069171001e+00
4.869899999465883636e+10 5.522873308085797461e+00 -8.825975926004744565e+00
4.869899999455597687e+10 5.689090312335544297e+00 -8.296869245290258377e+00
4.869899999461338806e+10 5.305967941759774043e+00 -7.886890533351381016e+00
4.869899999468902588e+10 5.244442096136880060e+00 -7.331323142171044971e+00
4.869899999513543701e+10 5.424465871564936315e+00 -7.037267717715481652e+00
4.869899999522534180e+10 5.834043460091321798e+00 -6.660008416504866524e+00
4.869899999501640320e+10 6.019763378485004424e+00 -6.170095701283062617e+00
4.869899999504312897e+10 6.017158298388709525e+00 -6.733514432786223303e+00
4.869899999530252838e+10 6.367357615756359834e+00 -7.091614771691167718e+00
4.869899999544694519e+10 6.764769126590029380e+00 -6.718293682841212089e+00
4.869899999583068085e+10 6.775040529178614435e+00 -6.305008726519263362e+00
4.869899999638109589e+10 6.706683629214420961e+00 -6.407621889969323803e+00
4.869899999664368439e+10 6.881492864103067930e+00 -5.940020669017378907e+00
4.869899999640200043e+10 6.968641714362143524e+00 -5.437870193621527903e+00
4.869899999631809998e+10 6.470092636146224763e+00 -5.187727673212933155e+00
4.869899999622046661e+10 6.738516092675109093e+00 -5.674120219113479635e+00
4.869899999584283447e+10 6.347683918545180326e+00 -5.523099524634830892e+00
4.869899999602571106e+10 6.328332922740737665e+00 -4.989861285265226876e+00
4.869899999587975311e+10 6.362130518917353150e+00 -4.446064687190908415e+00
4.869899999592645264e+10 6.802637692011336945e+00 -4.096873900211721597e+00
4.869899999594738770e+10 6.769774896693146360e+00 -4.659584707836780026e+00
4.869899999599227905e+10 7.284893062117586027e+00 -4.434197532703232802e+00
4.869899999640673828e+10 6.945958848596927027e+00 -4.611711347213959478e+00
4.869899999617249298e+10 6.997376048078310262e+00 -4.101174000740089198e+00
4.869899999620121002e+10 6.934537100154694045e+00 -3.541363232932057681e+00
4.869899999660716248e+10 7.325837121554418907e+00 -3.557051099882735379e+00
4.869899999659834290e+10 7.326895934790452536e+00 -4.121039311989682652e+00
4.869899999657979584e+10 7.577490118653541273e+00 -3.616044138901026272e+00
4.869899999712035370e+10 7.724298864997018121e+00 -3.682437656919782754e+00
4.869899999748607635e+10 7.317527094828967904e+00 -3.544792764287093334e+00
4.869899999716076660e+10 7.070125934439897009e+00 -3.933545903105403863e+00
4.869899999693955994e+10 6.775121479623009257e+00 -4.360395045060273311e+00
4.869899999741766357e+10 6.477733712626219109e+00 -4.394114068392393158e+00
4.869899999710770416e+10 6.346857753570245286e+00 -4.846839498954408576e+00
4.869899999703228760e+10 6.301917580211033432e+00 -4.289654924149328252e+00
4.869899999752470398e+10 6.094138167268811301e+00 -4.109337399019583614e+00
4.869899999706063080e+10 6.037766304361755765e+00 -3.793712205376628788e+00
4.869899999706528473e+10 6.060605417778107018e+00 -3.230135902520905766e+00
4.869899999695181274e+10 5.526632661693353654e+00 -3.372119185858914570e+00
4.869899999736332703e+10 5.294184540741135869e+00 -3.064250149813897650e+00
4.869899999736135864e+10 5.450415906784189524e+00 -2.522263569417987128e+00
4.869899999737581635e+10 5.622998160258305234e+00 -3.059076388360680188e+00
4.869899999736408997e+10 5.599230667491736924e+00 -3.622511454378862794e+00
4.869899999733726501e+10 5.830062950895613660e+00 -4.136474982358631536e+00
4.869899999726913452e+10 6.174726558609403781e+00 -3.695196072774466600e+00
4.869899999725336456e+10 6.096671270168449119e+00 -4.253604760099006121e+00
4.869899999721739197e+10 5.570723100136190098e+00 -4.454219231220729824e+00
4.869899999738819122e+10 5.645675289666244545e+00 -3.921892456929329640e+00
4.869899999757970428e+10 5.378334228959938734e+00 -4.380165403186316198e+00
4.869899999786158752e+10 5.011387851623394063e+00 -4.057593093685192720e+00
4.869899999742885590e+10 4.743168176459073848e+00 -4.300412231117040740e+00
4.869899999742934418e+10 4.740852352831767647e+00 -4.864465383198888659e+00
4.869899999749157715e+10 4.872767278726395368e+00 -4.319591980288614685e+00
4.869899999766182709e+10 5.406776128810429682e+00 -4.256267749053351146e+00
4.869899999769834137e+10 5.403729712148743758e+00 -3.693400828839679129e+00
4.869899999727533722e+10 5.083826496816738150e+00 -3.501332812663919380e+00
4.869899999735379791e+10 5.018297298039628984e+00 -4.056050410775394965e+00
4.869899999782046509e+10 5.155139626222800864e+00 -3.770290514868872123e+00
4.869899999829791260e+10 4.856026907188335962e+00 -3.743122855501517243e+00
4.869899999825583649e+10 4.553509834786218846e+00 -3.268913188472906128e+00
4.869899999856915283e+10 4.101713738558305344e+00 -3.394913123833674273e+00
4.869899999864693451e+10 4.040669547655475036e+00 -2.839589200771435173e+00
4.869899999895340729e+10 3.816443432003463698e+00 -3.256671636114115476e+00
4.869899999897499084e+10 3.812756027011324100e+00 -3.820304552066824400e+00
4.869899999901049042e+10 3.918809740575181610e+00 -3.267444849248858141e+00
4.869899999879475403e+10 3.540709458988726688e+00 -2.908755538972662258e+00
4.869899999878839111e+10 3.669820735765404685e+00 -3.457801405552486607e+00
4.869899999896465302e+10 3.149423945082701515e+00 -3.330205315841441749e+00
4.869899999864997101e+10 3.290893935581516772e+00 -2.883971488393973992e+00
4.869899999851766205e+10 3.380298918073571635e+00 -2.342988633423220168e+00
4.869899999851982880e+10 2.982429056867364370e+00 -2.742809153854519622e+00
4.869899999866012573e+10 3.015191291491137182e+00 -2.197461446237922722e+00
4.869899999848822021e+10 2.680004088172466936e+00 -1.777627968046214590e+00
4.869899999844284821e+10 2.659395064004012710e+00 -2.339480652780034919e+00
4.869899999878528595e+10 3.083764404302754780e+00 -2.483730449801176743e+00
4.869899999836385345e+10 3.179940994046391634e+00 -2.121365363808176419e+00
4.869899999817551422e+10 2.805695500847221080e+00 -2.499029471492671739e+00
4.869899999797682190e+10 2.510224036717566776e+00 -2.061559252246780272e+00
4.869899999751635742e+10 2.195184223153022973e+00 -2.144521910722802627e+00
4.869899999707323456e+10 2.436097352266354044e+00 -1.892002651899044041e+00
4.869899999681708527e+10 2.056593322613160524e+00 -1.562571074227486756e+00
4.869899999640837097e+10 2.429928127893552503e+00 -1.670897905269672190e+00
4.869899999602714539e+10 2.426618461243161384e+00 -1.255186625944048728e+00
4.869899999547487640e+10 2.521066829370537388e+00 -1.190078940510614025e+00
4.869899999580661011e+10 2.576617987912637631e+00 -1.642877050601063038e+00
4.869899999570501709e+10 2.141512491654678385e+00 -1.298604309051131445e+00
4.869899999586331177e+10 2.397692936702835009e+00 -8.216596576518968575e-01
4.869899999551541138e+10 1.989592974290205207e+00 -9.965382123755572863e-01
4.869899999545871735e+10 1.826408053156244771e+00 -1.533490433882561899e+00
4.869899999505084991e+10 1.985079879739587216e+00 -1.889339040659894220e+00
4.869899999556404114e+10 1.848654180008607817e+00 -1.699121775881760499e+00
4.869899999562532806e+10 1.295637806402630154e+00 -1.791741833164243403e+00
4.869899999588921356e+10 8.858311313735354187e-01 -1.507867691991053194e+00
4.869899999546240234e+10 7.246858798300628290e-01 -1.176162597629129669e+00
4.869899999541906738e+10 8.026436452375990127e-01 -6.192011207662043715e-01
4.869899999533147430e+10 1.285416925064384541e+00 -8.974425694201240145e-01
4.869899999566698456e+10 1.311328455015142280e+00 -4.447574513197083967e-01
4.869899999608466339e+10 1.013943758577372733e+00 -6.798507647021482247e-01
4.869899999588758087e+10 1.527435598930456884e+00 -8.049391819599424069e-01
4.869899999643219757e+10 1.381517370681230705e+00 -8.211994828590243323e-01
4.869899999648721313e+10 8.905530397957273081e-01 -5.490066894030511957e-01
4.869899999614311218e+10 8.380968017388500391e-01 -9.928589316211628990e-01
4.869899999601512909e+10 1.308285933808416290e+00 -1.276943361442117508e+00
4.869899999610655975e+10 1.631328346719261191e+00 -8.236817715625102121e-01
4.869899999575849152e+10 1.871070532235502792e+00 -4.501376329830444334e-01
4.869899999544538879e+10 2.122509887568355680e+00 -5.402317174736642746e-02
4.869899999589373779e+10 2.266669802258098443e+00 2.564047019655324444e-01
4.869899999608008575e+10 1.819950576486006888e+00 5.460233772207359060e-01
4.869899999621554565e+10 1.911275570944033442e+00 1.085904359603195646e+00
4.869899999597739410e+10 1.487026234297613714e+00 1.371313261839937070e+00
4.869899999633742523e+10 1.131262287187170035e+00 1.620255047772069634e+00
4.869899999625925446e+10 1.053553520687923850e+00 1.067071395718448557e+00
4.869899999608085632e+10 6.575843334781767968e-01 1.426994958938573532e+00
4.869899999651831055e+10 1.008252585705309290e+00 1.365117988451606479e+00
4.869899999662452698e+10 1.113209038166682596e+00 1.909051354954607316e+00
4.869899999609852600e+10 9.845162434274435936e-01 1.751180726570533919e+00
4.869899999598011780e+10 1.160753815760123375e+00 1.228608807147920867e+00
4.869899999648764801e+10 1.339345482401280263e+00 1.059254293612621689e+00
4.869899999600358582e+10 1.266349064283599057e+00 7.790450160160007353e-01
4.869899999650241089e+10 1.118031481708840591e+00 9.966185500074074000e-01
4.869899999601139069e+10 8.877922931094113235e-01 8.415293218651637153e-01
4.869899999564002228e+10 6.655056359062303528e-01 4.798175720254316268e-01
4.869899999559642029e+10 4.722250247721538896e-01 -4.829529661668041651e-02
4.869899999541351318e+10 4.743569342323115112e-01 -5.818703149238937389e-01
4.869899999584754181e+10 5.898650322560030634e-01 -2.406394393195919745e-01
4.869899999598154449e+10 6.565873366403307543e-01 -7.844710774409040521e-01
4.869899999624075317e+10 9.941095455778663492e-01 -4.142688870859869144e-01
4.869899999610588837e+10 8.587536477282241565e-01 1.164403791252223708e-01
4.869899999577693176e+10 8.332080705887253691e-01 -3.410498071055519387e-01
4.869899999601823425e+10 8.936032683737964444e-01 1.651991415408753938e-01
4.869899999651583099e+10 1.019777641244381083e+00 -6.855639373434929684e-02
4.869899999661830902e+10 1.122432982134052404e+00 4.765320347891159880e-01
4.869899999654172516e+10 7.151004034443662061e-01 9.393979707090133191e-02
4.869899999697263336e+10 3.522194817381875120e-01 1.221779570896223271e-01
4.869899999691352081e+10 -2.083449206257397268e-01 1.013176727334388627e-01
4.869899999695330048e+10 -1.701623063164088012e-01 6.626742905887259560e-01
4.869899999698116302e+10 3.835568991873633538e-01 7.665016656444374465e-01
4.869899999687828827e+10 3.216533786836718867e-01 2.153699119271902385e-01
4.869899999689289856e+10 4.302672135060150449e-01 -3.379392717681882763e-01
4.869899999666625977e+10 5.729225528062869000e-01 -8.343740429630195354e-01
4.869899999660899353e+10 6.601052659318414895e-01 -1.388703608086053531e+00
4.869899999666934967e+10 6.872325329320447818e-01 -8.285400340966964094e-01
4.869899999670172119e+10 1.470144259986895241e-01 -9.875313711910574943e-01
4.869899999624382019e+10 9.315619536540617474e-02 -1.312469348307345296e+00
4.869899999652264404e+10 1.600473502610313403e-01 -8.267304598430218476e-01
4.869899999627202606e+10 6.333764802403719640e-01 -6.497768218731483358e-01
4.869899999636488342e+10 6.434987196843032775e-01 -1.206047560385330453e+00
4.869899999601904297e+10 1.080200968747037304e+00 -1.294624989619036048e+00
4.869899999553470612e+10 1.333392488226731620e+00 -1.155086191943539564e+00
4.869899999548177338e+10 1.088488991424082508e+00 -6.497329847124828639e-01
4.869899999549011993e+10 1.098470984079770174e+00 -1.213640987999110354e+00
4.869899999567372131e+10 1.060236586521971391e+00 -1.745608706327218762e+00
4.869899999571558380e+10 1.246958947694659869e+00 -2.276215577222986397e+00
4.869899999582498932e+10 1.386656910077323390e+00 -1.740793788140027498e+00
4.869899999573757935e+10 1.702513230830148050e+00 -2.199875345113096792e+00
4.869899999627239227e+10 1.666362339121269853e+00 -2.024282803745395931e+00
4.869899999626099396e+10 1.713069947470687415e+00 -1.462277462909115311e+00
4.869899999625959015e+10 1.609754022497294823e+00 -9.077638022227337844e-01
4.869899999571869659e+10 1.679799695621027267e+00 -7.639267073498262617e-01
4.869899999602968597e+10 1.499759915497200558e+00 -1.198703651507481149e+00
4.869899999551068878e+10 1.559600011797755537e+00 -1.411355514633123587e+00
4.869899999537020111e+10 1.247636127896510461e+00 -9.629092609086657983e-01
4.869899999573493195e+10 1.120482281442467087e+00 -5.518564472193332460e-01
4.869899999543026733e+10 1.287681214667431018e+00 -9.961388467156315762e-01
4.869899999550564575e+10 1.013573632399640267e+00 -5.089585425518430295e-01
4.869899999513294983e+10 9.554066471388840132e-01 -8.958050544742707233e-02
4.869899999480590820e+10 1.118354855744338794e+00 -5.192923289900859274e-01
4.869899999437689972e+10 1.112004372583875078e+00 -8.854536357946078962e-01
4.869899999451880646e+10 9.233732859100265422e-01 -1.397744584211197072e+00
4.869899999480619812e+10 6.353158293628575759e-01 -1.788370886980356289e+00
4.869899999501551056e+10 2.430522997065969748e-01 -1.441268887728874404e+00
4.869899999506226349e+10 1.809669578829478376e-01 -1.999946616794479937e+00
4.869899999484948730e+10 -3.249114879072049211e-01 -2.130239854697119295e+00
4.869899999458857727e+10 -7.459326435918545162e-01 -2.400107526556878312e+00
4.869899999424044037e+10 -3.283819273920894899e-01 -2.550478358874393336e+00
4.869899999413043213e+10 2.245799184569666762e-01 -2.533370016631366628e+00
4.869899999400521851e+10 5.476006245106627146e-01 -2.978499421912960798e+00
4.869899999377196503e+10 5.947828041855819370e-01 -2.467102463574883053e+00
4.869899999411549377e+10 1.005926557111955999e+00 -2.643489754536113345e+00
4.869899999445478058e+10 7.641757189353886037e-01 -2.263220998620778524e+00
4.869899999487261963e+10 8.416667846808405518e-01 -1.892317918200197679e+00
4.869899999502834320e+10 1.381594643198390537e+00 -1.941197917267456274e+00
4.869899999539064789e+10 1.793014217315729963e+00 -2.073979188349563518e+00
4.869899999558842468e+10 1.812467069611003012e+00 -2.601867735192865183e+00
4.869899999532489777e+10 1.477028841021540639e+00 -2.970916647634954444e+00
4.869899999565760803e+10 1.191606787102555076e+00 -3.325878463556066311e+00
4.869899999619417572e+10 1.059979244837611301e+00 -3.212165129578279377e+00
4.869899999613465881e+10 8.256877323599356444e-01 -3.721799173018013107e+00
4.869899999644364929e+10 3.553402943760486932e-01 -3.683609205738940684e+00
4.869899999642572021e+10 -7.363111519046883213e-02 -4.049428457020613159e+00
4.869899999628427124e+10 -2.510377278711301008e-01 -4.565839133012159934e+00
4.869899999587474823e+10 -8.657458534719802978e-03 -4.868661575929070118e+00
4.869899999580910492e+10 1.440542688499790724e-01 -5.407671041623551389e+00
4.869899999564187622e+10 -3.492167443239865832e-01 -5.624186767314395041e+00
4.869899999562610626e+10 -5.569321418684731739e-01 -6.148369207509104761e+00
4.869899999560719299e+10 -1.075567754619692895e+00 -6.369323939837662429e+00
4.869899999594660950e+10 -8.456258997367793739e-01 -5.981916398511470057e+00
4.869899999641315460e+10 -6.108017130721925536e-01 -6.194880868340548297e+00
4.869899999683802032e+10 -7.340989540751565734e-01 -6.544809857778454365e+00
4.869899999718720245e+10 -2.948138203508420263e-01 -6.487679536620037268e+00
4.869899999739878845e+10 -3.911516977826311470e-01 -7.001598726168762887e+00
4.869899999749201202e+10 -3.673392959082592002e-01 -6.445808100218193282e+00
4.869899999724378967e+10 1.378769944016187132e-01 -6.481917635140589162e+00
4.869899999733813477e+10 2.165140639800274269e-01 -5.931393514595424854e+00
4.869899999756333923e+10 6.183703540021738831e-01 -5.605884347216578689e+00
4.869899999752538300e+10 1.179461304048492476e+00 -5.562319303812123472e+00
4.869899999698311615e+10 1.072468675877521704e+00 -5.674821761085395266e+00
4.869899999719358063e+10 1.074116352155592313e+00 -6.198141601777702903e+00
4.869899999678836060e+10 1.274547733835343921e+00 -5.860819491336969556e+00
4.869899999670526886e+10 1.401742110934178109e+00 -5.317607932642713919e+00
4.869899999676040649e+10 1.481160024631746452e+00 -4.761897280241425889e+00
4.869899999695192719e+10 1.160452918243260800e+00 -4.339254495989351312e+00
4.869899999693784332e+10 9.941287286479150165e-01 -3.800460088543063719e+00
4.869899999686666870e+10 9.929022711196685558e-01 -4.360008560048211912e+00
4.869899999714689636e+10 8.309540561055723806e-01 -4.821967868067347673e+00
4.869899999682024384e+10 1.288003032160475847e+00 -4.771309720272801869e+00
4.869899999715489960e+10 1.209059189586775052e+00 -4.324171184066163853e+00
4.869899999737465668e+10 1.061068648695354444e+00 -4.822133071345765742e+00
4.869899999789664459e+10 9.170799221800365331e-01 -4.980114101919613567e+00
4.869899999775428009e+10 1.108226601383234033e+00 -4.468882783124508151e+00
4.869899999768276215e+10 5.670257001802097019e-01 -4.326939369641483069e+00
4.869899999805994415e+10 1.687634952036257685e-01 -4.458406670421978468e+00
4.869899999775213623e+10 4.261443373665113610e-01 -4.854854400054771091e+00
4.869899999828183746e+10 5.962592716220099787e-01 -4.947809410610891412e+00
4.869899999825022888e+10 3.919818434465611734e-01 -4.422992028592473979e+00
4.869899999871284485e+10 7.299774593418179025e-02 -4.471933286379456973e+00
4.869899999927515411e+10 1.085293311926096016e-01 -4.498484725319209510e+00
4.869899999935478210e+10 6.096040092406924682e-01 -4.744949365488204229e+00
4.869899999930569458e+10 6.655346589958526238e-01 -5.304077326545936444e+00
4.869899999926782990e+10 1.201962449160950186e+00 -5.474292735248758035e+00
4.869899999969535065e+10 1.516550096201181086e+00 -5.283452809569446629e+00
4.869899999948529816e+10 1.003081734842315109e+00 -5.385375673678922226e+00
4.869899999942513275e+10 6.537811570583327292e-01 -5.824159360821383302e+00
4.869899999936691284e+10 1.089802046687962322e+00 -6.177228735941379334e+00
4.869899999921097565e+10 6.029127889775625082e-01 -5.938935835907868110e+00
4.869899999914400482e+10 1.084732862147428367e+00 -5.653409335591954132e+00
4.869899999943383026e+10 9.672547238506621348e-01 -6.122835973089722827e+00
4.869899999975594330e+10 1.362447399107008961e+00 -5.881533732633630329e+00
4.869899999929666138e+10 1.041299007985364344e+00 -5.945436228868011597e+00
4.869899999961506653e+10 1.504649586825322016e+00 -5.991119949854142313e+00
4.869899999955475616e+10 1.530017207111754374e+00 -5.430869157097012234e+00
4.869899999924293518e+10 1.723639853614513218e+00 -5.859165674105776489e+00
4.869899999950774384e+10 1.360188555966849400e+00 -6.199667257069166659e+00
4.869899999966513062e+10 1.431409378314496328e+00 -6.736619477958095459e+00
4.869899999918507385e+10 1.569859054377719998e+00 -6.998417871622784503e+00
4.869899999920298767e+10 1.592240051296950565e+00 -7.561746927606703750e+00
4.869899999968572998e+10 1.767493257514610283e+00 -7.328492503647597189e+00
4.869899999995436859e+10 1.487278509215522293e+00 -7.737727636090799166e+00
4.869899999939453125e+10 1.553127568620477295e+00 -7.717550911882891995e+00
4.869899999995468903e+10 1.618104755315163956e+00 -7.730189196233832938e+00
4.869900000002468872e+10 1.223777939852228602e+00 -8.127388831756469756e+00
4.869899999964778900e+10 1.643427182597717140e+00 -8.129086194671577559e+00
4.869900000019892120e+10 1.669257103516650353e+00 -8.246349622602753726e+00
