6.261300000000000000e+10 0.000000000000000000e+00 0.000000000000000000e+00
6.261299999853027344e+10 -3.487512911287356521e-01 1.014474050349362805e-01
6.261299999846689606e+10 -5.035094175632233160e-01 -1.403227514263358122e+00
6.261299999830135345e+10 -6.371044390437631266e-01 9.569268714992595903e-02
6.261299999796466064e+10 2.477149085517893479e-01 1.277110816024410678e+00
6.261299999840213776e+10 6.313737875038130110e-01 -1.205409627036864162e-01
6.261299999862417603e+10 9.672125151802798415e-01 -1.579967545434266096e+00
6.261299999788354492e+10 1.705733741558394634e+00 -2.674531154079756501e+00
6.261299999815861511e+10 1.551827881293608602e+00 -1.193767221947274360e+00
6.261299999688233948e+10 1.798850169138499933e+00 -4.178073667505354249e-01
6.261299999680187225e+10 3.616058860544675291e-01 -8.867072481019491192e-01
6.261299999620841217e+10 3.663626562375461582e-01 -2.279472107265845704e+00
6.261299999625341034e+10 1.460576601553622789e+00 -3.324787655360788019e+00
6.261299999661682129e+10 1.885057285165641083e-01 -2.588731033909678736e+00
6.261299999660036469e+10 -1.663818680123838600e-01 -1.117066090041672455e+00
6.261299999764032745e+10 -6.569635850715748182e-01 -2.101863458767920356e+00
6.261299999854224396e+10 5.400639074438985388e-01 -1.888110492742540503e+00
6.261299999924943542e+10 -6.059518241880890166e-02 -6.918247922530518235e-01
6.261299999919802094e+10 -3.158556776205303507e-01 -2.183204072124254935e+00
6.261299999962913513e+10 5.297220593914596654e-01 -3.362675410812868915e+00
6.261300000080330658e+10 1.433688363177665348e+00 -3.672810291613898936e+00
