1.391400000000000000e+10 0.000000000000000000e+00 0.000000000000000000e+00
1.391399999977969933e+10 -1.825171475364894824e-01 8.916008331721997360e-02
1.391399999997900009e+10 -3.433294411916250621e-01 2.447650789687840223e-01
1.391399999982307243e+10 -9.517047593162561436e-02 1.823349400960758149e-01
1.391399999983087349e+10 -1.022495294951123179e-01 -1.171364839366707544e-01
1.391399999961371231e+10 1.021501551173926159e-01 -8.787394648041874090e-02
1.391399999981092644e+10 3.268065176060619414e-01 -6.713142646405798053e-02
1.391399999987259102e+10 2.874314049836493856e-01 -3.577190852900365980e-01
1.391399999981039619e+10 5.259730299664679976e-01 -5.280831070419810258e-01
1.391399999961624527e+10 5.774916897521844561e-01 -7.504458402722934407e-01
1.391399999958218956e+10 4.996522422232881344e-01 -4.630866379348983486e-01
1.391399999970910072e+10 2.515232124208686693e-01 -5.731762132647436614e-01
1.391399999973849869e+10 5.348759058641179287e-01 -6.661335594375794589e-01
1.391399999948377228e+10 6.688606409631038252e-01 -7.495386632722277342e-01
1.391399999968681908e+10 8.201127428065505542e-01 -5.892622047652567030e-01
1.391399999994881058e+10 7.488829592785355427e-01 -4.624530869132055799e-01
1.391400000017061615e+10 6.904473158884579798e-01 -2.696276658939389392e-01
