1.391400000000000000e+10 0.000000000000000000e+00 0.000000000000000000e+00
1.391399999976656342e+10 1.168398690200601192e-01 1.471389848493350194e-01
1.391399999964315987e+10 3.490174039657248373e-02 4.076230447340920549e-01
1.391399999952569580e+10 2.078396771730374459e-02 6.829351690565820254e-01
1.391399999972666931e+10 2.412183908884236727e-01 7.114338408573080974e-01
1.391399999976616096e+10 2.605990697016857260e-01 4.150238799040966708e-01
1.391399999968817329e+10 4.250602473102708112e-01 1.769808049235542524e-01
1.391399999946400642e+10 3.904369900335202814e-01 -1.883620584831044442e-02
1.391399999945545578e+10 1.116456083696250046e-01 -1.283641420836330038e-01
1.391399999946280861e+10 1.184218384089530535e-01 -4.278538999620699612e-01
1.391399999973570633e+10 1.449397813405507995e-01 -3.069482520266342274e-01
1.391399999950531769e+10 6.458713739914639929e-02 -1.329979704810296814e-01
1.391399999951175308e+10 1.102295843528566383e-01 -4.290882748664612278e-01
1.391399999977280426e+10 5.641282030029982908e-02 -5.660203718720938637e-01
1.391399999998204422e+10 6.428536742318180508e-02 -3.516583577453351594e-01
1.391400000010182571e+10 -1.221199086157162550e-01 -1.499167995027013978e-01
