6.957000000000000000e+09 0.000000000000000000e+00 0.000000000000000000e+00
6.956999999831567764e+09 -1.667600484086595100e-02 2.361924816337435118e-01
6.956999999579033852e+09 -4.023151227543633746e-02 9.439512611258021879e-02
6.956999999732242584e+09 -2.675509084193612996e-01 1.907671288491605832e-01
6.956999999842050552e+09 -4.453033208095217299e-01 3.927096940844361228e-01
6.956999999773235321e+09 -4.902310544372919243e-01 1.139976498303933439e-01
6.956999999713140488e+09 -7.331642306065978554e-01 2.616681385589259556e-01
6.956999999598917961e+09 -6.080168424755768575e-01 4.977312705715691843e-01
6.956999999607637405e+09 -6.127653861062116736e-01 2.073248092591143954e-01
6.956999999364511490e+09 -6.979523091167064708e-01 7.290905202190167689e-02
6.956999999331350327e+09 -6.106700345759599191e-01 -2.022575556887900028e-01
6.956999999175362587e+09 -8.379794586701911907e-01 -1.104281820268559200e-01
6.956999999261282921e+09 -8.244913094271221210e-01 -3.876831707930812332e-01
6.956999999384441376e+09 -9.289177131438450807e-01 -1.461014532582273207e-01
6.956999999183423996e+09 -1.105480761381200772e+00 -3.273444002904410399e-02
6.956999999427350998e+09 -9.728043231732721452e-01 5.288733823412919421e-02
6.956999999138974190e+09 -9.497968052659312432e-01 2.561554961219727339e-02
6.956999998904473305e+09 -7.783500167606846043e-01 3.267687496493631299e-02
6.956999998860548973e+09 -7.106983806252307190e-01 3.118334611807433987e-01
6.956999998912405968e+09 -5.024274947161356808e-01 5.077123849324686189e-01
6.956999999049248695e+09 -5.715974021677383554e-01 7.545402525199522703e-01
6.956999999023097038e+09 -5.853882282226292588e-01 4.654720549199322654e-01
6.956999999006876945e+09 -5.978595379823296030e-01 7.553269635214476807e-01
6.956999998717879295e+09 -6.035729009149588542e-01 7.256288640395498479e-01
6.956999998429993629e+09 -6.426012353630848883e-01 7.314066197960474858e-01
6.956999998578305244e+09 -4.453364783763953394e-01 8.847843702664633936e-01
6.956999998843605995e+09 -3.761666876062496057e-01 9.810419113128635571e-01
6.956999999015281677e+09 -4.823728834778429619e-01 7.720389882467209031e-01
6.956999999143982887e+09 -7.312960392472487303e-01 6.951769246315864237e-01
6.956999999169013977e+09 -6.567829697953732060e-01 9.749192035539917534e-01
6.956999998951653481e+09 -5.337889808087390442e-01 8.263881345942341028e-01
6.956999999017179489e+09 -3.977657536811892158e-01 1.074659312836668379e+00
6.956999999138880730e+09 -5.392161361018033006e-01 1.297403835100170877e+00
6.956999998864029884e+09 -4.518787431859586645e-01 1.261854582132952540e+00
6.956999999152683258e+09 -4.254418525129359807e-01 1.241487709563827924e+00
6.956999999010808945e+09 -4.065123666093623522e-01 1.494366894099668608e+00
6.956999999014663696e+09 -3.695641838883992891e-01 1.782558623767069639e+00
6.956999998810742378e+09 -4.125957884547550303e-01 1.985040077061450248e+00
6.956999998782086372e+09 -4.111904626287662401e-01 2.274196330323928095e+00
6.956999999037438393e+09 -2.725538025024037969e-01 2.271110320938283689e+00
6.956999998867708206e+09 -4.686586023945785717e-01 2.140079866541250819e+00
6.956999998899720192e+09 -6.756922912599163666e-01 1.938717481265886944e+00
6.956999998701456070e+09 -8.616820572011318902e-01 1.836083451913031128e+00
6.956999998839133263e+09 -9.436562401592563099e-01 1.593679436651640247e+00
6.956999998759250641e+09 -9.629468297447780767e-01 1.314966058012509320e+00
6.956999998789028168e+09 -9.384582764136291111e-01 1.602973194541498669e+00
6.956999999068738937e+09 -9.965639920486286663e-01 1.549868866355096353e+00
6.956999999104943275e+09 -8.257377935049532436e-01 1.782123320718018267e+00
6.956999999148045540e+09 -8.791145909230667632e-01 1.499762550915068715e+00
6.956999998873558044e+09 -9.692876012928117735e-01 1.530744037313487516e+00
6.956999998884831429e+09 -8.191885393273541371e-01 1.779295191942263932e+00
6.956999999105518341e+09 -1.008207266353127629e+00 1.781228443517096416e+00
6.956999999071238518e+09 -9.524204276146387427e-01 2.064331318591072773e+00
6.956999999219849586e+09 -1.201834576536378263e+00 2.052427120419931139e+00
6.956999999102616310e+09 -1.180727859542034297e+00 2.317465696410956788e+00
6.956999999313640594e+09 -1.125924834095787030e+00 2.509559063699562387e+00
6.956999999316362381e+09 -1.416482513709379276e+00 2.507735658992791716e+00
6.956999999034640312e+09 -1.348258094456805889e+00 2.487418357109946854e+00
6.956999998809435844e+09 -1.405344060973144016e+00 2.661941837651480736e+00
6.956999998880763054e+09 -1.336550458136681829e+00 2.388785607900529850e+00
6.956999999017086029e+09 -1.178464824131821409e+00 2.186648436297634834e+00
6.956999999207628250e+09 -9.810751827658611424e-01 2.090912756191195321e+00
6.956999999002785683e+09 -7.820954984526492515e-01 2.037236841731829617e+00
6.956999999134903908e+09 -9.192254559956362092e-01 2.256724251615644050e+00
6.956999999072289467e+09 -7.242557603863998272e-01 2.050567148872906920e+00
6.956999999315154076e+09 -5.872614765074116727e-01 1.968813368090568394e+00
6.956999999602475166e+09 -5.551480938163740886e-01 1.997961637369864984e+00
6.956999999467205048e+09 -7.748155337278302968e-01 1.864235605016920205e+00
6.956999999201856613e+09 -8.910196977783856331e-01 1.841408988085844189e+00
6.956999999363205910e+09 -1.128010270052447694e+00 1.888699119686237937e+00
6.956999999353550911e+09 -1.059524177283250879e+00 1.606474140978351617e+00
6.956999999343210220e+09 -9.830299760041762980e-01 1.326338092340298314e+00
6.956999999242897987e+09 -8.977116003962969382e-01 1.067315578104337526e+00
6.956999999431753159e+09 -1.107031441029737051e+00 9.969356759751347719e-01
6.956999999278215408e+09 -9.836332679467035822e-01 7.833153769970460090e-01
6.956999999059668541e+09 -1.124498530556596876e+00 9.130410582907613204e-01
6.956999998962952614e+09 -1.166088957432740214e+00 1.183874498262647901e+00
6.956999998769335747e+09 -9.638034346894043258e-01 1.106235974804711475e+00
6.956999998480646133e+09 -9.354722063151332812e-01 1.089199702437249950e+00
6.956999998427303314e+09 -9.291058965412573034e-01 1.374766777266761775e+00
6.956999998373422623e+09 -6.750772515571875632e-01 1.244379777710211021e+00
6.956999998584774017e+09 -5.487364584499917486e-01 1.398662487026717915e+00
6.956999998579284668e+09 -5.469897234732702396e-01 1.108143443831034247e+00
6.956999998816368103e+09 -5.600647347559879474e-01 1.275639908659692567e+00
6.956999998817411423e+09 -4.110363808014740883e-01 1.525087217309421872e+00
6.956999998958088875e+09 -3.619371757975999859e-01 1.774553887886057169e+00
6.956999999078612328e+09 -5.831119828508807279e-01 1.629673631299624725e+00
6.956999999077364922e+09 -5.775602709569563897e-01 1.920194060109196021e+00
6.956999998945526123e+09 -3.448733172871377706e-01 2.033815712452443858e+00
6.956999998854205132e+09 -5.041791160847078901e-01 2.259019223447634506e+00
6.956999998591978073e+09 -5.162014408000868970e-01 2.383626965365627459e+00
6.956999998615917206e+09 -4.619072267657146624e-01 2.099173900491707823e+00
6.956999998712872505e+09 -4.659243256024451219e-01 2.373068253123578053e+00
6.956999998692553520e+09 -4.941730730447638775e-01 2.661553324154671163e+00
6.956999998820630074e+09 -5.312327390746780509e-01 2.919734541277108519e+00
6.956999998723483086e+09 -5.408633730595886480e-01 3.193421025436683713e+00
6.956999998955335617e+09 -5.157335136921431529e-01 3.366762769976577641e+00
6.956999998995518684e+09 -3.092084929336568755e-01 3.166345111456669414e+00
6.956999999061051369e+09 -2.605654155005840966e-01 3.445224711428603648e+00
6.956999998807312012e+09 -3.782688273258829614e-01 3.366506818043505156e+00
6.956999998723004341e+09 -2.502032195538649306e-01 3.613338484335720580e+00
6.956999998668916702e+09 -4.101823516206159481e-01 3.849803423309968053e+00
6.956999998662322998e+09 -4.687626078802483165e-01 4.134337030940423041e+00
6.956999998863785744e+09 -4.951476214418953359e-01 3.926608166053000115e+00
6.956999998753705978e+09 -6.153709319122691035e-01 4.167155893257231014e+00
6.956999998900256157e+09 -8.221375060360659459e-01 4.025010877632182904e+00
6.956999998924393654e+09 -7.948267132679089908e-01 3.736729799871306490e+00
6.956999998926975250e+09 -8.298594067644096128e-01 4.025174847386437271e+00
6.956999998895223618e+09 -7.660237704347159227e-01 3.743481110128168421e+00
6.956999998835249901e+09 -6.348861240136507433e-01 3.995752018727890764e+00
6.956999999091789246e+09 -5.021621069571771123e-01 4.027479370074168230e+00
6.956999999290657043e+09 -3.952463121331929452e-01 4.210386367868337310e+00
6.956999999054257393e+09 -2.418649551040988332e-01 4.281264180776689798e+00
6.956999998863365173e+09 -2.383980080009084901e-02 4.259821206158404649e+00
6.956999999059862137e+09 1.885381586187152292e-01 4.233006705153316673e+00
6.956999998917155266e+09 1.644036122546997658e-01 4.484972562969765875e+00
6.956999998790316582e+09 3.970228104367753419e-01 4.604281733180706659e+00
6.956999998760369301e+09 1.663214326247411390e-01 4.778392383288105449e+00
6.956999998472693443e+09 2.070870373012168031e-01 4.782314223183179891e+00
6.956999998298047066e+09 2.981407892284735350e-01 4.995954760236167580e+00
6.956999998151688576e+09 1.798819621233351818e-01 4.774530720030908171e+00
6.956999998418942451e+09 2.404871105573256895e-01 4.677902414789333108e+00
6.956999998337518692e+09 4.646056416552002410e-02 4.477507075502224154e+00
6.956999998499490738e+09 -1.209911348342813664e-01 4.651171741539379845e+00
6.956999998457072258e+09 -2.445168676513946315e-01 4.910741740839618785e+00
6.956999998635848045e+09 -4.248199237337538792e-01 5.052037342680194776e+00
6.956999998818519592e+09 -4.075060534603933138e-01 4.826724694491696610e+00
6.956999998814566612e+09 -3.423235157206558910e-01 4.543581433537915437e+00
6.956999998956562996e+09 -4.503871290577636799e-01 4.314247848813566932e+00
6.956999998807452202e+09 -4.330791855350859532e-01 4.563046967061833215e+00
6.956999998832066536e+09 -4.992769882447446461e-01 4.281184461835424671e+00
6.956999998788413048e+09 -4.709212762410834863e-01 3.995308889634996419e+00
6.956999998516563416e+09 -4.871065323920910628e-01 4.096651560274184867e+00
6.956999998470273018e+09 -4.776409969272081280e-01 3.809942517184367716e+00
6.956999998432661057e+09 -4.643033634813814592e-01 3.522119700370643258e+00
6.956999998661440849e+09 -5.994935832391823372e-01 3.639668989457795156e+00
6.956999998591241837e+09 -8.606467165549813725e-01 3.533340823151584598e+00
6.956999998833102226e+09 -8.998525278499056590e-01 3.689548951208602823e+00
6.956999999009142876e+09 -8.907925096965029210e-01 3.458546822952194955e+00
6.956999999075398445e+09 -7.305198450836670743e-01 3.691693560982208133e+00
6.956999999066697121e+09 -7.389285715964251100e-01 3.982017641001900365e+00
6.956999998899890900e+09 -8.867091522858597807e-01 4.168487595671175328e+00
6.956999999082488060e+09 -1.108855134707124934e+00 4.126727148087562469e+00
6.956999999242794037e+09 -1.105862687045150894e+00 3.884389789182649544e+00
6.956999999241725922e+09 -1.106300446229324885e+00 4.174963643692211512e+00
6.956999999332179070e+09 -9.903356633008832954e-01 3.924354722512562343e+00
6.956999999110794067e+09 -8.329619713498612743e-01 4.027587030281964076e+00
6.956999999107738495e+09 -8.644933575651680968e-01 3.738742896920142389e+00
6.956999999209729195e+09 -7.665237286041175491e-01 3.484903535230804650e+00
6.956999999324591637e+09 -5.010917233672258497e-01 3.512955818335639524e+00
6.956999999330725670e+09 -3.728237266775265013e-01 3.252294757417464321e+00
6.956999999600098610e+09 -2.851497568404569583e-01 3.187593925805446204e+00
6.956999999346633911e+09 -3.385313460927646401e-01 3.055910142688149644e+00
6.956999999361117363e+09 -2.113358865892613347e-01 3.316766525088513884e+00
6.956999999630202293e+09 -1.058281578476961970e-01 3.346701715012772027e+00
6.956999999786212921e+09 -3.078511120815771718e-02 3.113326915425512098e+00
6.956999999768847466e+09 1.052263394972667576e-02 3.400427258378488915e+00
6.956999999789440155e+09 -2.038450242676640434e-01 3.205345333026766497e+00
6.956999999934301376e+09 -4.547181196479195275e-01 3.227982978431253702e+00
6.956999999828625679e+09 -6.930418473457916617e-01 3.356314395745330970e+00
6.956999999824835777e+09 -5.666984799553713703e-01 3.617958219903564476e+00
6.956999999755516052e+09 -3.335516286192155011e-01 3.458986970548316719e+00
6.956999999743630409e+09 -3.407179369643529299e-01 3.168742474006557508e+00
6.956999999531511307e+09 -2.296755066522362387e-01 3.004092471477026294e+00
6.956999999267143250e+09 -1.868278991006306622e-01 3.116822817531423429e+00
6.956999999062692642e+09 -1.926079676493503423e-01 3.323223215763716265e+00
6.956999999059749603e+09 -2.041485880208847303e-01 3.032891250720284315e+00
6.956999998916890144e+09 2.811346199975969795e-02 2.932491850503838204e+00
6.956999998906558037e+09 2.133755935677433477e-02 3.222805189365873346e+00
6.956999998826388359e+09 -1.780268610471992530e-01 3.027200541814611068e+00
6.956999998915659904e+09 -4.540561090747620154e-01 3.043720317655002727e+00
6.956999998958251953e+09 -5.689950353343998790e-01 3.307177098432801721e+00
6.956999998843585968e+09 -3.489171359234138903e-01 3.458345764433056857e+00
6.956999998574874878e+09 -4.556588532590470919e-01 3.429451978057731054e+00
6.956999998781693459e+09 -2.548572915450467713e-01 3.392856466671517524e+00
6.956999998835401535e+09 6.391534986641356220e-03 3.508177682544117104e+00
6.956999998580490112e+09 -1.142185503768546398e-02 3.646514886578090309e+00
6.956999998537388802e+09 9.149178549865698284e-02 3.378213674482869688e+00
6.956999998652026176e+09 3.400332839757579384e-01 3.475783515838621440e+00
6.956999998840300560e+09 2.240726198054504847e-01 3.664304732937353926e+00
6.956999998767907143e+09 -5.219697465889319710e-02 3.610743725220735723e+00
6.956999998645775795e+09 -1.425040294527247231e-01 3.858459356862769418e+00
6.956999998710144043e+09 -2.509394731526196631e-01 3.596671329361109670e+00
6.956999998559141159e+09 -4.985447549922710220e-01 3.614675246909849093e+00
6.956999998504506111e+09 -2.463457813575182231e-01 3.748261161350609605e+00
6.956999998750684738e+09 -9.467028772360455702e-02 3.719534527942378599e+00
6.956999998767872810e+09 -7.708093605336782672e-02 4.009068075661211594e+00
6.956999998692472458e+09 2.001871736012055536e-01 4.052330623043427948e+00
6.956999998774671555e+09 3.550419937953840366e-01 4.284058296087297713e+00
6.956999998505170822e+09 4.618999102901725218e-01 4.303683786625403407e+00
6.956999998512828827e+09 4.685779052445868675e-01 4.013285330633451942e+00
6.956999998387962341e+09 2.228170316744567392e-01 3.921392165993881740e+00
6.956999998494296074e+09 1.845971020508998528e-01 3.653685575117775031e+00
6.956999998758999825e+09 2.681065117484332516e-01 3.567705303326840216e+00
6.956999998972727776e+09 3.080060365647557807e-01 3.374928333260756919e+00
6.956999999131771088e+09 1.102902960569689117e-01 3.233336270597090500e+00
6.956999999107433319e+09 7.682564216797603540e-02 3.520951112085988211e+00
6.956999999272394180e+09 -1.052497647821143412e-04 3.294447452537355048e+00
6.956999999111581802e+09 4.056362684948912334e-02 3.533026419530225226e+00
6.956999999106410027e+09 4.552776802961516767e-02 3.823514131979802499e+00
6.956999999032165527e+09 1.885402200143030116e-01 4.065319220429117308e+00
6.956999999058134079e+09 3.215459944381557911e-01 4.322359283375282857e+00
6.956999999286889076e+09 1.974545912687623583e-01 4.193103484219840027e+00
6.956999999308634758e+09 1.030858563745271766e-01 4.467067270118043609e+00
6.956999999322455406e+09 2.349781885847083973e-02 4.187945004566461904e+00
6.956999999376255035e+09 3.089973788803463406e-01 4.193427267571327555e+00
6.956999999366955757e+09 3.231139256028268680e-01 3.903343252331492597e+00
6.956999999318136215e+09 1.539695693739922822e-01 4.134517078883871655e+00
6.956999999303700447e+09 4.195956139145923247e-01 4.251431206473421653e+00
6.956999999563250542e+09 3.890570145932131796e-01 4.378456396969433229e+00
6.956999999540160179e+09 3.344853246932932289e-01 4.662926548100315038e+00
6.956999999704647064e+09 9.872684863078157180e-02 4.705311479056090818e+00
6.956999999620167732e+09 3.321419281662424949e-01 4.554264740153866953e+00
6.956999999513122559e+09 6.015587737744833019e-01 4.534507669715978295e+00
6.956999999677489281e+09 8.380347736605324727e-01 4.495813858806281260e+00
6.956999999665390015e+09 1.095685223410354681e+00 4.629620987845517455e+00
6.956999999732048988e+09 1.147910195114337339e+00 4.351657673452598907e+00
6.956999999678972244e+09 1.268889983961726919e+00 4.092850283354379393e+00
6.956999999845388412e+09 1.281729840960021960e+00 4.330705845923890962e+00
6.957000000113967896e+09 1.209190095718629898e+00 4.246816143192271298e+00
