5.565600000000000000e+10 0.000000000000000000e+00 0.000000000000000000e+00
5.565600000005111694e+10 -5.270275372270954994e-01 -5.984586270308493994e-01
5.565599999947891998e+10 -9.878851452779366937e-01 -9.126644436065611821e-01
5.565599999997768402e+10 -8.671377388886739590e-01 -1.525184774773953533e+00
5.565599999932363892e+10 -1.042047183890572271e+00 -1.949627290261312096e+00
5.565599999926092529e+10 -1.014488172118196196e+00 -1.153492147461546491e+00
5.565599999931922913e+10 -1.459977048582447701e+00 -1.814297555176151544e+00
5.565599999853029633e+10 -1.449848348126934416e+00 -1.687795778589648465e+00
5.565599999903909302e+10 -1.578267098432918347e+00 -1.085171762357069802e+00
5.565599999929579163e+10 -1.784612346135062033e+00 -3.571246205735479906e-01
5.565599999992753601e+10 -1.295526448697311483e+00 -3.423268961552518030e-01
5.565599999990436554e+10 -1.285339207589207389e+00 -1.141002774212367399e+00
5.565599999987223816e+10 -2.059969406577027318e+00 -1.334496445270997311e+00
5.565599999984079742e+10 -2.209766773779410443e+00 -2.118777061495077163e+00
5.565599999905067444e+10 -2.111465619088426671e+00 -2.186369186039703649e+00
5.565599999884069824e+10 -2.779906707210528793e+00 -2.570584501358273766e+00
5.565599999884612274e+10 -3.112033188396365890e+00 -3.297348862246324064e+00
5.565599999933834839e+10 -3.073861029208404982e+00 -2.669035174033642654e+00
5.565599999972004700e+10 -3.098903026063354105e+00 -3.370607212686037357e+00
5.565599999975740814e+10 -2.986304991218655225e+00 -4.160828501783894851e+00
5.565599999903014374e+10 -3.036304836989077049e+00 -4.488098198724106425e+00
5.565599999939848328e+10 -3.658191899423222537e+00 -4.828842305334305252e+00
5.565599999922787476e+10 -2.885098112981550056e+00 -4.937204521158990111e+00
5.565599999949157715e+10 -2.431006248092793864e+00 -4.334886217920379536e+00
5.565599999973626709e+10 -2.134717156667943705e+00 -5.035501821079019003e+00
5.565599999900634003e+10 -2.004067492212933121e+00 -5.333262619545337202e+00
5.565599999847085571e+10 -2.590368176094176800e+00 -5.243623013452320514e+00
5.565599999822197723e+10 -3.328879089389739754e+00 -5.067033143890473212e+00
5.565599999856352997e+10 -4.049894122165222043e+00 -5.111806005122318197e+00
5.565599999776918030e+10 -3.964724633854950220e+00 -5.095077020601266327e+00
5.565599999768376160e+10 -3.937446338035907711e+00 -5.889107007702023999e+00
5.565599999768897247e+10 -4.725873979648131495e+00 -6.019024443864561924e+00
5.565599999705770111e+10 -4.617516109556544457e+00 -5.541241056238510154e+00
5.565599999704464722e+10 -4.630364207701295420e+00 -4.742374105665746242e+00
5.565599999741094971e+10 -4.090769036775347089e+00 -5.204089265481709248e+00
5.565599999693334198e+10 -3.462552397215450384e+00 -5.078544063193553448e+00
5.565599999710818481e+10 -3.710162567731262406e+00 -5.817897647021714747e+00
5.565599999687740326e+10 -4.468866791769712243e+00 -5.916039137770742862e+00
5.565599999724822998e+10 -4.125648904812262430e+00 -6.535082158137560882e+00
5.565599999731743622e+10 -4.898881097239064175e+00 -6.724413199741165137e+00
5.565599999786736298e+10 -4.853962249117934391e+00 -6.146414008021344522e+00
5.565599999790854645e+10 -4.837180098111261373e+00 -6.944252507449560241e+00
5.565599999769227600e+10 -5.365878672244914327e+00 -7.503026326854364214e+00
5.565599999692129517e+10 -5.397250258275283485e+00 -7.295348179473635675e+00
5.565599999646479034e+10 -6.027046583621411990e+00 -7.112360658007870207e+00
5.565599999622405243e+10 -5.370140623760705445e+00 -6.726299437312761142e+00
5.565599999595110321e+10 -4.687612629574776868e+00 -6.412968289741440842e+00
5.565599999547395325e+10 -4.046761362970324960e+00 -6.400305320976500845e+00
5.565599999534292603e+10 -3.996103627051719176e+00 -7.186936597053439790e+00
5.565599999511760712e+10 -4.357291270464306088e+00 -7.863176386440162702e+00
5.565599999519327545e+10 -4.307909157110740850e+00 -7.069224824497702286e+00
5.565599999550760651e+10 -4.916192050881620368e+00 -6.657265970224277574e+00
5.565599999601813507e+10 -5.240893120131076444e+00 -6.135292059051479896e+00
5.565599999589556122e+10 -4.666872683426821489e+00 -5.593074058467285781e+00
5.565599999606679535e+10 -4.430611397670780605e+00 -4.849176518402892988e+00
5.565599999602038574e+10 -5.109078889469773621e+00 -5.268761868288525108e+00
5.565599999608039856e+10 -5.109014319660824199e+00 -6.065582043455437500e+00
5.565599999669862366e+10 -4.878175888050925835e+00 -6.516178208813619754e+00
5.565599999678579712e+10 -4.914040724299391094e+00 -7.309675615740902188e+00
5.565599999723876953e+10 -4.648295466199548365e+00 -7.911939626078741128e+00
5.565599999749301910e+10 -4.828696587073062041e+00 -8.647695525860200405e+00
5.565599999823484802e+10 -4.540677942970351211e+00 -8.720251493851801428e+00
5.565599999857373047e+10 -5.102913198648941773e+00 -8.264650502118980668e+00
5.565599999843911743e+10 -5.629389952605053260e+00 -7.678796089970212790e+00
5.565599999824269104e+10 -5.658831980971362086e+00 -8.452793779659225848e+00
5.565599999895805359e+10 -5.790997200991555793e+00 -8.783422697687473857e+00
5.565599999958184052e+10 -5.302010548571435500e+00 -8.681925135873321153e+00
5.565599999973056030e+10 -5.020297943549079100e+00 -9.414758373960781412e+00
5.565600000044735718e+10 -5.358700763620833030e+00 -9.515809291338660714e+00
