4.174200000000000000e+10 0.000000000000000000e+00 0.000000000000000000e+00
4.174200000006022644e+10 4.446987093859756657e-01 -2.553815025650122555e-02
4.174199999965018463e+10 6.286689321829911359e-01 -3.308625507307833002e-02
4.174199999967594147e+10 4.959738747217732335e-01 3.955920771263962132e-01
4.174199999955022430e+10 6.337152014710617509e-01 -1.337999180433369073e-02
4.174199999921652222e+10 7.308264625765407141e-01 -2.984220875583213362e-01
4.174199999919035339e+10 3.685672649556041569e-01 -3.362086662941099480e-02
4.174199999922337341e+10 4.678090137090384348e-01 4.035255764140914247e-01
4.174199999962954712e+10 2.753042090676485198e-01 4.026227900042618213e-01
4.174199999948904419e+10 2.231477471563015069e-01 -2.114026054272383215e-02
4.174199999935137939e+10 2.365253839497868382e-01 4.065346493509829351e-01
4.174199999923019409e+10 2.589342229714118315e-01 -2.572393084945340247e-02
4.174199999921460724e+10 3.765933824389525730e-01 -4.592555168465264903e-01
4.174199999916161346e+10 5.403058408492167342e-02 -1.507413292707164287e-01
4.174199999912627411e+10 5.863138088936577924e-02 2.973280927249580818e-01
4.174199999898338318e+10 3.105754425571090604e-01 -4.639062793897219539e-02
4.174199999864826202e+10 3.437914134985725623e-02 6.956695282115223089e-02
4.174199999896936798e+10 -1.855402229309667528e-01 2.944301967453160640e-01
4.174199999898303986e+10 2.370011754217864752e-01 1.417600040818116358e-01
4.174199999897375488e+10 3.908403917259997140e-01 -2.804764755649293839e-01
4.174199999893328094e+10 6.790736589806568579e-01 -6.229959852533204501e-01
4.174199999896891785e+10 5.368989520407250193e-01 -1.047910885997407560e+00
4.174199999896601105e+10 9.513373184918971770e-01 -8.739317217778999058e-01
4.174199999852774811e+10 1.051079522286744616e+00 -8.698532231433914186e-01
4.174199999834249878e+10 1.393103203072444618e+00 -6.446025020985637344e-01
4.174199999807615662e+10 1.532886499174192840e+00 -3.106001853500871546e-01
4.174199999792440033e+10 1.760491819170466821e+00 4.605531481613639455e-02
4.174199999793829346e+10 1.540544216545435940e+00 -3.456925592803152814e-01
4.174199999787381744e+10 1.494502717051642060e+00 -7.881391669672634936e-01
4.174199999776126862e+10 1.737255816787111495e+00 -1.149304232225731415e+00
4.174199999813621521e+10 1.904894382730473845e+00 -1.331924714683223154e+00
4.174199999814006042e+10 1.790578063494295380e+00 -8.972370875772816001e-01
4.174199999850290680e+10 1.593906766109435935e+00 -1.075280500574513187e+00
4.174199999873982239e+10 1.281596857761809760e+00 -8.553502481058533613e-01
4.174199999837904358e+10 1.495434013542876972e+00 -6.936503715969116746e-01
4.174199999865636444e+10 1.756093818788610594e+00 -4.545101185280816525e-01
4.174199999892752075e+10 1.928521848780853087e+00 -7.688045991262644208e-01
4.174199999910238647e+10 2.307066375119453561e+00 -6.009855462979556417e-01
4.174199999867005157e+10 2.429327166365192525e+00 -5.877641585253130518e-01
4.174199999830078125e+10 2.367264613028023934e+00 -8.364131616260912505e-01
4.174199999874394989e+10 2.423410027240449516e+00 -7.865891738006887124e-01
4.174199999847537231e+10 2.180048246009841595e+00 -5.207338613425567253e-01
4.174199999846184540e+10 2.222585868982275503e+00 -7.347109060839951411e-02
4.174199999847222900e+10 2.230677916363683178e+00 -5.227627988496852396e-01
4.174199999822343445e+10 2.211720805785746702e+00 -8.966298120092665025e-01
4.174199999813816833e+10 2.429163989963107007e+00 -1.280666326414269029e+00
4.174199999849695587e+10 2.492268007058207946e+00 -1.017371249694064561e+00
4.174199999818044281e+10 2.658933245867119322e+00 -1.289548270589423673e+00
4.174199999829215240e+10 2.403497123344042752e+00 -1.642125162302223718e+00
4.174199999801528931e+10 2.493003792059513835e+00 -1.299531771405718406e+00
4.174199999807264709e+10 2.543065264264140257e+00 -8.565411665466557967e-01
4.174199999788407135e+10 2.527728639514528197e+00 -1.264268430430222079e+00
4.174199999797409821e+10 2.404853649568327256e+00 -8.413816835381708881e-01
4.174199999777783203e+10 2.000524967205423277e+00 -8.471594162157686236e-01
4.174199999821879578e+10 2.074830347722733226e+00 -8.017304173364543374e-01
4.174199999812335968e+10 2.079238801757533839e+00 -1.240943897813822527e+00
4.174199999811592865e+10 2.081116595906598032e+00 -1.690363121422126857e+00
4.174199999786706543e+10 1.831188494779229847e+00 -1.968998536606360927e+00
4.174199999797180939e+10 2.230992768794254122e+00 -2.145696657792121265e+00
4.174199999775482178e+10 2.022790161046941204e+00 -2.479769968740810349e+00
4.174199999774816895e+10 2.067646384892125599e+00 -2.032578750512728849e+00
4.174199999773474884e+10 2.447846485795437843e+00 -2.271961664047772000e+00
4.174199999753018951e+10 2.267185762793701542e+00 -1.914813771263271569e+00
4.174199999793678284e+10 2.135977233454068536e+00 -2.054474233788639470e+00
4.174199999820488739e+10 2.221916778387753588e+00 -1.704087881772941016e+00
4.174199999811829376e+10 2.598173095677708488e+00 -1.473937666952805481e+00
4.174199999809128571e+10 2.766135041307099751e+00 -1.057889837743964501e+00
4.174199999801890564e+10 3.150650276703509611e+00 -1.279126115447788647e+00
4.174199999809549713e+10 3.581675905321491715e+00 -1.177209681362751503e+00
4.174199999824401093e+10 3.568832644045363267e+00 -7.531640943859170267e-01
4.174199999781896973e+10 3.435160268633060454e+00 -6.939339984604768752e-01
4.174199999742403412e+10 3.480135439966421274e+00 -9.037941645478572150e-01
4.174199999741698456e+10 3.517005725630032220e+00 -1.351708495913547914e+00
4.174199999720468903e+10 3.623583956246760884e+00 -1.733296411125091696e+00
4.174199999714289856e+10 3.354684248911236288e+00 -2.088135518719553385e+00
4.174199999741389465e+10 3.694006347831202408e+00 -1.972127152842413800e+00
4.174199999706372070e+10 3.644580533813730483e+00 -1.694688671199127583e+00
4.174199999662087250e+10 3.721343997033805362e+00 -1.689231857967749661e+00
4.174199999667319489e+10 3.352234734594003562e+00 -1.438120037334314816e+00
4.174199999666922760e+10 3.349969923112303682e+00 -1.887581333621823676e+00
4.174199999637463379e+10 3.112950504689886877e+00 -1.644529908387666550e+00
4.174199999600997925e+10 3.280080587543177106e+00 -1.847337732963080459e+00
4.174199999644029236e+10 3.367763296762668279e+00 -1.751537462207658269e+00
4.174199999660131836e+10 3.449726856624682814e+00 -2.163107086357288988e+00
4.174199999654860687e+10 3.413743783556133948e+00 -1.718176337485095573e+00
4.174199999682677460e+10 3.063199836544211685e+00 -1.675987802055894260e+00
4.174199999684648895e+10 3.331897382472783331e+00 -1.316197238090100807e+00
4.174199999680021667e+10 3.366487136071993902e+00 -8.704412128974525764e-01
4.174199999696389771e+10 2.972658952046172587e+00 -1.012373847092665757e+00
4.174199999696848297e+10 2.965576973946347117e+00 -5.629685342968548944e-01
4.174199999706991577e+10 2.580676951085057347e+00 -7.717751880026884059e-01
4.174199999706887817e+10 2.584739933890848107e+00 -1.221240163664393030e+00
4.174199999683158112e+10 2.764166343503353662e+00 -1.558185555386275345e+00
4.174199999690035248e+10 2.586652655210307294e+00 -1.965365276851696930e+00
4.174199999708406067e+10 2.361825292580777891e+00 -1.622232300786228265e+00
4.174199999708382416e+10 2.324901683675500763e+00 -1.174266967038774645e+00
4.174199999715557098e+10 2.715989656834256305e+00 -9.646504271337413838e-01
4.174199999708660889e+10 3.158300227681659411e+00 -9.241265077963493058e-01
4.174199999712492371e+10 3.535720547592293261e+00 -6.830405303010274043e-01
4.174199999709708405e+10 3.723261216072058843e+00 -2.754991118009162965e-01
4.174199999674059296e+10 3.529997475357954606e+00 -8.159416154724030701e-02
4.174199999707703400e+10 3.467525669308641589e+00 2.098504220240014484e-01
4.174199999709559631e+10 3.404394070833776542e+00 -2.347910778902144724e-01
4.174199999690495300e+10 3.628005453184540485e+00 -5.749229223198153438e-01
4.174199999688464355e+10 3.631794085215211965e+00 -1.259136028397481732e-01
4.174199999653162384e+10 3.742849643148264072e+00 -3.810235896977338110e-01
4.174199999630662537e+10 3.541397348858241756e+00 -7.139347011029657519e-01
4.174199999666992950e+10 3.803325863316828759e+00 -7.518610083230853336e-01
4.174199999664018250e+10 3.782061497172462428e+00 -3.038663312072032441e-01
4.174199999639904785e+10 4.097603639217615168e+00 -5.144005662019148772e-01
4.174199999609177399e+10 3.777850411944697395e+00 -5.877241012188350044e-01
4.174199999581076050e+10 3.753240491976433724e+00 -9.376724755315481996e-01
4.174199999560176086e+10 3.949560075326763009e+00 -1.283813014203552427e+00
4.174199999530019379e+10 4.224389860865886526e+00 -1.472390838434021187e+00
4.174199999518490601e+10 3.988766086247525600e+00 -1.837392125884890426e+00
4.174199999557813263e+10 3.775434893999603414e+00 -1.793839785535395581e+00
4.174199999577221680e+10 3.379034276130895798e+00 -1.708793231732537610e+00
4.174199999610141754e+10 3.625077862959356967e+00 -1.526794053947429397e+00
4.174199999652779388e+10 3.708882167605963787e+00 -1.641756566524159799e+00
4.174199999684517670e+10 3.704692678713363829e+00 -1.960010862340026305e+00
4.174199999671786499e+10 3.525057940280104329e+00 -1.568143638360748104e+00
4.174199999672857666e+10 3.081294759442176900e+00 -1.638825148588238800e+00
4.174199999634747314e+10 2.908653773062964465e+00 -1.474528252725551436e+00
4.174199999677013397e+10 2.819654891931217211e+00 -1.598933064121494718e+00
4.174199999720500183e+10 2.874828199851097832e+00 -1.698344689523894724e+00
4.174199999715404510e+10 2.871716277842946141e+00 -1.251768820717888087e+00
4.174199999694528198e+10 3.181471223565935702e+00 -1.001756169965506427e+00
4.174199999693786621e+10 3.187195906320126948e+00 -1.451143076029675960e+00
4.174199999698690033e+10 3.148284620086444718e+00 -1.896247844303805330e+00
4.174199999733870697e+10 3.112063187622116534e+00 -1.618836816011280044e+00
4.174199999771460724e+10 3.104103324999668345e+00 -1.865154108717073100e+00
4.174199999765493011e+10 2.662893975660101553e+00 -1.926877027241195917e+00
4.174199999772988892e+10 2.326025539180290647e+00 -2.214864208501131415e+00
4.174199999737075806e+10 2.510895800314987714e+00 -2.017667528908390295e+00
4.174199999736347198e+10 2.221898421718358385e+00 -1.673481833209870429e+00
4.174199999704176331e+10 2.503987366890844779e+00 -1.535762864687061358e+00
4.174199999719481659e+10 2.921385101877784329e+00 -1.469502940107429323e+00
4.174199999720114136e+10 2.615990456342215165e+00 -1.139759882490132936e+00
4.174199999724797821e+10 2.180404217812508261e+00 -1.039223957803484311e+00
4.174199999725360107e+10 2.419047312999669685e+00 -1.420083751832091012e+00
4.174199999712766266e+10 2.800928023364024799e+00 -1.620940427068518153e+00
4.174199999709095764e+10 2.633095102112751995e+00 -1.205583990729545585e+00
4.174199999727539062e+10 2.750199844115791770e+00 -1.598404917100647804e+00
4.174199999702654266e+10 2.492961906319740795e+00 -1.326489680415398720e+00
4.174199999737556458e+10 2.726434592224942222e+00 -1.166138783961399472e+00
4.174199999726168060e+10 2.884367465378585127e+00 -7.610167188849412678e-01
4.174199999725486755e+10 3.082959146020174401e+00 -3.578402318547315719e-01
4.174199999715863800e+10 3.475262497844952225e+00 -1.606756011205771884e-01
4.174199999711685181e+10 3.719024380075091063e+00 -5.360023159616905675e-01
4.174199999713301849e+10 3.535945435138239556e+00 -1.258108714961003738e-01
4.174199999714472198e+10 3.542796232071457663e+00 -5.750907778632763367e-01
4.174199999713555908e+10 3.539448658428259620e+00 -1.257121500307644690e-01
4.174199999713168335e+10 3.552457387112153420e+00 -5.749916591898071028e-01
4.174199999745985413e+10 3.245359056722652014e+00 -5.693400065106053454e-01
4.174199999713337708e+10 3.112823137754614500e+00 -8.484195796572451265e-01
4.174199999728878784e+10 3.256870907100426926e+00 -4.520176771566866702e-01
4.174199999724908447e+10 3.519685707790898288e+00 -8.954198597774276625e-02
4.174199999700596619e+10 3.716698969278353637e+00 2.331283269577876238e-01
4.174199999710493469e+10 3.881612127455158934e+00 6.393865621317936787e-01
4.174199999730203247e+10 4.177030642709846475e+00 9.149173904564186222e-01
4.174199999687805939e+10 4.308002061888928758e+00 9.865351273365178253e-01
4.174199999688167572e+10 4.020960963123089371e+00 1.332411810317223111e+00
4.174199999701949310e+10 3.949112611653441629e+00 9.106534235299321711e-01
4.174199999691597748e+10 3.973741773837560665e+00 4.739442197434177162e-01
4.174199999725421143e+10 4.264524148453906705e+00 4.184333785848678433e-01
4.174199999759405518e+10 4.552403433309892833e+00 4.790129181130785563e-01
4.174199999728534698e+10 4.667414619029734091e+00 7.848038882504646541e-01
4.174199999734109497e+10 4.425579263292370058e+00 1.159562578399213617e+00
4.174199999768639374e+10 4.529932359045460544e+00 8.913925931575361616e-01
4.174199999771211243e+10 4.178900321141155061e+00 1.170948015785212570e+00
4.174199999764447784e+10 4.520861274053456391e+00 1.454715764357438879e+00
4.174199999774517822e+10 4.471398181421639251e+00 1.019457788123284470e+00
4.174199999745546722e+10 4.127744333263135168e+00 1.017405713651743371e+00
4.174199999720153809e+10 4.353038903456359243e+00 1.312019833880568198e+00
4.174199999732223511e+10 4.417858712092068707e+00 8.839236317333382109e-01
4.174199999737334442e+10 4.338725379704529317e+00 4.444211066402837251e-01
4.174199999753046417e+10 4.378038695912723988e+00 8.637114366433304991e-01
4.174199999734697723e+10 4.281842549677183918e+00 4.648179440462169576e-01
4.174199999727600098e+10 4.292752933453904518e+00 2.110680555964777882e-02
4.174199999760408020e+10 3.988138749307590381e+00 6.126222311152398209e-02
4.174199999743953705e+10 4.018628672946201519e+00 -3.559088317806305413e-01
4.174199999734020996e+10 3.771403984168784529e+00 6.100617227066840176e-03
4.174199999729478455e+10 3.876829423756331661e+00 -4.284776999979839629e-01
4.174199999717321777e+10 3.444272675322585187e+00 -4.161157609208570030e-01
4.174199999701929474e+10 3.400566170181651859e+00 -8.361552632896018800e-01
4.174199999704701233e+10 3.029696626741234855e+00 -5.837193361942900616e-01
4.174199999726684570e+10 2.850053175158940633e+00 -9.321996614827317007e-01
4.174199999737529755e+10 2.418950619706526695e+00 -8.656767288031910201e-01
4.174199999771700287e+10 2.486417743648781542e+00 -1.149795969452545918e+00
4.174199999770814514e+10 2.734791191166945357e+00 -1.524320354675920530e+00
4.174199999739985657e+10 2.943505697141445498e+00 -1.272463796669028424e+00
4.174199999709862518e+10 2.908379916573073043e+00 -1.604221813369757665e+00
4.174199999740167236e+10 2.652331902429156951e+00 -1.815498602663280225e+00
4.174199999742401886e+10 2.663557111634918595e+00 -2.264286908761670158e+00
4.174199999726162720e+10 2.583132307119667015e+00 -1.852949961151178826e+00
4.174199999727980042e+10 2.599197424815441249e+00 -2.301779688408900348e+00
4.174199999733982849e+10 2.368702949049200424e+00 -2.682969029318252208e+00
4.174199999731022644e+10 2.314375842773189529e+00 -2.237762763534051125e+00
4.174199999726322937e+10 1.920726096890649437e+00 -2.025943605618240273e+00
4.174199999756845093e+10 1.598732934573825926e+00 -2.098036197171944117e+00
4.174199999722175598e+10 1.411119119455660709e+00 -2.313999546186590983e+00
4.174199999745742798e+10 1.690153121163485483e+00 -2.575983473470786045e+00
4.174199999732479095e+10 1.703824173126505137e+00 -3.005235294991098538e+00
4.174199999742355347e+10 1.267971844262272496e+00 -3.053357489446799633e+00
4.174199999766461945e+10 1.418193222074529025e+00 -3.401722445178563703e+00
4.174199999740595245e+10 1.581201974816806688e+00 -3.731201305276425906e+00
4.174199999725318909e+10 1.738198300947125352e+00 -4.123697132868810122e+00
4.174199999719490051e+10 1.701719462265136817e+00 -4.567891215177978026e+00
4.174199999693666077e+10 1.536530221787191453e+00 -4.239166131847517782e+00
4.174199999684827423e+10 1.957501413350957176e+00 -4.108752464010132499e+00
4.174199999688806915e+10 1.969618553651167892e+00 -3.661196887234849484e+00
4.174199999655702209e+10 1.869226945909296500e+00 -3.948193432751142762e+00
4.174199999615734100e+10 1.785564211752053376e+00 -3.760328555787744609e+00
4.174199999632374573e+10 1.526278013400925282e+00 -3.433043247801637055e+00
4.174199999658412170e+10 1.828682496974499916e+00 -3.639910609842983202e+00
4.174199999693376923e+10 1.563966087695706886e+00 -3.738440668154641155e+00
4.174199999682742310e+10 1.355782583106306616e+00 -3.354530575114271329e+00
4.174199999727600861e+10 1.372277568505327228e+00 -3.331458345155390521e+00
4.174199999700267029e+10 1.120285363970534576e+00 -3.078826042219214187e+00
4.174199999709494019e+10 1.502525839809739416e+00 -2.861076835325153667e+00
4.174199999699551392e+10 1.494309901656065032e+00 -3.299349566066714257e+00
4.174199999736756897e+10 1.490554754096781398e+00 -3.551529922593438027e+00
4.174199999723838806e+10 1.479238802634662120e+00 -3.121157344998047201e+00
4.174199999699069214e+10 1.212082651066347827e+00 -2.857888481229610367e+00
4.174199999702354431e+10 1.233668708956233706e+00 -2.410126159045893779e+00
4.174199999667423248e+10 1.103488141012506585e+00 -2.661264995774162312e+00
4.174199999657145691e+10 7.437362129330908900e-01 -2.412163101256799447e+00
4.174199999614105988e+10 6.512902349562287307e-01 -2.502976107655701554e+00
4.174199999629962158e+10 3.645896927018171807e-01 -2.810703919818749341e+00
4.174199999592633057e+10 3.718991856381781980e-01 -2.560428091212062274e+00
4.174199999621501923e+10 5.711903930758820414e-01 -2.279394552972838994e+00
4.174199999620449066e+10 1.654429617309084999e-01 -2.086276548957354038e+00
4.174199999613362885e+10 -2.774382118744870840e-01 -2.115791573953089699e+00
4.174199999654193878e+10 -2.344965833458407811e-01 -1.932828351166411496e+00
4.174199999676233673e+10 1.302356611466269354e-01 -1.789894338572320054e+00
4.174199999685973358e+10 8.064418295126982161e-03 -2.211348960144567943e+00
4.174199999663344574e+10 7.888405658190097980e-02 -2.593204417657344774e+00
4.174199999639589691e+10 2.295558926965042545e-02 -2.970668308530387769e+00
4.174199999643404388e+10 -3.924247920879586626e-01 -3.138121048288342152e+00
4.174199999629931641e+10 -1.809978780396903630e-03 -2.961190521599302183e+00
4.174199999633323669e+10 9.492304216904692837e-02 -3.398830435303940689e+00
4.174199999632307434e+10 9.682418643171027128e-02 -2.949464756250998132e+00
4.174199999591910553e+10 1.057369011652492669e-01 -2.752576390847951249e+00
4.174199999593200684e+10 2.005456065741363370e-01 -2.313394037061399455e+00
4.174199999563242340e+10 4.214888792477495261e-01 -2.565325063791970450e+00
4.174199999595710754e+10 3.939483710577115771e-01 -2.255717000343291812e+00
4.174199999627230835e+10 1.398113254483105972e-01 -2.450904322766011667e+00
4.174199999639852142e+10 5.497155746113393526e-01 -2.585383728808484882e+00
4.174199999657472992e+10 3.985585747326203521e-01 -2.970271240871289464e+00
4.174199999665234375e+10 8.073785036056182474e-01 -3.140208283883270113e+00
4.174199999654190826e+10 1.073024858615984067e+00 -3.485567732503698668e+00
4.174199999641316223e+10 8.821708763972527789e-01 -3.099515360607910885e+00
4.174199999638581848e+10 8.799107675872799295e-01 -3.548161500349141129e+00
4.174199999629669189e+10 8.642660953510263866e-01 -3.107879748511203299e+00
4.174199999620980835e+10 1.095632662912613853e+00 -2.732437605378839063e+00
4.174199999664054871e+10 1.204619993967518843e+00 -2.664464078461401098e+00
4.174199999645536804e+10 1.402079818358769936e+00 -2.305640029460410911e+00
4.174199999606817627e+10 1.381067256597674708e+00 -2.078318777628294534e+00
4.174199999618515015e+10 1.209546461766530800e+00 -2.476985165666769184e+00
4.174199999624974060e+10 1.426177535963044862e+00 -2.865488946088927236e+00
4.174199999625759125e+10 1.430232747159351447e+00 -3.314886650990256811e+00
4.174199999635525513e+10 1.560452809756390558e+00 -3.733862615801297746e+00
4.174199999635301208e+10 1.413553483732089111e+00 -4.158658938911766079e+00
4.174199999635230255e+10 1.375555137340170653e+00 -4.606533890850989188e+00
4.174199999651760101e+10 1.521928612495315747e+00 -4.215015489576614982e+00
4.174199999639862823e+10 1.595531415170750034e+00 -4.642173559146029582e+00
4.174199999617475891e+10 1.874116591345731830e+00 -4.369574598164181367e+00
4.174199999619036102e+10 2.046845545629287333e+00 -4.784252361117317776e+00
4.174199999631034088e+10 2.248769129752475671e+00 -5.167485104667653317e+00
4.174199999611044312e+10 1.878834013936020675e+00 -5.326306499870535838e+00
4.174199999623878479e+10 1.568568279483691263e+00 -5.625138708980846225e+00
4.174199999626161194e+10 1.436032217419340062e+00 -5.196245574760883557e+00
4.174199999632746124e+10 1.562323336493937287e+00 -5.622567579295091988e+00
4.174199999641632080e+10 1.561874265393459860e+00 -6.063181042830906087e+00
4.174199999603553772e+10 1.795730964386023309e+00 -6.111645502732302226e+00
4.174199999640025330e+10 1.587912835691208002e+00 -6.272368977699077419e+00
4.174199999602252197e+10 1.394020451183303644e+00 -6.124860095312495645e+00
4.174199999598741913e+10 1.215880824348148703e+00 -6.536041559375067145e+00
4.174199999604209137e+10 1.240618438619604191e+00 -6.981502478612802598e+00
4.174199999638459778e+10 1.477339405453418575e+00 -7.150873233365015125e+00
4.174199999678799438e+10 1.648276783575944204e+00 -7.050442898224590138e+00
4.174199999693531036e+10 2.070680155761330798e+00 -7.006747751609674779e+00
4.174199999717031860e+10 2.353407334708643273e+00 -6.748150893403770390e+00
4.174199999718954468e+10 2.157991709377880429e+00 -6.343825137489142563e+00
4.174199999727765656e+10 2.337235063020804748e+00 -6.746496397355838504e+00
4.174199999731307983e+10 1.891351704174712101e+00 -6.702115799373700611e+00
4.174199999714497375e+10 2.009037401948182477e+00 -7.102024887191213054e+00
4.174199999749007416e+10 1.864562277280680691e+00 -6.852884115787737151e+00
4.174199999723602295e+10 1.516433687676608910e+00 -6.980559944468449629e+00
4.174199999697167969e+10 1.446202644781571456e+00 -6.623872884951270024e+00
4.174199999652695465e+10 1.466067669462650880e+00 -6.686026993913073646e+00
4.174199999640401459e+10 1.252990998594088357e+00 -6.309835736138015960e+00
4.174199999609946442e+10 1.529805202547615428e+00 -6.490548738172822851e+00
4.174199999604138184e+10 1.835207787291087023e+00 -6.815189584495843889e+00
4.174199999620114899e+10 1.692678916216178386e+00 -7.210406798767709624e+00
4.174199999600070190e+10 1.559959395523147663e+00 -6.830613372434905628e+00
4.174199999581742096e+10 1.252723911860969874e+00 -6.558492199903284359e+00
4.174199999578040314e+10 8.847729640803685403e-01 -6.302996215650682466e+00
4.174199999591558838e+10 1.307743158969917330e+00 -6.372698888522675631e+00
4.174199999567670441e+10 1.249531431622050048e+00 -6.748975087484427426e+00
4.174199999566910553e+10 1.260391067914949481e+00 -6.299686037834478114e+00
4.174199999532440948e+10 1.543344022791582892e+00 -6.355887210426761413e+00
4.174199999550452423e+10 1.438058575959510588e+00 -6.754021373964217645e+00
4.174199999577213287e+10 1.389936092374210785e+00 -7.111939727459699156e+00
4.174199999535330200e+10 1.245121520961382622e+00 -7.036799481264141676e+00
4.174199999562767792e+10 8.946645110997555328e-01 -6.974085967186532287e+00
4.174199999526385498e+10 6.584043905037302302e-01 -6.856401209574694455e+00
4.174199999524990845e+10 6.727175391964116402e-01 -6.407361177991457879e+00
4.174199999508518219e+10 6.861003011793371797e-01 -6.825359208977793912e+00
4.174199999511582184e+10 6.515690494930337362e-01 -7.272466809034138890e+00
4.174199999545471954e+10 3.566569411894450203e-01 -7.257991962474733327e+00
4.174199999560356903e+10 7.578720341821494344e-01 -7.120490347375317164e+00
4.174199999557601929e+10 7.851730812569641671e-01 -7.568298265262560776e+00
4.174199999544078064e+10 1.171990391479694082e+00 -7.383582815559620371e+00
4.174199999572634888e+10 1.373428086540306570e+00 -7.100902373971327286e+00
4.174199999555042267e+10 1.047697442553732206e+00 -7.355827844612214506e+00
4.174199999592787933e+10 1.155882242853852437e+00 -7.574596720210997169e+00
4.174199999572033691e+10 1.250241318154260428e+00 -7.961969733287483919e+00
4.174199999585360718e+10 1.066444830597374827e+00 -8.349906606703472178e+00
4.174199999565730286e+10 6.847632802279901565e-01 -8.216409438101361928e+00
4.174199999583728027e+10 7.714075845695684830e-01 -7.813748188195278388e+00
4.174199999581831360e+10 5.317924212027111963e-01 -8.193565357134289684e+00
4.174199999577616119e+10 1.148553473320065299e-01 -8.356117827011553700e+00
4.174199999582644653e+10 1.280016108662806462e-01 -8.802587104522599404e+00
4.174199999549742126e+10 -2.556696196092281270e-02 -9.067530646600031830e+00
4.174199999514352417e+10 -1.992345740827543010e-01 -8.851580713600926131e+00
4.174199999517349243e+10 -2.034480405940749526e-01 -9.300045252112836280e+00
4.174199999506794739e+10 -2.405604681946946488e-01 -9.735383070748254042e+00
4.174199999536951447e+10 8.196069134414371571e-02 -9.651286071298548208e+00
4.174199999522717285e+10 -3.359878578966195573e-01 -9.735514837563476576e+00
4.174199999543474579e+10 -1.266871346601916026e-01 -1.007484121648365516e+01
4.174199999555993652e+10 -5.519537805457395141e-01 -1.014908458398970126e+01
4.174199999584449005e+10 -8.996824424267653164e-01 -1.016126669295561769e+01
4.174199999618324280e+10 -1.192244693050197979e+00 -1.020240174505619279e+01
4.174199999656201172e+10 -1.368604198293503771e+00 -1.036813186550374155e+01
4.174199999672867584e+10 -1.778642945058207525e+00 -1.028985242161754243e+01
4.174199999677458191e+10 -1.848295268067974284e+00 -1.073152785094669071e+01
4.174199999655871582e+10 -2.015192758447072574e+00 -1.108871822714785083e+01
4.174199999687516785e+10 -1.703113985310100720e+00 -1.102164011699574253e+01
4.174199999693464661e+10 -1.760254435487109914e+00 -1.146349231335555174e+01
4.174199999666377258e+10 -2.094901156473265580e+00 -1.159262374512440630e+01
4.174199999681242371e+10 -2.368119040397123065e+00 -1.126813865626028566e+01
4.174199999687565613e+10 -2.164332523051289758e+00 -1.087252678252611737e+01
4.174199999678391266e+10 -2.248341050589560464e+00 -1.130445526139905077e+01
4.174199999668278503e+10 -2.235468007987669647e+00 -1.174222618176177058e+01
4.174199999659844208e+10 -2.138144587875647762e+00 -1.131158676182481315e+01
4.174199999643663025e+10 -2.273249244464549346e+00 -1.170857436157657006e+01
4.174199999632012939e+10 -2.433017283463898117e+00 -1.211223102740109425e+01
4.174199999633215332e+10 -1.991915650137645821e+00 -1.202666738801485913e+01
4.174199999602109528e+10 -1.779180970682682439e+00 -1.227166422044509986e+01
4.174199999604100037e+10 -1.731454983327860964e+00 -1.271816429687041961e+01
4.174199999590542603e+10 -1.623930898164188008e+00 -1.313300749313292037e+01
4.174199999560897827e+10 -1.945840510290801406e+00 -1.323560938654080488e+01
4.174199999568466949e+10 -1.909708807780829742e+00 -1.279401905329878453e+01
4.174199999578231812e+10 -1.583562268293793096e+00 -1.250054007664010847e+01
4.174199999550765991e+10 -1.445074296757372423e+00 -1.282828731784265308e+01
4.174199999578643799e+10 -1.631322901579125961e+00 -1.312767123257662227e+01
4.174199999578698730e+10 -1.633706509212085489e+00 -1.267819335114823431e+01
4.174199999562900543e+10 -2.026330408515729431e+00 -1.252678484759384681e+01
4.174199999572039795e+10 -2.051914809496416137e+00 -1.208743378488952303e+01
4.174199999549201202e+10 -2.250323043923785349e+00 -1.241986421970426058e+01
4.174199999589255524e+10 -2.097298525348493925e+00 -1.228500738864485520e+01
4.174199999611859894e+10 -2.439772341785793053e+00 -1.210155724958543466e+01
4.174199999583335114e+10 -2.456319147149951476e+00 -1.175457289971831365e+01
4.174199999618492126e+10 -2.647417312632220465e+00 -1.195930439020680147e+01
4.174199999611106873e+10 -2.797309427566076145e+00 -1.237657445382436983e+01
4.174199999605026245e+10 -3.042554393480704444e+00 -1.274831879539817514e+01
4.174199999592077637e+10 -2.624138942851080625e+00 -1.284930195193846814e+01
4.174199999547979736e+10 -2.537488428763426285e+00 -1.284138469439950292e+01
4.174199999566300964e+10 -2.155653699637604337e+00 -1.269080952145574592e+01
4.174199999546010590e+10 -2.348389048908415155e+00 -1.304254544491112355e+01
4.174199999527050781e+10 -2.034965612107097588e+00 -1.330303497108909738e+01
4.174199999555660248e+10 -2.304662578053820798e+00 -1.308520128351495870e+01
4.174199999541082764e+10 -2.326846488556900905e+00 -1.350981083384415626e+01
4.174199999546665192e+10 -2.178896257000694003e+00 -1.308906043273969466e+01
4.174199999554976654e+10 -2.316486724164203981e+00 -1.350881868686981591e+01
4.174199999531459808e+10 -1.938527825469146482e+00 -1.357111324617670611e+01
4.174199999528688812e+10 -2.055755268337512653e+00 -1.400415602745391830e+01
4.174199999526316071e+10 -1.609621398385853608e+00 -1.395478239102891926e+01
4.174199999485524750e+10 -1.797162684791285159e+00 -1.393313706578791766e+01
4.174199999487718964e+10 -1.804757596191667979e+00 -1.438202151264865947e+01
4.174199999519109344e+10 -1.715729548970254870e+00 -1.469117235265910892e+01
4.174199999517359924e+10 -1.719295758344731251e+00 -1.424204257144779540e+01
4.174199999515601349e+10 -1.824258347458707963e+00 -1.467874617201553278e+01
4.174199999507307434e+10 -1.974713651729075981e+00 -1.426339024903519714e+01
4.174199999517895508e+10 -1.909033962973533338e+00 -1.383151953882727625e+01
4.174199999497168732e+10 -2.125168858595572807e+00 -1.416672273159555751e+01
4.174199999479467010e+10 -2.184908572516138570e+00 -1.375790356263713221e+01
4.174199999467418671e+10 -1.832541595887359653e+00 -1.400961439036277945e+01
4.174199999459384155e+10 -2.151435379873020359e+00 -1.370320342010865922e+01
4.174199999450735474e+10 -2.583208981522803871e+00 -1.379336130390970894e+01
4.174199999451559448e+10 -2.822690420616094542e+00 -1.417364688679677798e+01
4.174199999440300751e+10 -2.682575432397465764e+00 -1.376166621787659672e+01
4.174199999405277252e+10 -2.438005199077443841e+00 -1.362182207816124446e+01
4.174199999360348511e+10 -2.430070431979188150e+00 -1.361118626591899350e+01
4.174199999362264252e+10 -2.422709474977424282e+00 -1.316217063407225929e+01
4.174199999365852356e+10 -2.078193685272298641e+00 -1.344862792463450063e+01
4.174199999351968384e+10 -2.475568460252124403e+00 -1.360627870164720399e+01
4.174199999395147705e+10 -2.581189344997421031e+00 -1.353966417549533396e+01
4.174199999430316925e+10 -2.363243913512566241e+00 -1.371530024858872032e+01
4.174199999391654968e+10 -2.592151627033985939e+00 -1.372808710355680617e+01
4.174199999368815613e+10 -2.670137256667142633e+00 -1.334888910339172519e+01
4.174199999335916138e+10 -2.631393311722368011e+00 -1.365269473195279026e+01
4.174199999342377472e+10 -2.778128882652091569e+00 -1.323277779180698488e+01
4.174199999325041962e+10 -2.942528419283370500e+00 -1.285204626301879038e+01
4.174199999352832031e+10 -3.224665127772834428e+00 -1.263943181639160507e+01
4.174199999374007416e+10 -3.085840599297851039e+00 -1.301081375981019228e+01
4.174199999387239075e+10 -3.264247998861268929e+00 -1.340158132710781658e+01
4.174199999381759644e+10 -3.356229328737925677e+00 -1.383812836883867803e+01
4.174199999424022675e+10 -3.207002247581838716e+00 -1.380415452031525803e+01
4.174199999409530640e+10 -3.211276807857367910e+00 -1.422961501744203261e+01
4.174199999417579651e+10 -3.355423145777205907e+00 -1.464768125365999296e+01
4.174199999432610321e+10 -3.062638894436726211e+00 -1.434154084757685865e+01
4.174199999422181702e+10 -3.040192452524896005e+00 -1.390489890004806561e+01
4.174199999450663757e+10 -2.818731846291066212e+00 -1.417298047525736493e+01
4.174199999447702026e+10 -2.615471427321471420e+00 -1.457278586866653391e+01
4.174199999410915375e+10 -2.542796319770560309e+00 -1.482063188120913821e+01
4.174199999411046600e+10 -2.645220081231840492e+00 -1.438297447721014066e+01
4.174199999406587982e+10 -2.480814448314123677e+00 -1.396701878613224501e+01
4.174199999423075867e+10 -2.786265626102676141e+00 -1.425259194566260668e+01
4.174199999458757782e+10 -2.524419173633016378e+00 -1.433104086660981125e+01
4.174199999419427490e+10 -2.580710560413400412e+00 -1.412084792579053349e+01
4.174199999433246613e+10 -2.800228293260828671e+00 -1.448793283464313397e+01
4.174199999467615509e+10 -3.039205390199510859e+00 -1.465165781354446395e+01
4.174199999428612518e+10 -2.911433965430312298e+00 -1.483493152179045182e+01
4.174199999470680237e+10 -2.876228986558327705e+00 -1.498928691709496519e+01
4.174199999468027496e+10 -2.869014449141455092e+00 -1.454064403038123565e+01
4.174199999431693268e+10 -3.014470495433084540e+00 -1.431959637798086860e+01
4.174199999430593109e+10 -3.012603473449943170e+00 -1.476894229506004486e+01
4.174199999441224670e+10 -3.009151260239887105e+00 -1.520565824039150726e+01
4.174199999405800629e+10 -3.049768912925378661e+00 -1.493197843709697281e+01
4.174199999387128448e+10 -2.901407322333355410e+00 -1.455098006748204575e+01
4.174199999393353271e+10 -2.894652614288197423e+00 -1.410587805589610966e+01
4.174199999378272247e+10 -2.536186613692958058e+00 -1.388050314095777438e+01
4.174199999367852020e+10 -2.845658560062804820e+00 -1.418938020514539566e+01
4.174199999386610413e+10 -2.582481446579170559e+00 -1.387698982593895813e+01
4.174199999387872314e+10 -2.590133494773253720e+00 -1.342774763357618184e+01
4.174199999370378876e+10 -2.220282426686794874e+00 -1.361388099725037826e+01
4.174199999364772797e+10 -1.852146663690130701e+00 -1.386561501871926794e+01
4.174199999378697205e+10 -1.803998284127088736e+00 -1.429026695645127454e+01
4.174199999347219849e+10 -2.049838202017693956e+00 -1.408406971546240527e+01
4.174199999346798706e+10 -2.078576124394639013e+00 -1.453261487836394572e+01
4.174199999366845703e+10 -1.798151265832329981e+00 -1.482107763063555694e+01
4.174199999388977814e+10 -2.009067255733080426e+00 -1.449158291943926002e+01
4.174199999351920319e+10 -2.034356948067067350e+00 -1.474470056913118121e+01
4.174199999364413452e+10 -2.058046473988832670e+00 -1.517582436769185072e+01
4.174199999373670197e+10 -2.336268243392702892e+00 -1.551650086421053309e+01
4.174199999413053894e+10 -2.146983125747589316e+00 -1.562184846118953452e+01
4.174199999397656250e+10 -2.313180133832051233e+00 -1.523364046426654106e+01
4.174199999385530853e+10 -1.915727623199413587e+00 -1.506227633895285045e+01
4.174199999346583557e+10 -1.729523004572603551e+00 -1.493707475796207618e+01
4.174199999373396301e+10 -1.840473730582619538e+00 -1.528034350407839348e+01
4.174199999357582855e+10 -2.090200431521413993e+00 -1.561896781096832498e+01
4.174199999376596069e+10 -2.143512875169513165e+00 -1.521518092876909733e+01
4.174199999356515503e+10 -2.490781887511680726e+00 -1.501240697547973824e+01
4.174199999327888489e+10 -2.807295318550873553e+00 -1.515349052931999019e+01
4.174199999317923737e+10 -2.654181862013046178e+00 -1.556417588985143041e+01
4.174199999315466309e+10 -2.740837834758695468e+00 -1.600454311566597454e+01
4.174199999293063354e+10 -2.753139606424168662e+00 -1.561505991750721378e+01
4.174199999255028534e+10 -2.756581973144231590e+00 -1.585455837245433486e+01
4.174199999282356262e+10 -2.975278447816485095e+00 -1.613656527870377744e+01
4.174199999245931244e+10 -3.167037431539060144e+00 -1.595604114430637210e+01
4.174199999225704193e+10 -2.767971908682993032e+00 -1.591280149438883029e+01
4.174199999234713745e+10 -3.197788338343161119e+00 -1.581700191322220661e+01
4.174199999225232697e+10 -3.098701205378544543e+00 -1.624505391326881210e+01
4.174199999188179779e+10 -3.009788042897866500e+00 -1.600664402185789470e+01
4.174199999180045319e+10 -2.642793997857874277e+00 -1.576019958877519045e+01
4.174199999204573059e+10 -2.650230666806296043e+00 -1.613678744771006635e+01
4.174199999220224762e+10 -2.803515142007016792e+00 -1.652926889191298798e+01
4.174199999222742462e+10 -2.735115865468003449e+00 -1.608573298794006590e+01
4.174199999196936798e+10 -2.372552056517301722e+00 -1.602255923797866544e+01
4.174199999214212036e+10 -2.549153235636163473e+00 -1.564705269983661751e+01
4.174199999237251282e+10 -2.582406605299623514e+00 -1.603156627136380052e+01
4.174199999228890228e+10 -2.364198586959259885e+00 -1.564759848228127836e+01
4.174199999228633881e+10 -2.441704915784469687e+00 -1.609034282939038363e+01
4.174199999255602264e+10 -2.170661344967116602e+00 -1.585402926011482627e+01
4.174199999261175537e+10 -2.152890777379606657e+00 -1.540836710085113914e+01
4.174199999243531799e+10 -1.880792782043479106e+00 -1.571960571918649130e+01
4.174199999281945801e+10 -1.849402776877667964e+00 -1.595087923252568451e+01
4.174199999261051178e+10 -1.873438250304672703e+00 -1.634812179109792396e+01
4.174199999279180908e+10 -1.829766075228781652e+00 -1.675709751599217512e+01
4.174199999259040833e+10 -1.490173105282434074e+00 -1.654227351138253255e+01
4.174199999293483734e+10 -1.596388892989011987e+00 -1.627371715285881848e+01
4.174199999302986145e+10 -1.946163044760041316e+00 -1.653954646225218639e+01
4.174199999319330597e+10 -1.987387922790821104e+00 -1.695622623993019573e+01
4.174199999317676544e+10 -1.981820378834066920e+00 -1.650708060283827550e+01
4.174199999334314728e+10 -1.762385072567449029e+00 -1.615183188440537521e+01
4.174199999334624481e+10 -1.780329299704846102e+00 -1.660094740778244216e+01
4.174199999378557587e+10 -1.741793526805142100e+00 -1.668776275780125573e+01
4.174199999369486237e+10 -1.374541498596601574e+00 -1.693052365738730813e+01
4.174199999396194458e+10 -1.544019988224670570e+00 -1.724986856912474664e+01
4.174199999413801575e+10 -1.378582818551869593e+00 -1.687083745444017779e+01
4.174199999402857971e+10 -1.467483249798424705e+00 -1.729763530481800515e+01
4.174199999399876404e+10 -1.459788286368643551e+00 -1.684920675425750503e+01
4.174199999404283905e+10 -1.161525231255289281e+00 -1.718257263152552738e+01
4.174199999429576111e+10 -1.166666326956206090e+00 -1.755410880732440404e+01
4.174199999457900238e+10 -1.399805860177242289e+00 -1.729438259180246362e+01
4.174199999460034180e+10 -1.366059116995421263e+00 -1.774209007276021666e+01
4.174199999438246918e+10 -9.793360169037029772e-01 -1.781290060036736378e+01
4.174199999424143219e+10 -1.356653570550125920e+00 -1.761346166635437527e+01
4.174199999416226196e+10 -1.797699013589856065e+00 -1.757814913210295771e+01
4.174199999427947235e+10 -2.100730182307107174e+00 -1.726755381905703146e+01
4.174199999410820770e+10 -2.509514099786619212e+00 -1.719271661396546946e+01
4.174199999406216431e+10 -2.545175468902999061e+00 -1.674702117566572213e+01
4.174199999398905182e+10 -2.429852793320753435e+00 -1.631877841686018726e+01
4.174199999392276001e+10 -2.874200787864535922e+00 -1.633278410963849225e+01
4.174199999398740387e+10 -2.783631019795332673e+00 -1.676827819029762523e+01
4.174199999359660339e+10 -2.630165233170032923e+00 -1.660777427675874662e+01
4.174199999348155975e+10 -2.408703228798349194e+00 -1.698161429416407486e+01
4.174199999359091187e+10 -2.324110758570359092e+00 -1.655391925825466970e+01
4.174199999373112488e+10 -2.221650880740563938e+00 -1.696850136300163214e+01
4.174199999369097137e+10 -1.868816702174424638e+00 -1.669294393500234719e+01
4.174199999328601837e+10 -1.819684637339417099e+00 -1.650416984706162893e+01
4.174199999338973999e+10 -2.036036350815756180e+00 -1.688426173047241363e+01
4.174199999350719452e+10 -1.774494369556386841e+00 -1.723043612685840387e+01
4.174199999353898621e+10 -1.435578147492228007e+00 -1.752396897970458767e+01
4.174199999348031616e+10 -1.211402683073992570e+00 -1.790911748808816384e+01
4.174199999341337585e+10 -9.928138550710781107e-01 -1.752211092296208861e+01
4.174199999351560974e+10 -8.681875685168456425e-01 -1.794169719442849953e+01
4.174199999370278168e+10 -1.008521795284032851e+00 -1.755788698557419636e+01
4.174199999371383667e+10 -9.020948603049364634e-01 -1.799445021081702123e+01
4.174199999392657471e+10 -5.619252460313441944e-01 -1.819709169921788572e+01
4.174199999410832214e+10 -3.158778897390284168e-01 -1.786775344634632745e+01
4.174199999411135101e+10 1.008783303094827888e-01 -1.769940430724874858e+01
4.174199999375952911e+10 2.215276641055937690e-01 -1.744701245734840356e+01
4.174199999338842773e+10 -3.151658880319013756e-02 -1.746404699111844749e+01
4.174199999344738770e+10 -4.592486163016903378e-01 -1.758896784970713867e+01
4.174199999319207001e+10 -3.791506025585005268e-01 -1.795012176450490315e+01
4.174199999280452728e+10 -1.863474974274682006e-01 -1.807125237963154163e+01
4.174199999265603638e+10 -3.826666741930289106e-01 -1.844734549304537552e+01
4.174199999274946594e+10 -4.701732130820500677e-01 -1.887821574484130949e+01
4.174199999290332031e+10 -5.691000399519471342e-01 -1.928879984560183658e+01
4.174199999319052124e+10 -3.708020877235449486e-01 -1.900555161749814559e+01
4.174199999325338745e+10 -3.477999861193473707e-01 -1.856107973627692331e+01
4.174199999330834961e+10 -4.484365435459080618e-01 -1.812646780875079600e+01
4.174199999335843658e+10 -5.176591864554584976e-01 -1.768517862510118732e+01
4.174199999292345428e+10 -4.176660838922303665e-01 -1.763198207333672585e+01
4.174199999251143646e+10 -5.110078314476744765e-01 -1.778549121169382730e+01
4.174199999250833893e+10 -5.104439713401592860e-01 -1.733601772685339526e+01
4.174199999245426941e+10 -7.858667852705820689e-01 -1.698494026873644103e+01
4.174199999264496613e+10 -7.970450330496614555e-01 -1.739181268121071966e+01
4.174199999291950226e+10 -4.494318703663551240e-01 -1.746816230059389952e+01
4.174199999334359741e+10 -5.616784514002722828e-01 -1.756604758776103381e+01
4.174199999317548370e+10 -8.410840475277334694e-01 -1.787541419065544090e+01
4.174199999319245911e+10 -6.621564274689546448e-01 -1.828740089334761265e+01
4.174199999358784485e+10 -7.321915266961518398e-01 -1.808540964263382378e+01
4.174199999321558380e+10 -8.847774136469467310e-01 -1.788497078724148892e+01
4.174199999288237762e+10 -5.861300028993383648e-01 -1.792760395433257870e+01
4.174199999244700623e+10 -6.695659709775085844e-01 -1.785327496137505676e+01
4.174199999256645203e+10 -6.535755856519495088e-01 -1.742024704711906580e+01
4.174199999252552032e+10 -8.469821276634038609e-01 -1.782392385814724278e+01
4.174199999230050659e+10 -5.965336515747068358e-01 -1.812171737305456887e+01
4.174199999211378479e+10 -5.729939801580172798e-01 -1.852990495426380591e+01
4.174199999219393158e+10 -3.910243638018076617e-01 -1.812679200688797465e+01
4.174199999191670227e+10 -1.406858756663147414e-01 -1.787676916594965348e+01
4.174199999198017120e+10 -7.288112108016803203e-02 -1.831655430908223892e+01
4.174199999178485107e+10 -4.283684391667296198e-01 -1.812286325744854665e+01
4.174199999188045502e+10 -7.004055376801466837e-01 -1.846767110400329059e+01
4.174199999185594940e+10 -3.961565579430275097e-01 -1.813771883211215652e+01
4.174199999178301239e+10 -6.136337081456171294e-01 -1.775116939620931689e+01
4.174199999142406464e+10 -6.242209126035178635e-01 -1.802150098544762358e+01
4.174199999161780548e+10 -4.981378051957189301e-01 -1.840699285669954222e+01
4.174199999202754974e+10 -6.001178091855796648e-01 -1.856108409398829906e+01
4.174199999177706146e+10 -2.286768385591116393e-01 -1.859745667794973656e+01
4.174199999178878784e+10 -2.187371428526737882e-01 -1.814823499416091579e+01
4.174199999192539215e+10 -4.679028943924332107e-01 -1.849650548658632232e+01
4.174199999177825165e+10 -5.190953811558979281e-01 -1.891812769117164095e+01
4.174199999201256561e+10 -8.801298946083410124e-01 -1.878855944067053585e+01
4.174199999188406372e+10 -6.482204248912020184e-01 -1.842559767550696748e+01
4.174199999177447510e+10 -1.083801792576294165e+00 -1.840841774082147708e+01
4.174199999164875031e+10 -1.074699062817236594e+00 -1.797696943924535162e+01
4.174199999205147552e+10 -1.268562207018609111e+00 -1.792939694428812203e+01
4.174199999240668488e+10 -1.284713945017646353e+00 -1.820435667223915033e+01
4.174199999259187317e+10 -1.049950449789454954e+00 -1.853995825951565735e+01
4.174199999261863708e+10 -1.247125192900470969e+00 -1.894299917851525450e+01
4.174199999231789398e+10 -1.193988266453808400e+00 -1.927279993797269952e+01
4.174199999266737366e+10 -1.129501609938304618e+00 -1.899758807636849767e+01
4.174199999264052582e+10 -1.235105225212548063e+00 -1.943366544645690297e+01
4.174199999263102722e+10 -1.218541618047358055e+00 -1.988274425720415550e+01
4.174199999272621155e+10 -1.310879882114985406e+00 -2.031221991472597566e+01
4.174199999287594604e+10 -1.070948286426011364e+00 -2.066157497936572440e+01
4.174199999258149719e+10 -1.028734644002345267e+00 -2.099855108843040696e+01
4.174199999254991150e+10 -9.735132029827816558e-01 -2.055359134924576736e+01
4.174199999239438629e+10 -1.085574740321524567e+00 -2.014703322637862826e+01
4.174199999245807648e+10 -1.413466392450987374e+00 -2.044781062090864410e+01
4.174199999275825500e+10 -1.651875612754029499e+00 -2.068252331626701235e+01
4.174199999314677429e+10 -1.496194109885933710e+00 -2.084638676810520863e+01
4.174199999333116150e+10 -1.301812049527717896e+00 -2.048548125470407655e+01
4.174199999306849670e+10 -9.373941483150690646e-01 -2.046985397272935714e+01
4.174199999335227203e+10 -6.162663000675477898e-01 -2.060544070641088865e+01
4.174199999351178741e+10 -3.524049940284023075e-01 -2.093250276037860758e+01
4.174199999350727844e+10 -3.592917637350456772e-01 -2.048309361821159769e+01
4.174199999365388489e+10 -1.311443589010685140e-01 -2.012463769196878971e+01
4.174199999340461731e+10 -5.051497991116313813e-01 -2.012011453610491785e+01
4.174199999363966370e+10 -6.840284012791915114e-01 -2.045892489019216853e+01
4.174199999350115204e+10 -8.730504014618347686e-01 -2.007535962236651628e+01
4.174199999355244446e+10 -8.362683620661638395e-01 -1.963032906509016584e+01
4.174199999372404480e+10 -9.301442930141096133e-01 -1.922563601745818573e+01
4.174199999346591187e+10 -9.309445305376956581e-01 -1.959360656659922384e+01
4.174199999372389221e+10 -1.049336198950354904e+00 -1.994212447845383096e+01
4.174199999388937378e+10 -1.352456193781550686e+00 -1.965442501977724987e+01
4.174199999374815369e+10 -1.210626118972971677e+00 -1.925196200380093003e+01
4.174199999388150787e+10 -1.403368447673557062e+00 -1.886842140377566324e+01
4.174199999392771912e+10 -9.563299142222994043e-01 -1.887601671425956695e+01
4.174199999405404663e+10 -1.195648835337062010e+00 -1.851712388671704446e+01
4.174199999400787354e+10 -1.157766207968503824e+00 -1.807162466588473038e+01
4.174199999426660156e+10 -1.392200575724955591e+00 -1.778854154406154464e+01
4.174199999416098785e+10 -1.777535867272829861e+00 -1.758263338807810783e+01
4.174199999419889069e+10 -1.760759605120056026e+00 -1.713506410676041014e+01
4.174199999394860077e+10 -2.124828603668900584e+00 -1.705232317477394588e+01
4.174199999419776154e+10 -2.252424608654184368e+00 -1.670065122524490064e+01
4.174199999400505829e+10 -2.251711831267800612e+00 -1.629457246867481857e+01
4.174199999382174683e+10 -2.222712487558522465e+00 -1.588519287711583949e+01
4.174199999356040955e+10 -1.994792174437615362e+00 -1.559920228048965818e+01
4.174199999398224640e+10 -1.845379092829349865e+00 -1.564119470606152262e+01
4.174199999416796112e+10 -1.977687331861120557e+00 -1.525384437340760257e+01
4.174199999425683594e+10 -2.155634996726663477e+00 -1.485076555327300341e+01
4.174199999392776489e+10 -1.868382442497160234e+00 -1.474477579350580925e+01
4.174199999392681122e+10 -1.887996034944423140e+00 -1.519383118103687558e+01
4.174199999352939606e+10 -2.093307454272849366e+00 -1.523793813475271008e+01
4.174199999351807404e+10 -2.064712901756782681e+00 -1.568636932809356921e+01
4.174199999387578583e+10 -1.899748039617769280e+00 -1.546988669442039566e+01
4.174199999352532959e+10 -2.087913146292622368e+00 -1.526057661752872363e+01
4.174199999346845245e+10 -2.010708182936521204e+00 -1.482144075223568613e+01
4.174199999354602814e+10 -2.124087971878330094e+00 -1.524941600401104402e+01
4.174199999367172241e+10 -2.047719720137171961e+00 -1.482467449442677321e+01
4.174199999397690582e+10 -2.086051278449674307e+00 -1.515244186772068247e+01
4.174199999423418427e+10 -1.717540458168939743e+00 -1.515904340032285269e+01
4.174199999442020416e+10 -1.774250883950276192e+00 -1.475380802150532489e+01
4.174199999405014038e+10 -1.535378435297552802e+00 -1.484341030044692289e+01
4.174199999416370392e+10 -1.828535737826629370e+00 -1.516465671644432334e+01
4.174199999428707886e+10 -1.997823636448943230e+00 -1.476696877863079926e+01
4.174199999452484131e+10 -1.679687113303085955e+00 -1.497743545229861972e+01
4.174199999450419617e+10 -1.763842525424239804e+00 -1.453638202516737188e+01
4.174199999445897675e+10 -1.737107819670570485e+00 -1.408997786632482985e+01
4.174199999436120605e+10 -1.853220083213943603e+00 -1.451305618265082309e+01
4.174199999460284424e+10 -1.878879563375040362e+00 -1.489119258448883265e+01
4.174199999475843048e+10 -1.797211297909424577e+00 -1.530490775964870842e+01
4.174199999471929932e+10 -1.700460579393595628e+00 -1.486770691016593560e+01
4.174199999472310638e+10 -1.736536759320025602e+00 -1.531572515192185691e+01
4.174199999467944336e+10 -1.479455329611937042e+00 -1.494961147585057404e+01
4.174199999443244171e+10 -1.446690047239017840e+00 -1.457550899334247774e+01
4.174199999426678467e+10 -1.641321331801198324e+00 -1.420576326905794140e+01
4.174199999423249817e+10 -1.759216616858438442e+00 -1.463815385891585841e+01
4.174199999425616455e+10 -1.404980537361100179e+00 -1.436248546062611275e+01
4.174199999392193604e+10 -1.452497047140801412e+00 -1.406571678606486131e+01
4.174199999381639099e+10 -1.827032653349284885e+00 -1.429070643412020480e+01
4.174199999365244293e+10 -1.500125585805048178e+00 -1.455202988129811992e+01
4.174199999347908020e+10 -1.232849325747668034e+00 -1.486912008834823418e+01
4.174199999339070892e+10 -1.309461682699483376e+00 -1.530312097836047869e+01
4.174199999307681274e+10 -1.245589008168397571e+00 -1.561843861586759807e+01
4.174199999315665436e+10 -1.565095828918666276e+00 -1.592434168056080068e+01
4.174199999273944855e+10 -1.664762144944179623e+00 -1.605865449637712672e+01
4.174199999297731781e+10 -1.494119473331661396e+00 -1.571757395616896957e+01
4.174199999318581390e+10 -1.277415546167062210e+00 -1.538350046979943109e+01
4.174199999328148651e+10 -1.716520728999613166e+00 -1.539185020357122724e+01
4.174199999319252777e+10 -1.626520302109528693e+00 -1.582315416436930455e+01
4.174199999316285706e+10 -1.430461894355036900e+00 -1.622653615452879805e+01
4.174199999272726440e+10 -1.492455728570999174e+00 -1.613459807690643544e+01
4.174199999237090302e+10 -1.670578822439154454e+00 -1.592647478242713710e+01
4.174199999205511475e+10 -1.649069923189587783e+00 -1.624561301268898461e+01
4.174199999193221283e+10 -1.390888401947919073e+00 -1.589880797732165973e+01
4.174199999207804108e+10 -9.811071813483103199e-01 -1.578544992351055143e+01
4.174199999163700867e+10 -9.939617867357939396e-01 -1.587123860356874516e+01
4.174199999160614014e+10 -9.616892535113035212e-01 -1.631849910517756896e+01
4.174199999189190674e+10 -8.394967301959266326e-01 -1.664321859243757373e+01
4.174199999177678680e+10 -9.064820209143070739e-01 -1.707251739561154125e+01
4.174199999135189056e+10 -1.011647870495303803e+00 -1.697033071556909434e+01
4.174199999126696014e+10 -6.636805453135572463e-01 -1.669877574972477419e+01
4.174199999099265289e+10 -9.600827085862876364e-01 -1.650145126817499630e+01
4.174199999132908630e+10 -6.680630476994415812e-01 -1.656122441800185641e+01
4.174199999107695007e+10 -9.903806027939272560e-01 -1.637527910243440843e+01
4.174199999080756378e+10 -9.597195863104183156e-01 -1.673378881727105139e+01
4.174199999104341125e+10 -1.327537517675974721e+00 -1.662832783739931486e+01
4.174199999116030121e+10 -1.033377772745200707e+00 -1.630919773834079578e+01
4.174199999112812805e+10 -1.236543470572163184e+00 -1.590954165937590581e+01
4.174199999099084473e+10 -1.084319164288198190e+00 -1.630956310970820766e+01
4.174199999093930817e+10 -7.598259720599878086e-01 -1.661629464475558038e+01
4.174199999100073242e+10 -1.024478119356903694e+00 -1.625821235995522329e+01
4.174199999079303741e+10 -1.046003920068301785e+00 -1.586017334948051527e+01
4.174199999039712524e+10 -1.182840149832302679e+00 -1.602316050245595136e+01
4.174199999022750092e+10 -1.294056810656594170e+00 -1.562204297299732936e+01
4.174199999045662689e+10 -1.641385220097971054e+00 -1.579204131870825378e+01
4.174199999004365540e+10 -1.661140514270171620e+00 -1.561569277415180323e+01
4.174199998997662354e+10 -1.577264026596963076e+00 -1.605216517341966664e+01
4.174199999015174866e+10 -1.877665044755714607e+00 -1.576733900986683956e+01
4.174199999015164948e+10 -2.315741583480435128e+00 -1.566671453832670124e+01
4.174199998999227905e+10 -2.140699474874616648e+00 -1.604881076254927663e+01
4.174199999030528259e+10 -2.275683598074034197e+00 -1.634180590655600440e+01
4.174199999010698700e+10 -2.577747465752514344e+00 -1.607446123659777371e+01
4.174199999032962036e+10 -2.905300715171133863e+00 -1.586190865813409445e+01
4.174199999037837219e+10 -2.748631547792168117e+00 -1.628037539778927112e+01
4.174199999017196655e+10 -2.697344513021651569e+00 -1.588439098195373589e+01
4.174199999001770020e+10 -2.338694704747115605e+00 -1.566166293651443731e+01
4.174199999010633087e+10 -2.230279991235474046e+00 -1.608877861523212971e+01
4.174199999022920227e+10 -2.630634690580164747e+00 -1.625204309520464818e+01
4.174199999013948059e+10 -2.341395164997133627e+00 -1.658419817751009262e+01
4.174199998974041748e+10 -2.541128752570540605e+00 -1.653041223008953509e+01
4.174199998985356903e+10 -2.708684615281164554e+00 -1.693185770742153551e+01
4.174199999017860413e+10 -2.570029618034306296e+00 -1.720963670579443061e+01
4.174199999030223846e+10 -2.820735768194982729e+00 -1.685764622578340877e+01
4.174199999056381989e+10 -2.627602911256744278e+00 -1.716798572790165522e+01
4.174199999060874939e+10 -2.605837842487189970e+00 -1.761468922512467472e+01
4.174199999043250275e+10 -2.899609433048280671e+00 -1.732370665597363413e+01
4.174199999083840179e+10 -3.055340223460496496e+00 -1.720956635490922793e+01
4.174199999101227570e+10 -3.103532120333164723e+00 -1.762124698435993864e+01
4.174199999114926910e+10 -3.109306205623212360e+00 -1.804930776287875460e+01
4.174199999083415985e+10 -3.006754027713364419e+00 -1.774562046521615599e+01
4.174199999088100433e+10 -2.993450411439005254e+00 -1.819245962350830226e+01
4.174199999107530975e+10 -3.156560639198364715e+00 -1.782141014745113594e+01
4.174199999112420654e+10 -3.327087839307557804e+00 -1.823440626113322338e+01
4.174199999128932190e+10 -3.067548615770539833e+00 -1.856214307846454048e+01
4.174199999107751465e+10 -2.866353666186495008e+00 -1.822053511237538359e+01
4.174199999103981018e+10 -3.087302510816833045e+00 -1.861014523426736389e+01
4.174199999117260742e+10 -3.297358205092641548e+00 -1.898468336567622927e+01
4.174199999119167328e+10 -3.347148553886665656e+00 -1.853837202133876971e+01
4.174199999157023621e+10 -3.233373757328459774e+00 -1.832440238054191539e+01
4.174199999162136841e+10 -3.220762456269306462e+00 -1.787801337220227182e+01
4.174199999151706696e+10 -3.134287134537330211e+00 -1.830659259546791873e+01
4.174199999184914398e+10 -2.835894411635988988e+00 -1.825440613474814100e+01
4.174199999182901001e+10 -2.654015986472594069e+00 -1.866495586656263228e+01
4.174199999162745667e+10 -2.531922632700293274e+00 -1.828219397349117514e+01
4.174199999174475861e+10 -2.675985031960057992e+00 -1.869149031880551348e+01
4.174199999134867096e+10 -2.489439401094544202e+00 -1.879323468821969456e+01
4.174199999148294067e+10 -2.060899764387030153e+00 -1.881224724178329666e+01
4.174199999186414337e+10 -2.299065062554347172e+00 -1.881270429046646342e+01
4.174199999186975098e+10 -2.297310616574566922e+00 -1.836325813466449475e+01
4.174199999184226990e+10 -1.899085462854736450e+00 -1.815662362369753779e+01
4.174199999216201782e+10 -2.206411293976081378e+00 -1.822976051687410859e+01
4.174199999197359467e+10 -2.470335627077848706e+00 -1.791851162336601533e+01
4.174199999226277161e+10 -2.520632919596206278e+00 -1.757809408041660504e+01
4.174199999223390198e+10 -2.399787761067079028e+00 -1.801006564534280585e+01
4.174199999261188507e+10 -2.161402578951289399e+00 -1.805838841028323216e+01
4.174199999258667755e+10 -2.378246123505701082e+00 -1.766547640447216239e+01
4.174199999246961212e+10 -2.481675257800951773e+00 -1.808694255977806975e+01
4.174199999247345734e+10 -2.465503620443656452e+00 -1.853611963876107183e+01
4.174199999248275757e+10 -2.733888570315927691e+00 -1.817567624693101180e+01
4.174199999276228333e+10 -2.785665038794932880e+00 -1.782750832461485757e+01
4.174199999276248169e+10 -2.789660039483619070e+00 -1.827697506246608583e+01
4.174199999295446777e+10 -2.934936866286821378e+00 -1.865654543428189882e+01
4.174199999326019287e+10 -2.611567549698811774e+00 -1.871978500471772833e+01
4.174199999288356781e+10 -2.470475406211599445e+00 -1.851907706549762622e+01
4.174199999281396484e+10 -2.330567819711733879e+00 -1.894052403032096876e+01
4.174199999302740479e+10 -2.193671618830387526e+00 -1.856939033907297798e+01
4.174199999342096710e+10 -2.079384424202096682e+00 -1.838477093182363475e+01
4.174199999361960602e+10 -2.024730422682360143e+00 -1.878426198644968892e+01
4.174199999377619934e+10 -2.193330374230268109e+00 -1.839814210352255941e+01
4.174199999353478241e+10 -2.564384878057865080e+00 -1.847606474361663587e+01
4.174199999365269470e+10 -2.522104111683316052e+00 -1.890774212062857274e+01
4.174199999367189026e+10 -2.493180060377853113e+00 -1.935588414058445750e+01
4.174199999364196777e+10 -2.506101136193595202e+00 -1.980418546198950125e+01
4.174199999373088074e+10 -2.344294577311674566e+00 -2.021400212899074234e+01
4.174199999356984711e+10 -2.349557973287481172e+00 -1.979438562345730190e+01
4.174199999369089508e+10 -2.348336701806692073e+00 -1.936150838256420315e+01
4.174199999397684479e+10 -2.198487187195613313e+00 -1.904875491837368529e+01
4.174199999384226990e+10 -1.795788682806245484e+00 -1.919626720575995904e+01
4.174199999385285187e+10 -1.789020940472746402e+00 -1.874695817902340522e+01
4.174199999377001953e+10 -2.220835932656795908e+00 -1.865362605827246156e+01
4.174199999378080750e+10 -2.266446232070205014e+00 -1.910066036443674165e+01
4.174199999356849670e+10 -2.445455305075783681e+00 -1.874722324436251952e+01
4.174199999341594696e+10 -2.069415559598002385e+00 -1.855393755813403800e+01
4.174199999309635162e+10 -1.799203981088092874e+00 -1.838998807970547134e+01
4.174199999329718781e+10 -1.408388866126369265e+00 -1.829530262926239459e+01
4.174199999347857666e+10 -1.755376844767026601e+00 -1.807454719246593910e+01
4.174199999336478424e+10 -1.439694327070683899e+00 -1.837359920548807324e+01
4.174199999361163330e+10 -1.582339709141901807e+00 -1.872109465938812889e+01
4.174199999356161499e+10 -1.659930393805241433e+00 -1.828119174584296047e+01
4.174199999329205322e+10 -1.661690345164362759e+00 -1.792151352920249252e+01
4.174199999369253540e+10 -1.830432264908708362e+00 -1.780671891166833021e+01
4.174199999350979614e+10 -1.868657815377525067e+00 -1.821559871784086582e+01
4.174199999356732941e+10 -1.690663569993517079e+00 -1.862430897645576522e+01
4.174199999325128937e+10 -1.888502243587710794e+00 -1.887533955889604798e+01
4.174199999291761780e+10 -1.784901971275832055e+00 -1.859255253126331198e+01
4.174199999287455750e+10 -2.032828445094739589e+00 -1.896499703290490046e+01
4.174199999287624359e+10 -2.105119881089664080e+00 -1.940862689058626600e+01
4.174199999319319916e+10 -2.414822810942671705e+00 -1.948384221939728889e+01
4.174199999357700348e+10 -2.475797496911015916e+00 -1.970970469426189453e+01
4.174199999367395020e+10 -2.444449548656425275e+00 -1.927191974245364392e+01
4.174199999392743683e+10 -2.674478318666762444e+00 -1.898060218717570891e+01
4.174199999381459808e+10 -2.717515648717433674e+00 -1.941355811597620473e+01
4.174199999389971924e+10 -2.311730097532195494e+00 -1.958713537486584144e+01
4.174199999419952393e+10 -2.645149017045692830e+00 -1.955573628766422800e+01
4.174199999425778198e+10 -2.381457018233734679e+00 -1.919641943263524908e+01
4.174199999407253265e+10 -2.682795753392762883e+00 -1.947375462921774769e+01
4.174199999412876129e+10 -2.522547737223606923e+00 -1.905758697432181492e+01
4.174199999370403290e+10 -2.657039936663149859e+00 -1.911717610029085890e+01
4.174199999406953430e+10 -2.891881978015360843e+00 -1.923248431342354081e+01
4.174199999412878418e+10 -2.448496533383812235e+00 -1.927647433135605226e+01
4.174199999389510345e+10 -2.120709957202098650e+00 -1.907651251506958801e+01
4.174199999376860809e+10 -2.382413114291311640e+00 -1.873366120567053983e+01
4.174199999382136536e+10 -2.372574271442251970e+00 -1.828739231639085716e+01
4.174199999384010315e+10 -1.923481864279429798e+00 -1.828849384076396589e+01
4.174199999378836060e+10 -2.074415816904522369e+00 -1.786828164137558872e+01
4.174199999380981445e+10 -2.323853109998002875e+00 -1.824158733726366322e+01
4.174199999338050079e+10 -2.351077677511106856e+00 -1.837190513377488799e+01
4.174199999362787628e+10 -2.699766018788285038e+00 -1.823313515421235209e+01
4.174199999328426361e+10 -2.502299284383676881e+00 -1.802106834476339614e+01
4.174199999347782898e+10 -2.549923130660025183e+00 -1.842393228687314277e+01
4.174199999352451324e+10 -2.604279051875286743e+00 -1.798019543791537345e+01
4.174199999367786407e+10 -2.958547776387605577e+00 -1.821044104690770027e+01
4.174199999381649780e+10 -2.614729438663005112e+00 -1.795626376000501878e+01
4.174199999400168610e+10 -2.732058761512503597e+00 -1.834866111602420702e+01
4.174199999367379761e+10 -2.453019765896816917e+00 -1.847773774583576767e+01
4.174199999377440643e+10 -2.402547957161168757e+00 -1.891289989162791940e+01
4.174199999352184296e+10 -2.036148064187322415e+00 -1.884966849453900650e+01
4.174199999372557831e+10 -1.992235539154121549e+00 -1.845142391334826470e+01
4.174199999373690796e+10 -2.178477506607046532e+00 -1.886035157409031982e+01
4.174199999370520020e+10 -2.410246292247264055e+00 -1.847653656135047484e+01
4.174199999399209595e+10 -2.529032142426982599e+00 -1.815155159986550260e+01
4.174199999430858612e+10 -2.845004710994442743e+00 -1.810648256100037656e+01
4.174199999422852325e+10 -2.905393822844891005e+00 -1.854463753583107533e+01
4.174199999409632111e+10 -2.478326053969504006e+00 -1.849803168846380785e+01
4.174199999403097534e+10 -2.034101672935635818e+00 -1.847727316627690541e+01
4.174199999391702271e+10 -1.950713500178291149e+00 -1.805054493328011489e+01
4.174199999409180450e+10 -1.553711223361414540e+00 -1.793273927628613151e+01
4.174199999372624969e+10 -1.325452756711577917e+00 -1.806042283908558232e+01
4.174199999406903839e+10 -1.045248697638310409e+00 -1.798284340716474361e+01
4.174199999390380859e+10 -1.186296603131958838e+00 -1.758934624152418635e+01
4.174199999362010193e+10 -1.534458176308772126e+00 -1.757111504366770305e+01
4.174199999361373901e+10 -1.559555046583896321e+00 -1.712237679075039409e+01
4.174199999384725952e+10 -1.319019260348956113e+00 -1.742178810625781793e+01
4.174199999403691864e+10 -1.119169482197776233e+00 -1.777692904978178490e+01
4.174199999368183899e+10 -1.367967621958201097e+00 -1.789547148688309974e+01
4.174199999364137268e+10 -1.429222349972994355e+00 -1.745202279093250652e+01
4.174199999335198975e+10 -1.660284939272166138e+00 -1.770678720169496145e+01
4.174199999334526062e+10 -1.679202488082468747e+00 -1.725775138233416328e+01
4.174199999311263275e+10 -1.484555846244955291e+00 -1.692604097996759194e+01
4.174199999319514465e+10 -1.891089678218998316e+00 -1.709912757764137226e+01
4.174199999362570953e+10 -1.813368719024565756e+00 -1.720214619740445272e+01
4.174199999366627502e+10 -2.251354650620107201e+00 -1.710963096181256660e+01
4.174199999374047089e+10 -2.586177741571021205e+00 -1.681907179877592284e+01
4.174199999408015442e+10 -2.849880111682916883e+00 -1.668824819599346654e+01
4.174199999407941437e+10 -2.938065565761656117e+00 -1.624749982391230674e+01
4.174199999403135681e+10 -2.931073811205305635e+00 -1.580064625498894948e+01
4.174199999427468872e+10 -2.929163605070435494e+00 -1.617856286984012470e+01
4.174199999424708557e+10 -2.809431183239615493e+00 -1.574619881300304058e+01
4.174199999435313416e+10 -3.239383706671819407e+00 -1.566918752787801061e+01
4.174199999403688812e+10 -3.256183463563963265e+00 -1.535021626535944606e+01
4.174199999366612244e+10 -3.320985891886935715e+00 -1.510451860711091676e+01
4.174199999357135010e+10 -3.205452888391372657e+00 -1.468060024841724598e+01
4.174199999354582977e+10 -3.171885028989466893e+00 -1.512810241471041373e+01
4.174199999350359344e+10 -3.599492506424379901e+00 -1.526002811467857789e+01
4.174199999327012634e+10 -3.832090226073994188e+00 -1.556568819263325842e+01
4.174199999327320099e+10 -3.935557963233743184e+00 -1.600309113280480844e+01
4.174199999366285706e+10 -3.865417460955621998e+00 -1.621588673431219618e+01
4.174199999336638641e+10 -3.665157603099665096e+00 -1.648798120260112299e+01
4.174199999344358063e+10 -3.548611741888429538e+00 -1.691517468553993098e+01
4.174199999309101105e+10 -3.290971278877290906e+00 -1.680861606428218380e+01
4.174199999330671692e+10 -3.166083351851226357e+00 -1.643457094313205502e+01
4.174199999352073669e+10 -3.334388444249603900e+00 -1.679220991325080803e+01
4.174199999370692444e+10 -2.927999164089561734e+00 -1.683930478698417943e+01
4.174199999374523926e+10 -2.840099027632171591e+00 -1.640016712943501176e+01
4.174199999371369934e+10 -2.574425709894998526e+00 -1.603897557577296595e+01
4.174199999372676849e+10 -2.624894576823713077e+00 -1.559252466574326235e+01
4.174199999368759918e+10 -2.316213160204171118e+00 -1.526815122991633622e+01
4.174199999356916809e+10 -2.325901038561951406e+00 -1.570164485169105895e+01
4.174199999387509918e+10 -2.076070606842848054e+00 -1.548710131203487173e+01
4.174199999426822662e+10 -1.933599169668958950e+00 -1.565199712155539480e+01
4.174199999457550049e+10 -1.938612932678116074e+00 -1.532398221866027654e+01
4.174199999466311646e+10 -1.880837246698278342e+00 -1.488692236577024985e+01
4.174199999427624512e+10 -1.994477152475027992e+00 -1.468830203974086324e+01
4.174199999394205475e+10 -1.716488099590159022e+00 -1.457395837092419910e+01
4.174199999429127502e+10 -1.746728046456269112e+00 -1.485532258041032883e+01
4.174199999454362488e+10 -1.762113961964046238e+00 -1.522696392835951507e+01
4.174199999453430176e+10 -1.672542953749246442e+00 -1.566733479416433106e+01
4.174199999461145020e+10 -1.603152917655783050e+00 -1.522999067341349111e+01
4.174199999484300232e+10 -1.319084020398126444e+00 -1.496974747684707197e+01
4.174199999473009491e+10 -1.556236963845786914e+00 -1.533450341630994451e+01
4.174199999475845337e+10 -1.556116056008236770e+00 -1.488591436560634840e+01
4.174199999475972748e+10 -1.558649656291082097e+00 -1.533538995504379443e+01
4.174199999475233459e+10 -1.540185648600257640e+00 -1.488634566246978252e+01
4.174199999448129272e+10 -1.783738616957690315e+00 -1.462318661408771447e+01
4.174199999439785004e+10 -1.586853657819897290e+00 -1.422782618005096467e+01
4.174199999461303711e+10 -1.223743194627017861e+00 -1.407328457371606945e+01
4.174199999424783325e+10 -1.322148365957618754e+00 -1.383042858031719113e+01
4.174199999403067017e+10 -1.172327872312241226e+00 -1.346651770245972557e+01
4.174199999443568420e+10 -1.246939249507979408e+00 -1.328643024465845102e+01
4.174199999468480682e+10 -1.361625838972051916e+00 -1.293031010046778384e+01
4.174199999507194519e+10 -1.176496979874253723e+00 -1.279656231463116889e+01
4.174199999533850098e+10 -1.094691990937406878e+00 -1.244400979444741218e+01
4.174199999522895050e+10 -1.090647366139273267e+00 -1.200809844756988909e+01
4.174199999499357605e+10 -1.425882738452935783e+00 -1.182302704777653624e+01
4.174199999512393188e+10 -1.087069879323292909e+00 -1.208807232130323861e+01
4.174199999511814880e+10 -1.089401827194516059e+00 -1.163863102916841008e+01
4.174199999479105377e+10 -9.934740843996355819e-01 -1.193161949516735199e+01
4.174199999461391449e+10 -5.998953834066849122e-01 -1.180610995294786392e+01
4.174199999451623535e+10 -9.040837503750387416e-01 -1.212228203858101594e+01
4.174199999495739746e+10 -8.207485830799154947e-01 -1.214394497595205991e+01
4.174199999504156494e+10 -1.218643818915139398e+00 -1.195255222233997650e+01
4.174199999527489471e+10 -1.324447125003028303e+00 -1.158323162474129653e+01
4.174199999539531708e+10 -1.319474944701630736e+00 -1.201625532003723507e+01
4.174199999551240540e+10 -1.212483297665408077e+00 -1.159568504689558743e+01
4.174199999566832733e+10 -8.472867120706197852e-01 -1.180629217683324583e+01
4.174199999595819855e+10 -5.289908667014326937e-01 -1.167706277324683661e+01
4.174199999626147461e+10 -7.058087906716666859e-01 -1.195776703725216983e+01
4.174199999659029388e+10 -6.469581160214895599e-01 -1.225851992185320860e+01
4.174199999657219696e+10 -6.454677937726578385e-01 -1.180940245227881036e+01
4.174199999642597198e+10 -1.070268764161864672e+00 -1.182348640066638623e+01
4.174199999652005768e+10 -8.405515943528235612e-01 -1.144876721222078153e+01
4.174199999655739594e+10 -1.275068474966540188e+00 -1.133996813463200759e+01
4.174199999663504028e+10 -1.032416435856046810e+00 -1.096966004669106809e+01
4.174199999672365570e+10 -9.921205661909442419e-01 -1.053084303833377966e+01
4.174199999662677765e+10 -7.034353380258511201e-01 -1.086146719737358346e+01
4.174199999641513062e+10 -1.055971815567964045e+00 -1.067992004247904525e+01
4.174199999670979309e+10 -9.573232052405289405e-01 -1.100469838537891221e+01
4.174199999640934753e+10 -1.291188767628786316e+00 -1.098725320824759955e+01
4.174199999629548645e+10 -1.369082692219373731e+00 -1.141504449609492511e+01
4.174199999632358551e+10 -1.773512644100831537e+00 -1.122092232377175058e+01
4.174199999634529114e+10 -1.736559503896154322e+00 -1.077348561170992625e+01
4.174199999671917725e+10 -1.895465729151643464e+00 -1.058114537308899017e+01
4.174199999656822205e+10 -1.820107060757209405e+00 -1.099776360728769120e+01
4.174199999651976776e+10 -1.802293671811176390e+00 -1.055125356002690573e+01
4.174199999684687805e+10 -1.747590386011821373e+00 -1.024786731726691258e+01
4.174199999669689941e+10 -1.879954070394006305e+00 -9.845346807220204610e+00
4.174199999647863770e+10 -1.532922872399105074e+00 -1.002965211901621778e+01
4.174199999603249359e+10 -1.499274007538595299e+00 -1.007278816843552249e+01
4.174199999646497345e+10 -1.488989061588137597e+00 -9.950749119495251094e+00
4.174199999649259949e+10 -1.321333935684191108e+00 -1.036687978050431269e+01
4.174199999659412384e+10 -1.307903710457384738e+00 -1.080454213257305440e+01
4.174199999652963257e+10 -1.724523782868093713e+00 -1.064864165442051913e+01
4.174199999640776062e+10 -1.989568487399783425e+00 -1.099059820678742128e+01
4.174199999604488373e+10 -2.035094895298508177e+00 -1.072928486508205559e+01
4.174199999638818359e+10 -2.093693497756652366e+00 -1.044512050646007673e+01
4.174199999595204163e+10 -2.190495321855075783e+00 -1.039567215421863189e+01
4.174199999569611359e+10 -2.362028357418442859e+00 -1.072295459907257431e+01
4.174199999543472290e+10 -2.678697206739340420e+00 -1.054011285241597129e+01
4.174199999510190582e+10 -2.849434239761737153e+00 -1.078934479547199032e+01
4.174199999544803619e+10 -2.896648108067370941e+00 -1.050650269414950166e+01
4.174199999568898773e+10 -2.782917650493923478e+00 -1.014450210903719096e+01
4.174199999557640076e+10 -2.369306268698556206e+00 -1.027972899030810794e+01
4.174199999579644012e+10 -2.518490444771369408e+00 -9.917289944620685915e+00
4.174199999606376648e+10 -2.865918967731275746e+00 -1.001661530674254763e+01
4.174199999608055878e+10 -2.886728873903954273e+00 -9.567926934865974786e+00
4.174199999606362152e+10 -2.891356441023887669e+00 -1.001706849720422277e+01
4.174199999604037476e+10 -3.075248923646134891e+00 -1.042655523414114782e+01
4.174199999568201447e+10 -3.256573916855171280e+00 -1.022472248477578916e+01
4.174199999530500793e+10 -3.011896600689717207e+00 -1.021868592062287817e+01
4.174199999552512360e+10 -3.211413448259271330e+00 -1.055599713497466396e+01
4.174199999549562073e+10 -3.437484771881166079e+00 -1.016862433961543033e+01
4.174199999515924072e+10 -3.360132763628232322e+00 -1.045655481531780318e+01
4.174199999514128113e+10 -3.356988776278062581e+00 -1.090566945867812265e+01
4.174199999519036865e+10 -3.639578466914269228e+00 -1.125174688148375601e+01
4.174199999548013306e+10 -3.503365188750906078e+00 -1.156721424546811683e+01
4.174199999556245422e+10 -3.331874840364655199e+00 -1.197446164773924515e+01
4.174199999566824341e+10 -3.539082591562868529e+00 -1.235905223348446569e+01
4.174199999534442902e+10 -3.406043504178173364e+00 -1.264097239723114363e+01
4.174199999519643402e+10 -3.446194548397904178e+00 -1.306349072292908886e+01
4.174199999502494812e+10 -3.058715530779543279e+00 -1.291352743840408657e+01
4.174199999475279236e+10 -2.727624585443838345e+00 -1.277807373812510860e+01
4.174199999512605286e+10 -2.561925578471603959e+00 -1.259030732844937361e+01
4.174199999496891785e+10 -2.954001576758352066e+00 -1.243661287528146708e+01
4.174199999508901215e+10 -3.032371677164522605e+00 -1.286260708677430387e+01
4.174199999476467133e+10 -2.731855632198288752e+00 -1.278178932230536979e+01
4.174199999483679199e+10 -2.634282052572079369e+00 -1.234899073627338062e+01
4.174199999483859253e+10 -2.598956863937240680e+00 -1.190090008343316796e+01
4.174199999497654724e+10 -2.666232625001623724e+00 -1.232336829790872734e+01
4.174199999495069885e+10 -3.106603825273410280e+00 -1.223710368138324256e+01
4.174199999531726074e+10 -2.906444314184906119e+00 -1.207095065502403131e+01
4.174199999534778595e+10 -2.904122514877089056e+00 -1.251939150102695386e+01
4.174199999535954285e+10 -2.881349458701215838e+00 -1.296814479295020739e+01
4.174199999576356506e+10 -3.043484532415673627e+00 -1.285626621546460235e+01
4.174199999599037933e+10 -3.171082090867244574e+00 -1.248978300755032578e+01
4.174199999606222534e+10 -2.731624847480019991e+00 -1.255103619439734608e+01
4.174199999565264893e+10 -2.599744757616326396e+00 -1.268099769204221872e+01
4.174199999570749664e+10 -3.024960632056310494e+00 -1.281597720528436390e+01
4.174199999540919495e+10 -2.857115685015249262e+00 -1.310731712216205302e+01
4.174199999524512482e+10 -3.254384872009376206e+00 -1.297580622112975135e+01
4.174199999526927948e+10 -3.465431959569953424e+00 -1.257968514853466324e+01
4.174199999498360443e+10 -3.683352469863526935e+00 -1.284975525128754548e+01
4.174199999537786102e+10 -3.577326366754344456e+00 -1.303778190280580240e+01
4.174199999534496307e+10 -3.599186191410647329e+00 -1.348552771351772250e+01
4.174199999573847961e+10 -3.384203869270324461e+00 -1.351654836537418980e+01
4.174199999537917328e+10 -3.630137408993070913e+00 -1.340495815264034185e+01
4.174199999543781281e+10 -4.036104174488580831e+00 -1.358877643774389554e+01
4.174199999557150269e+10 -4.082648347954656920e+00 -1.316216541237680815e+01
4.174199999571842194e+10 -3.668476760188555730e+00 -1.306776060026023956e+01
4.174199999579559326e+10 -3.390449118604209833e+00 -1.272311340816130176e+01
4.174199999589479065e+10 -3.087675858760621672e+00 -1.304016877464396629e+01
4.174199999569689178e+10 -2.995454416613358539e+00 -1.343306636523182895e+01
4.174199999568000793e+10 -3.292612947068262130e+00 -1.376988686528104822e+01
4.174199999564680481e+10 -2.968484449132238190e+00 -1.407952337983681268e+01
4.174199999583988953e+10 -2.640185812699733070e+00 -1.384083199597396785e+01
4.174199999594680023e+10 -3.057260059196301505e+00 -1.371177824252434974e+01
4.174199999590110779e+10 -3.000478745831632210e+00 -1.415531440925883899e+01
4.174199999583737946e+10 -2.971012703021644441e+00 -1.371134716624269778e+01
4.174199999551908112e+10 -3.019676146069800282e+00 -1.339773451780025937e+01
4.174199999543885040e+10 -3.156254092313377058e+00 -1.297708547967569537e+01
4.174199999557847595e+10 -3.436083557843532255e+00 -1.265422973968914633e+01
4.174199999517174530e+10 -3.534672449470813937e+00 -1.281820490510853006e+01
4.174199999499133301e+10 -3.874370217067997668e+00 -1.305078247179513440e+01
4.174199999472173309e+10 -4.232411380177011573e+00 -1.301672030356564846e+01
4.174199999448799133e+10 -4.444858586200065353e+00 -1.333651281436595148e+01
4.174199999412345123e+10 -4.705618315869699586e+00 -1.337040306951202595e+01
4.174199999445625305e+10 -4.691785198055574924e+00 -1.367221275897447619e+01
4.174199999418946838e+10 -4.818936694539258880e+00 -1.333354475543240270e+01
4.174199999455644989e+10 -5.064450185369095969e+00 -1.324938664469081218e+01
4.174199999451106262e+10 -5.511611908683220484e+00 -1.324459386206226164e+01
4.174199999428154755e+10 -5.862972954783510993e+00 -1.340554086961421909e+01
4.174199999405493927e+10 -5.762153643930915337e+00 -1.378040049386908095e+01
4.174199999409495544e+10 -5.765791949857093535e+00 -1.422808540601667993e+01
4.174199999383558655e+10 -5.920000658217332123e+00 -1.389494433989938038e+01
4.174199999368399811e+10 -5.602091124187271731e+00 -1.361567659197414670e+01
4.174199999371582794e+10 -5.770998805484444993e+00 -1.403099981717110722e+01
4.174199999389009094e+10 -6.140803051545998592e+00 -1.421785005011570213e+01
4.174199999394754791e+10 -6.364443127423125013e+00 -1.383220748489392982e+01
4.174199999403177643e+10 -6.350585947540664300e+00 -1.427351274800959047e+01
4.174199999399376678e+10 -5.976018495515805995e+00 -1.451905416494573942e+01
4.174199999373806763e+10 -6.028177441886949595e+00 -1.488502369728755248e+01
4.174199999398543549e+10 -5.992711609720926091e+00 -1.451140824303016075e+01
4.174199999426277161e+10 -6.089755107915300059e+00 -1.417125602408762575e+01
4.174199999385871887e+10 -5.920968333109380310e+00 -1.406981909782698459e+01
4.174199999386944580e+10 -5.948418348105325215e+00 -1.451833644322255346e+01
4.174199999379952240e+10 -6.114898371569057467e+00 -1.410671575229215513e+01
4.174199999368041992e+10 -5.704550575527272294e+00 -1.424623186937703601e+01
4.174199999384761810e+10 -5.499097063512651928e+00 -1.460937234593924217e+01
4.174199999413699341e+10 -5.636436987769648965e+00 -1.492470643943191533e+01
4.174199999412456512e+10 -5.295567606716889308e+00 -1.521743484622145104e+01
4.174199999382970428e+10 -5.003513107293044548e+00 -1.539005466698987945e+01
4.174199999386178589e+10 -5.190193800058072959e+00 -1.579767874258071991e+01
4.174199999352508545e+10 -5.480800088725219510e+00 -1.573274255474203720e+01
4.174199999341085815e+10 -5.300818307018400510e+00 -1.612846258041360770e+01
4.174199999337509918e+10 -5.209073295649829127e+00 -1.656702884099466999e+01
4.174199999337729645e+10 -5.205049835839853145e+00 -1.701648997974763233e+01
4.174199999336175537e+10 -5.190756538792640207e+00 -1.746547824583307218e+01
4.174199999365547180e+10 -5.365952912540697284e+00 -1.775715008032595676e+01
4.174199999406754303e+10 -5.489410316759044228e+00 -1.788749348783181858e+01
4.174199999407883453e+10 -5.487522948754377516e+00 -1.833683223327396661e+01
4.174199999414371490e+10 -5.305732684992346293e+00 -1.874276214002958696e+01
4.174199999420882416e+10 -5.200269804784634964e+00 -1.917482069870689898e+01
4.174199999401473999e+10 -5.169545459884711924e+00 -1.877056245608186558e+01
4.174199999360172272e+10 -5.053709929513230392e+00 -1.890484736344825478e+01
4.174199999351908112e+10 -5.453421190990030532e+00 -1.871659745097867500e+01
4.174199999326313782e+10 -5.193600380405494654e+00 -1.897931856020592534e+01
4.174199999288588715e+10 -5.012663892666096466e+00 -1.914356803488579928e+01
4.174199999285276031e+10 -4.991701005360876131e+00 -1.959133950340516606e+01
4.174199999307382202e+10 -5.088828202241025167e+00 -1.921221801875251600e+01
4.174199999305741882e+10 -4.842875214317872157e+00 -1.883635323944467999e+01
4.174199999277899933e+10 -5.054401365282314096e+00 -1.855390923175194118e+01
4.174199999276705933e+10 -5.470781897371138847e+00 -1.872279078171501254e+01
4.174199999277187347e+10 -5.588256333283140975e+00 -1.915662594705396415e+01
4.174199999279882050e+10 -5.614877662851053941e+00 -1.870874052494356832e+01
4.174199999282714081e+10 -5.447071177029370048e+00 -1.829271746331994564e+01
4.174199999317828369e+10 -5.205734489407206844e+00 -1.814956692040627573e+01
4.174199999306082153e+10 -5.509204860375155555e+00 -1.783949488235428404e+01
4.174199999341799164e+10 -5.685835483846330973e+00 -1.763148403433767442e+01
4.174199999367852020e+10 -5.407422592096311931e+00 -1.786948951027965649e+01
4.174199999323606110e+10 -5.449173770295349328e+00 -1.780225494558881039e+01
4.174199999292100525e+10 -5.526753181091512701e+00 -1.811331036043545595e+01
4.174199999308239746e+10 -5.941798130865570293e+00 -1.817436383818860790e+01
4.174199999267361450e+10 -5.802260807904255913e+00 -1.805002684152194448e+01
4.174199999291293335e+10 -6.085486480178277091e+00 -1.830408609042807910e+01
4.174199999302788544e+10 -5.984772173608117640e+00 -1.788138253222932761e+01
4.174199999323823547e+10 -5.933247385262418128e+00 -1.748751188323385719e+01
4.174199999298256683e+10 -5.825545078317758474e+00 -1.784116379785206163e+01
4.174199999304944611e+10 -5.843170835557802256e+00 -1.739703277686312077e+01
4.174199999306278992e+10 -5.775317327012563062e+00 -1.695289958390515395e+01
4.174199999325077820e+10 -5.774111236596381147e+00 -1.654461748317684666e+01
4.174199999336701965e+10 -5.580214261691706312e+00 -1.615612289691013714e+01
4.174199999369768524e+10 -5.802990772564593058e+00 -1.636365439536038835e+01
4.174199999414473724e+10 -5.849675269425320678e+00 -1.636471939733108627e+01
4.174199999395307922e+10 -5.713751791845659511e+00 -1.598153623507367982e+01
4.174199999426027679e+10 -5.652863159590169495e+00 -1.630396436869968113e+01
4.174199999396298981e+10 -5.610435832619788954e+00 -1.663841662962081003e+01
4.174199999401635742e+10 -5.988962179651935003e+00 -1.640197283361887770e+01
4.174199999419093323e+10 -5.864636440567577935e+00 -1.600687521860105278e+01
4.174199999450587463e+10 -5.674797988264098869e+00 -1.574839596615329995e+01
4.174199999466703796e+10 -5.408489371241221200e+00 -1.542413928247393429e+01
4.174199999465596008e+10 -5.427384250456920967e+00 -1.587308979617845672e+01
4.174199999462421417e+10 -5.875664039329707933e+00 -1.586449080108652510e+01
4.174199999497991943e+10 -5.745731612854569015e+00 -1.562235746294441618e+01
4.174199999497010040e+10 -5.674117516717147147e+00 -1.606599179908144848e+01
4.174199999468801117e+10 -5.329390082000735163e+00 -1.600579679840901193e+01
4.174199999427838898e+10 -5.514266007931733604e+00 -1.601390882061801690e+01
4.174199999446243286e+10 -5.903037634080314788e+00 -1.588344413952114387e+01
4.174199999470874786e+10 -5.532489421936855223e+00 -1.594714804899368410e+01
4.174199999465206146e+10 -5.102314062393100258e+00 -1.606450135490342390e+01
4.174199999467269135e+10 -4.963601146768214178e+00 -1.563745396412676314e+01
4.174199999506932831e+10 -5.056630886027227767e+00 -1.582734602197201390e+01
4.174199999549778748e+10 -5.078434901658773093e+00 -1.569324168465377234e+01
4.174199999555017090e+10 -4.908041243011547650e+00 -1.528061758734448716e+01
4.174199999579642487e+10 -5.149416858692631216e+00 -1.499228738367010294e+01
4.174199999569186401e+10 -5.459044267177906917e+00 -1.530088692858643817e+01
4.174199999567799377e+10 -5.107167353936994836e+00 -1.502155434163938708e+01
4.174199999537141418e+10 -5.236387814054610068e+00 -1.532379187529861042e+01
4.174199999536395264e+10 -5.514565747016942687e+00 -1.567677587379243853e+01
4.174199999525395966e+10 -5.576356044002151791e+00 -1.524535941164147168e+01
4.174199999541013336e+10 -5.556810762313574514e+00 -1.566638647969761777e+01
4.174199999541136169e+10 -5.555234436224381511e+00 -1.521690638292241537e+01
4.174199999543455505e+10 -5.713108445346627207e+00 -1.479669888633626229e+01
4.174199999574114227e+10 -5.478187819353919963e+00 -1.456679823920508632e+01
4.174199999567671967e+10 -5.068935270263441595e+00 -1.474115027227399999e+01
4.174199999586676025e+10 -5.230508922859241849e+00 -1.436723131001524933e+01
4.174199999569021606e+10 -4.879227508430759030e+00 -1.414935414942627645e+01
4.174199999541313934e+10 -4.527225968973549008e+00 -1.418625109379797244e+01
4.174199999551473999e+10 -4.531874425885834334e+00 -1.374842542919461863e+01
4.174199999575991821e+10 -4.309368729733558112e+00 -1.344442575148521968e+01
4.174199999615092468e+10 -4.410662823019118051e+00 -1.364162366427860107e+01
4.174199999658273315e+10 -4.397377508920813582e+00 -1.376571797903084793e+01
4.174199999627989960e+10 -4.469511812038232001e+00 -1.344148727674673083e+01
4.174199999671281433e+10 -4.538620080012309543e+00 -1.354072425420819314e+01
4.174199999651610565e+10 -4.581797808470858158e+00 -1.394256774275344313e+01
4.174199999616870117e+10 -4.866515435400715184e+00 -1.392575759307944594e+01
4.174199999596738434e+10 -4.628178896912980456e+00 -1.424933459808261560e+01
4.174199999559660339e+10 -4.380266305243842417e+00 -1.419367166464759755e+01
4.174199999565862274e+10 -4.497151035443209821e+00 -1.376410450294926413e+01
4.174199999573505402e+10 -4.579762865530352833e+00 -1.419927125106924315e+01
4.174199999605186462e+10 -4.497082533633034451e+00 -1.450721700211815879e+01
4.174199999632984924e+10 -4.527960343436117974e+00 -1.415535706236760660e+01
4.174199999612033081e+10 -4.388027990321197613e+00 -1.378312547268085986e+01
4.174199999617928314e+10 -4.733775442278527201e+00 -1.406423055256824206e+01
4.174199999640114594e+10 -5.094481328640966034e+00 -1.391355518148184522e+01
4.174199999678848267e+10 -5.015986947518253913e+00 -1.369944301259392461e+01
4.174199999720283508e+10 -5.084201118064342495e+00 -1.385973702079621006e+01
4.174199999701786041e+10 -5.085645872621324060e+00 -1.345007871093326912e+01
4.174199999679691315e+10 -5.319557530300018655e+00 -1.376393204224007505e+01
4.174199999719587708e+10 -5.208187482615068475e+00 -1.358940797542566159e+01
4.174199999736847687e+10 -5.532321892380347883e+00 -1.333021229384453932e+01
4.174199999694772339e+10 -5.655492408202990262e+00 -1.342938122592758532e+01
4.174199999690704346e+10 -5.357161504262204943e+00 -1.376311819156022942e+01
4.174199999724609375e+10 -5.191929126852958376e+00 -1.400761343847304197e+01
4.174199999745956421e+10 -4.947578514585524445e+00 -1.431867680295395751e+01
4.174199999772652435e+10 -5.269125575979125564e+00 -1.415322345375556701e+01
4.174199999772295380e+10 -4.846827700875010692e+00 -1.430713290434924190e+01
4.174199999729570770e+10 -4.707226510052317181e+00 -1.430969679976417375e+01
4.174199999700471497e+10 -5.048663606203503740e+00 -1.433765462422151593e+01
4.174199999718730927e+10 -5.113573165891131644e+00 -1.474321886140716842e+01
4.174199999758664703e+10 -4.972965773020828983e+00 -1.489419381382989016e+01
4.174199999732601929e+10 -4.891566933175067078e+00 -1.453714384827602224e+01
4.174199999769568634e+10 -4.648594733264267198e+00 -1.461682571569387257e+01
4.174199999771483612e+10 -4.929624039158225557e+00 -1.496710026950630201e+01
4.174199999792358398e+10 -5.018175979488599836e+00 -1.535519923494958228e+01
4.174199999802091217e+10 -5.248620316028005384e+00 -1.572864166102934291e+01
4.174199999805425262e+10 -5.196293432648992905e+00 -1.528345984516521661e+01
4.174199999804872894e+10 -5.287429215786743519e+00 -1.572357361191201086e+01
4.174199999848326111e+10 -5.181857020154869709e+00 -1.567805851133691597e+01
4.174199999855671692e+10 -5.150469737555652294e+00 -1.523572841580649850e+01
4.174199999875674438e+10 -5.353236052849647209e+00 -1.558345156131923481e+01
4.174199999909391022e+10 -5.187644343485378506e+00 -1.533659749886612822e+01
4.174199999906002045e+10 -5.262938817833105354e+00 -1.489476223991816539e+01
4.174199999870474243e+10 -5.044380130351080460e+00 -1.472729879555487642e+01
4.174199999843958282e+10 -4.955878976136325775e+00 -1.507928523002936139e+01
4.174199999828465271e+10 -4.762229685343115193e+00 -1.470440710852210842e+01
4.174199999803625488e+10 -5.019506877832156100e+00 -1.443211461863920775e+01
4.174199999800901794e+10 -5.025988869679138382e+00 -1.488072649885337562e+01
4.174199999800000763e+10 -5.043285042520833983e+00 -1.443166521298495830e+01
4.174199999802252960e+10 -5.179631645845449661e+00 -1.485937852607182919e+01
4.174199999803183746e+10 -5.166032555718294894e+00 -1.441019618670908109e+01
4.174199999838368988e+10 -4.936350431089955748e+00 -1.456981981730525000e+01
4.174199999810620880e+10 -5.281272093544573387e+00 -1.464773248881876633e+01
4.174199999844368744e+10 -5.237427694033545578e+00 -1.494137125074453110e+01
4.174199999842718506e+10 -5.494084162203301425e+00 -1.457273660495529022e+01
4.174199999845047760e+10 -5.682346175055618787e+00 -1.498023023262991771e+01
4.174199999845314789e+10 -5.280133369339415239e+00 -1.477959600630603809e+01
4.174199999849063110e+10 -5.578742625802771471e+00 -1.511345809503490045e+01
4.174199999843823242e+10 -5.283693916329431417e+00 -1.544847598370166430e+01
4.174199999836807251e+10 -5.049234709897860718e+00 -1.507145758557640036e+01
4.174199999834217834e+10 -4.940666291101474705e+00 -1.550686401348521670e+01
4.174199999803782654e+10 -5.071429313075350720e+00 -1.520304322547586118e+01
4.174199999821567535e+10 -5.452479615159362858e+00 -1.504427337854492208e+01
4.174199999833422852e+10 -5.430678234714584995e+00 -1.547729385983842398e+01
4.174199999812490082e+10 -5.824235834775110199e+00 -1.541959001012872044e+01
4.174199999809387970e+10 -6.113063803025023724e+00 -1.507658526154625989e+01
4.174199999782496643e+10 -5.753277035387755589e+00 -1.509319241335878381e+01
4.174199999812564850e+10 -5.947322235089610665e+00 -1.536517468660538199e+01
4.174199999826119995e+10 -5.723439950645324181e+00 -1.573060381456560286e+01
4.174199999870434570e+10 -5.797922043137951675e+00 -1.574097496138819707e+01
4.174199999881566620e+10 -6.063030353999913302e+00 -1.608646160336714459e+01
4.174199999883689117e+10 -5.892796954052296421e+00 -1.567100243364604317e+01
4.174199999924163818e+10 -5.716115256918571141e+00 -1.575465714555363661e+01
4.174199999906333160e+10 -5.583379890851990268e+00 -1.536398652710199286e+01
4.174199999949906921e+10 -5.586559922252824606e+00 -1.547426222944407748e+01
4.174199999920319366e+10 -5.437860923320806172e+00 -1.577820590007464219e+01
4.174199999918353271e+10 -5.653705867129500184e+00 -1.617198336212007703e+01
4.174199999935191345e+10 -5.274116406899009846e+00 -1.599994599607504853e+01
4.174199999959437561e+10 -5.109196753741885644e+00 -1.565928294282076472e+01
4.174199999927964020e+10 -4.839234494228366934e+00 -1.548579770790998822e+01
4.174199999967777252e+10 -4.796141850004057794e+00 -1.568992593935696078e+01
4.174199999974984741e+10 -4.983329619887335582e+00 -1.528767980157079087e+01
4.174199999980714417e+10 -4.968474841642199991e+00 -1.573324955619230003e+01
4.174199999995360565e+10 -5.372086589710416860e+00 -1.560027214415081964e+01
4.174199999994893646e+10 -5.363744067111051450e+00 -1.604965500792690136e+01
4.174200000021941376e+10 -5.622651072881525991e+00 -1.580096945193667324e+01
