1.391400000000000000e+10 0.000000000000000000e+00 0.000000000000000000e+00
1.391399999983480835e+10 1.212107093610043790e-01 2.186640480055442870e-01
1.391399999974915695e+10 3.821263709990334045e-01 3.385852688948242095e-01
1.391399999947616577e+10 5.056645962064367783e-01 3.356483959557936547e-01
1.391399999969060135e+10 6.279438437914617310e-01 1.657678307377121185e-01
1.391399999974405289e+10 3.340494601438683819e-01 1.894965639745042618e-01
1.391399999978312492e+10 2.455763762427064512e-01 4.731161100315077750e-01
1.391399999990602875e+10 4.943596828223538187e-01 3.599974300338737443e-01
1.391399999973965836e+10 2.453530469449158313e-01 3.494664545076465734e-01
1.391399999966864967e+10 4.077738178495953769e-01 1.078649442900795064e-01
1.391399999961572838e+10 4.851696768625263223e-01 3.924759017845922404e-01
1.391399999938238335e+10 3.048643859747213192e-01 3.392381675355519710e-01
1.391399999916142845e+10 1.026050470793358482e-01 3.472615699569059911e-01
1.391399999915594101e+10 9.769438120401358061e-02 6.468277191927367387e-01
1.391399999888541985e+10 1.518175983512231320e-01 5.298524315980627231e-01
1.391399999895914268e+10 1.511864728237416744e-01 2.394067856178208609e-01
1.391399999877194595e+10 9.145735003825797294e-02 4.656451580584376471e-01
1.391399999851831818e+10 -1.958660400486722519e-02 3.510317094730119325e-01
1.391399999860471535e+10 -3.904247600149143849e-02 6.373028807566307741e-01
1.391399999855599594e+10 -1.428179364152908914e-01 9.141625236979422642e-01
1.391399999858637238e+10 -2.367676683611352195e-01 1.197084514974391167e+00
1.391399999847706032e+10 -4.870932084352793678e-01 1.073868987300422129e+00
1.391399999819826889e+10 -3.892938829062790873e-01 1.023822793954356047e+00
1.391399999794050789e+10 -2.364940968536583810e-01 1.026136825654745399e+00
1.391399999767909813e+10 -2.041671046960689684e-01 8.832589384452209647e-01
1.391399999777355766e+10 -4.589352571951962889e-01 1.009609706143424157e+00
1.391399999763580513e+10 -5.190143137975916643e-01 7.503627139388218126e-01
1.391399999763321304e+10 -2.640947085861808930e-01 5.928718221773187080e-01
1.391399999778945160e+10 -4.497117158542150439e-01 7.687415332823317460e-01
1.391399999789431190e+10 -6.799623316355798419e-01 6.081705516912609966e-01
1.391399999806608772e+10 -4.572068590905303820e-01 5.048882949804993636e-01
1.391399999824271393e+10 -3.741595598180527116e-01 2.775108086925396900e-01
1.391399999851697350e+10 -3.315270801880640383e-01 3.904649452230055662e-01
1.391399999840636826e+10 -2.815234022659947599e-01 6.644363792111835920e-01
1.391399999861201096e+10 -1.280126660235118008e-01 5.097113923037412953e-01
1.391399999842119217e+10 9.484260589412291109e-02 4.487381777742279199e-01
1.391399999854292297e+10 2.469720750402201459e-01 2.210709700666745603e-01
1.391399999860120583e+10 9.656322898033137259e-02 4.736067017241908372e-01
1.391399999860193825e+10 1.076922026867440374e-01 7.730557210242912092e-01
1.391399999846769905e+10 6.196920435407153593e-02 1.037031441818055288e+00
1.391399999869756508e+10 1.654442500771455549e-01 1.199046469394224435e+00
1.391399999867988396e+10 4.613591305331038450e-01 1.155275794191848560e+00
1.391399999866788483e+10 4.060408573527427567e-01 1.449537627642647042e+00
1.391399999863298607e+10 2.339992497134570082e-01 1.206684043509896220e+00
1.391399999838350868e+10 1.352601032665718961e-01 1.340122177785265878e+00
1.391399999836280441e+10 1.176545342319656740e-01 1.638543879605622422e+00
1.391399999859906578e+10 2.776794098077807194e-01 1.730015465656523199e+00
1.391399999885836029e+10 2.664793337721348410e-01 1.580232728897424055e+00
1.391399999884691620e+10 2.693712179458074840e-01 1.280808634278170377e+00
1.391399999898680687e+10 4.168171577505921377e-01 1.501000386402854936e+00
1.391399999919704628e+10 6.179323485422358875e-01 1.572737713646268576e+00
1.391399999946695709e+10 4.880536559490303850e-01 1.581328223858669668e+00
1.391399999967458534e+10 3.528157714966288494e-01 1.412818396291853240e+00
1.391399999953577042e+10 2.038100036249990699e-01 1.192995800304894605e+00
1.391399999954740524e+10 2.254927549232251527e-01 1.491640375081480396e+00
1.391399999945768166e+10 1.510035972594562792e-01 1.215605688200170453e+00
1.391399999926723671e+10 9.404674843046001431e-02 1.439838637796921672e+00
1.391399999940490150e+10 1.631261709710062069e-01 1.182796862320390385e+00
1.391399999937029457e+10 1.545035300687910007e-01 1.480323628406835956e+00
1.391399999959492874e+10 1.268291063432373800e-01 1.283936401979439479e+00
1.391399999986495209e+10 7.739791038378196486e-02 1.404095031086664669e+00
1.391399999973807144e+10 7.879170658412076866e-02 1.675560338911082470e+00
1.391399999989166260e+10 2.589158786001105605e-03 1.429801821478927426e+00
1.391399999979690742e+10 -8.652744269599137172e-02 1.699753218278074129e+00
1.391399999981931305e+10 1.615582081681077864e-01 1.866323330271032255e+00
1.391399999986986542e+10 -1.273465595660531746e-01 1.804901390840641939e+00
1.391399999987102318e+10 1.723202248306457407e-02 2.067370053640690042e+00
1.391399999986560631e+10 -7.530283432610837546e-02 1.782410312600851920e+00
1.391399999962617874e+10 -2.425108879880306934e-01 1.849570159297209804e+00
1.391399999979286575e+10 -8.099088540934121228e-02 1.660041529214896450e+00
1.391399999986861420e+10 -6.448399007792413040e-03 1.940219440043119414e+00
1.391399999998915291e+10 2.571647412037246783e-01 2.016196148461606441e+00
1.391399999997638512e+10 1.793580297212387376e-01 2.305293360784668177e+00
1.391400000001488686e+10 4.270086777757691188e-01 2.141035002285009536e+00
1.391400000003068352e+10 4.209852929496175067e-01 2.440214324318397132e+00
1.391399999993664932e+10 3.955643491361934272e-01 2.723596679977233315e+00
1.391400000018720055e+10 4.623996404787198422e-01 2.873766902292031133e+00
