2.782800000000000000e+10 0.000000000000000000e+00 0.000000000000000000e+00
2.782799999974559784e+10 1.555740360754169493e-01 -1.684010762285549079e-01
2.782799999981628036e+10 1.702073005508192294e-01 -5.031721473826689106e-01
2.782799999954386520e+10 3.638112833158554382e-01 -5.779352549594310995e-01
2.782799999936662674e+10 7.800028299536337917e-02 -6.425934013199070538e-01
2.782799999960438538e+10 5.715415375908006884e-02 -3.969963597565213109e-01
2.782799999960042572e+10 3.339713792761715427e-01 -5.985865493288489159e-01
2.782799999970568466e+10 4.867651118914246844e-01 -3.107375270885331386e-01
2.782799999957001114e+10 6.258803361471989568e-01 -5.927342457852540214e-01
2.782799999948979568e+10 6.029100742105772959e-01 -9.248786807893158990e-01
2.782799999959281921e+10 7.461877674282568762e-01 -1.218374248427060991e+00
2.782799999982518005e+10 5.103824668443490697e-01 -1.306049521244712519e+00
2.782799999965135574e+10 6.658329931685680325e-01 -1.556852720804398738e+00
2.782799999968299103e+10 4.529480679318457770e-01 -1.823238280325192306e+00
2.782799999943738174e+10 4.212488284354588552e-01 -2.059784318774857681e+00
2.782799999969781876e+10 3.979924682600338159e-01 -1.838621388217651642e+00
2.782799999974584198e+10 6.118492419570525920e-01 -1.575484329250535831e+00
2.782799999964874649e+10 2.847765182540871742e-01 -1.605111846139808618e+00
2.782799999965232849e+10 2.849357624338806350e-01 -1.262665931061081270e+00
2.782799999957540894e+10 -6.442701642067394374e-03 -1.099987497542842974e+00
2.782799999977141190e+10 -1.157717013264028191e-02 -8.192064427400933546e-01
2.782799999979755783e+10 2.728877039260562132e-01 -1.008093065574815705e+00
2.782799999977453995e+10 2.765299404670866767e-01 -6.664221949860809069e-01
2.782799999944434738e+10 3.032692652315542858e-01 -5.795930493267222872e-01
2.782799999948057938e+10 4.690575798181259026e-01 -8.770549254092092628e-01
2.782799999969971085e+10 5.271041377559155805e-01 -6.203555910857410094e-01
2.782799999968999100e+10 2.358565876011181617e-01 -8.002512700265644874e-01
2.782799999972558594e+10 2.692512738714090137e-01 -1.139220129284062910e+00
2.782799999945179749e+10 4.177063406727894446e-01 -9.968013575107848023e-01
2.782799999932159424e+10 4.831059820479076672e-01 -6.868781508084489396e-01
2.782799999908681107e+10 3.645898346310590954e-01 -9.062228757958454839e-01
2.782799999911812973e+10 1.619295872093466648e-01 -6.319421589652065574e-01
2.782799999934346008e+10 1.209565045602607192e-01 -3.773260322742666983e-01
2.782799999935578537e+10 1.078639969595314718e-01 -3.533369609786390919e-02
2.782799999912997055e+10 1.929023276993858116e-01 2.076850862182831881e-01
2.782799999936460114e+10 1.519580427470117179e-01 -3.839240679032732140e-02
2.782799999936826706e+10 1.956364716865376663e-01 3.012556424606066541e-01
2.782799999905843735e+10 1.269012936713461714e-01 1.725563944375863856e-01
2.782799999892866898e+10 -1.896727132547544881e-01 1.874985893625915057e-01
2.782799999876097870e+10 -4.821586252867990363e-01 1.273838560211595361e-01
2.782799999877160263e+10 -5.162412767002647618e-01 -2.132149503454572881e-01
2.782799999910609055e+10 -5.710028159395146297e-01 -1.642021330690021097e-01
2.782799999897912598e+10 -6.375232086265141263e-01 -4.752277299596044391e-01
2.782799999880388641e+10 -6.583755473473561493e-01 -7.687210002498801042e-01
2.782799999885017776e+10 -9.259901540616386484e-01 -9.773394799247743236e-01
2.782799999879121017e+10 -1.070646477662712481e+00 -1.282100597786026253e+00
2.782799999867521286e+10 -8.066800977298884678e-01 -1.466893614105736932e+00
2.782799999883587646e+10 -7.713616895099844051e-01 -1.767262264725071752e+00
2.782799999896893692e+10 -4.560467124744848055e-01 -1.754863941392142301e+00
2.782799999884031296e+10 -7.028486163983644897e-01 -1.555298321404465778e+00
2.782799999881145096e+10 -3.628827613677589325e-01 -1.584831457173172975e+00
2.782799999880734253e+10 -3.565222181119196976e-01 -1.927212412707668188e+00
2.782799999865907288e+10 -5.538835497532729191e-01 -1.689838887253420907e+00
2.782799999843170166e+10 -3.493143203373313410e-01 -1.843903892217526375e+00
2.782799999872333527e+10 -3.724847250404734744e-01 -2.021931877091352803e+00
2.782799999869025040e+10 -7.087315348248043323e-01 -2.077838891413338995e+00
2.782799999863766479e+10 -8.477493804643398967e-01 -1.769308620307080027e+00
2.782799999858940125e+10 -9.593061617051326095e-01 -1.449140481069121522e+00
2.782799999843663025e+10 -1.235599546809659888e+00 -1.316456497976557838e+00
2.782799999830072021e+10 -9.232745218586779767e-01 -1.352005655007438190e+00
2.782799999824163437e+10 -8.964251118081230096e-01 -1.015747042938657030e+00
2.782799999815447617e+10 -9.936852442391568285e-01 -1.332332206107767814e+00
2.782799999797931290e+10 -8.921095205552878049e-01 -1.056140959216657293e+00
2.782799999809507751e+10 -8.512723423257984035e-01 -1.375848673963189661e+00
2.782799999782926559e+10 -8.188929624164354992e-01 -1.589337077861030068e+00
2.782799999757459259e+10 -9.252956276963810733e-01 -1.386599679458824230e+00
2.782799999739475250e+10 -6.530988857978167195e-01 -1.490755704174791862e+00
2.782799999725391006e+10 -6.487668591940228824e-01 -1.802888079958249623e+00
2.782799999729975128e+10 -9.774544651643720661e-01 -1.887416359547094302e+00
2.782799999704611588e+10 -1.060781547012831894e+00 -1.672922868598447188e+00
2.782799999674661636e+10 -1.222202005406301639e+00 -1.633865306703866427e+00
2.782799999657836151e+10 -1.237394936913281729e+00 -1.335969892054527985e+00
2.782799999690887833e+10 -1.278450773206114111e+00 -1.256247217034492714e+00
2.782799999682162476e+10 -1.404013392166342022e+00 -1.562682678201352537e+00
2.782799999670409775e+10 -1.097304859107830932e+00 -1.465734384738257345e+00
2.782799999669747543e+10 -9.415628371382755990e-01 -1.160803854834756788e+00
2.782799999688537979e+10 -1.064036865376776664e+00 -1.419597212209092074e+00
2.782799999657620239e+10 -1.206976162431945720e+00 -1.455099723135703460e+00
2.782799999660462189e+10 -1.196635475990648345e+00 -1.113973045264679662e+00
2.782799999640845108e+10 -9.182139498798849164e-01 -1.149763383124760008e+00
2.782799999666488647e+10 -7.984508963966749917e-01 -9.569453673100845048e-01
2.782799999638400269e+10 -7.045780735011953899e-01 -7.849761634132108590e-01
2.782799999668928909e+10 -5.563695900783638404e-01 -7.389640711759540848e-01
2.782799999676128769e+10 -4.589226523005401903e-01 -1.059279696118175185e+00
2.782799999679100418e+10 -4.813953795576315087e-01 -7.188477200513050391e-01
2.782799999701816177e+10 -2.272231501951360588e-01 -6.860141108706860891e-01
2.782799999682250977e+10 5.377374653463384835e-02 -6.794571940203574245e-01
2.782799999679071808e+10 -2.626615699936591941e-01 -8.065009162434930712e-01
2.782799999656741714e+10 -6.650744937108576949e-02 -9.766243193392013522e-01
2.782799999632627487e+10 -9.358251347688341382e-03 -1.212984055875028444e+00
2.782799999636665726e+10 4.357365583257406111e-04 -1.552918669322393308e+00
2.782799999640335464e+10 -3.210457737288084645e-02 -1.891853143552276961e+00
2.782799999644483566e+10 7.487602651847204138e-03 -1.554223415052637280e+00
2.782799999637112427e+10 3.419807126823281446e-02 -1.887592805778467442e+00
2.782799999633841324e+10 -2.845107647180901145e-01 -1.766610644152526000e+00
2.782799999637654495e+10 -2.485769068333147924e-01 -2.105043616845949650e+00
2.782799999633854294e+10 -3.361790156936772522e-01 -1.776160918458816518e+00
2.782799999610016632e+10 -2.049867941997471354e-01 -1.984120138157829505e+00
2.782799999603252792e+10 -3.837543155298136499e-01 -2.268284411180542914e+00
2.782799999576181412e+10 -1.743854942653673967e-01 -2.255644087126337460e+00
2.782799999577787018e+10 -2.994345370409653428e-01 -2.574057355937072522e+00
2.782799999601331329e+10 -2.564943819872908537e-01 -2.329096935960655479e+00
2.782799999625858688e+10 -4.855839044977781072e-01 -2.397225568875047674e+00
2.782799999626964188e+10 -8.276813165107426151e-01 -2.408592865751705503e+00
2.782799999651581573e+10 -5.946937684465821716e-01 -2.359633064790478851e+00
2.782799999651817322e+10 -4.973270229725000879e-01 -2.687956395658316122e+00
2.782799999677943039e+10 -3.116194114999141784e-01 -2.808532291472456865e+00
2.782799999709400940e+10 -3.784362365009080187e-01 -2.690810986559680984e+00
2.782799999728608322e+10 -1.342352230590330986e-01 -2.834877067064050404e+00
2.782799999726023102e+10 1.271144609928293034e-02 -3.143130892251922326e+00
2.782799999751087189e+10 8.626120393192306113e-02 -2.921652926554487717e+00
2.782799999762054825e+10 8.155667641814230706e-02 -2.597259460889953075e+00
2.782799999776612854e+10 1.491102029619714997e-01 -2.294728560682090635e+00
2.782799999800377655e+10 5.450791577069742655e-02 -2.067010622010888365e+00
2.782799999789403915e+10 9.410186656921817883e-02 -2.388991498110222711e+00
2.782799999792411423e+10 1.051848527442779402e-02 -2.058247894733854721e+00
2.782799999797893906e+10 -7.464729713018510016e-02 -2.385391638224617861e+00
2.782799999794577408e+10 -7.043966273881747953e-02 -2.726220632815354872e+00
2.782799999817958069e+10 -2.777625387940874796e-02 -2.972790276086930028e+00
2.782799999817820740e+10 -2.668387322895478600e-02 -3.315250457252914895e+00
2.782799999794398880e+10 -2.511934840364643540e-01 -3.424884359257583721e+00
2.782799999791568375e+10 -3.344615372690570299e-01 -3.093905182412878485e+00
2.782799999792529678e+10 4.468810289824154403e-03 -3.142028915091173769e+00
2.782799999759555435e+10 -7.001821957519216433e-02 -3.087221349304675400e+00
2.782799999732830048e+10 1.106833362342395377e-01 -3.202130309091140603e+00
2.782799999762369537e+10 -1.402648671367305588e-02 -3.081828868368972518e+00
2.782799999769988251e+10 -3.378670268496095641e-01 -3.000558173939715800e+00
2.782799999792708588e+10 -8.999861898590197362e-02 -3.065534559152516270e+00
2.782799999771303177e+10 -6.040062137595621217e-02 -3.331216077663715414e+00
2.782799999759451675e+10 -1.485097335960101073e-01 -3.640203353805432585e+00
2.782799999755401611e+10 1.687534277386524284e-01 -3.517786747045747120e+00
2.782799999742385101e+10 -1.168800569773084108e-01 -3.380847552895765773e+00
2.782799999719402313e+10 -2.233913406023858850e-02 -3.145214687649870999e+00
2.782799999714178467e+10 -3.585184249446890514e-01 -3.184416881621074946e+00
2.782799999698962021e+10 -6.383349513732458069e-01 -3.058595444129291074e+00
2.782799999710050964e+10 -4.270294190281945790e-01 -2.812963077586687621e+00
2.782799999707474136e+10 -2.998470752265408601e-01 -3.129890150025428586e+00
2.782799999709333420e+10 -2.032167946510531620e-01 -3.457912877984739453e+00
2.782799999729601669e+10 -3.573844424926747587e-01 -3.686898720041769106e+00
2.782799999738294983e+10 -4.133823336764822498e-01 -3.360418729069965416e+00
2.782799999753767395e+10 -3.236726435580569716e-01 -3.068367148885753792e+00
2.782799999762432098e+10 -5.757508250626186541e-01 -3.283381446102873191e+00
2.782799999775988388e+10 -4.430309671358834689e-01 -2.998267003999492530e+00
2.782799999770807648e+10 -6.960825111983246494e-01 -2.773405210835886425e+00
2.782799999737064743e+10 -6.522232592556224118e-01 -2.812121332700916909e+00
2.782799999733460999e+10 -6.415650771645790007e-01 -2.471724870304477406e+00
2.782799999732056808e+10 -6.666673305588077802e-01 -2.130470263809384868e+00
2.782799999732943344e+10 -6.662250899330928178e-01 -2.472819892397917219e+00
2.782799999710498047e+10 -4.563767778077936210e-01 -2.321600533246968912e+00
2.782799999703107071e+10 -2.629848301392042620e-01 -2.594398425085625792e+00
2.782799999703069305e+10 -2.108607025860279038e-01 -2.932872927200827373e+00
2.782799999708695984e+10 2.095848041530701256e-02 -2.687157885453086426e+00
2.782799999690925217e+10 8.215036307548720385e-02 -2.400875235780616013e+00
2.782799999682992172e+10 3.590012862420352002e-01 -2.215558600930164435e+00
2.782799999675429153e+10 3.961035641141800179e-01 -2.547500730886799403e+00
2.782799999680417252e+10 5.365343521169075869e-01 -2.855840033898675578e+00
2.782799999684580612e+10 5.465421274331710988e-01 -3.195617406150947470e+00
2.782799999697376633e+10 7.306983961561067664e-01 -2.936784341874501436e+00
2.782799999719711685e+10 7.399381675357711297e-01 -3.196229619881412631e+00
2.782799999728173828e+10 6.789478193417128882e-01 -2.870037143224536624e+00
2.782799999761922073e+10 6.535916441383331499e-01 -2.817648370532455537e+00
2.782799999793036270e+10 6.477375376433928134e-01 -2.674682663547120143e+00
2.782799999790571594e+10 6.182131442909588603e-01 -3.014981010425516139e+00
2.782799999794362640e+10 5.155518241269277935e-01 -3.339489047586178483e+00
2.782799999809262848e+10 4.005601957683234682e-01 -3.053381655227044966e+00
2.782799999821704483e+10 3.949853513959882267e-01 -2.734364968011380181e+00
2.782799999821397400e+10 3.960806265869727949e-01 -3.076814129084508131e+00
2.782799999819698715e+10 6.370772342153585566e-01 -2.834091814467270876e+00
2.782799999815924072e+10 6.315072860511120600e-01 -3.174424234446711068e+00
2.782799999828347397e+10 9.475903425144800440e-01 -3.130379949479703328e+00
2.782799999855223846e+10 1.095406231014882659e+00 -2.978069197744069196e+00
2.782799999878347778e+10 1.134047118490151718e+00 -3.227703336882179030e+00
2.782799999877528000e+10 1.150603550959303778e+00 -3.569669309941076119e+00
2.782799999905234146e+10 1.123372763266693886e+00 -3.370225265479182664e+00
2.782799999931525421e+10 1.005626008590822629e+00 -3.555412170513842174e+00
2.782799999903335953e+10 8.531206129917409120e-01 -3.676071719622428624e+00
2.782799999917609024e+10 8.883562568735172693e-01 -3.985374020681899054e+00
2.782799999905311584e+10 5.957339681192681535e-01 -4.113947323394134159e+00
2.782799999908562851e+10 5.329646220172058468e-01 -4.449036792853262590e+00
2.782799999908124924e+10 7.041120483163124666e-01 -4.152437025078311805e+00
2.782799999941011047e+10 7.596832555177976953e-01 -4.230173414299791546e+00
2.782799999950992203e+10 8.995653537359113994e-01 -4.526403729283268618e+00
2.782799999916748047e+10 8.975746426100024156e-01 -4.522862215997801805e+00
2.782799999940374374e+10 1.122579963671873182e+00 -4.418773188853187150e+00
2.782799999911429977e+10 9.407301249159309986e-01 -4.397924154580261202e+00
2.782799999909347534e+10 9.911420472915415392e-01 -4.059830820117955597e+00
2.782799999892014694e+10 8.751495840017560202e-01 -4.331464188453073128e+00
2.782799999894412231e+10 7.566323125250207227e-01 -4.651871439596506619e+00
2.782799999876771545e+10 5.635489202079879689e-01 -4.872962685933633686e+00
2.782799999877789307e+10 3.194445204349057876e-01 -5.112944978074629887e+00
2.782799999902260971e+10 8.299994023260190423e-02 -5.074344275512999047e+00
2.782799999935474396e+10 1.610532282382323155e-01 -5.044726876483250244e+00
2.782799999928031540e+10 8.863318479137367867e-02 -4.718386864917516021e+00
2.782799999918796158e+10 -1.361037713658701520e-01 -4.477044496396318962e+00
2.782799999930023575e+10 1.843138863786568105e-01 -4.432222309283654127e+00
2.782799999939650345e+10 3.550536730414113329e-01 -4.151398081204892954e+00
2.782799999953985977e+10 6.656750051529776169e-01 -4.135730781228529551e+00
2.782799999942612839e+10 3.720983596968696627e-01 -4.270488342885185418e+00
2.782799999939826584e+10 5.800552571466051077e-01 -4.541153742853220265e+00
2.782799999933063889e+10 7.647847984605959937e-01 -4.260826152571487668e+00
2.782799999942859268e+10 4.634081385592354607e-01 -4.390667898270868008e+00
2.782799999938997269e+10 6.431177811598152161e-01 -4.679622811467686994e+00
2.782799999965106964e+10 4.668693830452206872e-01 -4.813964130278807652e+00
2.782799999989548492e+10 7.021840393641273215e-01 -4.860554441085920274e+00
2.782800000000570297e+10 4.311702915148983295e-01 -4.682551041880326892e+00
2.782800000025050354e+10 6.490332672007687043e-01 -4.583100604359946928e+00
