2.087100000000000000e+10 0.000000000000000000e+00 0.000000000000000000e+00
2.087099999993411636e+10 1.686501422309387432e-01 -2.591318589829549324e-01
2.087100000003440857e+10 3.553149164150740669e-01 -2.454590046256177605e-02
2.087099999991439819e+10 2.154197150534261085e-01 -2.813718404276011609e-01
2.087099999991051102e+10 4.027412989997361525e-01 -5.359856177775566000e-01
2.087099999970214081e+10 4.965080637273557862e-01 -3.175300999076805519e-01
2.087099999952134705e+10 4.515082255156732671e-01 -5.729154177081305921e-01
2.087099999921046448e+10 4.244911917225699383e-01 -6.234629620965874697e-01
2.087099999924739456e+10 4.325086961355980586e-01 -9.373170932584540260e-01
2.087099999943437576e+10 2.858472261502072453e-01 -1.145790365302643332e+00
2.087099999969657516e+10 2.258166026685339278e-01 -1.311866359707956065e+00
2.087099999975269699e+10 1.680182781148172322e-01 -1.006182782663384234e+00
2.087099999992580032e+10 1.783165431950785029e-01 -7.418695650896358629e-01
2.087099999988677216e+10 1.430594761685178018e-01 -4.301541510532799206e-01
2.087099999967977905e+10 1.045530034627306648e-02 -2.314012910554213986e-01
2.087099999957532120e+10 6.397436019268215590e-02 -5.249258262736504754e-01
2.087099999950442886e+10 -7.394056614247768167e-02 -8.004008665530861766e-01
2.087099999955731964e+10 -8.212650086382543291e-02 -4.888434412220770686e-01
2.087099999955028534e+10 -2.309304481617291405e-01 -2.100235337026537530e-01
2.087099999939037323e+10 -4.545850103095939732e-01 -5.401273350399177220e-02
2.087099999967918777e+10 -5.830252766389233399e-01 -4.941587820231501532e-02
2.087099999950590515e+10 -4.529171781833246646e-01 1.807526089107657774e-01
2.087099999973243713e+10 -2.576286839121542105e-01 2.831201799810179054e-01
2.087099999964410400e+10 -9.402805835082797548e-02 5.387861132008241460e-01
2.087099999933427048e+10 -1.420053737828437246e-01 5.792134552484895504e-01
2.087099999920547867e+10 -2.621781273625214403e-01 8.417095299192343116e-01
2.087099999889678574e+10 -2.770045958281525111e-01 7.752125513535707002e-01
2.087099999889903641e+10 -2.740807309353851529e-01 4.591128042259098319e-01
2.087099999910639191e+10 -3.742209269930207860e-01 2.425311863100305942e-01
2.087099999905878830e+10 -3.416984015944627417e-01 -6.828851281089051706e-02
2.087099999891430283e+10 -6.162691451519498598e-01 -1.288450776527300390e-01
2.087099999894098663e+10 -3.365871793458603545e-01 -2.737538192236522172e-01
2.087099999874520111e+10 -1.130711717689839024e-01 -1.658597446244686746e-01
2.087099999879201126e+10 1.236125340087576574e-02 -4.522304987772631790e-01
2.087099999857703018e+10 1.007825674284350548e-01 -6.664671291008370524e-01
2.087099999848822021e+10 -6.687701352568506397e-03 -9.501845670439210689e-01
2.087099999834267426e+10 1.762592595534013817e-01 -1.162972963066855492e+00
2.087099999817599869e+10 3.282732289781992163e-01 -1.384430764864681196e+00
2.087099999786863708e+10 3.911699936302582281e-01 -1.345635937311515873e+00
2.087099999767098618e+10 2.853052817667982577e-01 -1.568479803768220382e+00
2.087099999758035660e+10 3.552127870016129618e-01 -1.863152547726818931e+00
2.087099999760859680e+10 3.658661137740673031e-01 -2.177829693734297134e+00
2.087099999768553162e+10 6.723586214287995411e-01 -2.186565210458322195e+00
2.087099999768443680e+10 6.732123215590131160e-01 -1.870446978580273978e+00
2.087099999756731033e+10 4.774216253598198012e-01 -1.651631126171150266e+00
2.087099999758318329e+10 5.025178283616849040e-01 -1.336907670985272301e+00
2.087099999784213638e+10 3.248515132214755408e-01 -1.373111953518838968e+00
2.087099999759548187e+10 2.365045616117638638e-01 -1.196224364903120341e+00
2.087099999783091354e+10 4.268773940963708213e-01 -1.287126763518591011e+00
2.087099999774140930e+10 5.530766101862110151e-01 -1.011453838052851717e+00
2.087099999761023712e+10 7.358701807358856151e-01 -1.233519498199414866e+00
2.087099999754449463e+10 6.125321290935802354e-01 -1.517065412710459249e+00
2.087099999762084961e+10 5.674439950774898822e-01 -1.820495084867215674e+00
2.087099999765742493e+10 4.792312141879631615e-01 -1.519142480722050603e+00
2.087099999765441132e+10 4.664488955329730846e-01 -1.834990845495681810e+00
2.087099999774760437e+10 2.662638250864756140e-01 -2.061206309812145143e+00
2.087099999749232864e+10 1.475966766395557794e-01 -2.205030315268096786e+00
2.087099999728527832e+10 1.427345901228172509e-01 -2.443860413825169164e+00
2.087099999728531647e+10 1.428669721465348763e-01 -2.759981660062985398e+00
2.087099999738529587e+10 4.386500092381416804e-01 -2.809470006202598125e+00
2.087099999723690414e+10 6.019065006181356647e-01 -2.583062445784841454e+00
2.087099999746110916e+10 4.134043349263303302e-01 -2.464188006563388544e+00
2.087099999750821686e+10 2.490124291325042372e-01 -2.198314449092096279e+00
2.087099999756224442e+10 4.008533385880118094e-01 -1.926362396372920838e+00
2.087099999765928268e+10 4.119556503849602924e-01 -2.227016346465995333e+00
2.087099999770023727e+10 6.575678833240373722e-01 -2.421772431580774931e+00
2.087099999773764420e+10 7.356396843716183076e-01 -2.117735830583279633e+00
2.087099999793486404e+10 6.442600949340110406e-01 -2.347271440763123440e+00
2.087099999811331940e+10 8.228863994493367251e-01 -2.537479892773151224e+00
2.087099999780558014e+10 8.625515638730114620e-01 -2.597936289281950639e+00
2.087099999789070511e+10 5.663201099885974976e-01 -2.668174798104940848e+00
2.087099999804998398e+10 3.950101547182367501e-01 -2.880813589985882217e+00
2.087099999830070114e+10 5.842441452069929708e-01 -2.916363975420221522e+00
2.087099999812427521e+10 8.465275485176046999e-01 -2.912670494879562089e+00
2.087099999832275391e+10 1.061006802730677823e+00 -3.033239297540113011e+00
2.087099999840705109e+10 1.022170577257997426e+00 -3.335429102862279560e+00
2.087099999826673889e+10 1.305309399586686681e+00 -3.344221932203748082e+00
2.087099999834681702e+10 1.043038061882862966e+00 -3.501492385541831176e+00
2.087099999857852173e+10 9.983846485130041248e-01 -3.291131662095430066e+00
2.087099999872523880e+10 7.205584651421547138e-01 -3.326054706459754762e+00
2.087099999879377747e+10 7.615121105466051699e-01 -3.631927053014625262e+00
2.087099999882931900e+10 4.631198016538378703e-01 -3.730067609047316157e+00
2.087099999904848480e+10 6.728103776607637920e-01 -3.819111721421867500e+00
2.087099999896251297e+10 5.157052235339092405e-01 -4.079610250822299555e+00
2.087099999919593811e+10 5.202354358055718553e-01 -3.866480886643583137e+00
2.087099999918609238e+10 8.358842481875756736e-01 -3.880676702272693124e+00
2.087099999927827072e+10 7.241545824217983096e-01 -4.161661100899416432e+00
2.087099999925465775e+10 8.154001249573934462e-01 -3.859917197365396291e+00
2.087099999897695541e+10 8.778296101027550646e-01 -3.997457849249256068e+00
2.087099999905657196e+10 7.189047313384224758e-01 -3.736045101706420457e+00
2.087099999898041153e+10 8.643895502204483883e-01 -4.006168380418818842e+00
2.087099999877056122e+10 6.533609357087678537e-01 -4.112759616845680810e+00
2.087099999870064163e+10 3.527694054723647388e-01 -4.044284501877581484e+00
2.087099999851643753e+10 4.574906091685333465e-01 -3.809689610906000556e+00
2.087099999846748352e+10 2.927376068092091277e-01 -3.544373640271257564e+00
2.087099999837695312e+10 8.701276100149657466e-02 -3.766666557995127729e+00
2.087099999833581161e+10 2.387510366867796330e-01 -3.492411977067447548e+00
2.087099999817806244e+10 8.441711685081590422e-02 -3.266074213954041294e+00
2.087099999845440674e+10 2.236949939720703773e-01 -3.201520918083800016e+00
2.087099999836141205e+10 4.120147858036259381e-01 -3.437783807383673729e+00
2.087099999853059006e+10 6.693666173001533437e-01 -3.366500450291696200e+00
2.087099999859848785e+10 7.070807338568451117e-01 -3.672931461705791989e+00
2.087099999828526688e+10 6.656342999200469679e-01 -3.662615762784691587e+00
2.087099999817613602e+10 7.637090005619840971e-01 -3.382607372392060885e+00
2.087099999818814087e+10 7.201161238377541407e-01 -3.069736407700669467e+00
2.087099999801914978e+10 9.870772681798225534e-01 -3.080030422763416542e+00
2.087099999797789001e+10 1.140779065773810608e+00 -2.806889244635568215e+00
2.087099999809426880e+10 1.357021511926793877e+00 -2.607821698465563998e+00
2.087099999794976807e+10 1.117440465632342228e+00 -2.460671266265411994e+00
2.087099999769800568e+10 1.262737540182229168e+00 -2.336424077095446528e+00
2.087099999779113007e+10 1.483669560086634531e+00 -2.542457286341694989e+00
2.087099999796854782e+10 1.662761097314793490e+00 -2.351716878938499455e+00
2.087099999800309372e+10 1.745723196000936728e+00 -2.048638394214617797e+00
2.087099999803081131e+10 1.746143354832984773e+00 -1.733734950977819933e+00
2.087099999819464874e+10 1.512292994406942537e+00 -1.869397592670071440e+00
2.087099999814711761e+10 1.773050529639475847e+00 -2.041673748646517517e+00
2.087099999794279099e+10 1.549057064560745545e+00 -1.952170096737042559e+00
2.087099999782627106e+10 1.837870775255021405e+00 -2.006417989363957766e+00
2.087099999801419449e+10 1.640564035948867794e+00 -1.846143270026948668e+00
2.087099999782377625e+10 1.490929130541114311e+00 -1.642962928539290601e+00
2.087099999762227631e+10 1.524931331737373386e+00 -1.884155453121465262e+00
2.087099999763557053e+10 1.529191997823532212e+00 -1.568342567575772506e+00
2.087099999739225388e+10 1.456042628656726956e+00 -1.756436292433447344e+00
2.087099999751094437e+10 1.166743714433777335e+00 -1.802822376964351880e+00
2.087099999734703064e+10 1.154927053939507786e+00 -1.532775683530867905e+00
2.087099999720073700e+10 1.175883077414184186e+00 -1.812225388345330312e+00
2.087099999723162842e+10 1.091102346064751094e+00 -1.509255903803050636e+00
2.087099999726210785e+10 1.084002648848863215e+00 -1.194687558464689658e+00
2.087099999712368011e+10 8.957040400070521713e-01 -1.407558071768230112e+00
2.087099999707008743e+10 8.188227521023172528e-01 -1.105647821668010566e+00
2.087099999720947647e+10 6.692364782336550633e-01 -1.346744155221564432e+00
2.087099999722506714e+10 5.666213920779331614e-01 -1.645340354824208706e+00
2.087099999713536453e+10 3.223827191800460179e-01 -1.465804179147677466e+00
2.087099999713850403e+10 6.101706064255505435e-01 -1.596574742239387446e+00
2.087099999706022263e+10 9.133214346509381798e-01 -1.552937564515039393e+00
2.087099999676097488e+10 9.045567476862600431e-01 -1.451418502537445310e+00
2.087099999674690628e+10 8.886806371828348539e-01 -1.136009671761269768e+00
2.087099999680593872e+10 1.083734986243836795e+00 -1.377673774858618527e+00
2.087099999681690598e+10 1.076899170422825458e+00 -1.693530817619844031e+00
2.087099999681259537e+10 1.341871273819585042e+00 -1.521182729979331905e+00
2.087099999687181091e+10 1.049969600517331791e+00 -1.627105357503263017e+00
2.087099999683200455e+10 1.186142535546712562e+00 -1.909602961965531698e+00
2.087099999704357147e+10 1.418926648361244380e+00 -1.940970463861456663e+00
2.087099999718890762e+10 1.317459095924409906e+00 -1.679216910402726137e+00
2.087099999693931198e+10 1.358654241235733640e+00 -1.489644450425966271e+00
2.087099999685488510e+10 1.547033556361836926e+00 -1.729056547339487215e+00
2.087099999686070633e+10 1.555063599574913580e+00 -2.045022199063091684e+00
2.087099999694508362e+10 1.526050361877308026e+00 -1.741753899741731892e+00
2.087099999671162796e+10 1.528714036248749908e+00 -1.528623799344291934e+00
2.087099999690777969e+10 1.517730588667369540e+00 -1.776286711870583179e+00
2.087099999694228363e+10 1.225615828588747291e+00 -1.660480495007180535e+00
2.087099999697387695e+10 1.513553841911678743e+00 -1.787075343737971167e+00
2.087099999700281143e+10 1.534580243880082850e+00 -2.101166500615721855e+00
2.087099999730723572e+10 1.618466246635035466e+00 -2.116059807295246120e+00
2.087099999726963425e+10 1.809601917267296356e+00 -1.867089897887387551e+00
2.087099999715341949e+10 1.666586052047298594e+00 -2.123942866670835095e+00
2.087099999718152618e+10 1.427750703918430286e+00 -2.329126459268633820e+00
2.087099999719733429e+10 1.406912271827584382e+00 -2.014089171579869664e+00
2.087099999692995071e+10 1.534319151874124154e+00 -2.124572165704332605e+00
2.087099999667881012e+10 1.551067741840282732e+00 -1.933311522772777291e+00
2.087099999639088440e+10 1.472701647132800939e+00 -2.037663241525143665e+00
2.087099999665244293e+10 1.354465934584060616e+00 -1.905224389785422190e+00
2.087099999634943771e+10 1.444551370747801489e+00 -1.903163465555084866e+00
2.087099999621597672e+10 1.263832400727879168e+00 -2.125562715650079593e+00
2.087099999611739731e+10 1.474320432705051198e+00 -1.911296940326875582e+00
2.087099999620537567e+10 1.352699806099093571e+00 -1.633086555844198262e+00
2.087099999613337326e+10 1.615311243476785119e+00 -1.793658345309869784e+00
2.087099999584646225e+10 1.517269320769649710e+00 -1.704203841201814118e+00
2.087099999584156036e+10 1.559745662471148986e+00 -2.017420054117548656e+00
2.087099999584241867e+10 1.557654927591445304e+00 -1.701306861915845126e+00
2.087099999580840683e+10 1.401012197113530311e+00 -1.973775239946059745e+00
2.087099999597890472e+10 1.666210984460534394e+00 -1.950684565755047783e+00
2.087099999598087692e+10 1.675191710480999463e+00 -2.266672096074190179e+00
2.087099999607874680e+10 1.435063038924103473e+00 -2.085861367763762964e+00
2.087099999615358353e+10 1.375424270603814003e+00 -2.387151224554841189e+00
2.087099999622159576e+10 1.519078574823269134e+00 -2.660410122740276329e+00
2.087099999619252396e+10 1.271571508672950879e+00 -2.465916764533554240e+00
2.087099999626406097e+10 1.035485125265251938e+00 -2.268234348995918470e+00
2.087099999636850739e+10 1.255688394281340159e+00 -2.469566147619844720e+00
2.087099999610367203e+10 1.313134810394275043e+00 -2.306794587082478198e+00
2.087099999582559967e+10 1.421004702621130544e+00 -2.411548698458138684e+00
2.087099999574119186e+10 1.380539207512198940e+00 -2.713493023754559363e+00
2.087099999570880127e+10 1.300370392886477822e+00 -3.017559462142659577e+00
2.087099999575315857e+10 1.182311131057949716e+00 -3.307433822099071996e+00
2.087099999575979233e+10 1.221969010320107962e+00 -2.993880143407739780e+00
2.087099999582649994e+10 9.643793063989520853e-01 -2.823204626041900589e+00
2.087099999562769318e+10 1.167961094582190107e+00 -2.685501100268846475e+00
2.087099999564609146e+10 1.179217578705402447e+00 -2.370116487635872016e+00
2.087099999547755432e+10 1.435434235208119302e+00 -2.293432481806130241e+00
2.087099999523096848e+10 1.409417967745469902e+00 -2.097341859320255075e+00
2.087099999528858566e+10 1.458778165863508836e+00 -1.790460316051122991e+00
2.087099999530424500e+10 1.680920177941073401e+00 -1.566093691001609001e+00
2.087099999524973679e+10 1.790291329007516641e+00 -1.857640554617341122e+00
2.087099999512303925e+10 2.009690032890271372e+00 -1.668576862886187007e+00
2.087099999516696548e+10 2.014038317455855154e+00 -1.981601157562240534e+00
2.087099999538043594e+10 2.226654308653058578e+00 -2.077299707227607151e+00
2.087099999534084702e+10 1.962348497030613093e+00 -2.246141929928488157e+00
2.087099999533163834e+10 1.904984825877017007e+00 -2.556878598769602107e+00
2.087099999561312103e+10 1.796504816916462799e+00 -2.462365861060422212e+00
2.087099999581779480e+10 1.683241670414866276e+00 -2.674998400720586922e+00
2.087099999574816132e+10 1.892634250487542413e+00 -2.901358033767567068e+00
2.087099999603139877e+10 1.964521803161471070e+00 -2.780771693991461735e+00
2.087099999626843643e+10 1.913928914522111668e+00 -2.577827793421349156e+00
2.087099999595292282e+10 1.896596218743663576e+00 -2.568695078435842216e+00
2.087099999621164703e+10 1.820771417641570133e+00 -2.403633088328120948e+00
2.087099999612869263e+10 2.081067676820914425e+00 -2.562683644120590465e+00
2.087099999590640259e+10 1.862267259880816095e+00 -2.614123228169697555e+00
2.087099999577399063e+10 2.119052872404710630e+00 -2.485822673022405116e+00
2.087099999599659729e+10 2.015005097933523892e+00 -2.286943238668116329e+00
2.087099999591950607e+10 1.825237128637392736e+00 -2.527728537399633879e+00
2.087099999570605469e+10 1.985774609251780287e+00 -2.358617574528330429e+00
2.087099999589890289e+10 1.823422044565037536e+00 -2.549363679140411953e+00
2.087099999581966019e+10 2.046974676293603412e+00 -2.340372222848582595e+00
2.087099999593960190e+10 2.186817917222888763e+00 -2.083486252238817116e+00
2.087099999597822952e+10 2.350341543742760386e+00 -1.815716775240407310e+00
2.087099999605456161e+10 2.092398865819330211e+00 -1.981763919553539033e+00
2.087099999606796265e+10 2.097056759213840493e+00 -2.297566739203216635e+00
2.087099999588732910e+10 1.856480787824729806e+00 -2.394658568520910524e+00
2.087099999594318771e+10 2.001124228919421100e+00 -2.119175654443769208e+00
2.087099999604014587e+10 1.919285062914782625e+00 -2.408716747484611620e+00
2.087099999624807358e+10 2.062272332414812226e+00 -2.599119776265133019e+00
2.087099999616417694e+10 1.970986785239652539e+00 -2.889912916668526233e+00
2.087099999606591797e+10 2.071944621902753525e+00 -2.606918916702802402e+00
2.087099999605260468e+10 2.159379628620321068e+00 -2.303421694016141164e+00
2.087099999596731186e+10 1.935228232594891518e+00 -2.097474962595287984e+00
2.087099999578705597e+10 1.936259710683728708e+00 -2.357167048666152009e+00
2.087099999575389862e+10 1.924084388486787756e+00 -2.043025490662384591e+00
2.087099999581661987e+10 1.778513487910388324e+00 -1.769515734055994827e+00
2.087099999576486969e+10 1.508467852749627802e+00 -1.925496126291181387e+00
2.087099999590299606e+10 1.384769169354407525e+00 -1.669464194788422784e+00
2.087099999619456863e+10 1.352496383213779296e+00 -1.551663048398424616e+00
2.087099999604518509e+10 1.391628833402727583e+00 -1.827500099200081607e+00
2.087099999606503677e+10 1.339294953030635726e+00 -1.516373552262882507e+00
2.087099999617802048e+10 1.620856985410234152e+00 -1.427548089615406912e+00
2.087099999630435944e+10 1.331285068017430184e+00 -1.438459476345272714e+00
2.087099999637829971e+10 1.526837587069064917e+00 -1.201341543172922188e+00
2.087099999621122742e+10 1.701158105200475834e+00 -9.973015428841811580e-01
2.087099999644781494e+10 1.767611807162793092e+00 -7.984489343056268007e-01
2.087099999668076324e+10 1.582246347297173950e+00 -6.921157509744960690e-01
2.087099999664708328e+10 1.481208779572665390e+00 -3.944753086086609239e-01
2.087099999666057205e+10 1.460928656565983141e+00 -7.929378062399167204e-02
2.087099999666543961e+10 1.460973070555416475e+00 2.367900325882126844e-01
2.087099999662830734e+10 1.613973050839703882e+00 5.109158897420185141e-01
2.087099999693833542e+10 1.649272776986907774e+00 4.602339126870585995e-01
2.087099999680659866e+10 1.571920314445158562e+00 7.369920643813746564e-01
2.087099999659756088e+10 1.516468201766135060e+00 9.675580174040504522e-01
2.087099999635379410e+10 1.562568770400255325e+00 7.716371288371904891e-01
2.087099999615373230e+10 1.466608469335785925e+00 9.968038691081214653e-01
2.087099999599008560e+10 1.458835424890407850e+00 1.267159127632837334e+00
2.087099999621783066e+10 1.678067191756887677e+00 1.268790299281401746e+00
2.087099999621894455e+10 1.678603358900229381e+00 1.584909153757262379e+00
2.087099999618307877e+10 1.990504962096336428e+00 1.621838184104602121e+00
2.087099999618221664e+10 1.989777457716300768e+00 1.937957450919002289e+00
2.087099999632508850e+10 2.103978991867743176e+00 2.195790384886340707e+00
2.087099999632130814e+10 1.853494583096382264e+00 2.002979777664008587e+00
2.087099999609519577e+10 1.882304513544317937e+00 2.222014834909971093e+00
2.087099999639790726e+10 1.971336559843262615e+00 2.202724548091937518e+00
2.087099999638002396e+10 2.012288425547207549e+00 1.889777613107785026e+00
2.087099999617414856e+10 2.085985810361913551e+00 2.118067372051181341e+00
2.087099999629881287e+10 1.820031070921721561e+00 2.234942183592899756e+00
2.087099999629170990e+10 1.814099570271633599e+00 1.918956362420877859e+00
2.087099999645660782e+10 1.565659147990868583e+00 2.023924926212207431e+00
2.087099999676810455e+10 1.594371069016284670e+00 2.069520980940670718e+00
2.087099999669039154e+10 1.554957617288370564e+00 2.373395512191131651e+00
2.087099999690390015e+10 1.324262284493675557e+00 2.406966977125007734e+00
2.087099999681995773e+10 1.626445885888461618e+00 2.446606562236841143e+00
2.087099999684968948e+10 1.386350222500994489e+00 2.650083005894042998e+00
2.087099999678842926e+10 1.249799807270413288e+00 2.371633686038386202e+00
2.087099999681234741e+10 1.073970567716287627e+00 2.633252848667249513e+00
2.087099999686784363e+10 1.101761371714632620e+00 2.943221380839138313e+00
2.087099999689984131e+10 1.320429995771124965e+00 2.717183972397836378e+00
2.087099999661870575e+10 1.464974123480254908e+00 2.715942743618602773e+00
2.087099999641382217e+10 1.677614183672804238e+00 2.603073589583307701e+00
2.087099999631556320e+10 1.843632369418385153e+00 2.853505019316473046e+00
2.087099999648355103e+10 2.075912196064644277e+00 2.986767190994075172e+00
2.087099999649018478e+10 1.867151724722494466e+00 3.224059616070922285e+00
2.087099999653707123e+10 1.857299664992946076e+00 2.911590102619996845e+00
2.087099999648683167e+10 1.858535182006182840e+00 2.599488879540062580e+00
2.087099999667456818e+10 1.740241286407257837e+00 2.374333953659535368e+00
2.087099999692428970e+10 1.550502988472867383e+00 2.334688453195044922e+00
2.087099999699541855e+10 1.856071397405946399e+00 2.373432730053210982e+00
2.087099999703284073e+10 1.726892187447089944e+00 2.659518355526818034e+00
2.087099999703116226e+10 1.743116877166192458e+00 2.343818177896190846e+00
2.087099999698023605e+10 1.434778925208867628e+00 2.296206540152485598e+00
2.087099999669402313e+10 1.303557305194913418e+00 2.268013625638318320e+00
2.087099999670616531e+10 1.319028879143804289e+00 1.952504771961582675e+00
2.087099999673777771e+10 1.630924337826130222e+00 1.993180385181178238e+00
2.087099999674623108e+10 1.647617222730920927e+00 2.308747364456352535e+00
2.087099999694735336e+10 1.432026527046492470e+00 2.194715231058022020e+00
2.087099999716471863e+10 1.469048494285104756e+00 2.421243579331639140e+00
2.087099999710565567e+10 1.408002478931566159e+00 2.116747544091759359e+00
2.087099999712324524e+10 1.227285434804813669e+00 1.857972345989306273e+00
2.087099999725619507e+10 1.100992716899464208e+00 1.600471090126221796e+00
2.087099999702647018e+10 1.136028453419104967e+00 1.386156170165448787e+00
2.087099999725734711e+10 9.820086710903195293e-01 1.234808301099704186e+00
2.087099999743165207e+10 1.225065322194451634e+00 1.132464569944758859e+00
2.087099999748725128e+10 1.284558830952250430e+00 1.437918021186292750e+00
2.087099999734135056e+10 1.025875672504005687e+00 1.329620519987940730e+00
2.087099999713563919e+10 7.955065934838488895e-01 1.397039290685918589e+00
2.087099999701828003e+10 9.466406196332775025e-01 1.648670186018009964e+00
2.087099999705271149e+10 9.167585191544112000e-01 1.335853542609245492e+00
2.087099999689778900e+10 1.052580260259224909e+00 1.575611669506958190e+00
2.087099999675878525e+10 1.236482898726320112e+00 1.359300769625728655e+00
2.087099999663068008e+10 1.358863615276376446e+00 1.097490546173012227e+00
2.087099999690320969e+10 1.518779641251426726e+00 1.088194890465093323e+00
2.087099999682892990e+10 1.680964163783784437e+00 8.272128888171788041e-01
2.087099999656018829e+10 1.758035970917844582e+00 6.796663072931626859e-01
2.087099999674286652e+10 1.576199500185311297e+00 4.966467758909586250e-01
2.087099999677244186e+10 1.629751385413494402e+00 8.067923299171250173e-01
2.087099999682481003e+10 1.934734181361753791e+00 8.714132626817187033e-01
2.087099999681636047e+10 2.154328405853366046e+00 1.098656872849128607e+00
2.087099999671043396e+10 2.188682298529686321e+00 1.394515168544840922e+00
2.087099999651739883e+10 2.391135110784917028e+00 1.247262539641214252e+00
2.087099999652309036e+10 2.532033485594664679e+00 9.643351567151314807e-01
2.087099999655321884e+10 2.329276582907689352e+00 1.204989529540736681e+00
2.087099999668477249e+10 2.140780338332495258e+00 1.422005207542254457e+00
2.087099999682003403e+10 1.928337253643756632e+00 1.230943854137561244e+00
2.087099999682189560e+10 2.172712511725123363e+00 1.030419703506142426e+00
2.087099999663007355e+10 2.263349470542056707e+00 1.264773695250586583e+00
2.087099999638838577e+10 2.372463499765558481e+00 1.092685591325300631e+00
2.087099999636539459e+10 2.336827086725050684e+00 1.405949280857795802e+00
2.087099999638322449e+10 2.539416168151638953e+00 1.647966746536147609e+00
2.087099999661682892e+10 2.359731460911076883e+00 1.762313644381621414e+00
2.087099999668387222e+10 2.313030771307536426e+00 2.067693590546189064e+00
2.087099999676618195e+10 2.427601971915005485e+00 1.784795819846630049e+00
2.087099999707812119e+10 2.424666970987536363e+00 1.835971410484931621e+00
2.087099999711642838e+10 2.413268670023553053e+00 1.522386723646713902e+00
2.087099999721914673e+10 2.133936910083386262e+00 1.415826703366809491e+00
2.087099999737660980e+10 2.404125197799145575e+00 1.369600375511448531e+00
2.087099999750354385e+10 2.172945159640459423e+00 1.195312986124095200e+00
2.087099999763707733e+10 2.446387696460105232e+00 1.280934320753535971e+00
2.087099999758612823e+10 2.164047256197451752e+00 1.148191145615973685e+00
2.087099999758784103e+10 2.164823163049765409e+00 8.320754518925792542e-01
2.087099999737248993e+10 1.989673472320733438e+00 9.833326625526370712e-01
2.087099999743854141e+10 2.207936596884211955e+00 1.202264721031734096e+00
2.087099999753186417e+10 1.949245283914017079e+00 1.046371934018146987e+00
2.087099999762007141e+10 2.239286004794678320e+00 9.567687757501913692e-01
2.087099999780233002e+10 2.204178006321268146e+00 1.212662800281667952e+00
2.087099999799430847e+10 2.428168140772323902e+00 1.099062849969830946e+00
2.087099999800872803e+10 2.165778422242725210e+00 1.274779597381712648e+00
2.087099999809258270e+10 2.068407784640810210e+00 1.563604988541778429e+00
2.087099999809156036e+10 2.015083413286725023e+00 1.252015306368006176e+00
2.087099999784891891e+10 2.053999961933777652e+00 1.450869050971689722e+00
2.087099999794634247e+10 2.351985071868399668e+00 1.491438963305447230e+00
2.087099999786989594e+10 2.196079975935903761e+00 1.755601778845685024e+00
2.087099999800614548e+10 2.198397658646889408e+00 2.040845080219837460e+00
2.087099999769416809e+10 2.243076648699894982e+00 2.065453444442567843e+00
2.087099999774682617e+10 2.337333452867043970e+00 1.768341488872098299e+00
2.087099999796250534e+10 2.106345619006493752e+00 1.776050384891294520e+00
2.087099999774774551e+10 1.897912649167177834e+00 1.877867803801981150e+00
2.087099999782657623e+10 1.607444312392100283e+00 1.781190973604763084e+00
2.087099999759309769e+10 1.445896927615489380e+00 1.920194902231224798e+00
2.087099999755862808e+10 1.187441225354341823e+00 2.098927074505841706e+00
2.087099999737213898e+10 1.373661314577232284e+00 1.924353347685884952e+00
2.087099999714531708e+10 1.304963225728555054e+00 1.715151619491994461e+00
2.087099999741264725e+10 1.473080955252932478e+00 1.729397215480028560e+00
2.087099999735372162e+10 1.781564337336336123e+00 1.693362497986697468e+00
2.087099999733673096e+10 1.587005767144838320e+00 1.941940219731939088e+00
2.087099999755709076e+10 1.628564286390578042e+00 1.719125273452433378e+00
2.087099999767444611e+10 1.765884595116349987e+00 1.978553951504947728e+00
2.087099999738305283e+10 1.725338802077118983e+00 1.862892015462109363e+00
2.087099999748395920e+10 1.478322505033752066e+00 1.693381905299820023e+00
2.087099999755522537e+10 1.440274863453769205e+00 1.387758100536769401e+00
2.087099999739285278e+10 1.468589230183378280e+00 1.118005369843984909e+00
2.087099999746868134e+10 1.568598269421584979e+00 8.278658286703037827e-01
2.087099999746124649e+10 1.562711839798535562e+00 5.118868276111874227e-01
2.087099999739888382e+10 1.469831957969838010e+00 8.075503867867173113e-01
2.087099999723289108e+10 1.212916329532790050e+00 7.277183223471930251e-01
2.087099999695661545e+10 1.172415279600444116e+00 8.759193804897974500e-01
2.087099999692487335e+10 8.867751933116952978e-01 1.007580804046908751e+00
2.087099999681848145e+10 8.411249407686612889e-01 1.301739058758503820e+00
2.087099999692493439e+10 6.656457065912543269e-01 1.542171238820110979e+00
2.087099999686521149e+10 5.011818133478069814e-01 1.278888765004451145e+00
2.087099999709193039e+10 4.257225882012091178e-01 1.485859938672001057e+00
2.087099999713032532e+10 7.324481609343312938e-01 1.419693984139545506e+00
2.087099999729564667e+10 4.630363591198606299e-01 1.424072724313106386e+00
2.087099999759533310e+10 3.626037197428588765e-01 1.429998291502072583e+00
2.087099999745941925e+10 8.185407171270514537e-02 1.481373836432910984e+00
2.087099999764203644e+10 2.918707513144752630e-01 1.331449952344154752e+00
2.087099999773003006e+10 8.039052296123616603e-03 1.439289827174922820e+00
2.087099999773802185e+10 7.515610163008094868e-02 1.748100598765111702e+00
2.087099999788593674e+10 -1.636187304752863003e-01 1.893152419926628083e+00
2.087099999792536545e+10 -3.516209533797503561e-01 2.144216424963994783e+00
2.087099999788538361e+10 -6.124216354508000837e-01 1.970098322921704836e+00
2.087099999803770828e+10 -5.389699094660691525e-01 2.237183457408892018e+00
2.087099999813081741e+10 -4.463854843993920185e-01 2.524744955243323652e+00
2.087099999810166168e+10 -2.261462599900396497e-01 2.299851183996945991e+00
2.087099999831684494e+10 -2.610345886535503368e-01 2.528785940737913851e+00
2.087099999816244888e+10 -2.329368098749521609e-01 2.254368656425969064e+00
2.087099999807059479e+10 -2.970820574136533998e-01 2.549971139477519522e+00
2.087099999808364487e+10 -2.979677486516269513e-01 2.865821670823854195e+00
2.087099999778745270e+10 -1.932853186177965199e-01 2.901087582132988008e+00
2.087099999798535919e+10 -4.393014142892729401e-01 2.885537890412962714e+00
2.087099999801371002e+10 -1.292053161154933516e-01 2.831046385310000524e+00
2.087099999830289078e+10 -2.567271529087600257e-01 2.824265438015403085e+00
2.087099999823576355e+10 -1.397226954121206233e-01 2.538369603750951775e+00
2.087099999850500488e+10 1.899534007384215406e-02 2.585797569828566456e+00
2.087099999847276688e+10 -3.797583494572003698e-02 2.895066965168478390e+00
2.087099999864453888e+10 -9.739452329479092452e-02 2.636422538753459222e+00
2.087099999876241302e+10 -8.852717039762618423e-02 2.343233180535985394e+00
2.087099999890373230e+10 -1.217354764687049173e-01 2.062415489368169652e+00
2.087099999888969040e+10 -8.220924944020273351e-02 1.749089467557452648e+00
2.087099999862508774e+10 -4.662382649685836017e-02 1.579821333800155658e+00
2.087099999877493286e+10 2.100304627480549802e-01 1.472080190181641379e+00
2.087099999866055298e+10 3.952004517519485116e-01 1.242816401058923326e+00
2.087099999866495895e+10 4.722429358226531426e-01 9.362585517959833847e-01
2.087099999884262848e+10 3.081951654655582518e-01 7.326562173390264165e-01
2.087099999882016754e+10 7.581018098295677632e-02 5.195237780865299415e-01
2.087099999878630829e+10 -1.928799173179214510e-02 2.199530944748168126e-01
2.087099999888649750e+10 -2.607101512035322477e-01 3.977462979228335582e-01
2.087099999918013000e+10 -2.007520026780787725e-01 2.971588503683453286e-01
2.087099999928493881e+10 -3.840101660442628018e-01 5.324553298270942037e-01
2.087099999916102600e+10 -4.218309658784980543e-01 8.208094261879829157e-01
2.087099999907261276e+10 -6.339734978484853345e-01 1.037860563615727205e+00
2.087099999912072754e+10 -7.812680062597541220e-01 7.623209183524828347e-01
2.087099999909034348e+10 -8.305984417438944112e-01 1.073087825392292638e+00
2.087099999884643936e+10 -9.799615969589218212e-01 1.207751648261059074e+00
2.087099999885796738e+10 -9.910946374440525730e-01 8.920369213271072129e-01
2.087099999885908890e+10 -8.740969296122307330e-01 5.983654376505544992e-01
2.087099999875674438e+10 -1.153639451221181389e+00 7.047344841959257700e-01
2.087099999897057724e+10 -1.277063108910682532e+00 9.021544538912077416e-01
2.087099999897364807e+10 -1.265305877557410197e+00 1.218042087868254075e+00
2.087099999884812546e+10 -1.048082112082677764e+00 1.410371889588033278e+00
2.087099999866115189e+10 -9.065092292113415828e-01 1.622340191565934564e+00
2.087099999865476227e+10 -9.559530950993941900e-01 1.934505425634937437e+00
2.087099999880462265e+10 -6.821688220540609304e-01 1.984675644744393175e+00
2.087099999896260834e+10 -7.922984393515810631e-01 2.235363573411252247e+00
2.087099999867461014e+10 -8.888784528058688572e-01 2.322897658087305750e+00
2.087099999892293930e+10 -9.128655226536196432e-01 2.128761201368113198e+00
2.087099999901821518e+10 -1.022752658348166976e+00 1.848084038575823040e+00
2.087099999903338242e+10 -1.006350746952520137e+00 2.163415029134521550e+00
2.087099999895056152e+10 -1.168334384510910873e+00 1.904891314159432358e+00
2.087099999883632660e+10 -9.029386886829403602e-01 1.776639945485324557e+00
2.087099999865010452e+10 -8.997446923640972649e-01 1.521210569459471529e+00
2.087099999867602539e+10 -9.488413003488064268e-01 1.832418320490061259e+00
2.087099999867828751e+10 -9.482246932229418945e-01 1.516305747876242283e+00
2.087099999863449860e+10 -7.896747119632402390e-01 1.246348042817911894e+00
2.087099999839186478e+10 -5.886813066291107788e-01 1.272089512134887412e+00
2.087099999822748947e+10 -7.988496893397061260e-01 1.441627458300949405e+00
2.087099999829720306e+10 -5.030255087907691269e-01 1.354675266587286320e+00
2.087099999811027908e+10 -2.682374876631226646e-01 1.454008425304253338e+00
2.087099999798066330e+10 -3.755636636511019977e-01 1.721616266149225583e+00
2.087099999826974487e+10 -3.894070343178270277e-01 1.848787124943120252e+00
2.087099999822117615e+10 -1.961913661794182639e-01 2.094228761699354013e+00
2.087099999815222168e+10 -3.448532469159874547e-01 2.364557575949084001e+00
2.087099999791449738e+10 -1.789496574254266503e-01 2.490634341318688882e+00
2.087099999816911316e+10 -1.806373840480641757e-01 2.677985519265606573e+00
2.087099999818961716e+10 -2.138195582711491238e-02 2.950290544222767153e+00
2.087099999820234680e+10 2.854080116920675314e-01 2.875120317771761247e+00
2.087099999846624374e+10 1.341301759378007441e-01 2.789063019309841351e+00
2.087099999829759598e+10 1.340072044543304253e-01 2.521685406220838477e+00
2.087099999839485550e+10 2.377548194408620752e-01 2.239356343520864101e+00
2.087099999814860535e+10 3.871039931843356374e-01 2.109015024132749438e+00
2.087099999786106110e+10 5.003864596386462527e-01 2.175488472578529731e+00
2.087099999817314911e+10 4.953053130034795748e-01 2.225558152451150296e+00
2.087099999797015381e+10 7.260819663774737975e-01 2.299499598608262030e+00
2.087099999801195145e+10 8.861036772506600823e-01 2.030095257277904963e+00
2.087099999779942703e+10 7.017693910965270288e-01 2.174274543731077536e+00
2.087099999790715790e+10 7.285560149348225822e-01 2.470262540468435741e+00
2.087099999762697220e+10 8.606447220186693725e-01 2.533359071481606328e+00
2.087099999752439117e+10 6.555853002306887278e-01 2.750983190128429179e+00
2.087099999747574615e+10 6.689748005417709420e-01 2.438914282920801924e+00
2.087099999747975159e+10 3.566331312568896128e-01 2.390341684771783548e+00
2.087099999719293594e+10 2.979300705435132257e-01 2.509604819451307200e+00
2.087099999715715027e+10 2.631444445685498512e-01 2.197447695699134229e+00
2.087099999730252075e+10 4.789331824765823420e-01 2.017906975669856884e+00
2.087099999733591461e+10 5.665290700484443276e-01 1.716005501493616414e+00
2.087099999728944016e+10 2.935848173110849890e-01 1.868563861501839840e+00
2.087099999713389587e+10 2.470354576838754701e-01 1.597322889141730595e+00
2.087099999705923843e+10 2.838432367048190352e-01 1.292356895074500578e+00
2.087099999688808823e+10 3.044141734668034394e-01 1.557343208201835694e+00
2.087099999699692535e+10 3.415765879437167585e-01 1.851802516814052613e+00
2.087099999695113373e+10 2.714529266286565545e-01 2.156627766494002785e+00
2.087099999686000824e+10 -9.618254841230966523e-03 2.269000688610741001e+00
2.087099999692208099e+10 -2.858663146751029838e-01 2.128407061250342736e+00
2.087099999691783905e+10 -2.671259835015465378e-01 1.812870259169341081e+00
2.087099999672273636e+10 -5.024861809695824189e-01 1.732415842076830081e+00
2.087099999672648621e+10 -4.938465521275400838e-01 2.048396780865434863e+00
2.087099999658449173e+10 -6.119847147084200856e-01 2.304938053408745802e+00
2.087099999658348083e+10 -5.613034032117675265e-01 1.992907534298015371e+00
2.087099999632589340e+10 -5.161108013909778691e-01 1.815315180743016787e+00
2.087099999650802994e+10 -3.150821089620682303e-01 1.653000106210178677e+00
2.087099999642504120e+10 -3.317124701489260197e-01 1.348420124707183421e+00
2.087099999651331329e+10 -2.869654537977445186e-02 1.330472188384700605e+00
2.087099999622093201e+10 4.641044232338671638e-02 1.424302833416771108e+00
2.087099999620926666e+10 2.273876694919944597e-01 1.165374618437100329e+00
2.087099999613241959e+10 -5.650611504036423538e-03 9.660745446094360922e-01
2.087099999598498154e+10 -6.347186431580049970e-02 6.924844180235583124e-01
2.087099999607257462e+10 -2.932223031640406874e-01 4.938008903474288003e-01
2.087099999623076248e+10 -9.523609517807715696e-02 3.048281138324596684e-01
2.087099999612966537e+10 -1.179019811171260479e-01 6.034894698925149514e-01
2.087099999597724152e+10 -8.052488714241880230e-02 8.779025387162300298e-01
2.087099999624587250e+10 7.070166874765244913e-02 8.078989423008674509e-01
2.087099999622269821e+10 1.136162988306090860e-01 4.955627036608796776e-01
2.087099999625575256e+10 -1.995225066760737409e-01 4.675614688405602681e-01
2.087099999597686005e+10 -2.914878597954020378e-01 5.845841366166426578e-01
2.087099999599402237e+10 -2.902332437420808708e-01 2.689316668154921319e-01
2.087099999574493790e+10 -1.284766084107731854e-01 3.772123927500626306e-01
2.087099999583935928e+10 -4.371716305098630184e-02 6.667513127756631297e-01
2.087099999574252319e+10 -6.904885698874957400e-02 9.666074903899328774e-01
2.087099999590774155e+10 -3.328849717552976317e-01 9.115935922310932638e-01
2.087099999614271927e+10 -2.032569043115026453e-01 7.445174520187936018e-01
2.087099999615781403e+10 -2.133121941114664299e-01 4.289168395680368340e-01
2.087099999646621323e+10 -1.799897767196246279e-01 3.679900425739271452e-01
2.087099999643171692e+10 -2.304247382418066481e-01 6.781496033581746463e-01
2.087099999618077469e+10 -8.666957077749051774e-02 5.504942787582064456e-01
2.087099999622712326e+10 -3.272035166189095623e-01 7.503140074121750214e-01
2.087099999648646927e+10 -1.923695011212064876e-01 8.706964735415050338e-01
2.087099999653128052e+10 -5.197223488257163293e-02 1.150362785182575731e+00
2.087099999637317276e+10 3.920676009885097624e-03 8.823889111196711044e-01
2.087099999637300110e+10 -2.138115552655815710e-01 6.532049084211696277e-01
2.087099999657290649e+10 3.100213844869820212e-02 6.593295398143724784e-01
2.087099999675122452e+10 -1.669683289708074059e-01 4.892036185660414427e-01
2.087099999675006485e+10 -1.674825804597233625e-01 1.730848878597946450e-01
2.087099999688581848e+10 -4.303539181684333248e-01 6.171828546457955311e-02
2.087099999700800705e+10 -3.206815349635099288e-01 -2.084190818612684792e-01
2.087099999687724686e+10 -1.803101788422666607e-01 4.283864865747635808e-02
2.087099999708327484e+10 -7.683425965271303837e-02 2.591205936864144910e-01
2.087099999726046371e+10 1.464411308999020445e-01 3.958143188200402562e-01
2.087099999725331879e+10 4.574093264131756653e-01 4.522090938971862206e-01
2.087099999731943130e+10 5.522547425103034868e-01 7.464300565231057893e-01
2.087099999733906174e+10 5.206932575428843135e-01 4.325015237454043482e-01
2.087099999714058685e+10 2.757439452972066940e-01 4.557521893350492959e-01
2.087099999731201553e+10 1.044261727285211716e-02 4.431041732765146901e-01
2.087099999704426575e+10 -1.238309447718960177e-01 3.420430182787839168e-01
2.087099999706414795e+10 -5.416560700716045729e-02 3.433510856297788960e-02
2.087099999693309784e+10 1.285755923843816539e-01 2.565153054547916756e-01
2.087099999682358551e+10 4.148569016451325031e-01 1.791680392475009653e-01
2.087099999697228241e+10 6.811887043396605002e-01 9.616829196942904001e-02
2.087099999667907715e+10 7.993513596410344313e-01 9.705349608211322199e-02
2.087099999684321594e+10 5.934163560059738662e-01 -7.782266618482963638e-02
2.087099999682297516e+10 4.174510340067085767e-01 1.840153339549734368e-01
2.087099999698281479e+10 6.439791188350760809e-01 3.212970987653573918e-02
2.087099999700490189e+10 3.363647826020192411e-01 1.015438343847381714e-01
2.087099999718095016e+10 2.836520250554398492e-01 3.587629858839545549e-01
2.087099999734579468e+10 2.932163943975130138e-02 4.486266327131452347e-01
2.087099999738212585e+10 3.699126448249993870e-02 7.625596472370432810e-01
2.087099999732414627e+10 -2.393999363785311307e-01 6.205071063464929759e-01
2.087099999713873672e+10 -1.141296012851733266e-01 8.438067075395697669e-01
2.087099999684249115e+10 -1.356113100570601471e-01 7.355965616427724285e-01
2.087099999699364471e+10 -8.809074532845845296e-02 4.620502749632927619e-01
2.087099999704113388e+10 -1.135903510194541527e-01 7.735422272306079483e-01
2.087099999680331802e+10 -2.894964626522253948e-01 8.850455934968102234e-01
2.087099999681881714e+10 -3.922997980331690560e-01 1.183581822803463801e+00
2.087099999676791000e+10 -4.789357299509592880e-01 1.483307183949969188e+00
2.087099999658518219e+10 -3.461952390467500917e-01 1.704491559063894712e+00
2.087099999648331451e+10 -6.420798288178606317e-01 1.749301910868863663e+00
2.087099999661629486e+10 -6.124295822100079834e-01 1.464048859703687144e+00
2.087099999691362000e+10 -6.930836549735610586e-01 1.393157138221463809e+00
2.087099999716070557e+10 -8.571051113023251400e-01 1.283710894595768481e+00
2.087099999741817093e+10 -9.737302139286448943e-01 1.142136114796802104e+00
2.087099999720954132e+10 -9.661204369744781362e-01 1.379514922243142649e+00
2.087099999717882538e+10 -1.260475572364136765e+00 1.490619584491617244e+00
2.087099999749429321e+10 -1.240912630761576763e+00 1.485094538505559392e+00
2.087099999717963028e+10 -1.212410733832075538e+00 1.495471229197363083e+00
2.087099999698496246e+10 -1.120553340806348608e+00 1.263954375551727072e+00
2.087099999728015137e+10 -1.066254008916375895e+00 1.363188872842808985e+00
2.087099999727821350e+10 -1.033160482012570824e+00 1.677567186862924498e+00
2.087099999721775436e+10 -1.252739736176602836e+00 1.896798548660303174e+00
2.087099999715488052e+10 -1.213960723658214613e+00 1.589429394062224166e+00
2.087099999715246964e+10 -1.213625962142056425e+00 1.905541291697866457e+00
2.087099999713193512e+10 -1.199643208211262246e+00 1.590397701915241546e+00
2.087099999743170166e+10 -1.104749676482283505e+00 1.557728519190162420e+00
2.087099999759565735e+10 -1.193735312603971588e+00 1.302516152708488306e+00
2.087099999782096100e+10 -1.141427005402799510e+00 1.087028011881325140e+00
2.087099999778723907e+10 -1.226509401521812315e+00 1.389611034247921761e+00
2.087099999808230209e+10 -1.137152497149803931e+00 1.459511312975702246e+00
2.087099999785440063e+10 -1.046914750730232990e+00 1.259884977613112689e+00
2.087099999780871964e+10 -9.464154237081361387e-01 9.636657508265533689e-01
2.087099999808672333e+10 -1.042877629999471312e+00 8.481585450401485371e-01
2.087099999810004425e+10 -1.063362528339540480e+00 1.163334080318118913e+00
2.087099999813527679e+10 -7.969129275348448838e-01 1.329754863303048040e+00
2.087099999815087128e+10 -8.770011878275397743e-01 1.024344773434271438e+00
2.087099999812385941e+10 -1.173175939552477010e+00 1.131505648638513772e+00
2.087099999841761017e+10 -1.288611155609902026e+00 1.149317317049518339e+00
2.087099999840424347e+10 -1.351479216649145831e+00 1.458835650576796761e+00
2.087099999869583130e+10 -1.335614749005558988e+00 1.337770719017927323e+00
2.087099999869219971e+10 -1.336973125760371861e+00 1.653868232662845772e+00
2.087099999883568192e+10 -1.232967548169451311e+00 1.915648148945294782e+00
2.087099999879611588e+10 -1.333760836560461627e+00 2.212646175718597341e+00
2.087099999890894699e+10 -1.610216929309913114e+00 2.316444800759542400e+00
2.087099999877839279e+10 -1.784301772430054722e+00 2.545754680373512269e+00
2.087099999874678421e+10 -1.884550905297288637e+00 2.843888384074246822e+00
2.087099999876574326e+10 -1.873549403761973542e+00 3.159248886552791014e+00
2.087099999877060318e+10 -1.802386849322660245e+00 3.467217942703283651e+00
2.087099999862058640e+10 -1.855881398960262052e+00 3.194149394557184607e+00
2.087099999884645081e+10 -1.684972798840222330e+00 3.053761596173241166e+00
2.087099999878533554e+10 -1.637094482871285894e+00 3.360201230835323294e+00
2.087099999895919800e+10 -1.816206727697971868e+00 3.554169341560495798e+00
2.087099999895841217e+10 -1.599614353978121795e+00 3.784429602705351670e+00
2.087099999896680069e+10 -1.583356507507315714e+00 3.468838160188315811e+00
2.087099999911343765e+10 -1.784370104262785750e+00 3.663834770080497183e+00
2.087099999925994873e+10 -1.790719158281085077e+00 3.383786725485435021e+00
2.087099999928306198e+10 -1.766343517802020591e+00 3.698118051100751202e+00
2.087099999934841537e+10 -1.818486714446425845e+00 4.002982739077795671e+00
2.087099999930498886e+10 -1.938023236297955698e+00 3.713573131640870884e+00
2.087099999937998199e+10 -1.789751069857841159e+00 3.982504683570528670e+00
2.087099999955449295e+10 -1.817761724531066880e+00 3.720409713740775004e+00
2.087099999948891830e+10 -1.754922117965424633e+00 4.023202895573388282e+00
2.087099999949174118e+10 -1.686159284131785618e+00 4.331741985099253789e+00
2.087099999936756516e+10 -1.615244280400114807e+00 4.049813547801423219e+00
2.087099999937894821e+10 -1.365890692542101048e+00 4.243787509939370040e+00
2.087099999954426193e+10 -1.567693555374411796e+00 4.065237809518292167e+00
2.087099999972307205e+10 -1.702757489743329300e+00 3.842264223989109606e+00
2.087099999958834839e+10 -1.967464321946953643e+00 3.950490826999195626e+00
2.087099999950022507e+10 -1.930299194017260467e+00 3.649184232902601632e+00
2.087099999973297501e+10 -1.921372051506153200e+00 3.862914715942386223e+00
2.087099999944569397e+10 -1.879742414477850732e+00 3.737740370769633280e+00
2.087099999949049759e+10 -1.635425225769288948e+00 3.542204334264899224e+00
2.087099999951869965e+10 -1.439467086481363678e+00 3.295754066082269507e+00
2.087099999963289261e+10 -1.165038454076321450e+00 3.188135668753854457e+00
2.087099999966142273e+10 -1.141612044255067016e+00 2.874177299516253115e+00
2.087099999965317917e+10 -1.151155996087421141e+00 2.558307689821367692e+00
2.087099999986232376e+10 -1.085333984831959198e+00 2.786032810589043507e+00
2.087100000003382492e+10 -1.117161864795655157e+00 3.049674387924008911e+00
2.087099999987413788e+10 -8.514598682803331542e-01 2.987746646088178526e+00
2.087099999986516953e+10 -9.050482523925181821e-01 2.676329720601347439e+00
2.087099999959213257e+10 -1.049312391002327649e+00 2.743945291543473886e+00
2.087099999933518600e+10 -9.804506897142702959e-01 2.573153998306736412e+00
2.087099999963093567e+10 -8.753148600243926269e-01 2.535584842113096204e+00
2.087099999967620850e+10 -7.890193073022124803e-01 2.836310657026252180e+00
2.087099999967270660e+10 -7.916214629496833854e-01 2.520219479166439402e+00
2.087099999966689682e+10 -7.890382678936231908e-01 2.836276838143910961e+00
2.087099999972647095e+10 -4.930045636472091819e-01 2.742747237740811972e+00
2.087099999964768982e+10 -3.497484084673189719e-01 2.472185540084533173e+00
2.087099999977606583e+10 -6.385877549227224614e-01 2.467279104648480548e+00
2.087100000002428055e+10 -7.258892737580455723e-01 2.292063247907671020e+00
2.087099999992193222e+10 -8.828876904232264566e-01 2.546638802566296267e+00
2.087099999984330750e+10 -1.097514868191569404e+00 2.328267251545030003e+00
2.087099999999278641e+10 -1.010831785444257225e+00 2.063551336769495759e+00
2.087099999983538055e+10 -1.092190397401140656e+00 1.801756052393786778e+00
2.087099999993545532e+10 -1.192842812875837488e+00 1.519290049855125835e+00
2.087100000002516174e+10 -1.278651413852409657e+00 1.810017597300962011e+00
2.087100000023707962e+10 -1.152838793398425432e+00 2.007992569468744382e+00
