2.782800000000000000e+10 0.000000000000000000e+00 0.000000000000000000e+00
2.782799999998453140e+10 2.769867527373316429e-01 -2.008011804444437831e-01
2.782799999988837433e+10 2.517029656245490798e-01 -5.285151488803272457e-01
2.782799999986569977e+10 1.370823443345908776e-01 -8.504313644058834054e-01
2.782799999991674423e+10 2.511005479754930270e-01 -5.315641572342664212e-01
2.782800000002938080e+10 5.557441304614552102e-01 -6.401341001611943193e-01
2.782799999978438568e+10 3.165749830135707876e-01 -6.477764029235808518e-01
2.782799999964808655e+10 4.964909348729125149e-01 -3.902198789154479042e-01
2.782799999963918304e+10 6.600724607151683410e-01 -6.909587119330470317e-01
2.782799999959276962e+10 6.849824595770622748e-01 -3.525692878242404626e-01
2.782799999964635849e+10 3.522705015652178862e-01 -4.135039976036439802e-01
2.782799999977061081e+10 5.637782581786274783e-01 -1.745322104217015557e-01
2.782799999966646957e+10 2.806828971952180507e-01 -3.366846315274294454e-01
2.782799999940987396e+10 1.601149779954305075e-01 -1.445780016502952736e-01
2.782799999943323135e+10 1.064339668835718455e-01 -4.820018380383279677e-01
2.782799999939298248e+10 2.924340209751601360e-01 -7.667228861264558937e-01
2.782799999925459671e+10 1.712300440682427149e-01 -1.055584533552956783e+00
2.782799999925421143e+10 1.897741393759174444e-01 -1.397546554520345374e+00
2.782799999958935547e+10 2.013745355090065525e-01 -1.467019386181672491e+00
2.782799999935347366e+10 -3.161927720124033114e-02 -1.552782763357009044e+00
2.782799999930518723e+10 -8.579714931560543378e-02 -1.887469507409936131e+00
2.782799999926840210e+10 -1.771980103916425131e-01 -1.559483535743030558e+00
2.782799999902647018e+10 -3.885192695194106260e-01 -1.678200424941790558e+00
2.782799999903417587e+10 -3.907431976284999053e-01 -1.335829706407581030e+00
2.782799999904977417e+10 -3.972307783928590297e-01 -1.677877493563447509e+00
2.782799999896445465e+10 -3.980850410023992203e-01 -1.346212568669764131e+00
2.782799999894234085e+10 -4.650723477571624409e-01 -1.011092049670082815e+00
2.782799999913362122e+10 -2.228144998857416181e-01 -8.627511689439720799e-01
2.782799999890386963e+10 -4.765067041478082688e-01 -8.744665685314698678e-01
2.782799999878494263e+10 -4.691041809351294001e-01 -5.534004062589741313e-01
2.782799999908905411e+10 -6.069415077122194413e-01 -6.295496417114310184e-01
2.782799999940459061e+10 -7.075588450028613696e-01 -7.167040499299813794e-01
2.782799999923171234e+10 -5.492457748254019334e-01 -9.663686607702439701e-01
2.782799999927879715e+10 -6.804034433739800658e-01 -6.535381647820254214e-01
2.782799999939017868e+10 -9.932243400089260099e-01 -5.697559680859980435e-01
2.782799999944775391e+10 -6.734057065181129342e-01 -6.778440716105308406e-01
2.782799999949237442e+10 -7.923971993260620073e-01 -3.598314981665849399e-01
2.782799999974597549e+10 -6.116935089692989713e-01 -2.173027717347358889e-01
2.782799999942475128e+10 -5.568487618520899796e-01 -3.226090859561790980e-01
2.782799999973924255e+10 -6.492725336439212347e-01 -2.234415265297578779e-01
2.782799999970289230e+10 -3.277962209506897762e-01 -1.111310483538901911e-01
2.782799999954368210e+10 -4.190444115693522376e-01 -4.002818123471570400e-01
2.782799999980761719e+10 -4.367008298161543789e-01 -1.827784510457176048e-01
2.782800000013774490e+10 -4.617568101024054350e-01 -9.519882639731637453e-02
