4.869900000000000000e+10 0.000000000000000000e+00 0.000000000000000000e+00
4.869899999946221924e+10 7.747962581683909278e-02 -1.515047977868403395e-01
4.869899999903122711e+10 3.489557080211864726e-01 9.079273886145208805e-02
4.869899999880909729e+10 5.804024282981020688e-01 -3.731592185341046086e-01
4.869899999886401367e+10 9.638524019804222132e-01 -7.831739944871682901e-01
4.869899999854547119e+10 1.210177847325096590e+00 -1.178161450468531157e+00
4.869899999827177429e+10 1.266129586977193133e+00 -6.881394725297900195e-01
4.869899999856294250e+10 1.036199713669571976e+00 -1.113007909527677253e+00
4.869899999853684998e+10 9.772209797714563884e-01 -5.526487923608149888e-01
4.869899999802850342e+10 8.762454999110818044e-01 -7.752378734672854543e-01
4.869899999804566956e+10 7.364534795783203025e-01 -2.290465329288176033e-01
4.869899999795429230e+10 1.832028558015866837e-01 -2.900789612242806181e-01
4.869899999782423401e+10 -1.570175255874555753e-01 -7.207726798042310978e-01
4.869899999784123993e+10 9.111124031537795598e-02 -1.227037894702723175e+00
4.869899999737994385e+10 -9.511597953147121753e-02 -9.611649058178035610e-01
4.869899999696659851e+10 -2.144519016820498059e-01 -5.963814508615232768e-01
4.869899999667280579e+10 9.087935138428326898e-02 -2.240643610419782439e-01
4.869899999616260529e+10 3.259736485294354447e-01 -1.732129383709486437e-01
4.869899999635047150e+10 6.358182654537765099e-01 -6.054895573698684252e-01
4.869899999637159729e+10 8.962923165005709514e-02 -4.662318005569474622e-01
4.869899999614131165e+10 -2.018046358801600659e-01 -4.173471620239532776e-02
4.869899999570766449e+10 -2.075507113385564595e-01 -4.023989103306377935e-01
4.869899999560697937e+10 2.981367499101270080e-01 -1.736971528456863478e-01
4.869899999592491150e+10 7.586501089880096638e-01 -1.029137288899981129e-01
4.869899999628967285e+10 8.306832427756639659e-01 3.212586837884435220e-01
4.869899999623136902e+10 1.262502790774387984e+00 -3.692305554263236589e-02
4.869899999567732239e+10 1.332350362584650671e+00 4.254322487118943064e-02
4.869899999561323547e+10 1.073402194319199365e+00 -4.544479774867163924e-01
4.869899999518479919e+10 1.212207574305464330e+00 -7.940635308636039280e-01
4.869899999466979980e+10 1.280198781437598354e+00 -5.742584566494971510e-01
4.869899999493424988e+10 1.355551374436927414e+00 -8.176416656999424548e-02
4.869899999532885742e+10 1.500117762423846202e+00 -4.579952622262642437e-01
4.869899999505500031e+10 1.531569675776217831e+00 3.411915513874930195e-02
4.869899999478470612e+10 1.725192367352993639e+00 -4.215273992127538394e-01
4.869899999457202911e+10 1.834819413859171355e+00 8.926659822597393656e-02
4.869899999457167816e+10 1.899702943049384363e+00 -4.710472079385688016e-01
4.869899999421254730e+10 2.006813514714765212e+00 -4.948716104996120357e-02
4.869899999445729828e+10 2.432687131267712743e+00 2.278042039749682002e-01
4.869899999399160004e+10 2.132434618638192170e+00 3.333316249056417213e-01
4.869899999390937805e+10 2.690462187468994237e+00 3.308633791105435318e-01
4.869899999393668365e+10 3.061801201325866195e+00 7.545652205270459989e-01
4.869899999371375275e+10 2.613581065453352892e+00 1.014489815664173955e+00
4.869899999372032928e+10 2.608531186851061889e+00 4.504926402490057047e-01
4.869899999324877167e+10 2.744163568763350103e+00 1.722898047230974061e-01
4.869899999335237885e+10 2.592079355421461173e+00 -3.609057763919996109e-01
4.869899999306136322e+10 2.590046596381612165e+00 1.222789679820592279e-01
4.869899999299909973e+10 2.564977273710852934e+00 6.823294615009571906e-01
4.869899999309954071e+10 3.057622710902557994e+00 9.380127171585226353e-01
4.869899999349695587e+10 3.018520875518736712e+00 1.336374843443926430e+00
4.869899999382902527e+10 2.736843528979744367e+00 1.694911336410014346e+00
4.869899999389125824e+10 2.697614211207447710e+00 1.135670686028587895e+00
4.869899999418859863e+10 2.625412682036244227e+00 6.618170230247295560e-01
4.869899999388482666e+10 2.237563666654412309e+00 9.365156091473184619e-01
4.869899999444454956e+10 2.244502450118121217e+00 8.670641812404974447e-01
4.869899999470998383e+10 2.062707491697599149e+00 4.037549549966468754e-01
4.869899999464326477e+10 2.071566406287585149e+00 9.637827607811078057e-01
4.869899999458596039e+10 1.859127471716067737e+00 1.483155282450750789e+00
4.869899999507776642e+10 1.687989167741361207e+00 1.699955588477033430e+00
4.869899999484974670e+10 1.361483490123013951e+00 2.099410085495730716e+00
4.869899999521167755e+10 1.330620610265222270e+00 1.667880457977566122e+00
4.869899999526650238e+10 8.259077264163454668e-01 1.422073670359667918e+00
4.869899999522487640e+10 1.066647801844976984e+00 9.136710167655049952e-01
4.869899999484347534e+10 1.245569091127675776e+00 1.288747235027813964e+00
4.869899999467359161e+10 1.579497342621361877e+00 8.670908495710094588e-01
4.869899999521835327e+10 1.717002411883752355e+00 8.172315804563123898e-01
4.869899999482438660e+10 1.971604298281420142e+00 1.130487726461492981e+00
4.869899999487677765e+10 2.171561354176184899e+00 1.655305593971544864e+00
4.869899999463664246e+10 2.172336152784231533e+00 2.165692665689551433e+00
4.869899999430514526e+10 1.975187829618395341e+00 1.754108638002070508e+00
4.869899999457628632e+10 1.625656500202695032e+00 2.104071193418703967e+00
4.869899999459463501e+10 1.224476308947936687e+00 1.707991334637046554e+00
4.869899999425883484e+10 1.160231047786338010e+00 2.156622690927576080e+00
4.869899999459574890e+10 1.137932966382117828e+00 1.704786649428727152e+00
4.869899999447909546e+10 1.593164922977640341e+00 2.016743501699408636e+00
4.869899999479576874e+10 1.745037660834744653e+00 2.458122869726552029e+00
4.869899999487580109e+10 1.470887585371421835e+00 2.944536394114766420e+00
4.869899999492577362e+10 1.389042956928607131e+00 2.388689520117988963e+00
4.869899999531220245e+10 9.848305876893971300e-01 2.462504757437163683e+00
4.869899999529837799e+10 6.826934097092860476e-01 2.938617785779708225e+00
4.869899999584244537e+10 5.487562356749302594e-01 3.003522952841324312e+00
4.869899999539985657e+10 8.848122907221211975e-01 3.100176988170342707e+00
4.869899999504978180e+10 6.659619121738982184e-01 2.715844421994566993e+00
4.869899999507749939e+10 1.223055589422483713e+00 2.799747608687917833e+00
4.869899999542305756e+10 1.199360821033417457e+00 2.354563208971112598e+00
4.869899999574871826e+10 1.130830806360386909e+00 1.899138247944659685e+00
4.869899999555229187e+10 1.111338469906181015e+00 1.370747104742870981e+00
4.869899999527556610e+10 1.366088288553879426e+00 1.791086217771282962e+00
4.869899999530751038e+10 1.409169906970545894e+00 1.229583796197128986e+00
4.869899999535966492e+10 9.884049857664649608e-01 8.575647518406837033e-01
4.869899999537693787e+10 1.174384738924496796e+00 1.389800321509208736e+00
4.869899999523178864e+10 1.448475249954146449e+00 9.186650934412259328e-01
4.869899999516760254e+10 1.808067440358914313e+00 4.888562489698087266e-01
4.869899999488884735e+10 1.397545801514607611e+00 2.206610449678553243e-01
4.869899999541900635e+10 1.344314011600921344e+00 3.557271545639933974e-02
4.869899999527288818e+10 8.862301541889209267e-01 3.304793433312381845e-01
4.869899999494249725e+10 4.541079629828623232e-01 1.812356171572250818e-01
4.869899999490741730e+10 8.170175229962195473e-01 -2.491448851533984432e-01
4.869899999541765594e+10 1.045658560187873398e+00 -1.747121270984134389e-01
4.869899999583670044e+10 1.209808102025901055e+00 -5.147427499207151147e-01
4.869899999615998077e+10 1.519783424250238379e+00 -8.576234906837640892e-01
4.869899999607514954e+10 1.568211663263550992e+00 -3.020875497316202196e-01
4.869899999641605377e+10 1.204070713618532906e+00 -5.654297642455947681e-01
4.869899999676806641e+10 9.113972181384939475e-01 -8.949587664022071731e-01
4.869899999718744659e+10 7.333465268791308223e-01 -1.227491504509624631e+00
4.869899999771043396e+10 8.526042079960125530e-01 -1.053066907096833038e+00
4.869899999719738007e+10 1.028003492150623366e+00 -8.975974396019184010e-01
4.869899999737664032e+10 1.365787421272829594e+00 -4.829543734413101475e-01
4.869899999788817596e+10 1.471646673234710656e+00 -2.701546522650811744e-01
4.869899999776158905e+10 1.048859692565668578e+00 -6.214202807075460688e-01
4.869899999786785889e+10 1.089302162282312691e+00 -6.894211645853587367e-02
4.869899999733959961e+10 1.029394544109994980e+00 1.195020427797309770e-01
4.869899999714945984e+10 1.215693178966611665e+00 6.167946145992090345e-01
4.869899999683910370e+10 1.553049407726249775e+00 2.881117981578573684e-01
4.869899999669245148e+10 1.043336141156679719e+00 4.800669242892268151e-01
4.869899999689312744e+10 5.252108873117131704e-01 5.772147329108510139e-01
4.869899999707020569e+10 -1.021333703582005814e-02 5.660483599684391631e-01
4.869899999676890564e+10 2.030705065024517586e-01 1.395612471098353069e-01
4.869899999625782013e+10 2.742857596636112394e-01 3.673335789968252829e-01
4.869899999608854675e+10 -2.056778884142689834e-01 1.241422819417968837e-01
4.869899999626763916e+10 -2.250104027746370750e-01 6.586650875012700634e-01
4.869899999578633118e+10 6.447479330501248995e-02 7.106817273090751952e-01
4.869899999569345856e+10 3.605469501570412322e-02 1.550481199499899043e-01
4.869899999560653687e+10 5.925880196146536827e-01 1.254260127798260960e-01
4.869899999605286407e+10 3.953673752723595447e-01 4.083744367035738732e-01
4.869899999556052399e+10 6.552861598648955788e-01 3.177758897612912858e-01
4.869899999562565613e+10 7.929099971748700959e-01 -2.253441052590683946e-01
4.869899999541441345e+10 7.584730825280793232e-01 2.965292112932479962e-01
4.869899999597193909e+10 7.982082955599535401e-01 3.723700345204271067e-01
4.869899999590791321e+10 2.398817617911660482e-01 3.240632914048499069e-01
4.869899999591313934e+10 2.319019643132695374e-01 8.880407347482072167e-01
4.869899999589907837e+10 -5.589441243528348036e-02 4.031314567114203107e-01
4.869899999578322601e+10 -5.235569554507655265e-01 6.964425058103385080e-01
4.869899999628543854e+10 -7.730982303807808487e-01 6.358408016064113211e-01
4.869899999624044800e+10 -4.751203127468084375e-01 1.590319077735947717e-01
4.869899999577982330e+10 -3.443217400563338693e-01 -1.390934916815156352e-01
4.869899999574161530e+10 -5.494483731233188450e-01 3.849529435509354558e-01
4.869899999622263336e+10 -7.655322341328421043e-01 1.847335725562561926e-01
4.869899999657533264e+10 -1.096653733284609578e+00 4.747702606012448312e-01
4.869899999663922882e+10 -6.295749069015070809e-01 7.844731611165600693e-01
4.869899999712857819e+10 -8.901075887381038054e-01 6.804314045849955139e-01
4.869899999753244781e+10 -1.274874472631104982e+00 5.967290862501632986e-01
4.869899999746328735e+10 -9.439909962535308896e-01 1.048275871835263828e+00
4.869899999768370056e+10 -9.958030804043845885e-01 1.564895328377026829e+00
4.869899999819370270e+10 -7.630699738215749317e-01 1.627291716615147266e+00
4.869899999819836426e+10 -7.932691329728873697e-01 2.190521557874768988e+00
4.869899999869297791e+10 -1.041607505792727206e+00 2.081666725524857764e+00
4.869899999863610840e+10 -1.014892989455888239e+00 1.521118996238210563e+00
4.869899999907323456e+10 -1.359973452474276145e+00 1.610573231892172830e+00
4.869899999869643402e+10 -1.413465442048722043e+00 1.194252016528173144e+00
4.869899999921993256e+10 -1.577683066733586381e+00 1.325193106096830276e+00
4.869899999883235168e+10 -1.905400381085098793e+00 1.079135683592441497e+00
4.869899999861573792e+10 -2.425204832873407490e+00 1.111438676880150078e+00
4.869899999828054810e+10 -2.869729749387205597e+00 1.020847991135135802e+00
4.869899999783422852e+10 -3.052967097344594372e+00 1.313056069569802586e+00
4.869899999831071472e+10 -2.768123282648180972e+00 1.412977012864272908e+00
4.869899999801589966e+10 -2.339115738292144364e+00 1.630228441375872084e+00
4.869899999775792694e+10 -2.424920187619440171e+00 1.136011613857993652e+00
4.869899999828617859e+10 -2.457184949063270452e+00 9.409036040011116153e-01
4.869899999850987244e+10 -2.146323328709654366e+00 1.355014186452978553e+00
4.869899999846089172e+10 -2.043125503022312550e+00 1.907383927502052767e+00
4.869899999842411804e+10 -2.039549458052731801e+00 2.470230697874367554e+00
4.869899999876576233e+10 -2.209020204934605047e+00 2.054631366875818266e+00
4.869899999880348206e+10 -2.472511940087886551e+00 1.557327585296061967e+00
4.869899999925859070e+10 -2.716641319528263931e+00 1.330534164976726164e+00
4.869899999939453888e+10 -3.158905570395714513e+00 1.653150415600731282e+00
4.869899999916748047e+10 -2.737466698431379353e+00 1.354831600411540826e+00
4.869899999943415070e+10 -2.250646052988479973e+00 1.455104795997210099e+00
4.869899999958860779e+10 -2.646048882414009817e+00 1.826537349970438484e+00
4.869899999941200256e+10 -2.633356493422451816e+00 2.362084519277534600e+00
4.869899999893466187e+10 -2.924878663541132795e+00 2.435040092211967711e+00
4.869899999859452820e+10 -2.852345497780872208e+00 1.990958661545852992e+00
4.869899999844273376e+10 -2.623226506549493742e+00 2.483527699523128351e+00
4.869899999873094177e+10 -2.214541717042801228e+00 2.222614522970671747e+00
4.869899999833724213e+10 -2.426918414887403674e+00 2.566211122446139470e+00
4.869899999839240265e+10 -2.489449813529281741e+00 3.124071822954908040e+00
4.869899999833245850e+10 -2.420623678856725469e+00 3.680696992344081320e+00
4.869899999834327698e+10 -2.519396824445029104e+00 4.235934212751891081e+00
4.869899999848750305e+10 -1.975450212998866251e+00 4.274439160442261354e+00
4.869899999864278412e+10 -2.512928734617860815e+00 4.202558338119292358e+00
4.869899999861093140e+10 -2.787770310709566601e+00 3.711020651077451937e+00
4.869899999849631500e+10 -3.275180489510872484e+00 3.970742614370096124e+00
4.869899999832668304e+10 -3.767040908451273484e+00 3.752887803350233309e+00
4.869899999808409882e+10 -3.812761090074558989e+00 3.245713586823931074e+00
4.869899999802452850e+10 -3.878543836564121605e+00 3.802746378097317859e+00
4.869899999760437012e+10 -3.637452978675425275e+00 4.091711583343573544e+00
4.869899999795546722e+10 -3.848872224256357111e+00 3.704161001446468759e+00
4.869899999741152954e+10 -3.991791875425519276e+00 3.660934614848124546e+00
4.869899999744675446e+10 -3.506523772797601080e+00 3.946303868025728967e+00
4.869899999742908478e+10 -3.475790815351008867e+00 3.383360962186079401e+00
4.869899999749821472e+10 -3.474670317298796274e+00 3.943165302240839942e+00
4.869899999766069794e+10 -3.991423982293454742e+00 3.785918298406873550e+00
4.869899999791046906e+10 -4.222108687574420927e+00 3.335849764676359186e+00
4.869899999835076141e+10 -4.206861529027479563e+00 2.983613095778387070e+00
4.869899999822244263e+10 -4.186774960035981152e+00 3.532514532746426461e+00
4.869899999822377014e+10 -4.338099395088690358e+00 4.075893507742419430e+00
4.869899999801403809e+10 -4.656911208269124636e+00 4.491266402648331990e+00
4.869899999795209503e+10 -4.693066484483916057e+00 5.050745990316146461e+00
4.869899999790927887e+10 -4.343590557401872054e+00 4.610070672409539938e+00
4.869899999798477173e+10 -4.763638067651887020e+00 4.241258875556646046e+00
4.869899999803945923e+10 -4.426060456905557494e+00 3.792691980677519226e+00
4.869899999769409180e+10 -4.390477407303906787e+00 3.348153591581027655e+00
4.869899999800197601e+10 -4.560065126274820635e+00 3.789298555424743142e+00
4.869899999832899475e+10 -4.961015630147218580e+00 4.013930932758996484e+00
4.869899999838400269e+10 -4.711363655218125501e+00 3.511129318251504206e+00
4.869899999818841553e+10 -4.927967085085215082e+00 3.028437668753821033e+00
4.869899999848786163e+10 -5.016167242796606196e+00 2.558634742069359813e+00
4.869899999895185852e+10 -5.213022864816843516e+00 2.305420881307179926e+00
4.869899999889198303e+10 -5.177333217609178639e+00 2.865155448011726502e+00
4.869899999915123749e+10 -5.643789656814091948e+00 3.047817597921003152e+00
4.869899999888124084e+10 -6.107110797774322641e+00 3.222741628113844126e+00
4.869899999884774780e+10 -6.448721338899403577e+00 2.775145992326365718e+00
4.869899999852263641e+10 -6.375838936613533292e+00 2.320003543056218476e+00
4.869899999860139465e+10 -6.359114396845241046e+00 1.761720862162269086e+00
4.869899999842831421e+10 -6.237977581471147559e+00 2.284723618833062186e+00
4.869899999799217987e+10 -6.365742764660001107e+00 2.618830006468316984e+00
4.869899999787781525e+10 -6.198225981832206521e+00 3.145156643687246678e+00
4.869899999814572906e+10 -5.709588961436899091e+00 3.057884848361595687e+00
4.869899999844973755e+10 -5.660046368117932047e+00 2.585353340717315263e+00
4.869899999869299316e+10 -5.709237913384683338e+00 3.091878070899320541e+00
4.869899999870688629e+10 -6.233085826781711525e+00 3.300569070657450865e+00
4.869899999877184296e+10 -6.267579072978603172e+00 2.741326315469004626e+00
4.869899999878608704e+10 -5.903120263754806807e+00 2.311060667784922362e+00
4.869899999875198364e+10 -6.082065863114172188e+00 2.844893015248897594e+00
4.869899999859031677e+10 -6.214618048141394624e+00 3.368777959584832171e+00
4.869899999853437805e+10 -6.388765381769867524e+00 2.835200286666459846e+00
4.869899999817678070e+10 -6.817046003267849485e+00 2.752379356176373637e+00
4.869899999829227448e+10 -7.102408628791251566e+00 2.279736693776606593e+00
4.869899999851216888e+10 -7.271710625162608466e+00 1.788672524832842781e+00
4.869899999849693298e+10 -7.315965383549162482e+00 1.226559529345489619e+00
4.869899999815927124e+10 -6.990066165082107652e+00 9.136155549937476916e-01
4.869899999826387787e+10 -7.316625682510640161e+00 4.657555130342089234e-01
4.869899999825622559e+10 -7.469709990800238231e+00 1.008589020517266288e+00
4.869899999802174377e+10 -7.406325737870914416e+00 4.995097675845558971e-01
4.869899999750985718e+10 -7.630745434071732447e+00 5.754817841894044328e-01
4.869899999749458313e+10 -7.557223596386365649e+00 1.134519248729235930e+00
4.869899999786874390e+10 -7.196851694717207870e+00 9.147473259154457192e-01
4.869899999816316223e+10 -6.732238863839278054e+00 7.897867052684438560e-01
4.869899999815312958e+10 -6.721494712614481060e+00 1.353653178850604322e+00
4.869899999832431030e+10 -7.238789968006125619e+00 1.499472621596451560e+00
4.869899999871348572e+10 -6.831158047407961398e+00 1.476185680207152906e+00
4.869899999846747589e+10 -7.228453836043458480e+00 1.792089996657073581e+00
4.869899999886885071e+10 -6.937363254737699769e+00 1.523159319340134044e+00
4.869899999890537262e+10 -6.435893104758092065e+00 1.778806856583397877e+00
4.869899999874795532e+10 -6.154623410752512846e+00 1.315915844088395126e+00
4.869899999904488373e+10 -6.627084302321725851e+00 1.233599779393307116e+00
4.869899999950962830e+10 -6.884724306961095053e+00 1.422799865709266642e+00
4.869899999969801331e+10 -7.415822883849839897e+00 1.398161142974894799e+00
4.869899999943516541e+10 -7.024526860468590428e+00 1.707937470567384874e+00
4.869899999932611847e+10 -7.492628781229277557e+00 1.412724493249866820e+00
4.869899999978103638e+10 -7.163780689178715910e+00 1.468157948943476176e+00
4.869899999948156738e+10 -7.623270864302540417e+00 1.599866197807115142e+00
4.869899999895034790e+10 -7.808555061342683068e+00 1.559354749962444719e+00
4.869899999909205627e+10 -7.885062252795619564e+00 1.018774553388754667e+00
4.869899999916236115e+10 -8.068862703762913924e+00 4.901571769325107075e-01
4.869899999883517456e+10 -7.648656331459503299e+00 6.760014711763380202e-01
4.869899999901979065e+10 -7.190240069466671713e+00 4.040945975303367188e-01
4.869899999885247040e+10 -7.231168059900898726e+00 -1.330179154263200214e-01
4.869899999922101593e+10 -7.471144031110022787e+00 2.201766285341427709e-01
4.869899999890344238e+10 -7.433103438760583437e+00 -2.444338802633407304e-01
4.869899999900896454e+10 -7.801824602118999863e+00 -6.580418084965848902e-01
4.869899999859970093e+10 -8.093881202185865931e+00 -4.023763540685361129e-01
4.869899999858724976e+10 -7.690647124998381656e+00 -7.965956760394923286e-01
4.869899999897232819e+10 -7.570159572302030071e+00 -4.024429607555817801e-01
4.869899999867696381e+10 -8.028158668276841325e+00 -5.478975657524405296e-01
4.869899999900305939e+10 -8.004115536217049964e+00 -1.007513800451600661e+00
4.869899999859700012e+10 -8.378577029635508211e+00 -8.932628005288176798e-01
4.869899999880072021e+10 -8.395989276416109703e+00 -3.675659971403459902e-01
4.869899999918224335e+10 -8.202955317628935816e+00 3.166263987826045678e-04
4.869899999902718353e+10 -8.745159904069968348e+00 -1.122764498167823713e-02
4.869899999912064362e+10 -8.799300247160100952e+00 5.423924633587269284e-01
4.869899999860736847e+10 -8.877352909853026830e+00 3.218991454431243682e-01
4.869899999848254395e+10 -9.327413784803210817e+00 6.381685366813847349e-01
4.869899999862841034e+10 -9.813552735518744186e+00 8.842430547615871550e-01
4.869899999858232880e+10 -9.275750237508962215e+00 1.047970663298148697e+00
4.869899999866265106e+10 -9.283928145062191106e+00 1.606220568909472846e+00
4.869899999869723511e+10 -9.208140477584334960e+00 2.164093281826724890e+00
4.869899999869759369e+10 -9.208020888365286538e+00 1.600035294067802871e+00
4.869899999889660645e+10 -8.759249217180613556e+00 1.877810415609812100e+00
4.869899999863429260e+10 -8.316373466852985175e+00 2.108488030963751036e+00
4.869899999834143829e+10 -8.773190076869923359e+00 2.262488857108181595e+00
4.869899999801352692e+10 -8.420647206307645405e+00 2.556337040341701172e+00
4.869899999794507599e+10 -8.231424494337762354e+00 2.029392480575557656e+00
4.869899999768343353e+10 -8.216515502030377505e+00 2.528876401572768717e+00
4.869899999805046082e+10 -8.474299771439300244e+00 2.870926408849392875e+00
4.869899999766065979e+10 -8.226089189469682594e+00 2.547493503167272522e+00
4.869899999810548401e+10 -8.411315018021737089e+00 2.254258245965799379e+00
4.869899999766048431e+10 -8.510657313133410895e+00 1.922193015391163939e+00
4.869899999807384491e+10 -8.424614785217231727e+00 2.296210148886881797e+00
4.869899999799047852e+10 -8.380311457654340046e+00 1.740109165938231950e+00
4.869899999779948425e+10 -7.966475351900889734e+00 1.407809547714790277e+00
4.869899999769026184e+10 -7.578430638898137950e+00 1.013280799973637958e+00
4.869899999794185638e+10 -8.074336269610022043e+00 9.187404497379995094e-01
4.869899999823600006e+10 -8.305491855682612723e+00 4.965925927307345833e-01
4.869899999806098938e+10 -8.012490112623281036e+00 4.750175473360779277e-02
4.869899999787183380e+10 -7.954187971684670622e+00 5.756901342061024884e-01
4.869899999794266510e+10 -7.485097200065689904e+00 8.808100369430111876e-01
4.869899999791179657e+10 -7.276185843408530474e+00 3.577758859168078676e-01
4.869899999826766205e+10 -6.848287099828700875e+00 4.495561833534236218e-01
4.869899999828183746e+10 -6.659990013329086800e+00 9.810680400742058938e-01
4.869899999800283813e+10 -6.854069081106611172e+00 5.308954347662672157e-01
4.869899999798206329e+10 -6.763094110308259133e+00 1.087180940294476539e+00
4.869899999837680054e+10 -6.527728881715171738e+00 7.601542795013738196e-01
4.869899999831131744e+10 -6.719366929977467429e+00 1.286603399912341406e+00
4.869899999861807251e+10 -6.264391179067994919e+00 1.417219629561031757e+00
4.869899999877735138e+10 -5.941001531118369705e+00 1.851052480415226853e+00
4.869899999875175476e+10 -5.840158899749187782e+00 1.296672579777903955e+00
4.869899999839247894e+10 -5.871275591100390656e+00 8.629536748900935583e-01
4.869899999880160522e+10 -6.206812995962867063e+00 6.675292461288330204e-01
4.869899999856338501e+10 -5.878092273379422750e+00 1.059136804285764288e+00
4.869899999828493500e+10 -5.616202800611904244e+00 1.473917578019046770e+00
4.869899999804896545e+10 -6.120642242871848104e+00 1.384363395045944634e+00
4.869899999757795715e+10 -6.248253428737405635e+00 1.101472050294091787e+00
4.869899999704428864e+10 -6.194168126665387852e+00 9.270180459781764970e-01
4.869899999697009277e+10 -6.105059625167810644e+00 3.750070047534371787e-01
4.869899999650619507e+10 -5.807303621720909526e+00 4.945896037291691583e-01
4.869899999675022888e+10 -5.638933079428987583e+00 9.744428971626353242e-01
4.869899999622058105e+10 -5.469530046555862057e+00 1.068968965017493167e+00
4.869899999609513092e+10 -5.442573828757851118e+00 5.197001024753077347e-01
4.869899999638179779e+10 -4.958324093666156784e+00 5.582437872874864704e-01
4.869899999602467346e+10 -5.368950658422046551e+00 7.066044628855108201e-01
4.869899999626177216e+10 -5.454839695717967452e+00 2.020572677614501655e-01
4.869899999639632416e+10 -4.930057589856752465e+00 4.501923774331678674e-02
4.869899999674278259e+10 -5.373805372789175472e+00 1.017184218068680618e-02
4.869899999668395996e+10 -5.140731688417854883e+00 -5.001008270868652072e-01
4.869899999711281586e+10 -5.052841789001629280e+00 -8.558010854680342394e-01
4.869899999691306305e+10 -5.554748239332466753e+00 -6.934746682003788409e-01
4.869899999654168701e+10 -5.795012210689772125e+00 -3.434542698284048234e-01
4.869899999691833496e+10 -5.406653471269066813e+00 -1.838461339739779488e-01
4.869899999682994843e+10 -4.999208150300138875e+00 1.960719783052944087e-01
4.869899999721008301e+10 -5.127477642849036954e+00 -2.004172221251892261e-01
4.869899999697772217e+10 -4.624314531809100792e+00 -3.052813545221976232e-01
4.869899999683675385e+10 -4.709280643769719887e+00 -8.447912050006136653e-01
4.869899999679825592e+10 -4.658722827492376872e+00 -2.843242674834092210e-01
4.869899999731738281e+10 -4.468051528988968180e+00 -1.733700465991456774e-01
4.869899999715522766e+10 -4.079753623735134838e+00 -5.489919965062588503e-01
4.869899999722698975e+10 -4.020235389816680716e+00 -1.105292102376090435e+00
4.869899999771639252e+10 -3.749429641578140515e+00 -1.178168899446407014e+00
4.869899999809583282e+10 -3.980094544599837025e+00 -1.525989097905502856e+00
4.869899999847815704e+10 -3.655366909901153871e+00 -1.268037281749496703e+00
4.869899999902806854e+10 -3.717730841288225285e+00 -1.376973688379604210e+00
4.869899999852881622e+10 -3.963476658933305252e+00 -1.469273144530453212e+00
4.869899999832347107e+10 -3.731197143475696976e+00 -1.940484295794579594e+00
4.869899999856037903e+10 -3.416391426066498482e+00 -1.536835729514026028e+00
4.869899999851628876e+10 -3.245160237639303613e+00 -1.001207883066338455e+00
4.869899999851526642e+10 -3.245573630435565793e+00 -1.565264922024989236e+00
4.869899999894786072e+10 -3.027130123135618245e+00 -1.276633934239189916e+00
4.869899999900521851e+10 -3.337369429544189359e+00 -8.090627150169926729e-01
4.869899999882500458e+10 -3.292770419075265576e+00 -1.341693832335669523e+00
4.869899999879174042e+10 -3.371362464154776806e+00 -1.899258352506066228e+00
4.869899999871786499e+10 -3.326384487346875307e+00 -1.341871148217165910e+00
4.869899999883551788e+10 -2.782720067576141432e+00 -1.435408166084853665e+00
4.869899999849497223e+10 -3.228422748173728873e+00 -1.494905716194515621e+00
4.869899999849574280e+10 -3.228682462420790156e+00 -9.308481880043858459e-01
4.869899999859844971e+10 -3.776484653318906481e+00 -8.440987041166158056e-01
4.869899999855505371e+10 -3.479578521228185117e+00 -3.664741138681664734e-01
4.869899999875970459e+10 -4.003287523104720691e+00 -3.216620650315802910e-01
4.869899999821769714e+10 -3.856029623569911635e+00 -3.736414030062766845e-01
4.869899999876435089e+10 -3.717993145001062150e+00 -3.569747689736340601e-01
4.869899999930844879e+10 -3.585584369598509902e+00 -2.892387359895328691e-01
4.869899999888770294e+10 -3.497528977282364782e+00 7.597437929944184098e-02
4.869899999883590698e+10 -3.994206960044511145e+00 -1.863029017496967699e-01
4.869899999895079041e+10 -4.404360843601907938e+00 1.834759803197666961e-01
4.869899999918136597e+10 -4.264671159658526278e+00 6.789392969106559095e-01
4.869899999910466003e+10 -4.282807862124667686e+00 1.204157643603945838e-01
4.869899999855827332e+10 -4.145132458770249606e+00 1.463176041820946904e-01
4.869899999845823669e+10 -4.195260634387545373e+00 6.991667207339234968e-01
4.869899999872818756e+10 -3.924372715472908446e+00 2.845478746133239811e-01
4.869899999900258636e+10 -3.600118166816098864e+00 6.556628900667963444e-01
4.869899999951081848e+10 -3.361307329257499532e+00 6.024723467806202271e-01
4.869899999952780914e+10 -3.424887181877599218e+00 1.162677996568739713e+00
4.869899999956200409e+10 -3.987602790899331673e+00 1.144145749058938621e+00
4.869899999966783142e+10 -3.576506063670028102e+00 7.727135202657782198e-01
4.869899999972249603e+10 -3.484518143487800756e+00 2.188980093585495279e-01
4.869899999992626190e+10 -3.581174165033962353e+00 -2.981111213833531615e-01
4.869899999938022614e+10 -3.551002713196944605e+00 -4.363004473311818954e-01
4.869899999984215546e+10 -3.527481096388099591e+00 -7.591426909999314798e-01
4.869899999972884369e+10 -2.995662197130095628e+00 -9.091110422041027705e-01
4.869899999954821777e+10 -3.235765322518136422e+00 -4.317356852156639113e-01
4.869899999950800323e+10 -3.031662688079709067e+00 9.256069322594945303e-02
4.869899999978689575e+10 -2.736456291828589737e+00 4.840107022874147735e-01
4.869899999993786621e+10 -2.717046639671146124e+00 -5.912093354702724346e-02
4.869899999960822296e+10 -2.810599234862672269e+00 -5.071673360221991000e-01
4.869899999986868286e+10 -2.457702211689184679e+00 -8.618298462497482326e-01
4.869899999963103485e+10 -2.455664085385099060e+00 -3.502811441917123014e-01
4.869899999958789825e+10 -2.327151744610691075e+00 1.972452292100647098e-01
4.869900000002868652e+10 -2.599266540787355417e+00 4.204539142180555578e-01
4.869900000001859283e+10 -2.933999813952555158e+00 -3.343298066194666518e-02
4.869900000001486206e+10 -2.922335469115070694e+00 5.304921959322199676e-01
4.869900000018621826e+10 -3.457608070339204698e+00 5.782483816445387337e-01
