6.957000000000000000e+09 0.000000000000000000e+00 0.000000000000000000e+00
6.956999999978868484e+09 2.202288647178672343e-01 -1.883804367385837342e-01
6.956999999690793037e+09 2.173262028358179387e-01 -1.504483284049381586e-01
6.956999999538204193e+09 1.495087463652245985e-01 -3.882549914315754913e-01
6.956999999574897766e+09 3.682694694356386522e-01 -2.005535916885570757e-01
6.956999999386804581e+09 1.468780609477458310e-01 -2.069863630281170708e-01
6.956999999244807243e+09 7.675798347186589543e-02 -4.506137445293953436e-01
6.956999999437023163e+09 2.747566217021167323e-01 -3.595964449842865007e-01
6.956999999268420219e+09 3.418603099600502904e-01 -5.865431354208620052e-01
6.956999999215657234e+09 2.925168722485865791e-01 -3.050900827089208511e-01
6.956999999134818077e+09 1.229432258099214526e-01 -5.267751704010462666e-01
6.956999999090769768e+09 2.748864589511919032e-01 -7.705117206545660791e-01
6.956999999129492760e+09 3.192512963448308483e-01 -1.055058360760411817e+00
6.956999999275253296e+09 6.839324528941542747e-02 -1.071138549727053801e+00
6.956999999216848373e+09 2.195576878221215111e-01 -8.299483421449277420e-01
6.956999999162854195e+09 5.042386261140439085e-01 -8.517622038739939283e-01
6.956999998970963478e+09 6.492383231548370937e-01 -1.014818993299976935e+00
6.956999998820787430e+09 8.580201976441694800e-01 -8.795717044699068454e-01
6.956999998712337494e+09 9.197095935970719394e-01 -1.141998102818759797e+00
6.956999998557992935e+09 1.163667024683851414e+00 -1.175118895464401847e+00
6.956999998406612396e+09 1.401524652947333749e+00 -1.245418655856518786e+00
6.956999998536670685e+09 1.420057508587624140e+00 -1.504601509277990079e+00
6.956999998317015648e+09 1.503460717205231001e+00 -1.333633580730113843e+00
6.956999998515824318e+09 1.487822112189640000e+00 -1.544974410468287651e+00
6.956999998502485275e+09 1.475724912755847384e+00 -1.254956799732759531e+00
6.956999998554079056e+09 1.707326881739542834e+00 -1.087227592487513217e+00
6.956999998530866623e+09 1.469433637820726890e+00 -1.252462266201099794e+00
6.956999998799759865e+09 1.377511040798538700e+00 -1.191790030928218780e+00
6.956999998831450462e+09 1.466806735138319384e+00 -1.466483495491863298e+00
6.956999998746204376e+09 1.543274523446308333e+00 -1.733541919954204591e+00
6.956999998833832741e+09 1.287813104460960645e+00 -1.626326343452438206e+00
6.956999998618979454e+09 1.094754195185857260e+00 -1.657964551933262864e+00
6.956999998474292755e+09 8.922262641876715916e-01 -1.508021860320081009e+00
6.956999998700689316e+09 1.047073368538200322e+00 -1.603947029439440675e+00
6.956999998672583580e+09 1.037515577539627198e+00 -1.893002712020979361e+00
6.956999998779944420e+09 1.109591859332938135e+00 -2.153220119508115094e+00
6.956999998786488533e+09 1.121254839919791690e+00 -1.862951887193567080e+00
6.956999998757219315e+09 1.129227970312844498e+00 -2.151940180680579573e+00
6.956999998813592911e+09 8.484098765992358349e-01 -2.200906149504347820e+00
6.956999998793572426e+09 8.785252095870849098e-01 -2.489223251856896635e+00
6.956999998660857201e+09 6.359386979475861734e-01 -2.578515070697411371e+00
6.956999998636638641e+09 8.895643012734112398e-01 -2.718236208170084378e+00
6.956999998647022247e+09 1.140490089412435459e+00 -2.864396834167043160e+00
6.956999998865167618e+09 9.600609922822098685e-01 -2.929912831222075020e+00
6.956999998845355988e+09 9.956539660690770788e-01 -3.217619485636886711e+00
6.956999998834719658e+09 9.910434975157144111e-01 -3.507964308474074588e+00
6.956999998799129486e+09 1.150763453126912417e+00 -3.748083803309981032e+00
6.956999998966823578e+09 1.321152137526414583e+00 -3.582914734102785381e+00
6.956999999083866119e+09 1.585061745867533567e+00 -3.615887300303331386e+00
6.956999999008546829e+09 1.565942652620368136e+00 -3.335894399920637632e+00
6.956999998779499054e+09 1.409230764561544280e+00 -3.421992061187038914e+00
6.956999998784992218e+09 1.229135177075000307e+00 -3.649961138979729292e+00
6.956999998973093033e+09 1.407071481921805534e+00 -3.781836881757464575e+00
6.956999998876793861e+09 1.307156682257804681e+00 -4.037136811743127218e+00
6.956999999025451660e+09 1.395839252417811593e+00 -3.803747140127863968e+00
6.956999999188361168e+09 1.183662791395100333e+00 -3.690273742671477564e+00
6.956999998972295761e+09 1.336601637468155745e+00 -3.810106064817357474e+00
6.956999999260893822e+09 1.363059019928494431e+00 -3.831215493477800216e+00
6.956999999309263229e+09 1.499546728910686078e+00 -4.083140051414535066e+00
6.956999999237542152e+09 1.515467223082669346e+00 -4.364275392319616032e+00
6.956999999067016602e+09 1.738492804701053274e+00 -4.439210273417281805e+00
6.956999998917259216e+09 1.673382807726785826e+00 -4.679559715591195435e+00
6.956999999019242287e+09 1.593809820440985403e+00 -4.939756144122747550e+00
6.956999999102224350e+09 1.867393889037863186e+00 -4.991719699225592777e+00
6.956999999124526978e+09 2.049224767808850434e+00 -5.217273727326411148e+00
6.956999999174700737e+09 1.837647824492167903e+00 -5.410023064460139253e+00
6.956999999111547470e+09 1.583197978960949825e+00 -5.284717623442656276e+00
6.956999999310368538e+09 1.402161347512026923e+00 -5.394855579014431690e+00
6.956999999269513130e+09 1.404339424732832242e+00 -5.107174231252471053e+00
6.956999998989093781e+09 1.408612864872901493e+00 -5.031140650615762766e+00
6.956999999023256302e+09 1.260968152355526284e+00 -4.783212276288417719e+00
6.956999998736758232e+09 1.237706233023064817e+00 -4.740643318702209896e+00
6.956999998453176498e+09 1.196944662363432332e+00 -4.692119245232591496e+00
6.956999998493411064e+09 1.193410935772729164e+00 -4.979874663816101332e+00
6.956999998538936615e+09 1.150854127279859140e+00 -4.696059817192193897e+00
6.956999998720736504e+09 1.020157092036320767e+00 -4.881267104178331095e+00
6.956999998670097351e+09 1.305983592706957186e+00 -4.894435179120215196e+00
6.956999998810349464e+09 1.130802439173644647e+00 -5.079030553804400938e+00
6.956999998828002930e+09 1.311882707712323182e+00 -5.305597922833554136e+00
6.956999998819800377e+09 1.344828191536578066e+00 -5.594183802582110232e+00
6.956999998822099686e+09 1.060060356201056653e+00 -5.536421438562278752e+00
6.956999998706233025e+09 1.044765222605890997e+00 -5.802457925650251092e+00
6.956999998890612602e+09 1.247015153150948574e+00 -5.704817256734503239e+00
6.956999998937129974e+09 1.116615913874053678e+00 -5.960290603866233994e+00
6.956999998882746696e+09 1.035527984312347494e+00 -5.686608922203891581e+00
6.956999998645246506e+09 9.192000841384806442e-01 -5.807007381129063006e+00
6.956999998612462997e+09 9.105258018799615716e-01 -6.095597947224612234e+00
6.956999998846213341e+09 1.074811843673237455e+00 -6.042631500472191775e+00
6.956999998829869270e+09 1.357523333746594618e+00 -6.107758827263588763e+00
6.956999998853305817e+09 1.326317026425186674e+00 -5.819815478962689248e+00
6.956999998845994949e+09 1.328634951672112985e+00 -6.110290401438168040e+00
6.956999998982771873e+09 1.476060710358023886e+00 -5.900546987849403457e+00
6.956999998887592316e+09 1.416014278710466812e+00 -6.168445795688505484e+00
6.956999998616544724e+09 1.443146701507723062e+00 -6.067294510465971236e+00
6.956999998331748009e+09 1.398928808954832181e+00 -6.104306861292216446e+00
6.956999998330024719e+09 1.392301531609989818e+00 -5.813811407905624229e+00
6.956999998392326355e+09 1.498778949655738657e+00 -5.550722884706027038e+00
6.956999998295679092e+09 1.652515744389753127e+00 -5.777568034898372673e+00
6.956999998218742371e+09 1.872496654519371306e+00 -5.604006386170521381e+00
6.956999998186014175e+09 2.133921499648080200e+00 -5.726564156456534604e+00
6.956999997920621872e+09 2.181071908034178719e+00 -5.835092876454987199e+00
6.956999998031695366e+09 1.923105794312312655e+00 -5.909595306825807803e+00
6.956999998196105003e+09 2.162688242880221434e+00 -5.907522359891817842e+00
6.956999998085077286e+09 2.118291160590857203e+00 -5.642689853889488738e+00
6.956999998127542496e+09 2.089989336707088530e+00 -5.928749687141591451e+00
6.956999998270390511e+09 2.251231504597152266e+00 -5.733737096627316454e+00
6.956999998013353348e+09 2.139256705338431708e+00 -5.657396973799222017e+00
6.956999997901543617e+09 2.393242056208819690e+00 -5.571230966428944775e+00
6.956999998028838158e+09 2.132080218685188377e+00 -5.576236637087220060e+00
6.956999997782982826e+09 2.108681524831858223e+00 -5.423128945060582851e+00
6.956999998038299561e+09 2.078474406348555625e+00 -5.558537691948537862e+00
6.956999998066318512e+09 2.079149356061489762e+00 -5.847759021118392297e+00
6.956999998216186523e+09 2.018722213518699959e+00 -5.606258485371307110e+00
6.956999998150181770e+09 2.104580066182277776e+00 -5.875899447195339853e+00
6.956999998205817223e+09 1.978505622809193953e+00 -6.131720475795813030e+00
6.956999998375970840e+09 2.028714682667638325e+00 -6.361853634249258427e+00
6.956999998312815666e+09 2.071612349448869406e+00 -6.081486639196009847e+00
6.956999998511446953e+09 1.949514751515012190e+00 -6.254900038776944449e+00
6.956999998503814697e+09 1.991602315528546940e+00 -5.967489396383260036e+00
6.956999998316912651e+09 2.213254589264334271e+00 -5.986782496988734437e+00
6.956999998345418930e+09 1.996588427171594571e+00 -6.178296621773445629e+00
6.956999998612978935e+09 1.921657014827488963e+00 -6.263335584431118264e+00
6.956999998561390877e+09 1.867524361350584972e+00 -5.982545891473274757e+00
6.956999998741670609e+09 2.088319788825658829e+00 -6.038966190384851274e+00
6.956999998917098999e+09 2.263764652166821989e+00 -5.887710266474788234e+00
6.956999998908351898e+09 2.507615038606139546e+00 -5.729928854948976635e+00
6.956999998977069855e+09 2.478423193138009850e+00 -6.010749370758116328e+00
6.956999999120465279e+09 2.517557314527647971e+00 -5.761068217018783244e+00
6.956999999332391739e+09 2.613126023413246735e+00 -5.935391156449752792e+00
6.956999999524347305e+09 2.408486892289630088e+00 -5.859824910987349256e+00
6.956999999517764091e+09 2.402546743167478294e+00 -6.150265734540576013e+00
6.956999999724592209e+09 2.560232636587429056e+00 -6.279848281934425458e+00
6.956999999711510658e+09 2.585907082429252934e+00 -6.568992189843990026e+00
6.956999999708310127e+09 2.584334042193803693e+00 -6.278437923298095136e+00
6.956999999642571449e+09 2.525851299665486049e+00 -6.555372355212337077e+00
6.956999999741333008e+09 2.520243470889314885e+00 -6.828592294117247441e+00
6.956999999866044044e+09 2.735875693913602635e+00 -6.978206474777978841e+00
6.957000000084458351e+09 2.626486367430117319e+00 -7.135571324079590383e+00
6.957000000103730202e+09 2.430016797592298605e+00 -6.922351204767307919e+00
