4.869900000000000000e+10 0.000000000000000000e+00 0.000000000000000000e+00
4.869899999969190979e+10 4.724510479310845557e-01 5.484036747320372544e-03
4.869899999931444550e+10 4.190222061257840025e-01 4.212086641061826287e-01
4.869899999937407684e+10 9.795570451989079608e-01 4.413703188344451633e-01
4.869899999922175598e+10 7.136962966175743883e-01 9.149504945864622707e-01
4.869899999938248444e+10 6.417739817993397544e-01 1.450818617403017985e+00
4.869899999984181213e+10 3.144761236595768894e-01 1.443135487748660184e+00
4.869899999965633392e+10 1.466398517152654457e-01 9.375764283571569324e-01
4.869899999961567688e+10 -8.516604317409418035e-02 1.450192130612832475e+00
4.869900000013816833e+10 -3.423119234562637531e-02 1.243860431875161821e+00
