6.957000000000000000e+09 0.000000000000000000e+00 0.000000000000000000e+00
6.957000000068653107e+09 -1.179210238051294768e-01 -2.565461597227180479e-01
6.957000000041993141e+09 1.424453794138898499e-01 -1.303198789812996528e-01
6.956999999797638893e+09 2.793236092477087706e-01 -2.077153801974609415e-01
6.956999999723258972e+09 5.599828872351773068e-01 -2.192252557502188393e-01
6.956999999981745720e+09 5.380020895882887677e-01 -3.501290734790919457e-01
6.956999999833528519e+09 3.191295878266331432e-01 -4.707984467185523103e-01
6.956999999637559891e+09 4.517899419285263951e-01 -6.394163599479476545e-01
6.956999999834877014e+09 6.648389873022196861e-01 -6.499286724310210372e-01
6.956999999712162018e+09 5.817983972365606826e-01 -8.998883296033719503e-01
6.956999999819947243e+09 3.155280560537492285e-01 -9.436709651221917294e-01
6.956999999764941216e+09 1.134859501401959125e-01 -1.145135278511929311e+00
6.956999999895696640e+09 3.401268960927900098e-01 -1.271513179454597520e+00
6.957000000039646149e+09 5.792230509364004742e-01 -1.190605226520147664e+00
6.957000000047970772e+09 5.880570904015779421e-01 -9.002827239155359873e-01
6.957000000189437866e+09 6.377047305391129184e-01 -6.513718606375540343e-01
