1.391400000000000000e+10 0.000000000000000000e+00 0.000000000000000000e+00
1.391399999981702042e+10 -1.934131105234045689e-01 -1.374914650527633841e-01
1.391399999957977867e+10 -7.835644740058587965e-02 -2.798728034019158373e-01
1.391399999953452110e+10 -2.068599158312690034e-01 -5.467675298595728872e-01
1.391399999933550835e+10 9.262479621974684107e-03 -4.877810074632024651e-01
1.391399999931638336e+10 -2.046440133412208776e-02 -7.853455211957831583e-01
1.391399999939240837e+10 6.816003205989726310e-02 -5.093746949696527082e-01
1.391399999948235703e+10 4.949183398444523263e-03 -2.306134730879163541e-01
1.391399999955651283e+10 -1.939548842241111196e-02 5.870015384346083387e-02
1.391399999956237411e+10 7.196630517980655284e-02 -2.266290688538146747e-01
1.391399999944955635e+10 1.116622490538958928e-01 4.812608576167481944e-02
1.391399999944744492e+10 1.101561840239224377e-01 3.477715086101424991e-01
1.391399999939169502e+10 3.434328112581109815e-01 5.274046992160397185e-01
1.391399999910814476e+10 2.696888520264001943e-01 5.902950222412612913e-01
1.391399999938587761e+10 1.639607709689951676e-01 5.518167873722779060e-01
1.391399999936747551e+10 1.971962699185726697e-01 8.490554735373438966e-01
1.391399999916668510e+10 3.230304106812841858e-01 1.032476376747754276e+00
1.391399999896183968e+10 2.720915967385816314e-01 1.245167887759071279e+00
1.391399999901644516e+10 3.641480984611741301e-01 1.525057129930137423e+00
1.391399999923222923e+10 5.590000339386639316e-01 1.452503155586024608e+00
1.391399999894553185e+10 4.719101755521784014e-01 1.456290264746506802e+00
1.391399999877715874e+10 7.196888337070688202e-01 1.449200737667621697e+00
1.391399999878395462e+10 7.039281705202683481e-01 1.748365436206164469e+00
1.391399999878117180e+10 7.073429368328248978e-01 1.448741170957964730e+00
1.391399999892011452e+10 9.328137661085714738e-01 1.308555847925129800e+00
1.391399999892811203e+10 6.611060158647262819e-01 1.434671008154355221e+00
1.391399999918492126e+10 7.355802780297900911e-01 1.299404496111036922e+00
1.391399999916331863e+10 8.708678207496909351e-01 1.565909123867510022e+00
1.391399999936419106e+10 9.393424991667260748e-01 1.777465146794386275e+00
1.391399999928961563e+10 7.252612301070487932e-01 1.973428961107594137e+00
1.391399999941506958e+10 9.074097392101420079e-01 1.771247341234958084e+00
1.391399999941402626e+10 1.106103715101985463e+00 1.546940141099970578e+00
1.391399999957222176e+10 8.588253439221926744e-01 1.607121016095531818e+00
1.391399999979389381e+10 6.988846867978150135e-01 1.484342152691088268e+00
1.391399999995597267e+10 6.759391290809664277e-01 1.735336259396031755e+00
1.391400000005513763e+10 7.618306057759999250e-01 1.465923624532849301e+00
1.391400000025210190e+10 6.519655891431443973e-01 1.663227057714185664e+00
