4.869900000000000000e+10 0.000000000000000000e+00 0.000000000000000000e+00
4.869899999966266632e+10 -1.569649138536141075e-01 4.239432658529203035e-01
4.869899999969308472e+10 -1.809659421183716643e-01 9.866689862183294357e-01
4.869899999984687042e+10 -4.440035232104064811e-01 1.461349502865570527e+00
4.869899999988915253e+10 -4.863396108804699525e-01 9.004739374106298655e-01
4.869899999973738098e+10 1.934748402900254849e-02 1.098987676980330619e+00
4.869899999934056854e+10 -2.515175513791877981e-01 8.034678871782425791e-01
4.869899999926501465e+10 2.313282075868707266e-01 1.085094146476359711e+00
4.869899999964862823e+10 5.933551668874272877e-01 8.852539779491526151e-01
4.869899999935909271e+10 1.164040386021534812e-01 8.024923336992434431e-01
4.869899999940109253e+10 3.555609413301410449e-01 1.311610765412012380e+00
4.869899999940895844e+10 -1.388687345664193495e-01 1.582975845710938856e+00
4.869899999934497833e+10 -3.342856639592862722e-01 2.108219347738714333e+00
4.869899999949483490e+10 -4.724715117660679420e-01 2.634155450997990311e+00
4.869899999907700348e+10 -1.526767890722725007e-01 2.430910456532298980e+00
4.869899999916740417e+10 -1.795668491731171601e-01 2.987027590133503274e+00
4.869899999914620209e+10 6.784931546848058104e-02 3.493483059517745293e+00
4.869899999895806122e+10 5.953684530518336127e-01 3.560473795659064411e+00
4.869899999863282776e+10 2.482179325474251907e-01 3.257371324043571548e+00
4.869899999883805084e+10 -1.129774636403957366e-02 2.800537001944463977e+00
4.869899999879375458e+10 -1.810069742075708643e-01 3.336632598511215075e+00
4.869899999933905029e+10 -2.977717300947932411e-01 3.421375107907217661e+00
4.869899999944346619e+10 1.304448569526881485e-01 3.773353520574327380e+00
4.869899999920597839e+10 -3.070296142205214407e-01 3.508066270977921342e+00
4.869899999958818817e+10 -7.041591294128972667e-01 3.388215486985806102e+00
4.869899999919028473e+10 -9.091757804086461059e-01 3.731442888151343951e+00
4.869899999918276215e+10 -1.184490502548140256e+00 3.239196212830282917e+00
4.869899999897267151e+10 -8.517108476746959589e-01 2.835113809043522171e+00
4.869899999892066956e+10 -8.260843660438648151e-01 2.274042992602016255e+00
4.869899999944893646e+10 -1.019796001512132344e+00 2.234449910696902908e+00
4.869899999980188751e+10 -6.819023282900443794e-01 1.952645433918543061e+00
4.869899999981037903e+10 -6.975818167344707277e-01 1.388869249325533684e+00
4.869899999979015350e+10 -8.698890783383101954e-01 1.925584069732610537e+00
4.869899999927077484e+10 -6.660226053779765287e-01 2.008326446714787661e+00
4.869899999915724182e+10 -9.840406311690141905e-01 2.460140512990561579e+00
4.869899999915099335e+10 -9.679347321259060832e-01 1.896347028734377105e+00
4.869899999910205078e+10 -1.019489934041228230e+00 1.336786586758704765e+00
4.869899999881774139e+10 -1.030628588193376105e+00 1.823826285922589996e+00
4.869899999883264160e+10 -1.594426694480289175e+00 1.832262557864961172e+00
4.869899999884296417e+10 -1.756414502337612094e+00 1.292063616290291206e+00
4.869899999871522522e+10 -1.273409332049890041e+00 1.030244235000226993e+00
4.869899999834492493e+10 -1.081127084817488981e+00 1.409808428581721840e+00
4.869899999890874481e+10 -1.064807860118845095e+00 1.411710567841990560e+00
4.869899999836826324e+10 -9.042530722369650498e-01 1.427871727362173937e+00
4.869899999812570190e+10 -6.146873832194117426e-01 1.008973466268683117e+00
4.869899999823955536e+10 -6.559697760142142453e-01 1.559877628174299868e+00
4.869899999821519470e+10 -7.219585489820488089e-01 1.000222708843537145e+00
4.869899999822814178e+10 -9.419206817231340345e-01 4.809824013540577869e-01
4.869899999861389923e+10 -1.032490559794299934e+00 8.824149504271069366e-01
4.869899999837057495e+10 -5.963273094560366250e-01 1.144556211213180852e+00
4.869899999877297211e+10 -6.748882537001171800e-01 1.531936452711208929e+00
4.869899999843805695e+10 -8.692408450608433146e-01 1.121791173152346222e+00
4.869899999825775909e+10 -3.393223010835795250e-01 1.191375186273025966e+00
4.869899999830208588e+10 -7.962841544704934993e-01 1.519067887930765082e+00
4.869899999850108337e+10 -4.544338847461628084e-01 1.921185455045189228e+00
4.869899999873310089e+10 -4.072950216444617966e-01 2.433149554927891423e+00
4.869899999890957642e+10 -1.230091067275618233e-02 2.795085551276221381e+00
4.869899999844484711e+10 -1.564555411241339705e-02 3.114731545933707046e+00
4.869899999883482361e+10 2.418576014849997124e-01 3.430602924106209262e+00
4.869899999894936371e+10 2.164290492036557989e-02 2.924098070029124585e+00
4.869899999847109222e+10 -2.598633063078725769e-01 3.024970020611554400e+00
4.869899999846918488e+10 -2.621426611309501387e-01 3.589020316848094083e+00
4.869899999846096039e+10 -5.435527042104029705e-02 4.113346806611814621e+00
4.869899999901319885e+10 -1.534405176694936257e-01 4.055233384376302652e+00
4.869899999904341888e+10 -7.166086253338086465e-01 4.064714077630144473e+00
4.869899999930422974e+10 -1.028463803832806667e+00 3.673709319015249886e+00
4.869899999917404175e+10 -1.016510284938817010e+00 4.222407719070643495e+00
4.869899999897378540e+10 -5.409427145032758011e-01 4.450209539638087186e+00
4.869899999873590088e+10 -1.034287144161794014e+00 4.315355734557126510e+00
4.869899999864196014e+10 -1.211020438912377095e+00 4.842710201613622090e+00
4.869899999910425568e+10 -1.104813395187590919e+00 5.147936919868099537e+00
4.869899999922051239e+10 -1.140677154962856266e+00 4.597155798788148395e+00
4.869899999939980316e+10 -7.382506128175476690e-01 4.244921015651257790e+00
4.869899999995301056e+10 -6.904695462197071310e-01 4.344129036257746712e+00
4.869900000041693115e+10 -1.007317386406053394e+00 4.394622523024952265e+00
