3.478500000000000000e+10 0.000000000000000000e+00 0.000000000000000000e+00
3.478500000001197815e+10 3.815456806143505131e-01 3.739038591559813024e-02
3.478499999970811462e+10 5.612570119897266618e-01 -1.125702941580525307e-01
3.478499999973180389e+10 9.349299258452941075e-01 -1.957919135908972041e-01
3.478499999965205383e+10 8.878538904736150705e-01 -5.680042987366242802e-01
3.478499999948173523e+10 9.408722134664829762e-01 -9.075613962279787117e-01
3.478499999911351776e+10 1.015548163899957945e+00 -9.847416380575739758e-01
3.478499999887831116e+10 8.801256547297526822e-01 -7.137106163728591524e-01
3.478499999862803650e+10 8.055005538346040606e-01 -9.946206754602184841e-01
3.478499999869308472e+10 6.973856243490048623e-01 -6.324072931671771425e-01
3.478499999853588867e+10 5.699447763872391715e-01 -9.582414909662710922e-01
3.478499999818051910e+10 5.087415558128631776e-01 -8.275344588064825757e-01
3.478499999846854401e+10 3.601152280066219902e-01 -1.032646349100583727e+00
3.478499999845596313e+10 3.591899099249461491e-01 -1.415999213009717650e+00
3.478499999827533722e+10 6.825626399927052779e-01 -1.515615078606940669e+00
3.478499999808396912e+10 1.005701926816351843e+00 -1.593568318514080095e+00
3.478499999816767883e+10 6.356485867158352399e-01 -1.649885997953923544e+00
3.478499999798482513e+10 7.493280359436487181e-01 -1.967315032786644213e+00
3.478499999793273163e+10 3.708885897867065240e-01 -2.001782646717009673e+00
3.478499999788584900e+10 3.522529766925764361e-01 -1.621554675921523359e+00
3.478499999767713928e+10 1.571513807791881934e-01 -1.365637895176620598e+00
3.478499999783393097e+10 3.971047749431211304e-01 -1.620504540029139351e+00
3.478499999777288055e+10 5.105078053086052892e-01 -1.259213414833563638e+00
3.478499999781578827e+10 5.967285959529043948e-01 -8.879404770036596339e-01
3.478499999756527710e+10 3.065566273952419207e-01 -8.751020749002630383e-01
3.478499999744635773e+10 5.968119041760975296e-01 -1.095849474491255027e+00
3.478499999743542480e+10 5.401145309295970476e-01 -7.166602967502978538e-01
3.478499999773978424e+10 7.710350477197940311e-01 -7.507393055227623568e-01
3.478499999758823395e+10 6.030664112245354147e-01 -4.410025747612157931e-01
3.478499999770999146e+10 3.564154906099241682e-01 -1.736885188301702798e-01
3.478499999764556885e+10 -2.002784204679364244e-03 -5.325544084728914274e-02
3.478499999789066315e+10 1.998552779802343637e-01 -2.684349803759900621e-01
3.478499999753796387e+10 3.412598464660585029e-01 -2.162065674940977511e-01
3.478499999781433868e+10 4.988550803243113618e-01 -4.304506777608242407e-01
3.478499999784629059e+10 3.991838869306593152e-01 -6.144765848595412638e-02
3.478499999751576996e+10 5.670970646823048078e-01 3.693261128320374231e-02
3.478499999731320190e+10 4.366700542290657960e-01 3.353863263282434448e-01
3.478499999752443695e+10 5.540044362172084069e-01 6.332647995140494590e-01
3.478499999740599060e+10 8.179280898735294958e-01 3.814043263543743789e-01
3.478499999747019958e+10 8.910799536411544430e-01 1.039891331826103826e-02
3.478499999740396118e+10 7.099552582835059189e-01 3.419483301228095073e-01
3.478499999734481049e+10 7.127850843879184328e-01 7.209096873408238348e-01
3.478499999761031342e+10 4.695822007148525712e-01 5.887019410942739839e-01
3.478499999772814941e+10 8.330415536566107004e-01 5.550658472329501603e-01
3.478499999790557098e+10 9.664933087472380446e-01 2.422872847295360343e-01
3.478499999823415375e+10 9.724342044891821635e-01 4.400621765007876052e-01
3.478499999818372345e+10 6.046146158766156908e-01 5.364178846367265718e-01
3.478499999813956451e+10 4.642298607407291389e-01 8.906221198686523621e-01
3.478499999812026215e+10 8.279818649351217141e-02 8.551844413690035118e-01
3.478499999840841675e+10 -1.330674573974696129e-01 7.229482078228786079e-01
3.478499999839794922e+10 -1.498514165124175956e-01 1.105998170875194697e+00
3.478499999866059875e+10 -3.937269589139274495e-01 9.693990906029317234e-01
3.478499999863652802e+10 -7.523029219202352902e-01 1.103422439947196132e+00
3.478499999872532654e+10 -1.003725484556273750e+00 1.379140296446752290e+00
3.478499999879694366e+10 -6.320080447874205642e-01 1.440915010540295915e+00
3.478499999887339020e+10 -1.007366839686780979e+00 1.421424981306829149e+00
3.478499999895191956e+10 -6.338068786741910543e-01 1.383952146713509856e+00
3.478499999917469788e+10 -9.428844512524422461e-01 1.339703419368774684e+00
3.478499999890866852e+10 -9.288313864838675382e-01 1.063753578608987782e+00
3.478499999875845337e+10 -9.930690906427284137e-01 1.410779360230337121e+00
3.478499999877420044e+10 -7.724232777453429177e-01 1.097432954809055339e+00
3.478499999885145569e+10 -8.683061717534439339e-01 7.341744580295983535e-01
3.478499999881015778e+10 -8.875230985159044961e-01 1.115020287251303754e+00
3.478499999883664703e+10 -9.839935793393344010e-01 7.447360085658438766e-01
3.478499999892843628e+10 -8.211794172067299336e-01 4.097969442950575303e-01
3.478499999885047150e+10 -8.532685145194152110e-01 3.561769687832477826e-02
3.478499999855689240e+10 -6.133681910530157655e-01 9.372409216937850618e-02
3.478499999854746246e+10 -6.172081257869156401e-01 -2.897010868128271910e-01
3.478499999857302856e+10 -9.000284145842357697e-01 -3.186873171201137778e-02
3.478499999843448639e+10 -1.169832099405274661e+00 -2.666662661548885316e-01
3.478499999836876678e+10 -1.305431409113912755e+00 -6.193877960267728522e-01
3.478499999838240051e+10 -1.174647694718845559e+00 -9.797047995592698122e-01
3.478499999822216797e+10 -1.481157712298640128e+00 -1.145523387455320785e+00
3.478499999836701202e+10 -1.186429156071814539e+00 -1.343701657953505046e+00
3.478499999833758545e+10 -1.229825150308614168e+00 -1.723661409641479736e+00
3.478499999806634521e+10 -1.140630962318531783e+00 -1.979773682395795653e+00
3.478499999795494843e+10 -1.207998293430961878e+00 -1.618982527991009057e+00
3.478499999772737885e+10 -1.246994510974351433e+00 -1.312698881020259556e+00
3.478499999751713562e+10 -1.392854945012176326e+00 -1.598425447465494420e+00
3.478499999729055786e+10 -1.648493636474489765e+00 -1.772862926949341222e+00
3.478499999740474701e+10 -2.013302366378900921e+00 -1.804400363481775571e+00
3.478499999742012024e+10 -2.363729730104176863e+00 -1.959586932972127826e+00
3.478499999769075775e+10 -2.152266047292158646e+00 -1.788830625939372032e+00
3.478499999754177094e+10 -1.828240605643753680e+00 -1.930004497740171576e+00
3.478499999734239197e+10 -1.793957223278406676e+00 -2.255874843493458570e+00
3.478499999712322998e+10 -1.485842471184839253e+00 -2.191452077531816478e+00
3.478499999716280365e+10 -1.793234308287672274e+00 -1.965480852367139430e+00
3.478499999716161346e+10 -1.996303591186627813e+00 -1.640088787361836387e+00
3.478499999711454010e+10 -1.735751341533443792e+00 -1.362572751823024397e+00
3.478499999711473083e+10 -1.737080408898430406e+00 -9.790147551781106516e-01
3.478499999686833954e+10 -1.637092884315561214e+00 -7.025874767045121594e-01
3.478499999690432739e+10 -1.974571694140520917e+00 -5.238937926509672494e-01
3.478499999679226685e+10 -1.620602443225051648e+00 -6.201599098697937462e-01
3.478499999709166718e+10 -1.799306839064146013e+00 -7.799854625033475486e-01
3.478499999738520050e+10 -2.019290544723531866e+00 -8.920747508215396415e-01
3.478499999774916077e+10 -2.021531247910930418e+00 -1.013093333873071655e+00
3.478499999782353210e+10 -2.134010330435161862e+00 -6.540169868199894321e-01
3.478499999810428619e+10 -2.264204604721038017e+00 -4.274198405699990988e-01
3.478499999778010559e+10 -2.119540462020673477e+00 -2.821736482797136958e-01
3.478499999815303802e+10 -2.192115752824001174e+00 -3.348504881607112793e-01
3.478499999843140411e+10 -2.358981345062886703e+00 -1.304284320270094333e-01
3.478499999846097565e+10 -2.376996524490426310e+00 2.515659438271544701e-01
3.478499999850939941e+10 -2.141840900505000533e+00 5.506905553724479319e-01
3.478499999823818970e+10 -2.412298660726201582e+00 5.302715617757018940e-01
3.478499999823555756e+10 -2.607703431690089779e+00 2.002282302132791236e-01
3.478499999805758667e+10 -2.444133444458945537e+00 -9.757807228841647307e-02
3.478499999836237335e+10 -2.600127353496135552e+00 7.530190494798225109e-02
3.478499999852825928e+10 -2.894038097412182875e+00 2.575563259260140736e-01
3.478499999834014130e+10 -3.202647332332879238e+00 1.291433102974027525e-01
3.478499999796946716e+10 -3.222389463445407998e+00 3.255308401512550798e-02
3.478499999827871704e+10 -3.441404682897521106e+00 -2.674763718373222160e-02
3.478499999827142334e+10 -3.417115501182670823e+00 -4.094685917437551059e-01
3.478499999864200592e+10 -3.364085433797123326e+00 -4.929850176544505191e-01
3.478499999879412842e+10 -3.630654665649770241e+00 -7.230228579331027250e-01
3.478499999898976135e+10 -3.857019407849837656e+00 -9.630350670737716223e-01
3.478499999884863281e+10 -4.030345721976614115e+00 -6.513300979801458501e-01
3.478499999886338806e+10 -3.733677320476979755e+00 -8.939997762040234885e-01
3.478499999885400391e+10 -3.610971689501185189e+00 -1.257281674266761184e+00
3.478499999888238525e+10 -3.808093910145044614e+00 -1.585086090707073403e+00
3.478499999925489044e+10 -3.894927098003851285e+00 -1.613662407562590717e+00
3.478499999912023163e+10 -3.980506480999186802e+00 -1.962462469230598305e+00
3.478499999911251068e+10 -3.985741848261339371e+00 -1.579015647404650391e+00
3.478499999940100098e+10 -3.973306027681466457e+00 -1.326551984129654471e+00
3.478499999938291168e+10 -4.287360094563189783e+00 -1.546008686950911759e+00
3.478499999960237122e+10 -4.112400663335142426e+00 -1.807440798623160649e+00
3.478499999955081177e+10 -4.227969152492131677e+00 -2.169523986353435241e+00
3.478499999964752197e+10 -4.318388056814288944e+00 -1.809538077192166750e+00
3.478499999960144806e+10 -4.655182622334977260e+00 -1.987204397812481815e+00
3.478499999943894958e+10 -4.474877506581627529e+00 -2.284194640471765680e+00
3.478499999942913055e+10 -4.634314152354106930e+00 -1.935479714151623121e+00
3.478499999977476501e+10 -4.689400690866844634e+00 -2.092388871795449301e+00
3.478499999945475769e+10 -4.852090249682965428e+00 -2.227470952357328393e+00
3.478499999968754578e+10 -4.933386707947460259e+00 -1.933672662909507789e+00
3.478499999980078125e+10 -5.106722762977122798e+00 -1.610794165516824972e+00
3.478499999979014587e+10 -4.954389226832218718e+00 -1.258941964046543793e+00
3.478499999956973267e+10 -4.990963548712290532e+00 -1.570709368852246657e+00
3.478499999980538940e+10 -4.887718273376398415e+00 -1.286238344634183850e+00
3.478500000009143066e+10 -5.135348479028541746e+00 -1.349313419295756988e+00
3.478500000016010284e+10 -4.959443468245445352e+00 -1.683170538407689820e+00
