6.957000000000000000e+09 0.000000000000000000e+00 0.000000000000000000e+00
6.956999999831516266e+09 -2.445019467128253104e-02 -2.354783579108169767e-01
6.956999999826742172e+09 1.231740438322136838e-02 -5.236794140517253560e-01
6.956999999907951355e+09 -2.113781157248167952e-02 -2.466951218750951247e-01
6.956999999711787224e+09 -2.280587063212386745e-01 -3.027112827715215393e-01
6.956999999760514259e+09 -2.297595231421691864e-01 -5.891677414705034366e-01
6.956999999680438995e+09 -7.309228672604789478e-02 -3.579149654198174879e-01
6.956999999912311554e+09 -2.163587684468615269e-05 -5.170692176337901014e-01
6.956999999814640999e+09 3.794270504812122247e-02 -7.880926567540422756e-01
6.956999999663875580e+09 -2.586426910974050364e-02 -1.028161105198246883e+00
6.956999999423320770e+09 -1.437254781840230367e-03 -8.670057630281188255e-01
6.956999999309816360e+09 1.859778449411722823e-01 -6.761473727576856607e-01
6.956999999448749542e+09 3.123615379549153914e-01 -4.544287368284118944e-01
6.956999999675552368e+09 1.408243768900985793e-01 -5.141782456075344454e-01
6.956999999434477806e+09 3.028218670982254501e-01 -5.227992020753658986e-01
6.956999999602616310e+09 1.657311614569147995e-01 -7.161129714925748013e-01
6.956999999389270782e+09 2.627485126934318016e-01 -8.878852618919910178e-01
6.956999999646743774e+09 2.164251206834310881e-01 -7.614086010936833571e-01
6.956999999779594421e+09 -3.159371392961582425e-02 -6.888006074800492318e-01
6.956999999650389671e+09 -2.073534564537486691e-01 -4.968396176014765464e-01
6.956999999581723213e+09 -1.902825394298974238e-01 -2.150099774495378147e-01
6.956999999579561234e+09 -4.214246328330126246e-01 -3.893285112712488449e-02
6.956999999824046135e+09 -3.927148879768431189e-01 -1.933264538523961629e-01
6.956999999604057312e+09 -2.417855932101398708e-01 -3.084778952642586169e-01
6.956999999723865509e+09 -1.971392197785822586e-01 -5.694130817087208474e-01
6.956999999600509644e+09 -2.599151071605110830e-01 -8.249065271107061115e-01
6.956999999383522987e+09 -1.296791464979179520e-01 -6.821127967309259521e-01
6.956999999411174774e+09 -2.245053774531412527e-01 -4.088403069551322933e-01
6.956999999160758018e+09 -2.381246982664936562e-01 -2.620742097641580726e-01
6.956999999162844658e+09 -2.216027890808841549e-01 2.802434064516501344e-02
6.956999999173364639e+09 -4.420604456582903352e-01 -1.609789730111583772e-01
6.956999999341510773e+09 -6.243942264492148286e-01 -9.599923548548494612e-03
6.956999999249910355e+09 -8.916366494113632246e-01 5.841051651658103749e-02
6.956999999379499435e+09 -6.521380819365873993e-01 -4.298786970208091918e-02
6.956999999324553490e+09 -3.767160744170739428e-01 -1.175406397120608154e-01
6.956999999360804558e+09 -3.251613544099095088e-01 -4.011996542228948304e-01
6.956999999628447533e+09 -4.349638737604102356e-01 -4.284975719633625779e-01
6.956999999522875786e+09 -4.528178916101336382e-01 -6.986278792207937238e-01
6.956999999669868469e+09 -6.249342483787636571e-01 -8.808462583322149708e-01
6.956999999950358391e+09 -6.914348649375193778e-01 -8.442741047962638579e-01
6.957000000148239136e+09 -8.943165039806908467e-01 -7.801123539988907840e-01
