2.782800000000000000e+10 0.000000000000000000e+00 0.000000000000000000e+00
2.782800000005526733e+10 3.208373822081222460e-01 -1.062584134941257086e-01
2.782800000004873657e+10 3.131308642819886634e-01 -4.485740432546199141e-01
2.782800000000705338e+10 4.186326574312670967e-01 -7.717052608628098831e-01
2.782799999989288712e+10 4.040027455887336139e-01 -1.094247968794998860e+00
2.782799999956582642e+10 3.918638193862210017e-01 -9.934196066422904536e-01
2.782799999984184265e+10 2.755922279651051854e-01 -1.159486790880554841e+00
2.782799999982474136e+10 2.639707192637983924e-01 -1.501326763522192298e+00
2.782799999977320862e+10 3.116629266665786879e-01 -1.166137299199430544e+00
2.782799999973665237e+10 2.004391997267808145e-01 -1.487967844097082271e+00
2.782799999963255310e+10 5.892554261889673684e-02 -1.781939161564101148e+00
2.782799999966768646e+10 4.150927256556160433e-02 -1.441726867467843398e+00
2.782799999967538452e+10 4.546694711593066845e-02 -1.784082145033694111e+00
2.782799999982783127e+10 -2.143496467405555939e-01 -1.946983888671887097e+00
2.782799999967658234e+10 -8.963828071653023866e-03 -1.718460609832204389e+00
2.782799999958854294e+10 -2.315352939923231157e-01 -1.473526152656696731e+00
2.782799999966192627e+10 -5.434439734323814886e-01 -1.352655530974923748e+00
2.782799999956248093e+10 -2.304610549022851895e-01 -1.449787956464132499e+00
2.782799999965774918e+10 -2.623559638770062152e-01 -1.777184682069333777e+00
2.782799999947232819e+10 -5.206296084997664719e-01 -1.904449836002754193e+00
2.782799999967959213e+10 -5.162531077717403827e-01 -1.631861138362726615e+00
2.782800000002039337e+10 -5.483061324085579669e-01 -1.621379836907367533e+00
2.782799999990813828e+10 -6.846381601787440152e-01 -1.327960941370704084e+00
2.782799999978245926e+10 -8.933459480136731745e-01 -1.087279547857296524e+00
2.782799999966376495e+10 -1.155578306543888711e+00 -9.017313105395089456e-01
2.782799999966825867e+10 -1.335532450021626127e+00 -6.103924018765458648e-01
2.782799999942349243e+10 -1.356952929630264038e+00 -8.489577765925632180e-01
2.782799999924885178e+10 -1.288409937394784599e+00 -1.135462203427849648e+00
2.782799999900479507e+10 -1.522525526870599277e+00 -1.081532807231063043e+00
2.782799999907510376e+10 -1.209781081767630884e+00 -9.609947843586503780e-01
2.782799999908146667e+10 -1.146501214537768210e+00 -1.297502208535268320e+00
2.782799999882897568e+10 -1.191144635588863521e+00 -1.524521098115964479e+00
2.782799999882474899e+10 -1.191446697947088351e+00 -1.866959541869119832e+00
2.782799999879436493e+10 -1.201842958179647480e+00 -1.526003848106471494e+00
2.782799999873714828e+10 -1.504269104944347735e+00 -1.375847838424214098e+00
2.782799999904842377e+10 -1.455644370095962925e+00 -1.241593586992951304e+00
2.782799999936203003e+10 -1.421555647464065597e+00 -1.374906235189396142e+00
2.782799999934631729e+10 -1.583293147394847944e+00 -1.676363036581898669e+00
2.782799999945683670e+10 -1.599362813872444944e+00 -2.000105088912096818e+00
2.782799999912118912e+10 -1.562038056084336324e+00 -1.943284426845123036e+00
2.782799999898553085e+10 -1.247651230930462596e+00 -1.936960267971862049e+00
2.782799999875103378e+10 -1.002926307964561836e+00 -1.887938714589646461e+00
2.782799999856991196e+10 -1.081763641042974511e+00 -2.167691762380024034e+00
2.782799999835135269e+10 -1.329926777913115199e+00 -2.078646702051338391e+00
2.782799999833415604e+10 -1.333530725646450144e+00 -2.420660451462459228e+00
2.782799999832981491e+10 -1.091678543501678922e+00 -2.663087238433498261e+00
2.782799999848258591e+10 -7.948358688012373552e-01 -2.586749349958634703e+00
2.782799999832001877e+10 -7.126876914321912393e-01 -2.876758744186745709e+00
2.782799999819135284e+10 -8.284794909671950869e-01 -2.581260177825065227e+00
2.782799999794631958e+10 -1.063503161315605849e+00 -2.536494097492482780e+00
2.782799999796535492e+10 -1.315813131975741124e+00 -2.305714087678099933e+00
2.782799999775928116e+10 -1.350054185026933196e+00 -2.577087873590519163e+00
2.782799999755399323e+10 -1.232106621780817202e+00 -2.329645668186341556e+00
2.782799999763008499e+10 -9.019257393683688395e-01 -2.379369115959275138e+00
2.782799999789306641e+10 -7.578542230184520667e-01 -2.544797457248519024e+00
2.782799999781775284e+10 -4.357585207196448818e-01 -2.456117565247806223e+00
2.782799999778672028e+10 -5.221884548562777395e-01 -2.786040243065130984e+00
2.782799999807283020e+10 -3.750953339299547551e-01 -2.668624990080426862e+00
2.782799999802618790e+10 -6.340847972339771488e-01 -2.887784787712306400e+00
2.782799999794871521e+10 -3.981948738232428120e-01 -2.651911520640500619e+00
2.782799999817400742e+10 -2.014329379131734599e-01 -2.485149006850576381e+00
2.782799999814428711e+10 -2.167098283407515869e-01 -2.825979361805567081e+00
2.782799999812404633e+10 -1.982317542516130460e-01 -2.484612988398940736e+00
2.782799999791275024e+10 -4.627557757789577675e-01 -2.433005710022163814e+00
2.782799999797250748e+10 -3.214633857152784380e-01 -2.739187972421099015e+00
2.782799999808428192e+10 -5.279092317401634649e-01 -2.988523976271331595e+00
2.782799999831431198e+10 -2.797583250662399879e-01 -2.935703457567478303e+00
2.782799999824605179e+10 -2.526906259101996399e-01 -2.601203627505265459e+00
2.782799999829997253e+10 -2.505130677711264742e-02 -2.351093513760020848e+00
2.782799999858662033e+10 -2.116673005875684965e-01 -2.368105287043054119e+00
2.782799999878823090e+10 -4.210131597692442496e-01 -2.549240687430867069e+00
2.782799999866837311e+10 -5.397356117533878006e-01 -2.847269056639226914e+00
2.782799999863740921e+10 -4.868959948360052636e-01 -3.184213170418025651e+00
2.782799999874929810e+10 -7.729282845667690971e-01 -3.032725775866255358e+00
2.782799999865090179e+10 -6.529100825759052151e-01 -3.338005818368769084e+00
2.782799999845790100e+10 -3.941660822234631656e-01 -3.223622022041414681e+00
2.782799999847583008e+10 -3.897383037140714768e-01 -2.881655751423355394e+00
2.782799999859381866e+10 -3.239656355804979571e-01 -3.196353869033992989e+00
2.782799999858429718e+10 -3.018719943834906050e-01 -2.854735285229825781e+00
2.782799999872936630e+10 -5.471036849641275346e-01 -2.664738939938021023e+00
2.782799999852949905e+10 -4.205816736148265678e-01 -2.417094747945407018e+00
2.782799999867218781e+10 -5.159148030043745337e-01 -2.120726813355181761e+00
2.782799999879100418e+10 -7.195258767777068520e-01 -1.872316993773389671e+00
2.782799999872959137e+10 -7.129617024267849157e-01 -2.209166191073579810e+00
2.782799999844361115e+10 -7.769660293391492667e-01 -2.031960670629282095e+00
2.782799999817469788e+10 -8.613006374310321345e-01 -1.837395168123487688e+00
2.782799999850993347e+10 -8.640783991748247628e-01 -1.907340461306617385e+00
2.782799999879681778e+10 -9.123558852740895064e-01 -2.088031156330050653e+00
2.782799999872200012e+10 -7.213936831126303018e-01 -1.813772095262016437e+00
2.782799999857343292e+10 -6.948079935128861351e-01 -1.506358266732284124e+00
2.782799999832843018e+10 -9.187029587252465435e-01 -1.421937546829683319e+00
2.782799999822583771e+10 -1.045180552523806483e+00 -1.723201981255320980e+00
2.782799999841290283e+10 -8.679339641802521488e-01 -1.497652929448534342e+00
2.782799999845812607e+10 -5.436850596886521059e-01 -1.598148891008234873e+00
2.782799999851699066e+10 -6.963955514764086363e-01 -1.898975250616159016e+00
2.782799999832013321e+10 -6.801411990417783882e-01 -1.619216219083612573e+00
2.782799999849400711e+10 -4.868798733408572499e-01 -1.842149763831140596e+00
2.782799999852298737e+10 -4.252774037856549838e-01 -1.506520001679967136e+00
2.782799999841113281e+10 -3.241690678984416873e-01 -1.814006638611432409e+00
2.782799999823225403e+10 -4.076625880609813235e-02 -1.743528230681640201e+00
2.782799999841275024e+10 2.034251452100749591e-01 -1.901873796342428813e+00
2.782799999813005447e+10 3.643381029355711176e-01 -2.008979661679054729e+00
2.782799999779236603e+10 4.079619114371383914e-01 -2.045652898288453869e+00
2.782799999779402924e+10 4.238120192965792454e-01 -1.703559255319579746e+00
2.782799999792287827e+10 6.670947419392765365e-01 -1.907259643543450789e+00
2.782799999764156342e+10 7.490215747553926606e-01 -1.729969573055804677e+00
2.782799999777898026e+10 4.376645733012063388e-01 -1.691815877415242753e+00
2.782799999779534149e+10 3.901315851647183530e-01 -1.353060892402771831e+00
2.782799999808527756e+10 3.535363520677852756e-01 -1.174513097916755511e+00
2.782799999811040878e+10 6.931280578699001715e-01 -1.210954698573113220e+00
2.782799999804885864e+10 8.118040132669372966e-01 -1.526247680941472007e+00
2.782799999788447189e+10 5.817046997307339096e-01 -1.719413015411680901e+00
2.782799999778631592e+10 7.167181048155887302e-01 -2.018442599849772368e+00
2.782799999779029465e+10 6.968903133537039940e-01 -2.360309665170559956e+00
2.782799999811024475e+10 7.742201619527707690e-01 -2.454828241077005480e+00
2.782799999829951096e+10 7.961349987435335507e-01 -2.170258135717775705e+00
2.782799999828994370e+10 7.891346409939340445e-01 -2.512517541361412476e+00
2.782799999849152756e+10 6.045068442816377008e-01 -2.306221875493556617e+00
2.782799999846665955e+10 7.232715799214938235e-01 -1.985974321200006720e+00
2.782799999845782089e+10 1.064178184984714948e+00 -1.954563719352575557e+00
2.782799999867179871e+10 1.129311648541654556e+00 -2.213897378933634918e+00
2.782799999859607697e+10 8.248229624402405591e-01 -2.076657527364423217e+00
2.782799999834992218e+10 1.062844151738659759e+00 -2.082642256046125517e+00
2.782799999833407211e+10 8.547365571161286146e-01 -2.354160335057425613e+00
2.782799999830709076e+10 7.013771037682317022e-01 -2.049144186965170533e+00
2.782799999850942230e+10 4.838663982108682982e-01 -2.219535694037703344e+00
2.782799999843833542e+10 5.520865439289853738e-01 -2.547521350639125437e+00
2.782799999840704346e+10 5.710287967153566679e-01 -2.888026777004828460e+00
2.782799999862686920e+10 3.307281298264197478e-01 -2.782126949846710495e+00
2.782799999841342545e+10 8.971238400399167423e-02 -2.898893898673854608e+00
2.782799999863634872e+10 1.232986065654897434e-01 -3.156691225195104700e+00
2.782799999881562805e+10 2.358601332341392631e-01 -2.887485863295038868e+00
2.782799999856918716e+10 -1.901795811022399807e-03 -2.891751142440716738e+00
2.782799999828561783e+10 -1.906603868556478176e-01 -2.856526959319871661e+00
2.782799999848269653e+10 8.502201008334611676e-02 -2.807122877639564695e+00
2.782799999845675278e+10 7.435831683955454463e-02 -3.148436824010560020e+00
2.782799999839099884e+10 -4.544586688258395180e-02 -3.462451804106733810e+00
2.782799999837899780e+10 5.915069246971728367e-02 -3.788331589813979772e+00
2.782799999861745071e+10 1.128399788496162875e-01 -3.548456820573799408e+00
2.782799999866454315e+10 9.400218635864740491e-02 -3.209768858100530586e+00
2.782799999851080322e+10 -1.782945193104723824e-01 -3.349415466057881652e+00
2.782799999845271683e+10 -1.824210169864823039e-01 -3.011937772181374484e+00
2.782799999862091064e+10 -4.266074069986885986e-03 -2.772659510997460774e+00
2.782799999850937271e+10 1.499636892490416595e-01 -2.487958235831605247e+00
2.782799999883459473e+10 1.115295974003527035e-01 -2.387778057549553079e+00
2.782799999865990829e+10 3.243347428794934872e-01 -2.184110942383651999e+00
2.782799999869258881e+10 4.777288753673142319e-02 -1.984793253715881445e+00
2.782799999878360748e+10 3.306339877562491231e-02 -1.654972983580545787e+00
2.782799999880608368e+10 5.037808281425230211e-02 -1.996260387264704228e+00
2.782799999871879959e+10 5.391008925051987005e-02 -1.665124082201690170e+00
2.782799999899725723e+10 1.088220183583313155e-01 -1.473477387687115447e+00
2.782799999922248840e+10 1.820658940870970299e-01 -1.720838520967023388e+00
2.782799999923333359e+10 2.857769751159781046e-01 -2.047041583283041533e+00
2.782799999900712204e+10 1.897953160994715893e-01 -1.808509246865765308e+00
2.782799999872723389e+10 2.772743102877947563e-01 -1.985407777657034023e+00
2.782799999863464355e+10 1.225202476718733891e-01 -2.276543402096529611e+00
2.782799999857344437e+10 1.862684091240212336e-01 -2.607410216586447671e+00
2.782799999838733292e+10 -2.926317599355607313e-02 -2.417170790422456417e+00
2.782799999831138229e+10 3.035490820745395668e-01 -2.444550324347445791e+00
2.782799999815420151e+10 1.747722563071609780e-01 -2.168882821227856805e+00
2.782799999813275528e+10 2.101744945497877881e-01 -1.828928754055500594e+00
2.782799999799295044e+10 4.448658801654779005e-01 -1.622394375163680014e+00
2.782799999824250793e+10 3.835945887077784611e-01 -1.848775679203793709e+00
2.782799999829436493e+10 4.189240411960695187e-01 -2.185442622331556617e+00
2.782799999824688339e+10 3.447311574373278509e-01 -2.516384994620598281e+00
2.782799999826770020e+10 4.188451433506643617e-01 -2.182684789550163096e+00
2.782799999849050903e+10 5.551744487736542943e-01 -1.961206847447826584e+00
2.782799999854857254e+10 6.828311415567899223e-01 -2.273640022299548757e+00
2.782799999833505630e+10 9.192620633627343052e-01 -2.147967843741442895e+00
2.782799999865606689e+10 1.007117525948129311e+00 -2.228689152300970644e+00
2.782799999896245193e+10 9.468000628129819018e-01 -2.088073929298197129e+00
2.782799999903343201e+10 1.033018499418025815e+00 -1.764329850926275700e+00
2.782799999875253677e+10 1.203977950356789339e+00 -1.859995802929421682e+00
2.782799999895878601e+10 1.132658473848858316e+00 -1.596070945516540940e+00
2.782799999893069839e+10 1.119078774501445439e+00 -1.255030395817270605e+00
2.782799999917613983e+10 1.151559619426103298e+00 -1.491642330981599596e+00
2.782799999918198395e+10 1.131069627994109261e+00 -1.833443507791800320e+00
2.782799999947114182e+10 1.233594127439003874e+00 -1.681263023398344547e+00
2.782799999922612762e+10 1.463079460723992087e+00 -1.613545561831920772e+00
2.782799999904911804e+10 1.355040022582844061e+00 -1.341006452530221438e+00
2.782799999932789230e+10 1.251542940126840087e+00 -1.510878104806723687e+00
2.782799999944197464e+10 1.468987904478769035e+00 -1.749592862089578427e+00
2.782799999946356583e+10 1.475461497077326101e+00 -2.091314822120240891e+00
2.782799999922658539e+10 1.696171594560986096e+00 -1.979916030932016513e+00
2.782799999909056854e+10 1.672364641841670885e+00 -1.666524292275471719e+00
2.782799999912306976e+10 1.682976120170010192e+00 -1.325770631810900824e+00
2.782799999908564758e+10 1.812138916864238558e+00 -1.010812444002873622e+00
2.782799999893093872e+10 1.715736172628756551e+00 -7.208921836955570761e-01
2.782799999864146042e+10 1.747467022930836444e+00 -9.011092592033291826e-01
2.782799999882566452e+10 1.882731571777740864e+00 -1.156168206237188079e+00
2.782799999884271240e+10 2.038427237940488190e+00 -1.460717506520304854e+00
2.782799999875997162e+10 2.057847240082666396e+00 -1.792468966650950790e+00
2.782799999868366241e+10 1.895961472298310024e+00 -2.084448378505557198e+00
2.782799999881787109e+10 1.791508596377168860e+00 -1.787194007530050088e+00
2.782799999901988602e+10 1.934944223862633983e+00 -1.550766498362345036e+00
2.782799999898779297e+10 1.900022928069010186e+00 -1.889931022004225136e+00
2.782799999927998352e+10 1.776391221130777964e+00 -2.018859276996781915e+00
2.782799999960274506e+10 1.712627759109388359e+00 -2.113950694347467962e+00
2.782799999987149811e+10 1.506090916552909498e+00 -2.162902809257759351e+00
2.782799999974420547e+10 1.548070632620734299e+00 -2.478048520938507693e+00
2.782799999964477539e+10 1.834576957907688266e+00 -2.318958190293763710e+00
2.782799999962638855e+10 1.937092411753154497e+00 -2.645201376002410676e+00
2.782799999962896347e+10 2.034960493426833494e+00 -2.973373979146019863e+00
2.782799999963489151e+10 2.034817016032869574e+00 -3.315787303313034950e+00
2.782799999989703369e+10 2.118014872804434567e+00 -3.111724204037849439e+00
2.782799999986281204e+10 2.194615537846046571e+00 -2.779695263900555879e+00
2.782799999992358780e+10 1.858450031009831527e+00 -2.803797590019701857e+00
2.782799999984340668e+10 1.901992257036609679e+00 -2.473710938596732856e+00
2.782799999985669327e+10 1.593703015553589397e+00 -2.325173714118675239e+00
2.782799999981104660e+10 1.589314846425005756e+00 -1.985793380120015161e+00
2.782799999983186340e+10 1.575289945860805174e+00 -2.327336889209219439e+00
2.782799999970734406e+10 1.894288111609425451e+00 -2.323250618902222175e+00
2.782799999945418549e+10 2.047848818428145812e+00 -2.151168444131015711e+00
2.782799999941657257e+10 2.359201406338572671e+00 -2.288743754312623224e+00
2.782799999919225311e+10 2.300190424645792930e+00 -2.540698634399700229e+00
2.782799999919648743e+10 2.301883533938585469e+00 -2.883132966934966568e+00
2.782799999903448868e+10 2.241406289066041335e+00 -2.587530962475104168e+00
2.782799999899097061e+10 2.334351015221991066e+00 -2.260805537531279885e+00
2.782799999891896439e+10 2.296993237018491563e+00 -1.928087438579269008e+00
2.782799999915691757e+10 2.483904700891150341e+00 -1.767696382271722877e+00
2.782799999922755051e+10 2.187781097401409358e+00 -1.924553194349022389e+00
2.782799999909409332e+10 2.178329168862298992e+00 -2.239802199869266541e+00
2.782799999930640411e+10 2.174813557517289109e+00 -1.971112324797497095e+00
2.782799999959704208e+10 2.051958706639164909e+00 -2.104225838165715068e+00
2.782799999993580627e+10 2.100811295324755079e+00 -2.092634560462835136e+00
2.782800000002180481e+10 2.056783481936548252e+00 -2.421188407017672795e+00
2.782799999975406265e+10 2.113983592807139100e+00 -2.215459696622363417e+00
2.782799999962261200e+10 2.418956667806068772e+00 -2.131825634237531020e+00
2.782799999964823151e+10 2.454519620209929531e+00 -2.471473934479956114e+00
2.782799999978753281e+10 2.325066247649012041e+00 -2.756287675479745403e+00
2.782799999963056183e+10 2.030647855886459130e+00 -2.679084116636254009e+00
2.782799999956722641e+10 1.930660258707616705e+00 -2.357722953295513957e+00
2.782799999956935883e+10 1.934760045407831086e+00 -2.015289453014313281e+00
2.782799999926280212e+10 1.860864408522292512e+00 -1.881706850291549493e+00
2.782799999960375595e+10 1.831602314390561759e+00 -1.894935454082812942e+00
2.782799999946319962e+10 1.938148429506035608e+00 -2.188488678142933797e+00
2.782799999946021271e+10 2.251032591447250653e+00 -2.049288692435335957e+00
2.782799999938415909e+10 2.249457617171366941e+00 -1.715379774930347656e+00
2.782799999940608978e+10 2.201511413709398290e+00 -2.053761493140712879e+00
2.782799999949102783e+10 2.197586727848821031e+00 -2.385502961571059455e+00
2.782799999923636246e+10 2.415530673751840496e+00 -2.315307847159083110e+00
2.782799999935746765e+10 2.379602170697187269e+00 -2.633623297744423386e+00
2.782799999966398621e+10 2.431025837148605540e+00 -2.777444259895805345e+00
2.782799999987526703e+10 2.264816367099502514e+00 -2.565272270110920960e+00
2.782799999972848511e+10 2.574226857232087884e+00 -2.563730597863782545e+00
2.782799999956715012e+10 2.697639303291379242e+00 -2.288008693068181110e+00
2.782799999972690201e+10 2.616259645462194694e+00 -2.579795153129573748e+00
2.782799999949708939e+10 2.606485950376641103e+00 -2.833514094861732779e+00
2.782799999974731445e+10 2.812772109189429770e+00 -2.723441007366511180e+00
2.782799999967884445e+10 2.608926548833474524e+00 -2.989975677727555681e+00
2.782799999962654114e+10 2.938665407372531124e+00 -3.066256445937858288e+00
2.782799999961172867e+10 2.921734197578810921e+00 -2.724531455820542902e+00
2.782799999931809998e+10 2.822300328097930855e+00 -2.870055647904398377e+00
2.782799999965267563e+10 2.807909809341521790e+00 -2.941699476462458218e+00
2.782799999969841003e+10 2.876731323814680330e+00 -2.609353209538360918e+00
2.782799999971401978e+10 2.554737531038022258e+00 -2.724931941843482530e+00
2.782799999942900467e+10 2.705128233146534278e+00 -2.609036474918150272e+00
2.782799999913848495e+10 2.634113470229077159e+00 -2.442194635496609312e+00
2.782799999930224991e+10 2.372600167431673235e+00 -2.293620653004879273e+00
2.782799999908753586e+10 2.219413394924782512e+00 -2.512054428387365146e+00
2.782799999897795486e+10 2.541084797561575126e+00 -2.469604900831790850e+00
2.782799999899299622e+10 2.584866804683533914e+00 -2.130283649184797845e+00
2.782799999909535980e+10 2.416797347661117090e+00 -2.410563411856498028e+00
2.782799999912242889e+10 2.406625461248753428e+00 -2.069321865513133130e+00
2.782799999908095169e+10 2.534209350459316390e+00 -2.384415597320354685e+00
2.782799999891347122e+10 2.545640669612739604e+00 -2.085916722674423962e+00
2.782799999895948792e+10 2.884566059289388029e+00 -2.068762945553823673e+00
2.782799999888432693e+10 2.970472378337983166e+00 -2.391645674444421221e+00
2.782799999868135071e+10 2.694659586626674930e+00 -2.388589785847664793e+00
2.782799999861722183e+10 2.933561858289351676e+00 -2.151745192174067345e+00
2.782799999869278717e+10 3.051137995119007407e+00 -1.839099080074727111e+00
2.782799999879301453e+10 3.169611275362613778e+00 -2.144386298627520837e+00
2.782799999882561111e+10 3.089535945794718685e+00 -2.475758437643803767e+00
2.782799999859289932e+10 2.979009912321367359e+00 -2.701394605932168513e+00
2.782799999842314911e+10 2.837640619388040353e+00 -2.963085509726420597e+00
2.782799999837833405e+10 3.077990247485950626e+00 -2.723281762064122979e+00
2.782799999852256393e+10 3.023093140960634972e+00 -2.417559379176100975e+00
2.782799999856762314e+10 2.970257091816786765e+00 -2.752910231875400626e+00
2.782799999869507980e+10 2.964555787054383718e+00 -3.070722300603291544e+00
2.782799999859373474e+10 2.645288306109916387e+00 -3.141995648143520281e+00
2.782799999865372467e+10 2.724608637277454726e+00 -3.469702318278326647e+00
2.782799999865434265e+10 2.687635944609081395e+00 -3.129239849294542797e+00
2.782799999896017075e+10 2.573147007382841966e+00 -3.026072173640166785e+00
2.782799999877375412e+10 2.620730723319077082e+00 -2.742758152670071947e+00
2.782799999868204117e+10 2.467912354943954334e+00 -2.450324984116343696e+00
2.782799999862302780e+10 2.804697982535293566e+00 -2.469687669792172802e+00
2.782799999877478027e+10 3.098681694468327752e+00 -2.558153958063499545e+00
2.782799999871114349e+10 3.072174359877831051e+00 -2.893608619585894992e+00
2.782799999879061508e+10 2.754257909682593652e+00 -2.993084154280538645e+00
2.782799999876762390e+10 2.856173441409215030e+00 -3.319223241679652769e+00
2.782799999852786255e+10 2.770254703189520828e+00 -3.090279402234330064e+00
2.782799999837872314e+10 2.478875547237040067e+00 -2.989591469893705167e+00
2.782799999866756058e+10 2.510957320717490227e+00 -2.808414974765834682e+00
2.782799999896088409e+10 2.478883047157488306e+00 -2.634591441613110430e+00
2.782799999871994400e+10 2.474402041436069233e+00 -2.391261400998451858e+00
2.782799999848916245e+10 2.278450190068683323e+00 -2.551337475515060405e+00
2.782799999875675201e+10 2.090367073322811908e+00 -2.652835314440334269e+00
2.782799999890250397e+10 1.985567487221904015e+00 -2.361193157815898225e+00
2.782799999856090546e+10 1.996768978692684104e+00 -2.382791835355070553e+00
2.782799999858950806e+10 2.326194393067539057e+00 -2.471914106037211400e+00
2.782799999870645905e+10 2.009922147611108212e+00 -2.412108172265101214e+00
2.782799999852775574e+10 1.901574662830059825e+00 -2.683414968554486357e+00
2.782799999866620255e+10 1.919344457959275108e+00 -2.370687211486830037e+00
2.782799999846052170e+10 2.192655104235380570e+00 -2.353986416458048403e+00
2.782799999829546356e+10 2.217959342037083559e+00 -2.054991604098457270e+00
2.782799999819312668e+10 2.327988111035430574e+00 -1.747253562752176137e+00
2.782799999848926926e+10 2.408980184100235178e+00 -1.898981789608281900e+00
2.782799999874427795e+10 2.227535853632176543e+00 -2.038018369728926693e+00
2.782799999891724777e+10 2.030057753923848018e+00 -2.257940508093452703e+00
2.782799999860280991e+10 1.900715704928269467e+00 -2.216945224298838113e+00
2.782799999859972763e+10 1.837949858727556229e+00 -2.553594901378803517e+00
2.782799999849719620e+10 1.817976799894328144e+00 -2.227450283220564042e+00
2.782799999876207352e+10 1.602351607261670585e+00 -2.252515277615103173e+00
2.782799999874456787e+10 1.937825984462578921e+00 -2.185938347883597199e+00
2.782799999901055908e+10 1.845385339668727198e+00 -1.991041735274400315e+00
2.782799999891419983e+10 2.087466356439060977e+00 -2.213289566218023641e+00
2.782799999890336609e+10 2.412389895041280763e+00 -2.105635417548004540e+00
2.782799999899805832e+10 2.447498906466162527e+00 -2.432869961644878121e+00
2.782799999906440735e+10 2.402267956004852767e+00 -2.765787146911030003e+00
2.782799999932093811e+10 2.340538811709643952e+00 -2.984106863753587469e+00
2.782799999945343399e+10 2.276309712683769693e+00 -3.293302193606468364e+00
2.782799999940487671e+10 2.612865920675620401e+00 -3.333973114641882507e+00
2.782799999960602570e+10 2.878404302487947319e+00 -3.254535371681516409e+00
2.782799999955961609e+10 2.576772917805942864e+00 -3.099143373151620029e+00
2.782799999948579025e+10 2.561309496205239178e+00 -2.765088579212063635e+00
2.782799999930594635e+10 2.478087454966718894e+00 -2.485781329115567040e+00
2.782799999908127594e+10 2.469788149851302350e+00 -2.744115927860784065e+00
2.782799999922575760e+10 2.450689678286718909e+00 -3.054023238766061077e+00
2.782799999909097672e+10 2.216884530950140153e+00 -3.264857630281615464e+00
2.782799999922709656e+10 2.071143929031419528e+00 -3.543270325737737814e+00
2.782799999898352432e+10 2.002277215180422676e+00 -3.312592934232072572e+00
2.782799999877849960e+10 2.224829336232315047e+00 -3.472959414271598710e+00
2.782799999904673767e+10 2.250611249694763671e+00 -3.684300661398342669e+00
2.782799999911266327e+10 2.217458151700923530e+00 -3.349880521926078103e+00
2.782799999900510788e+10 2.050754797196276069e+00 -3.070731918428434071e+00
2.782799999904013824e+10 2.080239247085564624e+00 -3.410121787058189469e+00
2.782799999897721481e+10 2.080353858938674527e+00 -3.073487220669195441e+00
2.782799999900020218e+10 2.107240104546383108e+00 -3.414119991700964363e+00
2.782799999920384216e+10 2.178713039828707121e+00 -3.148215559665862529e+00
2.782799999922653198e+10 2.209335051896669011e+00 -2.807878171839658599e+00
2.782799999908658981e+10 2.313170762542984704e+00 -2.513061918987180565e+00
2.782799999907071686e+10 2.244142976515297150e+00 -2.178001808797548122e+00
2.782799999911487198e+10 2.496836246874593712e+00 -2.404890263607369683e+00
2.782799999897119904e+10 2.483725905713667359e+00 -2.094296953864084099e+00
2.782799999870423508e+10 2.272781617271002919e+00 -2.133212692973786684e+00
2.782799999890598679e+10 2.024554896017140226e+00 -2.255533947529202887e+00
2.782799999867180252e+10 1.782581820925298821e+00 -2.317888426279080427e+00
2.782799999892453384e+10 1.804879868207240889e+00 -2.547914140107853775e+00
2.782799999901606750e+10 1.730463626617819939e+00 -2.226408567669297955e+00
2.782799999875406265e+10 1.646758225585790880e+00 -2.430441964509563846e+00
2.782799999859746552e+10 1.345428236415787460e+00 -2.474715315088243273e+00
2.782799999893985748e+10 1.345347331191222073e+00 -2.467695793665338755e+00
2.782799999871841812e+10 1.189679336490494954e+00 -2.677492461936310519e+00
2.782799999892876434e+10 1.035175302989672197e+00 -2.899223553052176161e+00
2.782799999878904724e+10 1.302901826677331343e+00 -2.737718428553280070e+00
2.782799999900728989e+10 1.041561903127732780e+00 -2.774505773369191797e+00
2.782799999879148102e+10 1.041326913321728664e+00 -2.508593495394099815e+00
2.782799999872807312e+10 1.166888400304207707e+00 -2.196350376453866549e+00
2.782799999859258652e+10 9.397555461818596356e-01 -1.978780907972946812e+00
2.782799999872840881e+10 1.120723544989573606e+00 -1.721710187422936800e+00
2.782799999870427704e+10 1.455277336232358554e+00 -1.790799928185672352e+00
2.782799999838025284e+10 1.552787410023722448e+00 -1.738057860254145881e+00
2.782799999839493942e+10 1.582188142182566981e+00 -1.397173741110679490e+00
2.782799999844371414e+10 1.693639739776509279e+00 -1.717300966433464193e+00
2.782799999842658234e+10 1.675956879336204297e+00 -2.058879435756774345e+00
2.782799999842222977e+10 1.487731413054153240e+00 -1.772812503035712250e+00
2.782799999840345001e+10 1.434266683683914634e+00 -2.110556426576263078e+00
2.782799999849842453e+10 1.345124409992901393e+00 -2.427283182973568820e+00
2.782799999818300629e+10 1.413061138382501580e+00 -2.542081312691506945e+00
2.782799999824963379e+10 1.117336318581113597e+00 -2.382739462016243426e+00
2.782799999844693756e+10 8.463862022170502986e-01 -2.453014617750075566e+00
2.782799999837450409e+10 9.615209879845717511e-01 -2.767306253309640418e+00
2.782799999838635635e+10 9.952337287760267825e-01 -2.426711195459870574e+00
2.782799999840433121e+10 1.102806198809602511e+00 -2.751344950222805785e+00
2.782799999839481354e+10 1.005610026569117688e+00 -3.079589318481080085e+00
2.782799999848491287e+10 1.040739511663285599e+00 -3.408116879749041317e+00
2.782799999853673935e+10 1.369835229086318940e+00 -3.487438722915606526e+00
2.782799999856628036e+10 1.340999273327152741e+00 -3.827406059192360654e+00
2.782799999879626846e+10 1.573937044894205606e+00 -3.928045604293126658e+00
2.782799999862368774e+10 1.479283371365142319e+00 -3.647798710131695543e+00
2.782799999838118362e+10 1.696160449246773005e+00 -3.754745296189415882e+00
2.782799999810886002e+10 1.903792451327871449e+00 -3.758191824077380616e+00
2.782799999800164795e+10 1.750986012485997056e+00 -3.471072191387751360e+00
2.782799999780898666e+10 1.577194562551885504e+00 -3.694589798051444607e+00
2.782799999776512527e+10 1.441452046359103178e+00 -3.383250658387304100e+00
2.782799999782540894e+10 1.334559724590237417e+00 -3.063528841723719864e+00
2.782799999756684875e+10 1.499327788471946254e+00 -3.216109154303747886e+00
2.782799999727660370e+10 1.386522642231232672e+00 -3.358636819475167012e+00
2.782799999704646301e+10 1.400893587565274157e+00 -3.105434000572860676e+00
2.782799999718331528e+10 1.613873126566772953e+00 -3.336070700708564818e+00
2.782799999697130203e+10 1.345899994819683032e+00 -3.358946113278923562e+00
2.782799999689920044e+10 1.133445847723229205e+00 -3.100206099300127249e+00
2.782799999718665695e+10 1.012875538771794481e+00 -2.958383856404363410e+00
2.782799999752327347e+10 9.789809274212822876e-01 -2.905265555216610007e+00
2.782799999755478668e+10 8.420916655591222932e-01 -2.592935102307310391e+00
2.782799999782342148e+10 9.646243861153540600e-01 -2.419429979824360810e+00
2.782799999804894257e+10 1.007400368195951579e+00 -2.165280130186889807e+00
2.782799999824616241e+10 8.300013126487736370e-01 -1.948680222355957614e+00
2.782799999837459183e+10 8.477502616525129930e-01 -2.265654515199800212e+00
2.782799999871269608e+10 7.975937366440857268e-01 -2.286909556283592604e+00
2.782799999837781525e+10 7.318545454885718726e-01 -2.315453835138244987e+00
2.782799999835017776e+10 7.217149789452425024e-01 -2.656651013496656333e+00
2.782799999811797714e+10 9.395473491196291160e-01 -2.530499819521775162e+00
2.782799999829824448e+10 8.751134854720715728e-01 -2.246539605935109041e+00
2.782799999862459564e+10 8.395406466822546987e-01 -2.149006106205497701e+00
2.782799999833626938e+10 6.759688429162615808e-01 -2.063017066242401665e+00
2.782799999821191788e+10 7.054445111165508209e-01 -1.745291552967632054e+00
2.782799999854934692e+10 7.432651424213208013e-01 -1.700633462460745982e+00
2.782799999879616928e+10 7.269595760685172436e-01 -1.463789594075888489e+00
2.782799999899956131e+10 6.862446279674976335e-01 -1.191290945611260588e+00
2.782799999868545532e+10 5.605104093956427835e-01 -1.244300973750684491e+00
2.782799999868622589e+10 5.699857186412577992e-01 -1.586633676831985529e+00
2.782799999887580490e+10 4.393356287212216160e-01 -1.333113140613819914e+00
2.782799999901361084e+10 3.089313993797501157e-01 -1.618220712959069107e+00
2.782799999904164505e+10 3.519235104938038261e-01 -1.956817423047831017e+00
2.782799999918577194e+10 7.091019855121893922e-02 -2.089260061497554055e+00
2.782799999950582886e+10 1.866269334257143753e-01 -2.127397392570501644e+00
2.782799999957701111e+10 5.212557687943107920e-01 -2.142853742632183423e+00
2.782799999954840851e+10 3.618893664481698802e-01 -2.444625827191626577e+00
2.782799999969423294e+10 3.855888557172124087e-01 -2.135666739249364898e+00
2.782799999945188522e+10 2.496514449715574457e-01 -1.935490632595235683e+00
2.782799999928643417e+10 2.596962663180123476e-01 -2.235168457813993204e+00
2.782799999918059540e+10 -3.437845632351038683e-02 -2.375168768321556989e+00
2.782799999914962769e+10 -9.095825165682454305e-02 -2.038832942806305670e+00
2.782799999909104919e+10 -3.942055259342009399e-01 -2.186791166362440197e+00
2.782799999889686584e+10 -6.762454355266034334e-01 -2.192052739409113826e+00
2.782799999888989639e+10 -5.538959347472949268e-01 -1.872265194850290193e+00
2.782799999909131241e+10 -6.311709207696705182e-01 -2.138240602068321117e+00
2.782799999928465271e+10 -9.138279447296852043e-01 -2.135748818155041473e+00
2.782799999957526779e+10 -1.077085073659136194e+00 -2.057181754382078509e+00
2.782799999948490143e+10 -1.049921892529652734e+00 -2.386389824732366272e+00
2.782799999969018173e+10 -1.062922718400766575e+00 -2.660200704713735043e+00
2.782799999976054382e+10 -1.365427248291003037e+00 -2.515901576547122875e+00
2.782799999973033524e+10 -1.226515531304063211e+00 -2.827467030854786678e+00
2.782799999960926056e+10 -1.303892046237356217e+00 -3.138330367368903584e+00
2.782799999991454315e+10 -1.191463214060577869e+00 -3.031352799426535682e+00
2.782800000023460770e+10 -1.071279384424351111e+00 -3.051272085961088010e+00
