3.478500000000000000e+10 0.000000000000000000e+00 0.000000000000000000e+00
3.478499999980764008e+10 1.784360606753724876e-01 -2.797785678090769501e-01
3.478499999964349365e+10 -1.519717013169851749e-01 -1.748709045320033795e-01
3.478499999990306091e+10 -4.330759493579594555e-01 -1.479319842452883893e-01
3.478499999979016876e+10 -4.499078797600164492e-01 2.182511140360738067e-01
3.478499999967038727e+10 -1.730885419954472093e-01 4.551933755319005348e-01
3.478499999991097260e+10 9.487635884065426239e-02 5.872186668117829189e-01
3.478499999975955200e+10 6.168698637431940801e-02 9.380591074820537889e-01
3.478499999993450928e+10 3.251765474278620061e-01 7.210788869784773292e-01
3.478500000016609192e+10 1.279940536086721647e-01 4.873990646932151449e-01
