2.087100000000000000e+10 0.000000000000000000e+00 0.000000000000000000e+00
2.087099999975670242e+10 -1.695995782047652889e-01 1.094341167764007888e-01
2.087099999957829285e+10 6.200259156401763394e-02 2.296983069758175566e-01
2.087099999954901886e+10 1.233055773153240442e-01 5.384337773464342725e-01
2.087099999983024597e+10 -1.552179964221642172e-02 4.988121831782292293e-01
2.087099999984555435e+10 -3.305824076275203083e-02 1.835491892434437111e-01
2.087099999987361526e+10 2.763951772270696328e-01 1.253785993036870272e-01
2.087099999990129471e+10 4.219688529554771472e-01 4.046184660641234387e-01
2.087099999975360489e+10 4.194704513946442836e-01 1.251284263091158588e-01
2.087099999971421051e+10 2.124240277457055681e-01 -1.104825156479045944e-01
2.087099999990820312e+10 4.268461774164183375e-01 1.727576484346513008e-02
2.087100000020097733e+10 5.274042494403046177e-01 8.133004901421325705e-02
