4.174200000000000000e+10 0.000000000000000000e+00 0.000000000000000000e+00
4.174199999955297852e+10 2.648057308426262149e-02 3.881790255803074796e-02
4.174199999962514496e+10 2.730953353306300041e-02 -4.048348724829380352e-01
4.174199999927790070e+10 -8.618369326229705085e-02 -1.429582490932816419e-01
4.174199999896224976e+10 -1.041792051597994206e-01 -4.624553944412973516e-01
4.174199999909786224e+10 -5.206489502526346902e-01 -3.614666189211409586e-01
4.174199999914523315e+10 -5.945885402945331188e-01 -8.022899989730117865e-01
4.174199999877838898e+10 -8.462045162160340972e-01 -8.667265751019660458e-01
4.174199999879054260e+10 -9.297259250020177834e-01 -1.308215903243292511e+00
4.174199999872148132e+10 -5.098113873472300828e-01 -1.452916761987350203e+00
4.174199999884172058e+10 -2.105660243442799562e-01 -1.766015681558558370e+00
4.174199999839495087e+10 -2.073835868373931635e-01 -1.716779461981044141e+00
4.174199999825048065e+10 -3.454494709449785761e-01 -2.119397885469131104e+00
4.174199999851620483e+10 -4.782233381325261545e-01 -1.782056590162644394e+00
4.174199999817676544e+10 -3.272796731594398434e-01 -2.035108579383888561e+00
4.174199999824182892e+10 -7.692410478259801287e-01 -1.985375305703222848e+00
4.174199999793545532e+10 -9.983855001738122237e-01 -1.749445619009993180e+00
4.174199999817779541e+10 -1.024941876892161430e+00 -2.127070701062943492e+00
4.174199999822133636e+10 -1.088647834538278847e+00 -2.569881948113230230e+00
4.174199999834311676e+10 -1.324536920232085135e+00 -2.207166511458580338e+00
4.174199999854969025e+10 -1.470081049090232517e+00 -1.835440657227202621e+00
4.174199999842809296e+10 -1.311946583861239635e+00 -2.238235092090366862e+00
4.174199999821408844e+10 -1.144566529980017400e+00 -1.880153731174207143e+00
4.174199999825788116e+10 -1.185098011926540629e+00 -1.434647568910969895e+00
4.174199999844984436e+10 -1.153771949545606468e+00 -1.839870021235286757e+00
4.174199999813970947e+10 -1.039011239281081744e+00 -2.144312117471359080e+00
4.174199999797399139e+10 -8.686260394863195566e-01 -2.525811555981714029e+00
4.174199999754800415e+10 -9.829001279074361941e-01 -2.612478950810893874e+00
4.174199999752820587e+10 -9.526516278030087159e-01 -3.060507235023373518e+00
4.174199999758137512e+10 -9.165759685222544251e-01 -3.505376081328834381e+00
4.174199999798738861e+10 -9.637911822589615429e-01 -3.692354264827136134e+00
4.174199999785941315e+10 -1.327067162713122084e+00 -3.924064502647675035e+00
4.174199999808588409e+10 -1.221974383175704171e+00 -3.550297406346916151e+00
4.174199999848104858e+10 -1.390043698211543610e+00 -3.683099620561351983e+00
4.174199999846440125e+10 -1.771087746287261622e+00 -3.445266407967388034e+00
4.174199999871221924e+10 -1.410432576350220124e+00 -3.342551486512099324e+00
4.174199999826297760e+10 -1.407432976198223162e+00 -3.356923188332985752e+00
4.174199999834806824e+10 -1.200417233426614549e+00 -3.746719136284873741e+00
4.174199999796781158e+10 -9.731551853258465501e-01 -3.670595820663410169e+00
4.174199999809642029e+10 -6.983368290715414872e-01 -3.338975980574538927e+00
4.174199999834619141e+10 -1.071285709480498394e+00 -3.362638761823760980e+00
4.174199999847484589e+10 -1.226111329713178266e+00 -2.960751983458949077e+00
4.174199999868505096e+10 -9.416228932606875990e-01 -3.238091593793981815e+00
4.174199999911765289e+10 -1.038416120516633789e+00 -3.312400187060925649e+00
4.174199999869956970e+10 -1.041227525112997876e+00 -3.477432218654764373e+00
4.174199999830601501e+10 -1.258369484674092931e+00 -3.477571137404849022e+00
4.174199999821849060e+10 -1.120738132405996401e+00 -3.058722664407538261e+00
4.174199999817622375e+10 -1.561877060581996490e+00 -3.133863048483988223e+00
4.174199999812781525e+10 -1.511024115384313360e+00 -3.577830197540014190e+00
4.174199999798188782e+10 -1.106434103668618718e+00 -3.708396302863264271e+00
4.174199999795306396e+10 -1.135296948262175309e+00 -3.260766498151249859e+00
4.174199999803768158e+10 -7.992835372442086417e-01 -3.547072807611685530e+00
4.174199999833861542e+10 -9.092606783380303703e-01 -3.862321086211446985e+00
4.174199999830612946e+10 -1.000795670599906151e+00 -4.301186051528384624e+00
4.174199999793044281e+10 -9.254677363121102118e-01 -4.066196041322606369e+00
4.174199999776740265e+10 -1.121797530964940171e+00 -4.436206604391193409e+00
4.174199999776949310e+10 -1.118073684460599404e+00 -3.986742357677075521e+00
4.174199999736456299e+10 -1.312038518193336278e+00 -4.007919476763613709e+00
4.174199999761194611e+10 -1.012212623418527135e+00 -4.233627051215712811e+00
4.174199999790921021e+10 -1.181022610012474106e+00 -4.525473166046581674e+00
4.174199999790415192e+10 -1.226417156949285880e+00 -4.078315358051892048e+00
4.174199999760234070e+10 -1.556449606157896959e+00 -4.033291688879071302e+00
4.174199999753536987e+10 -1.430295964996515012e+00 -4.459479691296364123e+00
4.174199999759765625e+10 -1.779297437431852424e+00 -4.183155357659576801e+00
4.174199999797074890e+10 -1.558712912465675782e+00 -4.302240387610390293e+00
4.174199999798829651e+10 -1.205274895709790961e+00 -4.025094183513017398e+00
4.174199999801200867e+10 -1.219451224107147125e+00 -3.576459285049021997e+00
4.174199999820811462e+10 -8.157440227470300620e-01 -3.600916631858525285e+00
4.174199999796566772e+10 -1.127765528747794566e+00 -3.815151670248915217e+00
4.174199999792094421e+10 -1.366794815582553557e+00 -4.193174029906962197e+00
4.174199999763200378e+10 -1.564152890642782179e+00 -4.475308342681767471e+00
4.174199999785760498e+10 -1.205928678596376091e+00 -4.324259362460785461e+00
4.174199999789282990e+10 -7.618036519180729771e-01 -4.264688313047425794e+00
4.174199999793813324e+10 -7.098480006370730955e-01 -4.708855927851079315e+00
4.174199999815257263e+10 -9.255608562714781051e-01 -4.377919036354839477e+00
4.174199999806967163e+10 -7.351326315288393420e-01 -4.776543260396821644e+00
4.174199999801129150e+10 -2.986410155653430043e-01 -4.866558769495556547e+00
4.174199999806390381e+10 -2.483833770159127319e-02 -5.219121079136896491e+00
4.174199999819381714e+10 5.222327316255986895e-02 -4.795776768188073191e+00
4.174199999822138214e+10 9.286822632122926358e-02 -4.348982996013011082e+00
4.174199999785136414e+10 -1.530073472899702580e-01 -4.417318502894055143e+00
4.174199999808375549e+10 8.103439618684760148e-03 -4.766711179294989442e+00
4.174199999774637604e+10 -2.567777506846371516e-01 -4.632365061677561791e+00
4.174199999740588379e+10 -2.960167982287921773e-01 -4.923158176424067278e+00
4.174199999763993835e+10 -6.050882874484103668e-01 -4.695713642558164480e+00
4.174199999775926971e+10 -1.006831549370165169e+00 -4.858192542249955004e+00
4.174199999789962769e+10 -6.122859398343289961e-01 -4.694886465600590419e+00
4.174199999769651031e+10 -5.727748304961368664e-01 -5.093909180018673766e+00
4.174199999737445068e+10 -2.628958478722973613e-01 -5.046050701176618247e+00
4.174199999738687134e+10 -2.551077227631743383e-01 -4.596805251510814649e+00
4.174199999735873413e+10 -3.195352196972174874e-01 -5.040757556285455188e+00
4.174199999764288330e+10 -4.206593520642903927e-02 -5.251248109006946940e+00
4.174199999763420868e+10 -5.349752171584017113e-02 -5.700503508510291972e+00
4.174199999734535217e+10 -2.745577552238563923e-01 -5.436434091833116433e+00
4.174199999735553741e+10 -2.726137354993055095e-01 -5.885799032088363525e+00
4.174199999727057648e+10 -2.492761939102985103e-01 -6.326563504073599020e+00
4.174199999699224854e+10 -2.163054424507381557e-01 -5.975163418191229425e+00
4.174199999704847717e+10 -4.717683117490806266e-01 -5.609631434367854830e+00
4.174199999720780945e+10 -2.679484668430986982e-01 -5.242062171083317956e+00
4.174199999682282257e+10 -7.524751266818224815e-02 -5.112878395558041689e+00
4.174199999720481110e+10 1.596888840153511124e-01 -5.082437738666357951e+00
4.174199999724330139e+10 -1.659426151603005939e-01 -5.389877526040497635e+00
4.174199999766380310e+10 -7.894477104041570936e-02 -5.257050021606959334e+00
4.174199999738164520e+10 2.695149106528026417e-01 -5.225462621862076773e+00
4.174199999769696808e+10 5.826743259102551420e-01 -5.292817985770859046e+00
4.174199999734990692e+10 4.867899886631864015e-01 -5.023764663919203066e+00
4.174199999712455750e+10 2.218259256405634705e-01 -4.739072987369088885e+00
4.174199999716862488e+10 2.892047068882481753e-01 -4.296857824980335749e+00
4.174199999752994537e+10 2.433959645421964746e-01 -4.560270512682971678e+00
4.174199999725421143e+10 5.638945566894060235e-01 -4.407665618663680007e+00
4.174199999691309357e+10 4.258958717721151865e-01 -4.149535369377900906e+00
4.174199999727790833e+10 6.808876894889225317e-01 -4.212196529353454899e+00
4.174199999726284790e+10 9.559989962394321861e-01 -3.857057991691454468e+00
4.174199999712160492e+10 8.683213285009697691e-01 -3.439446177538170168e+00
4.174199999720265961e+10 1.293110602848364543e+00 -3.562006840152709852e+00
4.174199999725313568e+10 1.217372742775117755e+00 -3.121833386023588730e+00
4.174199999750668335e+10 1.577234591123642282e+00 -3.212662009078829151e+00
4.174199999711491394e+10 1.740297011037857278e+00 -3.064452777140651563e+00
4.174199999701253510e+10 1.877050447893931384e+00 -3.480209484508120177e+00
4.174199999691175842e+10 1.936037290359977181e+00 -3.914261762719856819e+00
4.174199999692573547e+10 1.913318347644371364e+00 -4.362954023273623250e+00
4.174199999705737305e+10 2.112032297600463959e+00 -3.981875482865294025e+00
4.174199999702447510e+10 2.101417877448286564e+00 -3.533721994416195944e+00
4.174199999704586792e+10 2.099526457531618373e+00 -3.084750840169312891e+00
4.174199999703536987e+10 2.118545027818999671e+00 -3.533710176045521845e+00
4.174199999723705292e+10 2.265396598516406623e+00 -3.159818642307137715e+00
4.174199999696694183e+10 2.491641788882800856e+00 -2.880733264166387642e+00
4.174199999694496918e+10 2.685603034175313208e+00 -2.475847183737712953e+00
4.174199999703905487e+10 2.375461296292241453e+00 -2.787289953423567557e+00
4.174199999745400238e+10 2.256079768464177793e+00 -2.912193410821790174e+00
4.174199999745223236e+10 2.417610141661028500e+00 -2.492740028454513812e+00
4.174199999740570831e+10 2.269581395959109571e+00 -2.070887494805246476e+00
4.174199999732671356e+10 1.961469534435267725e+00 -1.753296951675039850e+00
4.174199999699811554e+10 2.064961364127683829e+00 -2.041999399590184616e+00
4.174199999697384644e+10 2.507683982278289037e+00 -1.968216603761929306e+00
4.174199999709178162e+10 2.455332631456006887e+00 -2.398782175604696754e+00
4.174199999673940277e+10 2.379925885110716788e+00 -2.667447807978420737e+00
4.174199999644896698e+10 2.091921401715465034e+00 -2.481071644818201971e+00
4.174199999616429901e+10 1.744073571339827211e+00 -2.481827590567822650e+00
4.174199999574047852e+10 1.812929546979326290e+00 -2.614750968234937911e+00
4.174199999615312195e+10 1.638584658757831880e+00 -2.577786090366677829e+00
4.174199999620586395e+10 1.539767332053885163e+00 -3.013090611350148329e+00
4.174199999639813232e+10 1.854998977370889479e+00 -3.269405661464770407e+00
4.174199999610428619e+10 2.160797932327884308e+00 -3.120490996520242089e+00
4.174199999621592712e+10 1.828368079813524449e+00 -3.401673321531029082e+00
4.174199999627931213e+10 1.566497638930439695e+00 -3.041891685942439416e+00
4.174199999599546814e+10 1.864511020749197057e+00 -3.222604115211508358e+00
4.174199999633090210e+10 1.852457997510409404e+00 -3.521556813252587848e+00
4.174199999599684143e+10 1.964806614434442711e+00 -3.800512123721385915e+00
4.174199999557846069e+10 1.920865816915430457e+00 -3.958832051451275813e+00
4.174199999559375000e+10 2.268126890985332711e+00 -4.243809921910903782e+00
4.174199999535768127e+10 2.647474926197129541e+00 -4.292845191759317558e+00
4.174199999540299225e+10 2.514233643828180487e+00 -4.719729289652491389e+00
4.174199999551860046e+10 2.432673348829832882e+00 -5.146365655557941565e+00
4.174199999574797058e+10 2.779566914555368751e+00 -5.316929780247069637e+00
4.174199999577083588e+10 2.397090830098277170e+00 -5.081928787524473634e+00
4.174199999577301025e+10 2.846569500940026920e+00 -5.081182478501300004e+00
4.174199999605004883e+10 2.780468781548504520e+00 -5.428914278712138497e+00
4.174199999609270477e+10 3.198386743875064386e+00 -5.588793346870857270e+00
4.174199999617463684e+10 2.867285812362797337e+00 -5.296055120578922804e+00
4.174199999587202454e+10 3.197570685140243008e+00 -5.258997170630088647e+00
4.174199999554322815e+10 3.503988137281185189e+00 -5.253024983198135267e+00
4.174199999559710693e+10 3.325377151478311699e+00 -5.661964962181353478e+00
4.174199999544880676e+10 3.198901331704804729e+00 -5.256938775023034971e+00
4.174199999581366730e+10 3.079301977558867698e+00 -5.023255748340845983e+00
4.174199999610557556e+10 2.918219746895426514e+00 -4.721797360525485487e+00
4.174199999630660248e+10 2.890121439878367227e+00 -4.320755853530351409e+00
4.174199999619823456e+10 2.922010058020821255e+00 -4.755813902421487604e+00
4.174199999615024567e+10 2.790463123073793739e+00 -4.328697263014345431e+00
4.174199999645069885e+10 2.575320400893694739e+00 -4.584585694900868091e+00
4.174199999634706116e+10 2.170990016288369517e+00 -4.751354540283990069e+00
4.174199999602767181e+10 2.016926391415481135e+00 -4.475142952980180944e+00
4.174199999602874756e+10 2.005230309933356381e+00 -4.025811895611811408e+00
4.174199999629527283e+10 2.331699964042629247e+00 -4.182078577953744158e+00
4.174199999594857025e+10 2.617364566088134392e+00 -4.197303176362281896e+00
4.174199999629618073e+10 2.822136373858620484e+00 -4.395469435252344681e+00
4.174199999640235138e+10 2.865365605825374029e+00 -3.960847812180142480e+00
4.174199999634189606e+10 3.100751397358957995e+00 -3.582727041486189368e+00
4.174199999602268982e+10 3.103969460813047920e+00 -3.899161947020105767e+00
4.174199999630132294e+10 2.757468935086242467e+00 -3.965012567509659025e+00
4.174199999587950897e+10 2.661708719675752288e+00 -4.087243268805077712e+00
4.174199999605373383e+10 2.697769736654808792e+00 -4.500017176246814188e+00
4.174199999635077667e+10 2.471678823987948359e+00 -4.750388508890486250e+00
4.174199999634963226e+10 2.526652001070926357e+00 -5.196497223198058180e+00
4.174199999609623718e+10 2.799460275721931790e+00 -5.448297966355154287e+00
4.174199999612626648e+10 2.836996528474617918e+00 -5.001391021797887859e+00
4.174199999629628754e+10 3.029036089075452409e+00 -5.370513314588316156e+00
4.174199999611254120e+10 2.623902428340567639e+00 -5.434864687632242841e+00
4.174199999620727539e+10 3.011216198509530262e+00 -5.227381640168323074e+00
4.174199999600823975e+10 3.141188893671093219e+00 -5.608861862394884490e+00
4.174199999601799774e+10 3.151913152060953127e+00 -6.058112477181368583e+00
4.174199999566766357e+10 3.348203036715447389e+00 -6.260040750764239270e+00
4.174199999523207092e+10 3.356743568317856141e+00 -6.149485948604682228e+00
4.174199999514838409e+10 3.341798840957760586e+00 -6.590858692909005612e+00
4.174199999520468140e+10 3.524920432440342921e+00 -6.184246711915513117e+00
4.174199999507926178e+10 3.355520423114677797e+00 -6.581248655459256192e+00
4.174199999534965515e+10 3.172106674304296714e+00 -6.272567351271638891e+00
4.174199999510711670e+10 3.343384253029533681e+00 -5.935114337778388816e+00
4.174199999510254669e+10 3.346121752737730937e+00 -5.485661333059573153e+00
4.174199999519968414e+10 2.908708628300302745e+00 -5.450012552116060505e+00
4.174199999541555786e+10 2.724046542562449602e+00 -5.101681180189705955e+00
4.174199999513301849e+10 2.379871838961195696e+00 -5.040416877581534116e+00
4.174199999507998657e+10 2.669872128293635072e+00 -5.379716158006212723e+00
4.174199999531882477e+10 2.998499601541213977e+00 -5.572058423011529094e+00
4.174199999574526978e+10 2.889808985356031368e+00 -5.663524450349599171e+00
4.174199999568821716e+10 3.063664657444974626e+00 -6.074079844857724453e+00
4.174199999596694946e+10 2.855632239478866463e+00 -6.358799350713833398e+00
4.174199999593417358e+10 2.872202547950677420e+00 -5.910817781180336183e+00
4.174199999562100983e+10 2.784740586595407130e+00 -5.600472692698495791e+00
4.174199999572135925e+10 2.812181309006426932e+00 -5.163193195377791866e+00
4.174199999556166840e+10 3.169284066153269297e+00 -5.384582754263345095e+00
4.174199999559203339e+10 3.582082710829340044e+00 -5.209335397787706157e+00
4.174199999541827393e+10 3.642756690730369673e+00 -4.799259541568465792e+00
4.174199999529069519e+10 4.070447226308165689e+00 -4.745962914059747462e+00
4.174199999539102936e+10 3.887388471610704777e+00 -5.144031259586475890e+00
4.174199999524289703e+10 4.308396840123326577e+00 -5.090692101704602734e+00
4.174199999544248962e+10 4.357308824253830259e+00 -5.490449699739857081e+00
4.174199999574682617e+10 4.072995571072482335e+00 -5.659510337417833270e+00
4.174199999593370819e+10 4.382438436195166709e+00 -5.392381838333670352e+00
4.174199999638260651e+10 4.368680064630483528e+00 -5.374008378036935873e+00
4.174199999641703796e+10 4.775621265019729833e+00 -5.186259333523183912e+00
4.174199999664871216e+10 5.022085426025046928e+00 -4.890255841483015509e+00
4.174199999694860077e+10 5.285093643948045816e+00 -4.683062211814259967e+00
4.174199999726025391e+10 5.601263967562499779e+00 -4.612754962994175756e+00
4.174199999724733734e+10 5.593034175898354832e+00 -4.163531403617743543e+00
4.174199999720755768e+10 5.954719994354254808e+00 -3.899642756204790839e+00
4.174199999719681549e+10 5.985827003511093203e+00 -4.347920997811688615e+00
4.174199999734684753e+10 6.183095212780640004e+00 -4.722902763100009338e+00
4.174199999743748474e+10 6.077178241226183886e+00 -4.295582597390567692e+00
4.174199999781208038e+10 6.017225155588748819e+00 -4.536658563321987359e+00
4.174199999800994110e+10 5.819665714650032129e+00 -4.184724924609551699e+00
4.174199999780838013e+10 6.145705872278340642e+00 -4.419477551871891841e+00
4.174199999745729828e+10 6.357025648215271829e+00 -4.604202720678811644e+00
4.174199999728784943e+10 6.772652547711543569e+00 -4.580153562864204275e+00
4.174199999684790039e+10 6.811267828162081983e+00 -4.496552475830532636e+00
4.174199999702799988e+10 6.939879827758284492e+00 -4.887779854513330413e+00
4.174199999716101074e+10 6.634373911468463447e+00 -4.586101399509986187e+00
4.174199999752839661e+10 6.424499279695095488e+00 -4.434395783127274449e+00
4.174199999792074585e+10 6.257268045085860209e+00 -4.576293627176269752e+00
4.174199999799818420e+10 6.048980977590098007e+00 -4.967005502917642090e+00
4.174199999794661713e+10 5.656741573484090679e+00 -4.753639388326200255e+00
4.174199999817364502e+10 5.287840863569343242e+00 -4.633614338758314410e+00
4.174199999833935547e+10 5.362052801587045003e+00 -4.222433704455037962e+00
4.174199999830941010e+10 5.439895764807930689e+00 -4.664112424393138667e+00
4.174199999831047821e+10 5.466176919132320400e+00 -4.215398137144260815e+00
4.174199999849078369e+10 5.242037858308691511e+00 -3.870016252838221149e+00
4.174199999817060852e+10 5.474446722972034607e+00 -4.083351523553941043e+00
4.174199999776952362e+10 5.305076521089098662e+00 -4.195066267324313536e+00
4.174199999740578461e+10 5.071770220003479324e+00 -4.071381704606907626e+00
4.174199999734808350e+10 5.104998976574327330e+00 -4.515907379033968105e+00
4.174199999741671753e+10 5.096208880849808054e+00 -4.960034238368111303e+00
4.174199999739896393e+10 5.109245918452759661e+00 -4.511089581861578601e+00
4.174199999725914001e+10 5.476366613456210786e+00 -4.292666446632500410e+00
4.174199999723123932e+10 5.831310222117204844e+00 -4.018307162364943785e+00
4.174199999700218964e+10 6.198017060165526004e+00 -4.141182945863326914e+00
4.174199999674473572e+10 6.296137018712924416e+00 -4.496325139503429824e+00
4.174199999663700104e+10 6.302557503510373138e+00 -4.932659914789908839e+00
4.174199999667035675e+10 6.238260262773092535e+00 -5.376269916654881520e+00
4.174199999677854919e+10 6.441232565367689844e+00 -5.762446483086963056e+00
4.174199999635382080e+10 6.577426485598263817e+00 -5.818039021069944638e+00
4.174199999660056305e+10 6.610628784119153778e+00 -5.443804031552519795e+00
4.174199999698321533e+10 6.739386790072428468e+00 -5.246232696042724797e+00
4.174199999686666870e+10 6.753426293721907392e+00 -4.812348145335544558e+00
4.174199999683506012e+10 7.166607172938231685e+00 -4.638225486676709863e+00
4.174199999671836090e+10 7.366055474085881905e+00 -5.023760549748132576e+00
4.174199999695375824e+10 7.422894431451244834e+00 -4.645087206887368758e+00
4.174199999671921539e+10 7.798221136813422660e+00 -4.723539180497454026e+00
4.174199999641976166e+10 7.776090702210612271e+00 -4.389060648738165149e+00
4.174199999644969177e+10 7.742958572265430384e+00 -3.941799146597499970e+00
4.174199999611234283e+10 7.946770455580598913e+00 -4.157881408499259024e+00
4.174199999628151703e+10 7.531829755931142678e+00 -4.193109578168228602e+00
4.174199999632897949e+10 7.091725560013109053e+00 -4.271161660419234174e+00
4.174199999641310883e+10 7.217162963380266305e+00 -3.847813570459140742e+00
4.174199999621215820e+10 7.561714769716925133e+00 -4.055029423372779718e+00
4.174199999658985901e+10 7.419749891097464634e+00 -4.253080664386982512e+00
4.174199999674617767e+10 7.658689991407625186e+00 -4.600224085482824243e+00
4.174199999711360168e+10 7.402168111402444239e+00 -4.565104360040924014e+00
4.174199999753701019e+10 7.327116383426118595e+00 -4.434216103466706471e+00
4.174199999751824188e+10 7.110379847743874215e+00 -4.827547251263819561e+00
4.174199999714781189e+10 6.961395048700186550e+00 -4.621097088752689430e+00
4.174199999746608734e+10 6.897013698381185165e+00 -4.931892010501957024e+00
4.174199999735729218e+10 6.473311672183079679e+00 -4.828566037922821685e+00
4.174199999744082642e+10 6.553607296957608241e+00 -4.394272659206989395e+00
4.174199999769284821e+10 6.679734881030685578e+00 -4.744433547388902994e+00
4.174199999771278381e+10 7.006872937849284888e+00 -5.052036446535582037e+00
4.174199999757967377e+10 6.826069832664054537e+00 -5.441431058986487379e+00
4.174199999747047424e+10 6.435810510556177810e+00 -5.635877847971534571e+00
4.174199999759304047e+10 6.282960070820680976e+00 -6.040416111892589868e+00
4.174199999750888062e+10 6.050490659931301529e+00 -6.415798452667853091e+00
4.174199999709752655e+10 6.218019672136483322e+00 -6.346824965300284838e+00
4.174199999745775604e+10 6.332901513039002062e+00 -6.103771999405467774e+00
4.174199999741830444e+10 6.221577085978576171e+00 -6.537461868988171609e+00
4.174199999781962585e+10 6.263129997750509048e+00 -6.735579620695551384e+00
4.174199999780451202e+10 6.266170541565797336e+00 -7.184799681486177647e+00
4.174199999751330566e+10 5.998790034588466824e+00 -6.970928205430514168e+00
4.174199999725051117e+10 5.763606836898286012e+00 -6.692242478207521827e+00
4.174199999730358124e+10 5.893653821830715067e+00 -6.265267422361215921e+00
4.174199999731919098e+10 5.551995461288220746e+00 -6.556921851764885290e+00
4.174199999721096802e+10 5.577737820265713076e+00 -6.121420378370848070e+00
4.174199999696929932e+10 5.663504743227623095e+00 -6.490578252729666708e+00
4.174199999660842133e+10 5.665482924255293540e+00 -6.758529382533628116e+00
4.174199999626787567e+10 5.728568605704668748e+00 -6.472028643295706374e+00
4.174199999608744812e+10 5.320817216952291595e+00 -6.415265816086205497e+00
4.174199999583413696e+10 5.606557397323618019e+00 -6.652381172171343948e+00
4.174199999568186188e+10 5.479729963206597887e+00 -7.055820603631072885e+00
4.174199999565581512e+10 5.520977945835451095e+00 -7.502650184487234419e+00
4.174199999570552826e+10 5.518751843249549260e+00 -7.949371828476518687e+00
4.174199999597930145e+10 5.870732814405646316e+00 -8.005888896129546239e+00
4.174199999612519836e+10 6.198165200191123603e+00 -7.734711084326497676e+00
4.174199999569025421e+10 6.099034927320019506e+00 -7.789788838290387041e+00
4.174199999569763184e+10 5.730111702213069869e+00 -7.533122653520247347e+00
4.174199999578780365e+10 6.165020550994310788e+00 -7.464130252288052603e+00
4.174199999593672943e+10 6.128129767887304347e+00 -7.886619820031262940e+00
4.174199999585481262e+10 6.054406797174668675e+00 -8.322384613439828271e+00
4.174199999574382019e+10 5.632859824638369872e+00 -8.431997782196409830e+00
4.174199999582796478e+10 5.712551542004293381e+00 -7.997711228570909547e+00
4.174199999560076141e+10 5.741422341324537548e+00 -8.384469255416268751e+00
4.174199999588399506e+10 6.086579028701125438e+00 -8.332664687480392018e+00
4.174199999607388306e+10 6.375414880446522048e+00 -8.619985208546363964e+00
4.174199999602835083e+10 6.188363500572445552e+00 -8.213813721794641864e+00
4.174199999628213501e+10 6.375298114876544631e+00 -7.893368545523209434e+00
4.174199999605964661e+10 6.101122286196015487e+00 -8.171507547693222406e+00
4.174199999585403442e+10 6.039300784312251480e+00 -7.776615910478492211e+00
4.174199999587609863e+10 6.044088278504694323e+00 -8.225533167632040232e+00
4.174199999551738739e+10 6.066946736072567070e+00 -7.955646419361984911e+00
4.174199999559290314e+10 6.054407484402212880e+00 -7.512727633531718574e+00
4.174199999528820038e+10 5.724226593413002995e+00 -7.525928901017532091e+00
4.174199999513862610e+10 5.563731387415026930e+00 -7.918236012181923300e+00
4.174199999473259735e+10 5.572907559730349902e+00 -8.110836698503321784e+00
4.174199999503628540e+10 5.835539847710426997e+00 -8.312910687713353397e+00
4.174199999516453552e+10 5.704053538316896876e+00 -7.902666730449348087e+00
4.174199999518755341e+10 5.692494409339582617e+00 -8.351412692901273971e+00
4.174199999488310242e+10 5.906435548920789813e+00 -8.099275395437894431e+00
4.174199999511816406e+10 5.740242326718932198e+00 -8.444474376489832679e+00
4.174199999496370697e+10 5.319289380237155029e+00 -8.475746118413752583e+00
4.174199999490028381e+10 5.735446213920305958e+00 -8.633314593366327117e+00
4.174199999472181702e+10 5.454747533384918690e+00 -8.330998649383655419e+00
4.174199999474918365e+10 5.455166396316792010e+00 -8.779649189006562437e+00
4.174199999479119110e+10 5.184671004641788983e+00 -8.423133064381604029e+00
4.174199999480971527e+10 5.100885479893186414e+00 -7.981915371442154239e+00
4.174199999443661499e+10 5.070270916567677588e+00 -8.230703436329097400e+00
4.174199999415969849e+10 5.037386177887243299e+00 -8.583226083519848615e+00
4.174199999391371918e+10 5.413467837983876763e+00 -8.573555749503004364e+00
4.174199999390721130e+10 5.645011084966536252e+00 -8.188352274195977998e+00
4.174199999393828583e+10 5.646379666568107858e+00 -8.636759505687983562e+00
4.174199999402158356e+10 5.919910255216260353e+00 -8.983571410393222934e+00
4.174199999419407654e+10 6.273541385921778790e+00 -8.766250428891188662e+00
4.174199999440224457e+10 5.920786661720083721e+00 -8.581139166594327961e+00
4.174199999401181030e+10 5.902453808557700299e+00 -8.803090990744653510e+00
4.174199999381398010e+10 5.621094864598905616e+00 -8.513719807025138309e+00
4.174199999372353363e+10 5.687146733160827416e+00 -8.078412690247111172e+00
4.174199999389305878e+10 5.271190681992862004e+00 -8.095070270010161551e+00
4.174199999376192474e+10 5.511109385965545115e+00 -7.738308291648062998e+00
4.174199999358068848e+10 5.745496988876379163e+00 -8.076320100000897284e+00
4.174199999335701752e+10 5.460820270715481151e+00 -8.342718196198953606e+00
4.174199999351217651e+10 5.857565896445660059e+00 -8.199347732458853955e+00
4.174199999331978607e+10 6.263791051548209587e+00 -8.200748193992030366e+00
4.174199999335344696e+10 6.710751892345723668e+00 -8.167142446005648537e+00
4.174199999334957886e+10 6.981066272230144421e+00 -7.808044210281527064e+00
4.174199999336494446e+10 6.981051196817880999e+00 -7.358822425154111002e+00
4.174199999346402740e+10 6.933168645878804881e+00 -7.794627446216938260e+00
4.174199999371770477e+10 6.950134967060294322e+00 -8.165299413173599419e+00
4.174199999379989624e+10 6.947587789033490502e+00 -8.607198629790678623e+00
4.174199999382618713e+10 7.098899231477029836e+00 -9.029632239446151232e+00
4.174199999337719727e+10 7.087846017993504333e+00 -9.047570025428157692e+00
4.174199999345898438e+10 7.364768657936531682e+00 -8.703097927737218242e+00
4.174199999324462128e+10 7.661549934573590903e+00 -8.442316840949029455e+00
4.174199999282877350e+10 7.501077909513615971e+00 -8.384403728765722263e+00
4.174199999293554688e+10 7.533775116598729227e+00 -8.819795939990509481e+00
4.174199999310462952e+10 7.126521101598455310e+00 -8.906925501609583407e+00
4.174199999301692200e+10 7.542167258295209287e+00 -8.760017185720723631e+00
4.174199999337787628e+10 7.658975411122574073e+00 -9.001065730745079208e+00
4.174199999345023346e+10 7.487102919399159617e+00 -9.410041251371428217e+00
4.174199999379975128e+10 7.674521468348236120e+00 -9.621576307042374765e+00
4.174199999384161377e+10 7.696282955418697114e+00 -9.174574848304301256e+00
4.174199999342747498e+10 7.623362488494183076e+00 -9.015812204632947413e+00
4.174199999364182281e+10 7.363447585150912467e+00 -8.718260806710894428e+00
4.174199999366365814e+10 7.647261615055908734e+00 -9.066124448586537099e+00
4.174199999378942108e+10 7.685783437731132928e+00 -8.636315178588681363e+00
4.174199999408168030e+10 7.347656451885432816e+00 -8.684192857753249228e+00
4.174199999411554718e+10 7.233903780456210519e+00 -8.250661009029679249e+00
4.174199999396080780e+10 6.811928511154139443e+00 -8.256002219140253118e+00
4.174199999407640076e+10 6.950855750809552092e+00 -8.667551876247314269e+00
4.174199999389279938e+10 7.093597818977285918e+00 -9.052195313918344866e+00
4.174199999362310028e+10 7.280562726715522182e+00 -9.359347981523994164e+00
4.174199999330660248e+10 7.285765212905054966e+00 -9.678466116759535609e+00
4.174199999313115692e+10 7.210423888925289404e+00 -1.008538136105808647e+01
4.174199999276758575e+10 7.465394676303804822e+00 -1.015498018914032841e+01
4.174199999255536652e+10 7.118906117674870693e+00 -9.962772792681079181e+00
4.174199999245825195e+10 7.131965090833757515e+00 -1.040144624958101183e+01
4.174199999203142548e+10 7.162619026729323934e+00 -1.053897671661322022e+01
4.174199999229638672e+10 7.258336734688064062e+00 -1.088921859013738569e+01
4.174199999265650940e+10 7.521197014788222113e+00 -1.094623399269821640e+01
4.174199999273473358e+10 7.416308611271898776e+00 -1.137625223371176908e+01
4.174199999236824036e+10 7.432634549858026851e+00 -1.163596914469666643e+01
4.174199999209111023e+10 7.131111530836022006e+00 -1.182122013598944044e+01
4.174199999218464661e+10 6.691955537855566405e+00 -1.184195370319115348e+01
4.174199999175399780e+10 6.685448680253915477e+00 -1.197053689435094093e+01
4.174199999179891205e+10 6.899660384579133776e+00 -1.236313381464994698e+01
4.174199999181966400e+10 6.909280553627353605e+00 -1.191423173729667617e+01
4.174199999179290009e+10 6.666211977367622055e+00 -1.229137566691706418e+01
4.174199999150609589e+10 6.608601118429334953e+00 -1.263263881675426070e+01
4.174199999180682373e+10 6.938393744938229801e+00 -1.268588476734326598e+01
4.174199999172118378e+10 6.852600050746658233e+00 -1.311871420383775444e+01
4.174199999216990662e+10 6.850285130888457807e+00 -1.314482674237112114e+01
4.174199999201065826e+10 6.760358893005540715e+00 -1.273423008656376965e+01
4.174199999211102295e+10 7.102833729365037208e+00 -1.246096300887608166e+01
4.174199999230495453e+10 6.846919393353267047e+00 -1.214642621266490607e+01
4.174199999243337250e+10 6.742411229440535614e+00 -1.172854775475787470e+01
4.174199999261135864e+10 7.143337879948654212e+00 -1.182660822684632151e+01
4.174199999291916656e+10 6.995446332273972168e+00 -1.153434489594307166e+01
4.174199999291529846e+10 6.999189359779560249e+00 -1.108489256150352276e+01
4.174199999298628998e+10 6.835791301728233016e+00 -1.149756340191098225e+01
4.174199999293610382e+10 6.823013802197237077e+00 -1.105107194041464247e+01
4.174199999284376526e+10 6.962520608603607108e+00 -1.146826207273009501e+01
4.174199999279448700e+10 6.973260859574992310e+00 -1.102161610439304695e+01
4.174199999270001984e+10 7.367896042445670091e+00 -1.082828991250875994e+01
4.174199999258932495e+10 7.304707115546816176e+00 -1.125932467765072609e+01
4.174199999276015472e+10 7.329147196231416750e+00 -1.167436214289246088e+01
4.174199999245891571e+10 7.537444979041837634e+00 -1.141378271968332214e+01
4.174199999226634979e+10 7.908755303264721093e+00 -1.124921155674850937e+01
4.174199999214327240e+10 7.790329499383263467e+00 -1.083344310118708265e+01
4.174199999171194458e+10 7.739851207040148395e+00 -1.071748931914666869e+01
4.174199999168322754e+10 7.755339947231742137e+00 -1.026919054098525663e+01
4.174199999198024750e+10 7.418821964156053994e+00 -1.024528526808184914e+01
4.174199999186376953e+10 7.213774323133868904e+00 -9.862631269465564898e+00
4.174199999158712769e+10 7.009181195766365668e+00 -9.573410268662426503e+00
4.174199999137542725e+10 7.398797192266235889e+00 -9.499788208876237761e+00
4.174199999174650574e+10 7.146051624647251188e+00 -9.521109851520277445e+00
4.174199999142788696e+10 7.087920341634694310e+00 -9.832784531032736197e+00
4.174199999135948944e+10 7.212720291579962861e+00 -9.406424505542782200e+00
4.174199999139888763e+10 7.660120099919399905e+00 -9.424250712699127064e+00
4.174199999145064545e+10 7.406302147700877470e+00 -9.791584109735461894e+00
4.174199999141687012e+10 7.115994336496141770e+00 -9.450091858255264654e+00
4.174199999165468597e+10 7.481528454377312620e+00 -9.341171593903419890e+00
4.174199999186685944e+10 7.376428042510671190e+00 -8.959109447712719998e+00
4.174199999167533875e+10 7.071268091377199028e+00 -8.690346798015879060e+00
4.174199999205232239e+10 7.294354335239116693e+00 -8.589589748455113138e+00
4.174199999247139740e+10 7.235787114246444496e+00 -8.438000748551559127e+00
4.174199999202726746e+10 7.216845053580577485e+00 -8.504507398636929949e+00
4.174199999206489563e+10 7.346121801056804124e+00 -8.933352579317833886e+00
4.174199999175778961e+10 7.066559386947794508e+00 -8.761407187171021960e+00
4.174199999169866180e+10 7.477826468589936937e+00 -8.589943892156897576e+00
4.174199999181987762e+10 7.482244798371764816e+00 -8.157134934933107928e+00
4.174199999198655701e+10 7.529772453322404857e+00 -8.571858411265598221e+00
4.174199999175367737e+10 7.816515292164400996e+00 -8.827948552767653112e+00
4.174199999164325714e+10 7.875837522291639914e+00 -9.259602111505254030e+00
4.174199999137964630e+10 7.560070390070756652e+00 -9.078393043177559463e+00
4.174199999126788330e+10 7.433107784568556475e+00 -8.661947832654623980e+00
4.174199999097693634e+10 7.442728521766116323e+00 -8.319466522551586252e+00
4.174199999085937500e+10 7.181833875361889774e+00 -8.666092897946304774e+00
4.174199999085232544e+10 7.243125173649932691e+00 -9.111323227041676631e+00
4.174199999097634888e+10 7.625429581537368939e+00 -9.312565940064498449e+00
4.174199999082001495e+10 7.943872458327770225e+00 -9.588593159824752021e+00
4.174199999093002319e+10 7.621143547413390174e+00 -9.295708745666214412e+00
4.174199999092570496e+10 7.558128435542545098e+00 -9.740733270564110313e+00
4.174199999093710327e+10 7.613665142083591242e+00 -9.294838492904796468e+00
4.174199999075546265e+10 7.292891658979893776e+00 -9.552029539220605159e+00
4.174199999073323059e+10 7.292830478381074677e+00 -1.000096400871492364e+01
4.174199999076162720e+10 6.914211228949861621e+00 -9.760386669286940986e+00
4.174199999105670166e+10 6.575239531964458983e+00 -9.752251257476393320e+00
4.174199999112380981e+10 6.714351500584042398e+00 -9.330136706375679267e+00
4.174199999076847839e+10 6.967317540346829041e+00 -9.438690813655005840e+00
4.174199999051441193e+10 6.926615670166440530e+00 -9.070137057713672846e+00
4.174199999050611115e+10 6.936311583557802862e+00 -9.519440312572852392e+00
4.174199999079300690e+10 7.257733354950853588e+00 -9.391314781172951598e+00
4.174199999112777710e+10 7.503609098948744283e+00 -9.219527758086645264e+00
4.174199999142913055e+10 7.639079080049556048e+00 -8.914782587109082002e+00
4.174199999142661285e+10 7.643762847524266490e+00 -8.465329511695294684e+00
4.174199999149285889e+10 8.020880709432271161e+00 -8.229894889148576809e+00
4.174199999145880127e+10 7.620642110465078112e+00 -8.028187916158920245e+00
4.174199999167994690e+10 7.631887952065937952e+00 -7.637030339381502664e+00
4.174199999175234985e+10 7.584953966840628503e+00 -8.078156041346447935e+00
4.174199999144993591e+10 7.878120993664841976e+00 -8.235109376431523742e+00
4.174199999101152039e+10 7.785096531750510529e+00 -8.200849290382151935e+00
4.174199999097337341e+10 7.779831000460169399e+00 -8.648680924070539788e+00
4.174199999084128571e+10 7.396660759263953722e+00 -8.843026238054097377e+00
4.174199999123674011e+10 7.610178378444073743e+00 -8.850989600412841440e+00
4.174199999123839569e+10 7.607122046459576126e+00 -9.300460706573872471e+00
4.174199999117895508e+10 7.350461337886865287e+00 -8.936278721105104239e+00
4.174199999075749207e+10 7.385946381841197450e+00 -9.088426601158058560e+00
4.174199999045618439e+10 7.183225032920767639e+00 -9.353294738817965026e+00
4.174199999029695892e+10 7.139621420439535626e+00 -8.935225749250491845e+00
4.174199999027455139e+10 7.247775282864494351e+00 -8.499522787641648591e+00
4.174199999037128448e+10 6.981075692198897897e+00 -8.150882087553734223e+00
4.174199999035368347e+10 6.977618010902645551e+00 -8.600008486793960572e+00
4.174199999079279327e+10 6.986834907195571986e+00 -8.504420099335648686e+00
4.174199999040457153e+10 6.760450714983086584e+00 -8.495922173402124855e+00
4.174199999026815796e+10 6.918639182043008873e+00 -8.097923286709775681e+00
4.174199999027700806e+10 6.912653868515827860e+00 -7.648565758365499789e+00
4.174199999060139465e+10 7.019257673589210711e+00 -7.356254160928576979e+00
4.174199999063098907e+10 6.582232428025679205e+00 -7.457096780402848957e+00
4.174199999100779724e+10 6.579905270535076234e+00 -7.702141418903978298e+00
4.174199999079405212e+10 6.757951672508904828e+00 -7.349082761471607661e+00
4.174199999100193024e+10 7.156477709513219487e+00 -7.349738681912636018e+00
4.174199999108209991e+10 6.745077112008801556e+00 -7.512090781023489150e+00
4.174199999095837402e+10 6.842343303367715457e+00 -7.091059119113549691e+00
4.174199999100128937e+10 6.963063382979956195e+00 -6.660220950064924317e+00
4.174199999077396393e+10 6.770081542232910365e+00 -6.996549352725130788e+00
4.174199999099323273e+10 7.162132500456106499e+00 -6.980659217007066708e+00
4.174199999127351379e+10 7.254683659020217945e+00 -6.641668035286342864e+00
4.174199999139095306e+10 6.826239845316934840e+00 -6.710083329083081694e+00
4.174199999143656921e+10 6.533474519913238687e+00 -7.048083284455000985e+00
4.174199999150260925e+10 6.524419618676799537e+00 -7.492597649653696124e+00
4.174199999152560425e+10 6.559215434929876132e+00 -7.940142919349476358e+00
4.174199999157312775e+10 6.849187893606866417e+00 -8.280281167132919506e+00
4.174199999154479218e+10 6.825565680898087351e+00 -7.832312914061744458e+00
4.174199999174663544e+10 7.223872050203913986e+00 -7.883759364088732013e+00
4.174199999132793427e+10 7.060910217688340040e+00 -7.870661130182131870e+00
4.174199999170708466e+10 6.918665553983116112e+00 -7.675596837400073369e+00
4.174199999166734314e+10 7.000099329753320276e+00 -7.235340992685220129e+00
4.174199999194709015e+10 6.786157262285981595e+00 -7.514639267323726557e+00
4.174199999186501312e+10 6.363237031596546522e+00 -7.386427692668245726e+00
4.174199999224516296e+10 6.602760960445337446e+00 -7.374252569687826941e+00
4.174199999194818115e+10 6.939712850527225640e+00 -7.391651128492947365e+00
4.174199999193263245e+10 6.901943800735574008e+00 -6.944026301192817385e+00
4.174199999183030701e+10 6.702414519072091181e+00 -6.554469755608070436e+00
4.174199999183953857e+10 6.350691303101961616e+00 -6.274752259967434576e+00
4.174199999180495453e+10 6.094511690918992919e+00 -5.907039861740339681e+00
4.174199999171095276e+10 5.658993344326704644e+00 -5.847680447735434939e+00
4.174199999183676910e+10 5.411177920385482842e+00 -5.494419538115288937e+00
4.174199999171199036e+10 5.431980930701016064e+00 -5.063104149417602784e+00
4.174199999157436371e+10 5.819219583153018682e+00 -5.245154448344532483e+00
4.174199999166851044e+10 5.686461027252783573e+00 -4.826170882820391306e+00
4.174199999189099121e+10 6.068798289184981876e+00 -4.746438169137694452e+00
4.174199999157048798e+10 5.836606226226150440e+00 -4.533363083847365971e+00
4.174199999150744629e+10 5.684642447911546270e+00 -4.951655675917353783e+00
4.174199999182582855e+10 5.375407666645632077e+00 -5.022684284551454326e+00
4.174199999225537872e+10 5.264781261349509300e+00 -4.949976194829933007e+00
4.174199999185806274e+10 5.464037668171484619e+00 -5.016841847442695013e+00
4.174199999185296631e+10 5.507480355875807199e+00 -4.569490598791944969e+00
4.174199999187941742e+10 5.058821668031971086e+00 -4.575989792212379115e+00
4.174199999187888336e+10 4.657625814726514157e+00 -4.778666748470962844e+00
4.174199999180540466e+10 4.683094940982936549e+00 -4.335960696699225458e+00
4.174199999184347534e+10 4.939635642016385830e+00 -4.703076589761833404e+00
4.174199999146925354e+10 5.000531538074226567e+00 -4.461654285625117566e+00
4.174199999105689240e+10 4.908712123963077545e+00 -4.615158820591976685e+00
4.174199999097699738e+10 4.980767394770395207e+00 -4.178740607073729407e+00
4.174199999110757446e+10 4.891976090033126390e+00 -3.757905584017344758e+00
4.174199999112146759e+10 4.893231159836776811e+00 -3.308637465154946611e+00
4.174199999099568939e+10 4.917810717225627570e+00 -2.877810444671302648e+00
4.174199999085301208e+10 4.836114428941523435e+00 -2.459474453167469044e+00
4.174199999127046204e+10 4.996619084127942756e+00 -2.414655913120849373e+00
4.174199999136528015e+10 5.033205245060307753e+00 -2.852499972322072086e+00
4.174199999134248352e+10 4.592314476504572696e+00 -2.768048972873741409e+00
4.174199999128185272e+10 4.910887438999802512e+00 -3.079291160971304731e+00
4.174199999134508514e+10 5.349496472795422619e+00 -3.004059149810697882e+00
4.174199999162359619e+10 5.110732291285896345e+00 -3.263790516572058209e+00
4.174199999180010223e+10 4.901040778808637199e+00 -3.620034999613559012e+00
4.174199999163146973e+10 4.791837424331190753e+00 -4.022121540294996578e+00
4.174199999153656006e+10 4.352490029383154102e+00 -4.020369628305568988e+00
4.174199999148511505e+10 4.211180045047493437e+00 -3.596788544870365811e+00
4.174199999188655853e+10 4.140052803525731129e+00 -3.786045520208244586e+00
4.174199999183996582e+10 4.171720603246190429e+00 -4.231985873599791503e+00
4.174199999195469666e+10 3.837886369920684881e+00 -3.953728348594520270e+00
4.174199999238883972e+10 3.854003633570961096e+00 -3.838429690651708803e+00
4.174199999234527588e+10 3.858040287055660933e+00 -4.285779773320817831e+00
4.174199999261956024e+10 3.593901470048741942e+00 -4.524597779460453495e+00
4.174199999285791779e+10 3.863838786902632716e+00 -4.793586932814581480e+00
4.174199999242375183e+10 3.786775878237350845e+00 -4.880755474965273066e+00
4.174199999263907623e+10 3.914336524567290976e+00 -5.254119437504096268e+00
4.174199999256386566e+10 4.155766240800415012e+00 -5.625726491706790178e+00
4.174199999259240723e+10 4.562219653416939913e+00 -5.435944009910635977e+00
4.174199999276551819e+10 4.971398708724780846e+00 -5.504071042361863064e+00
4.174199999253185272e+10 5.181768477183197774e+00 -5.182849915308518796e+00
4.174199999240931702e+10 5.384475825335440113e+00 -5.564859378671569878e+00
4.174199999272492981e+10 5.701453554923611833e+00 -5.520683027615348237e+00
4.174199999240130615e+10 5.918141220892492171e+00 -5.745075352158290904e+00
4.174199999239505768e+10 5.803041460855713041e+00 -5.310622461459607813e+00
4.174199999242392731e+10 5.842768881571513973e+00 -5.757416174459145886e+00
4.174199999269225311e+10 5.982260739137993610e+00 -6.089949169471257306e+00
4.174199999249754333e+10 6.288783723718783136e+00 -5.825057561741022738e+00
4.174199999252397919e+10 6.266287287579926257e+00 -5.376915609857734424e+00
4.174199999282755280e+10 6.210158134626184712e+00 -5.703607015992873563e+00
4.174199999271474457e+10 6.225210120705104266e+00 -6.138445304996377416e+00
4.174199999226777649e+10 6.217926067111675614e+00 -6.091490374164194144e+00
4.174199999192275238e+10 6.505471634934753666e+00 -6.073794208378797244e+00
4.174199999176779175e+10 6.816839514812477852e+00 -6.358528733397649013e+00
4.174199999152964783e+10 7.041930456454552179e+00 -6.050862929614887697e+00
4.174199999164998627e+10 7.359101778109850223e+00 -6.345748056208006638e+00
4.174199999191838837e+10 7.604593811939388992e+00 -6.081682774404650438e+00
4.174199999231849670e+10 7.563367939311900656e+00 -5.881055428385014494e+00
4.174199999244608307e+10 7.380865225705222521e+00 -6.271505461097349077e+00
4.174199999227443695e+10 7.620026789379048537e+00 -5.931834845829834890e+00
4.174199999229003906e+10 7.899626654558672634e+00 -6.283426593643644864e+00
4.174199999225508881e+10 7.911749637782167888e+00 -6.731386396480315781e+00
4.174199999250495148e+10 7.821553017299676114e+00 -6.368798637191202872e+00
4.174199999265192413e+10 8.240015098032069218e+00 -6.295832694717335087e+00
4.174199999260790253e+10 8.328016722803651462e+00 -5.857250508334809425e+00
4.174199999260589600e+10 8.386334152864829861e+00 -5.411569681736998483e+00
4.174199999263396454e+10 8.337395839197338177e+00 -5.857499805471301890e+00
4.174199999301748657e+10 8.563830618008850593e+00 -5.918094433149082789e+00
4.174199999323899078e+10 8.874015362883550750e+00 -5.679856704925504651e+00
4.174199999347722626e+10 8.513353693867310668e+00 -5.556555950127171073e+00
4.174199999305140686e+10 8.455535812868195222e+00 -5.424752843381678069e+00
4.174199999275415039e+10 8.351959230017731883e+00 -5.103902756688597719e+00
4.174199999257783508e+10 8.014454187088782433e+00 -5.342731931165633164e+00
4.174199999291436005e+10 8.154786292351476007e+00 -5.079869493860448060e+00
4.174199999282019806e+10 8.433455920541700124e+00 -4.739996766315676346e+00
4.174199999297060394e+10 8.145302698880708903e+00 -4.429541230197910018e+00
4.174199999330338287e+10 8.378927671540667532e+00 -4.237936525296492007e+00
4.174199999374740601e+10 8.444509783224058097e+00 -4.213845536226322963e+00
4.174199999376467133e+10 8.465283861499035112e+00 -4.662517686627558611e+00
4.174199999366736603e+10 8.692475300495781099e+00 -4.287081640189465581e+00
4.174199999405227661e+10 8.549758771647494981e+00 -4.470150956887824378e+00
4.174199999448358917e+10 8.669796144418931760e+00 -4.430179197556541659e+00
4.174199999455516052e+10 8.838140063107836397e+00 -4.840756509114215511e+00
4.174199999455500031e+10 8.837875470818406853e+00 -5.290240938935951043e+00
4.174199999492259979e+10 8.627678475552380988e+00 -5.440986521096635720e+00
4.174199999474546814e+10 9.032128571209305790e+00 -5.356833459131983055e+00
4.174199999449050903e+10 8.967085920124480580e+00 -4.992412364171861405e+00
4.174199999436408234e+10 9.184987450951085819e+00 -5.364663083073581085e+00
4.174199999442652893e+10 8.986850778541006335e+00 -5.763258631701792645e+00
4.174199999415208435e+10 9.310070441486377746e+00 -5.614114148289576889e+00
4.174199999391543579e+10 9.678038873953250132e+00 -5.510993248801629107e+00
4.174199999401381683e+10 9.439238375830361960e+00 -5.143118394071093391e+00
4.174199999402834320e+10 9.339272028663557990e+00 -4.705131966959108958e+00
4.174199999421527100e+10 9.655314093606476078e+00 -4.445878173528472033e+00
4.174199999440188599e+10 9.336585319333497779e+00 -4.702050910181987398e+00
4.174199999444440460e+10 9.406721102873977003e+00 -4.260112472904715730e+00
4.174199999461005402e+10 9.637645483499669652e+00 -4.608353236509846518e+00
4.174199999479103851e+10 9.454683926954515982e+00 -4.239835435700461730e+00
4.174199999466712189e+10 9.022634164812807001e+00 -4.243605964526826924e+00
4.174199999497333527e+10 8.812409675970462430e+00 -3.990476715279533071e+00
4.174199999479010773e+10 8.845438882706726957e+00 -4.399590869348518396e+00
4.174199999476926422e+10 9.237525489111527932e+00 -4.180798573395496653e+00
4.174199999473788452e+10 9.247983316941391863e+00 -3.732532526086460578e+00
4.174199999470629883e+10 9.268478989952749103e+00 -3.284627880483280915e+00
4.174199999427619171e+10 9.183956997843228720e+00 -3.185120606456975700e+00
4.174199999405765533e+10 9.126402133495753688e+00 -3.573663319057418075e+00
4.174199999441521454e+10 9.366478754097020243e+00 -3.445002891942281931e+00
4.174199999476663208e+10 9.640128327340939052e+00 -3.384541841249006922e+00
4.174199999448674774e+10 9.847656910819377885e+00 -3.100579810777312151e+00
4.174199999452851868e+10 1.007780430234567248e+01 -3.484407563866783075e+00
4.174199999412792969e+10 1.002985017028112047e+01 -3.286257087723157611e+00
4.174199999392772675e+10 9.814094199820740272e+00 -3.625970908930942649e+00
4.174199999403803253e+10 1.009034729103614758e+01 -3.288994571725551985e+00
4.174199999396755219e+10 9.949680275733012280e+00 -3.710042304642002797e+00
4.174199999419673157e+10 9.760250553258751793e+00 -3.372950847773927396e+00
4.174199999428517914e+10 1.013781306002841376e+01 -3.600240158933147416e+00
4.174199999450238037e+10 9.812542566077453898e+00 -3.821731647402936360e+00
4.174199999418843079e+10 9.855594611084343981e+00 -3.502958588973642318e+00
4.174199999402334595e+10 9.702043563634255463e+00 -3.891808458402773674e+00
4.174199999414407349e+10 9.798672626283861931e+00 -3.469759966967175036e+00
4.174199999418738556e+10 1.016988946951325090e+01 -3.220043693833369858e+00
4.174199999374297333e+10 1.023318130167097095e+01 -3.243054659701984921e+00
4.174199999397842407e+10 1.059511942060714951e+01 -3.367950774403118963e+00
4.174199999391857910e+10 1.078102277918795693e+01 -2.963111595269600773e+00
4.174199999418621063e+10 1.112381220065494247e+01 -2.849516510864972041e+00
4.174199999411820984e+10 1.125361083279990027e+01 -2.424587738108110901e+00
4.174199999426775360e+10 1.100694587659357460e+01 -2.079870637370936137e+00
4.174199999427026367e+10 1.122539841369282598e+01 -1.687049398791714339e+00
4.174199999452508545e+10 1.158666946185745061e+01 -1.605890331760380096e+00
4.174199999444685364e+10 1.151994775817127703e+01 -1.168324262957478599e+00
4.174199999469712067e+10 1.114964818131993418e+01 -1.216088761615466529e+00
4.174199999469430542e+10 1.103959204669751415e+01 -1.651882360896381963e+00
4.174199999510943604e+10 1.110984758955659046e+01 -1.809263510575969125e+00
4.174199999499214935e+10 1.091879042664043098e+01 -1.419676916878126471e+00
4.174199999476877594e+10 1.052997098611685445e+01 -1.388688744674245301e+00
4.174199999469548035e+10 1.073993785179903249e+01 -1.779301050417120944e+00
4.174199999434957123e+10 1.091010976842676605e+01 -2.010441496702070729e+00
4.174199999421213531e+10 1.064164776389698730e+01 -1.677160740183390120e+00
4.174199999441923523e+10 1.069388744644062506e+01 -1.281663967391393211e+00
4.174199999431791687e+10 1.065681696706662862e+01 -1.718009162518330246e+00
4.174199999400343323e+10 1.073400253614303246e+01 -1.406277400067049488e+00
4.174199999427733612e+10 1.040915462791881652e+01 -1.259694411497838118e+00
4.174199999389261627e+10 1.057431101497451031e+01 -1.096140176058346238e+00
4.174199999391226196e+10 1.054740776165538563e+01 -1.544388516264954436e+00
4.174199999407276917e+10 1.042543750454597351e+01 -1.142646132864982622e+00
4.174199999406095123e+10 1.023608753831207707e+01 -1.550130136857488461e+00
4.174199999403311920e+10 1.014010818338236852e+01 -1.988364960467203790e+00
4.174199999374367523e+10 9.923041428314519408e+00 -2.255090690487816296e+00
4.174199999411286163e+10 1.004925841893770588e+01 -2.031911556302303801e+00
4.174199999413443756e+10 1.001765138528000953e+01 -1.584058994298571221e+00
4.174199999446089172e+10 9.860773028546651275e+00 -1.850244244688151518e+00
4.174199999477490997e+10 9.868223822369341036e+00 -1.528730402841908198e+00
4.174199999477355194e+10 1.011064241299510869e+01 -1.150223161871551492e+00
4.174199999492047882e+10 1.027552859687362208e+01 -1.541708112456468438e+00
4.174199999468497467e+10 1.011178911335730035e+01 -1.887777222161680646e+00
4.174199999460364532e+10 9.954601365113434852e+00 -2.300953341512135708e+00
4.174199999436904144e+10 1.033594059502105900e+01 -2.261211189182636527e+00
4.174199999459214783e+10 1.030070544334737725e+01 -2.649821914657096933e+00
4.174199999500313568e+10 1.012028181844898533e+01 -2.625864445980572448e+00
4.174199999468453217e+10 1.043509955061407446e+01 -2.588237570796516174e+00
4.174199999469776917e+10 1.040461517811179171e+01 -3.036491737527006407e+00
4.174199999472685242e+10 1.079368237326876567e+01 -3.259689864581541752e+00
4.174199999466023254e+10 1.056513343563398344e+01 -2.878424092304339155e+00
4.174199999431147766e+10 1.065223464628099137e+01 -2.608568182153367498e+00
4.174199999429703522e+10 1.071218500827545128e+01 -3.053802749104148173e+00
4.174199999451610565e+10 1.105533329540916476e+01 -2.863293844132882349e+00
4.174199999447474670e+10 1.087672845900777041e+01 -3.273690972263630261e+00
4.174199999448568726e+10 1.049583308153326655e+01 -3.512092509862441148e+00
4.174199999477370453e+10 1.054034780469423893e+01 -3.169891602456115010e+00
4.174199999433195496e+10 1.062167820907584215e+01 -3.153158223289848738e+00
4.174199999454055023e+10 1.025100043218367851e+01 -3.007824073658686093e+00
4.174199999441501617e+10 1.042732478277046226e+01 -3.401762027803087118e+00
4.174199999410810089e+10 1.065517863594982906e+01 -3.165280146340765377e+00
4.174199999398433685e+10 1.085589886881101762e+01 -3.547942486928182149e+00
4.174199999402231598e+10 1.100926823986288383e+01 -3.968741119429964215e+00
4.174199999386751556e+10 1.059031512898952343e+01 -3.918225130404137335e+00
4.174199999392250824e+10 1.085675441339465941e+01 -3.560423179973493113e+00
4.174199999391541290e+10 1.088462210975618483e+01 -4.008986899780565771e+00
4.174199999383497620e+10 1.095845887019095066e+01 -3.572965785268227723e+00
4.174199999387207794e+10 1.117792780167206246e+01 -3.963469438552663870e+00
4.174199999417514801e+10 1.137976156165305852e+01 -4.227002173758068970e+00
4.174199999426125336e+10 1.180038352987909001e+01 -4.360041756406963565e+00
4.174199999400556946e+10 1.143213342966711998e+01 -4.327568189983136193e+00
4.174199999389265442e+10 1.165660210879797276e+01 -3.954874334053866125e+00
4.174199999356812286e+10 1.136044641038604652e+01 -4.049775274730453845e+00
4.174199999367941284e+10 1.156185356133742559e+01 -3.663658233814094611e+00
4.174199999351511383e+10 1.153662766313248156e+01 -4.081276894150149381e+00
4.174199999375574493e+10 1.188386778769348773e+01 -4.234756691780666493e+00
4.174199999364987183e+10 1.164614218354898689e+01 -3.868267720902096585e+00
4.174199999404743958e+10 1.144376900845221456e+01 -3.813276058377970568e+00
4.174199999427987671e+10 1.111724326906599636e+01 -4.016726035552410146e+00
4.174199999416748810e+10 1.091765979181063706e+01 -3.629982012059982832e+00
4.174199999456633759e+10 1.071243665486521301e+01 -3.601057545133342419e+00
4.174199999469697571e+10 1.085448044624646435e+01 -3.195110157741911205e+00
4.174199999427571869e+10 1.091708890689531231e+01 -3.338845952600502986e+00
4.174199999415516663e+10 1.068135596307735113e+01 -2.975620452916510228e+00
4.174199999400852966e+10 1.057279003651628102e+01 -2.564830802078549077e+00
4.174199999401268768e+10 1.048979946968218790e+01 -3.006567821549112285e+00
4.174199999426790619e+10 1.043173212214856704e+01 -2.641153694402173180e+00
4.174199999428096008e+10 1.045746479752823888e+01 -2.192596177966669835e+00
4.174199999440766144e+10 1.088731589952123358e+01 -2.157791103095548113e+00
4.174199999426017761e+10 1.054334616801420843e+01 -1.908855576854450620e+00
4.174199999423688507e+10 1.049128200910746145e+01 -1.463004757550494972e+00
4.174199999442810059e+10 1.084498836959211054e+01 -1.262098286566761596e+00
4.174199999463411713e+10 1.089229678412797675e+01 -1.658778829740908067e+00
4.174199999473362732e+10 1.092021731263288409e+01 -1.221338725608522413e+00
4.174199999479933167e+10 1.119671943447155193e+01 -1.569571784347020493e+00
4.174199999469396210e+10 1.110868340699563817e+01 -1.997570210609833641e+00
4.174199999503365326e+10 1.130302229941276693e+01 -2.218658317217367060e+00
4.174199999520590973e+10 1.161013606485590621e+01 -2.498023976317057304e+00
4.174199999503948975e+10 1.120219810554505990e+01 -2.408987211359156166e+00
4.174199999497232056e+10 1.096941415259305153e+01 -2.787585247416260348e+00
4.174199999514294434e+10 1.093607448676404559e+01 -2.373083679775420229e+00
4.174199999510835266e+10 1.087670298380956702e+01 -1.928882633953427295e+00
4.174199999511585999e+10 1.087720453604099546e+01 -2.378304249434168405e+00
4.174199999486911774e+10 1.052658653047540405e+01 -2.513297663367203505e+00
4.174199999511964417e+10 1.040884593039743322e+01 -2.159166165844625951e+00
4.174199999548799133e+10 1.049121812109529372e+01 -2.403244570293740612e+00
4.174199999580319977e+10 1.025505230487658714e+01 -2.186664543889523138e+00
4.174199999594178009e+10 1.030472401907259972e+01 -1.761971070631943581e+00
4.174199999589766693e+10 1.070084429574374951e+01 -1.554174945195567537e+00
4.174199999598957825e+10 1.098199845612206538e+01 -1.215736195155965760e+00
4.174199999584887695e+10 1.096096082679724226e+01 -7.893591390964038723e-01
4.174199999611817932e+10 1.108977625942556600e+01 -1.125391049470485294e+00
4.174199999590857697e+10 1.107693831493850212e+01 -7.279770066335780054e-01
4.174199999559372711e+10 1.111257907039323456e+01 -4.091711074032117756e-01
4.174199999556163788e+10 1.105466260968182191e+01 3.541019433862152566e-02
4.174199999517092896e+10 1.126916792705106118e+01 -2.264506448330369515e-02
4.174199999504623413e+10 1.098504049994496334e+01 -3.478508489141133309e-01
4.174199999538770294e+10 1.090473536673175659e+01 -6.288948696048966003e-01
4.174199999566262817e+10 1.085445832803069344e+01 -2.768649564608463010e-01
4.174199999546147156e+10 1.051978021456883994e+01 -4.994893269596674124e-01
4.174199999557916260e+10 1.076437666780078928e+01 -8.577605405263368787e-01
4.174199999535320282e+10 1.081895132960888439e+01 -4.730545640581006461e-01
4.174199999537565613e+10 1.124293042915222074e+01 -3.254948244284354142e-01
4.174199999496931458e+10 1.121587829552179727e+01 -1.352504189253700140e-01
4.174199999494512177e+10 1.121938082675353598e+01 -5.840697374076568860e-01
4.174199999470102692e+10 1.129417157894014601e+01 -9.540166142975518015e-01
4.174199999481044006e+10 1.124662411829280373e+01 -5.206519558074880205e-01
4.174199999498123169e+10 1.165728427170314241e+01 -5.856591607604443306e-01
4.174199999498008728e+10 1.137944640395194185e+01 -9.389878336138894888e-01
4.174199999463461304e+10 1.137768990514342526e+01 -1.226526445909521978e+00
4.174199999446823120e+10 1.166629086478799948e+01 -9.247615454162885218e-01
4.174199999432093048e+10 1.124906649528734981e+01 -1.003897526789095718e+00
4.174199999390705872e+10 1.125392246564966570e+01 -1.179183268219702319e+00
4.174199999382349396e+10 1.161417881963159537e+01 -1.434660089140855410e+00
4.174199999373439789e+10 1.159433588049377484e+01 -9.945407774836276804e-01
4.174199999411778259e+10 1.137727237023951510e+01 -9.054525229984461410e-01
4.174199999417559052e+10 1.182107487329429496e+01 -9.470965091804520730e-01
4.174199999392719269e+10 1.206264642613827931e+01 -1.233414457457246982e+00
4.174199999430760956e+10 1.183653120242371060e+01 -1.312084752959174594e+00
4.174199999473889160e+10 1.171614425177329188e+01 -1.272888203714569899e+00
4.174199999495859528e+10 1.161771034880005971e+01 -8.933142928242155945e-01
4.174199999488533783e+10 1.132654418323255285e+01 -1.227817352296508790e+00
4.174199999490904236e+10 1.090085365961267705e+01 -1.085473006167707588e+00
4.174199999490311432e+10 1.075659070530577033e+01 -6.598095637406099501e-01
4.174199999462196350e+10 1.072023931815442488e+01 -3.109968219303227421e-01
4.174199999499371338e+10 1.057360176240966076e+01 -1.052413561676449894e-01
4.174199999519887543e+10 1.035368658636672556e+01 -4.392810473592867471e-01
4.174199999545922852e+10 1.055175582835967418e+01 -7.475339509844594055e-01
4.174199999551681519e+10 1.079872215596120277e+01 -3.764172411854969647e-01
4.174199999560998535e+10 1.089265807225991267e+01 5.315451600151377409e-02
4.174199999596517944e+10 1.092517177203256296e+01 3.266789748066493693e-01
4.174199999605957794e+10 1.063269286763127575e+01 -1.316654788060422909e-03
4.174199999634948730e+10 1.045293210423061403e+01 -2.940210715941998787e-01
4.174199999643202209e+10 1.046559792573614622e+01 1.476391434173066619e-01
4.174199999658551025e+10 1.052983001667327301e+01 5.651945821714929874e-01
4.174199999685365295e+10 1.080463065988964999e+01 7.989015150013617506e-01
4.174199999661772919e+10 1.102142924499763232e+01 4.836631114919818786e-01
4.174199999705823517e+10 1.110567674996375409e+01 5.135884589321781935e-01
4.174199999707080078e+10 1.108862363179849986e+01 6.460340593494545702e-02
4.174199999746252441e+10 1.130644042165538643e+01 9.839839625603505335e-02
4.174199999780303192e+10 1.109715351044346043e+01 3.040433988226339812e-01
4.174199999793453217e+10 1.090717527161761069e+01 -8.151171774834525818e-02
4.174199999756678772e+10 1.084946294711687642e+01 1.704148330718406323e-01
4.174199999788434601e+10 1.095740691912174114e+01 4.696529902205230922e-01
4.174199999772984314e+10 1.095892816334500885e+01 4.755831479762456793e-02
4.174199999778570557e+10 1.084920777404043690e+01 4.798513967523985180e-01
4.174199999767723083e+10 1.088407793170289040e+01 9.146541884222273433e-01
4.174199999725238800e+10 1.102674214457828761e+01 8.801123114589454177e-01
4.174199999721875000e+10 1.101596126536095177e+01 4.320180239465398198e-01
4.174199999739778137e+10 1.087276339097051547e+01 8.186411282582115589e-01
4.174199999705249786e+10 1.115429012380431395e+01 8.782930347067399168e-01
4.174199999729853821e+10 1.117463350194561755e+01 5.026782899710616759e-01
4.174199999717450714e+10 1.140819977252608375e+01 1.392243485844351092e-01
4.174199999717559814e+10 1.140142314750576347e+01 5.886564819834292361e-01
4.174199999701141357e+10 1.175581013640991479e+01 8.111199595534457352e-01
4.174199999661539459e+10 1.171279244152060706e+01 6.028992348951953684e-01
4.174199999663783264e+10 1.126462645275511321e+01 5.768173957499481697e-01
4.174199999682154846e+10 1.093460230144890311e+01 8.204768407278891784e-01
4.174199999667134094e+10 1.090839783189988310e+01 3.976443581098750846e-01
4.174199999622844696e+10 1.097285606528656210e+01 3.561075068890294792e-01
4.174199999631562042e+10 1.091268750125728992e+01 -8.071792232505126119e-02
4.174199999638952637e+10 1.075857437097241842e+01 3.350022201492183771e-01
4.174199999673851776e+10 1.079967314083872765e+01 6.152783980514291429e-01
4.174199999671131134e+10 1.108458649565176479e+01 2.686941343420044537e-01
4.174199999682415771e+10 1.115743246360003482e+01 -1.602530390751989442e-01
4.174199999701390076e+10 1.144412093805488695e+01 1.293069566995779796e-01
4.174199999712654114e+10 1.106350534868393076e+01 -8.159624331059692204e-02
4.174199999729738617e+10 1.117440237747568155e+01 -4.822838737990424729e-01
4.174199999694879150e+10 1.090219962218176875e+01 -4.021491022433656415e-01
4.174199999706988525e+10 1.131677436977161477e+01 -2.776500344692183209e-01
4.174199999665984344e+10 1.133763028818813545e+01 -4.605835016260489412e-01
4.174199999645806885e+10 1.151728464166194499e+01 -1.013498398678015500e-01
4.174199999645664215e+10 1.151025475214564864e+01 -5.507771354344952464e-01
4.174199999644414520e+10 1.131099535273683898e+01 -9.534876764838710050e-01
4.174199999644058228e+10 1.113377883541670776e+01 -1.366546955393671103e+00
4.174199999602964020e+10 1.116903722318527947e+01 -1.545210727656352256e+00
4.174199999574737549e+10 1.141555605860544276e+01 -1.793390750832211333e+00
4.174199999530506897e+10 1.147177779215735605e+01 -1.736460544058944899e+00
4.174199999541365051e+10 1.174074122158736699e+01 -2.079834267848194251e+00
4.174199999580930328e+10 1.193119650459698278e+01 -1.983806710896607761e+00
4.174199999597433472e+10 1.180626002932218555e+01 -1.584817236750227565e+00
4.174199999610939026e+10 1.146597513755662590e+01 -1.845590359750056697e+00
4.174199999602227020e+10 1.147138528945449387e+01 -1.404662103768034243e+00
4.174199999633918762e+10 1.123872264983020131e+01 -1.622528058075861646e+00
4.174199999591439819e+10 1.115902371826347306e+01 -1.745973543360132441e+00
4.174199999591460419e+10 1.115877791338750313e+01 -1.296489122745094313e+00
4.174199999568738556e+10 1.126263393015321235e+01 -9.228290285620264211e-01
4.174199999609967804e+10 1.108363938196146314e+01 -9.195312251760142663e-01
4.174199999619410706e+10 1.099649350963297678e+01 -1.350257420879541259e+00
4.174199999592784882e+10 1.135839260770272752e+01 -1.337105441245155291e+00
4.174199999625836945e+10 1.128864895610197117e+01 -1.633633971869490997e+00
4.174199999642458344e+10 1.159839625414534225e+01 -1.913753346507083730e+00
4.174199999662831116e+10 1.158301086487819020e+01 -2.314120343815543990e+00
4.174199999664228058e+10 1.153936853957028497e+01 -2.761263002619100071e+00
4.174199999656925201e+10 1.172646501928832485e+01 -3.163380391174385409e+00
4.174199999647376251e+10 1.214838602952965729e+01 -3.041313004624055072e+00
4.174199999653242493e+10 1.212008805333643835e+01 -2.596572665730167984e+00
4.174199999653059387e+10 1.209379426508562361e+01 -2.147861597554996393e+00
4.174199999646585846e+10 1.179585785461317293e+01 -2.478134187068119054e+00
4.174199999640105438e+10 1.212966344528883766e+01 -2.184177566563613837e+00
4.174199999633190918e+10 1.238283051383632838e+01 -1.819264350289852228e+00
4.174199999631777191e+10 1.240457990084447459e+01 -2.267999737860177056e+00
4.174199999633431244e+10 1.247944288479825126e+01 -2.710897388609521563e+00
4.174199999661260986e+10 1.227389507681491310e+01 -2.997840959227820790e+00
4.174199999665898132e+10 1.199410841092995383e+01 -2.649120893682123778e+00
4.174199999666325378e+10 1.209370077572510560e+01 -2.210829385788308343e+00
4.174199999708271790e+10 1.194458579283751298e+01 -2.272888900524678402e+00
4.174199999686713409e+10 1.155114164829997492e+01 -2.300509133553198193e+00
4.174199999719941711e+10 1.185010859179806175e+01 -2.253168850322896155e+00
4.174199999737969208e+10 1.202277393004635897e+01 -1.879373912690130100e+00
4.174199999694072723e+10 1.207790247053990917e+01 -1.799959991552971594e+00
4.174199999703703308e+10 1.166427227655234944e+01 -1.947175186787135637e+00
4.174199999728992462e+10 1.183665572022323254e+01 -1.617983710036211775e+00
4.174199999760744476e+10 1.179311154504166836e+01 -1.933134805756758556e+00
4.174199999734900665e+10 1.177715768946952402e+01 -1.565725295333039169e+00
4.174199999759407043e+10 1.208788742202499655e+01 -1.352589804085332137e+00
4.174199999754875183e+10 1.194417612161331377e+01 -9.291166926821751160e-01
4.174199999711984253e+10 1.207716485085794034e+01 -9.488665853299026454e-01
4.174199999690199280e+10 1.241751553720637702e+01 -1.145691882240433834e+00
4.174199999688992310e+10 1.243780099253763716e+01 -1.594556126330643142e+00
4.174199999700852203e+10 1.234226049041260076e+01 -2.017453760205279334e+00
4.174199999665343475e+10 1.261619717712967237e+01 -2.047571281808522325e+00
4.174199999638516235e+10 1.250526227109215505e+01 -1.704408522863817277e+00
4.174199999623124695e+10 1.251879056199955897e+01 -1.282314551244289058e+00
4.174199999607517242e+10 1.266523844778184582e+01 -8.870540388660637099e-01
4.174199999645099640e+10 1.290014612435667729e+01 -8.121490866622843585e-01
4.174199999638007355e+10 1.294861621937598883e+01 -3.709492662511120753e-01
4.174199999642597198e+10 1.295275598412658447e+01 -8.180650855843378810e-01
4.174199999598236084e+10 1.298146378257154332e+01 -7.515964490098273609e-01
4.174199999583212280e+10 1.295909857589359859e+01 -3.285529702264660123e-01
4.174199999595686340e+10 1.256500559914940673e+01 -5.050956484135807889e-01
4.174199999623352814e+10 1.235051813608855475e+01 -2.231622908088329305e-01
4.174199999643898010e+10 1.202033598708525908e+01 -4.485652384924132541e-01
4.174199999600463867e+10 1.213389351074918210e+01 -4.705951872644504874e-01
4.174199999587118530e+10 1.256122685024834773e+01 -4.304456882882962132e-01
4.174199999594328308e+10 1.257318005897455215e+01 -8.739493089959233796e-01
4.174199999577867889e+10 1.298213565685293780e+01 -9.616871463840195311e-01
4.174199999573193359e+10 1.314535384217227332e+01 -1.377873866535195946e+00
4.174199999595905304e+10 1.348930283966776500e+01 -1.198561626495740384e+00
4.174199999626359558e+10 1.379525859182091985e+01 -1.073345557844021192e+00
4.174199999627450562e+10 1.385144818461326466e+01 -1.519170635019303273e+00
4.174199999653335571e+10 1.387551305877040164e+01 -1.885849735311614372e+00
4.174199999666331482e+10 1.418991026426469126e+01 -2.179621855107732209e+00
4.174199999677250671e+10 1.379607505959506142e+01 -1.992517689430495453e+00
4.174199999715697479e+10 1.383190795467110057e+01 -2.222599536329174175e+00
4.174199999711174011e+10 1.346491354779527505e+01 -1.967050536129289151e+00
4.174199999716075134e+10 1.322839706447468267e+01 -1.587980196971305435e+00
4.174199999715887451e+10 1.323330998830552829e+01 -1.138526446080415200e+00
4.174199999734364319e+10 1.360043318803322343e+01 -1.320511094647790706e+00
4.174199999706822205e+10 1.391011932709123933e+01 -1.494511058402125503e+00
4.174199999686477661e+10 1.354475735509987011e+01 -1.659309069033888751e+00
4.174199999673675537e+10 1.350038513820340036e+01 -1.230732348596940140e+00
4.174199999696530151e+10 1.384721231698675403e+01 -1.058933451857926977e+00
4.174199999723711395e+10 1.359238557425672944e+01 -8.075025369404212894e-01
4.174199999721977234e+10 1.359471468850857079e+01 -1.256646288381420007e+00
4.174199999700495148e+10 1.398512616063315939e+01 -1.197754256215581181e+00
4.174199999679913330e+10 1.425101641754301340e+01 -1.496047749973336005e+00
4.174199999648400879e+10 1.446075290837192995e+01 -1.253681654561807468e+00
4.174199999609200287e+10 1.448894819229633057e+01 -1.035576473455296798e+00
4.174199999628343201e+10 1.408918658841687055e+01 -1.110290638667595031e+00
4.174199999651216888e+10 1.430225752609553780e+01 -7.873103329401607287e-01
4.174199999655107880e+10 1.431150536666394579e+01 -1.235012315342849831e+00
4.174199999646614075e+10 1.443576489474129332e+01 -1.658546961190563440e+00
4.174199999648062134e+10 1.449944411342940143e+01 -2.103262080537409595e+00
4.174199999648896790e+10 1.475278201739379469e+01 -1.732065873219445162e+00
4.174199999623779297e+10 1.502108052600814858e+01 -1.990838420462411218e+00
4.174199999633286285e+10 1.458435965050394678e+01 -2.038519963901003873e+00
4.174199999634636688e+10 1.420723371932439072e+01 -2.282712706857279450e+00
4.174199999674225616e+10 1.414098957038011939e+01 -2.080422002983822516e+00
4.174199999673168182e+10 1.453694238083532753e+01 -2.292897701737298455e+00
4.174199999670424652e+10 1.454560505768374412e+01 -2.741460545866794440e+00
4.174199999640432739e+10 1.422386164292066724e+01 -2.834020033439114794e+00
4.174199999671806335e+10 1.400048469609057733e+01 -2.602265477485555589e+00
4.174199999667461395e+10 1.400992732621135417e+01 -2.154985238522671764e+00
4.174199999650378418e+10 1.411822926105581821e+01 -2.556386509415195185e+00
4.174199999675280762e+10 1.385380144624200938e+01 -2.291617087635992700e+00
4.174199999687490845e+10 1.396316601448933170e+01 -2.710146725511607624e+00
4.174199999653173065e+10 1.405545362203242732e+01 -2.985375353214480665e+00
4.174199999631884766e+10 1.392364582590334798e+01 -3.358661615040677617e+00
4.174199999665677643e+10 1.365884879649687811e+01 -3.491792894044218443e+00
4.174199999704401398e+10 1.382594747138290181e+01 -3.647230630602914747e+00
4.174199999738680267e+10 1.408739799081667066e+01 -3.774411981538347671e+00
4.174199999781526184e+10 1.422101555196585743e+01 -3.749853182823569497e+00
4.174199999805511475e+10 1.415218554261936568e+01 -3.375996971524901635e+00
4.174199999787763977e+10 1.375626862784993243e+01 -3.493421421946212746e+00
4.174199999755931091e+10 1.379352713081805426e+01 -3.808564286708586266e+00
4.174199999786682129e+10 1.348516997186618838e+01 -3.697247974853432151e+00
4.174199999759686279e+10 1.312858124295920526e+01 -3.741985785643289208e+00
4.174199999754902649e+10 1.335236603950843204e+01 -3.355115481460241966e+00
4.174199999765813446e+10 1.374873033002777056e+01 -3.173381333247796032e+00
4.174199999762933350e+10 1.333701057916558774e+01 -3.351408670142578483e+00
4.174199999723276520e+10 1.313046865115043538e+01 -3.397336887892727919e+00
4.174199999752111053e+10 1.288624400830875416e+01 -3.153926405097336350e+00
4.174199999726787567e+10 1.314614151183019786e+01 -2.888667237729946713e+00
4.174199999714927673e+10 1.325988533820709669e+01 -2.470296962735302859e+00
4.174199999688725281e+10 1.359352545885827901e+01 -2.618842628218436275e+00
4.174199999733336639e+10 1.353875535356292481e+01 -2.614218502718659742e+00
4.174199999766925812e+10 1.383627560882270302e+01 -2.640598290137070592e+00
4.174199999771329498e+10 1.419171129789799934e+01 -2.912191327640653249e+00
4.174199999793875122e+10 1.380292060960561429e+01 -2.919201672857381524e+00
4.174199999755048370e+10 1.389111698684866347e+01 -3.127777027922258313e+00
4.174199999785631561e+10 1.400690973998884559e+01 -2.819404359595535592e+00
4.174199999753515625e+10 1.422597282110222849e+01 -3.045025089448673672e+00
4.174199999777469635e+10 1.425768455557528469e+01 -3.424038930345848275e+00
4.174199999772872162e+10 1.456843091784336330e+01 -3.102543435834571373e+00
4.174199999764366913e+10 1.438821188591557743e+01 -3.505437042527104641e+00
4.174199999768688202e+10 1.480320752130767836e+01 -3.338261487259628346e+00
4.174199999725237274e+10 1.491719701417382993e+01 -3.322657498466967674e+00
4.174199999707510376e+10 1.486912912263378672e+01 -3.732903502936276485e+00
4.174199999664981842e+10 1.495792283370921716e+01 -3.617659375757322771e+00
4.174199999697521210e+10 1.470117950800561601e+01 -3.443772011806351507e+00
4.174199999741800690e+10 1.468176545978953484e+01 -3.518568218119491053e+00
4.174199999747059631e+10 1.477718151712219807e+01 -3.082487073274173373e+00
4.174199999718551636e+10 1.481402895882134629e+01 -3.428041696737835764e+00
4.174199999713187408e+10 1.452730063045300035e+01 -3.086069015327121967e+00
4.174199999711771393e+10 1.408351471158055546e+01 -3.016141006652876211e+00
4.174199999728868866e+10 1.370099302296423716e+01 -3.178873224074506343e+00
4.174199999737935638e+10 1.372777069066700939e+01 -3.618302612849212174e+00
4.174199999753210449e+10 1.399210955206061868e+01 -3.948196009933033324e+00
4.174199999755974579e+10 1.408068037915558790e+01 -3.508392021932441374e+00
4.174199999715953064e+10 1.397903938832566872e+01 -3.330813724700416145e+00
4.174199999747245789e+10 1.428385807280354669e+01 -3.224991231239390022e+00
4.174199999751031494e+10 1.457575255702736072e+01 -2.885284257795516893e+00
4.174199999772917175e+10 1.418324794429206470e+01 -2.894040262604751668e+00
4.174199999775388336e+10 1.414748265587377141e+01 -2.446663075642034002e+00
4.174199999807454681e+10 1.404992181863425316e+01 -2.147171719563178982e+00
4.174199999803380585e+10 1.400073709965083424e+01 -1.702247400368456454e+00
4.174199999785549927e+10 1.358824364201918478e+01 -1.711912594850986569e+00
4.174199999784237671e+10 1.356816075283667722e+01 -1.263068772422141439e+00
4.174199999808100891e+10 1.319268372458784100e+01 -1.198983616767464344e+00
4.174199999763375854e+10 1.317245858633534539e+01 -1.159050968359382816e+00
4.174199999736621094e+10 1.328096306117621417e+01 -8.145477838237882295e-01
4.174199999711907196e+10 1.290677899179005905e+01 -7.838144955971613204e-01
4.174199999722519684e+10 1.296625430476821172e+01 -1.216522421631895057e+00
4.174199999743437195e+10 1.317368644099129327e+01 -8.770300553265462096e-01
4.174199999747061157e+10 1.333873536397068627e+01 -1.293541440788100072e+00
4.174199999704789734e+10 1.342521122414491153e+01 -1.167557245270384403e+00
4.174199999703905487e+10 1.344388817823475435e+01 -1.616566472213866179e+00
4.174199999729457855e+10 1.332405632778246485e+01 -1.266734180837211898e+00
4.174199999732026672e+10 1.322336126881552332e+01 -8.294278741346579054e-01
4.174199999712334442e+10 1.359280585574644817e+01 -9.930355793615170956e-01
4.174199999712699890e+10 1.357867806887041162e+01 -1.442283168412253014e+00
4.174199999707963562e+10 1.356655746366738491e+01 -1.889101011381051798e+00
4.174199999733904266e+10 1.331500514479496644e+01 -1.621770110786770136e+00
4.174199999733821869e+10 1.333929097357989590e+01 -1.172942898642377330e+00
4.174199999735615540e+10 1.378093359180644839e+01 -1.254590659019312771e+00
4.174199999749006653e+10 1.362982292534850259e+01 -8.530068513286988008e-01
4.174199999767982483e+10 1.332823335668744669e+01 -1.126998152047435475e+00
4.174199999794457245e+10 1.304635003548984784e+01 -8.978942126076829844e-01
4.174199999777816010e+10 1.308339365187814707e+01 -4.819973594088855506e-01
4.174199999755356598e+10 1.311272358936081339e+01 -9.375479260329444564e-02
4.174199999794220734e+10 1.327883893001916427e+01 5.921549540259019029e-02
4.174199999831800079e+10 1.352527172533492461e+01 4.984804022515814531e-02
4.174199999873145294e+10 1.334893991446187655e+01 5.167305265496358740e-02
4.174199999903289795e+10 1.314062265639823579e+01 3.119997583297859367e-01
4.174199999909165955e+10 1.300235139812703267e+01 -1.116324773225342848e-01
4.174199999948771667e+10 1.321351492511359993e+01 -1.358347690147200248e-01
4.174199999984172058e+10 1.345389416563880047e+01 1.777683234336385754e-03
4.174199999983724976e+10 1.347461869035986481e+01 4.507618926831428174e-01
4.174199999983998108e+10 1.371179770602464743e+01 6.895696189397043652e-02
4.174199999991717529e+10 1.363100504812662095e+01 -3.664161532425767587e-01
4.174199999999951935e+10 1.369640366551998767e+01 7.059480379379301507e-02
4.174200000019430542e+10 1.342803027532680993e+01 3.740264625852323110e-01
