2.087100000000000000e+10 0.000000000000000000e+00 0.000000000000000000e+00
2.087100000005032730e+10 2.300564616584901689e-01 2.108879607249509736e-01
2.087100000007050323e+10 -5.234989068730652728e-02 3.515016935078222327e-01
2.087099999992438889e+10 -3.152794659895730156e-01 4.487182992085533284e-01
2.087100000005375290e+10 -1.759811133980027364e-01 7.012920564806988111e-01
2.087099999996645355e+10 1.273530689516725045e-01 6.839805860637290236e-01
2.087100000006323624e+10 4.216166346909238083e-01 6.209353383093095813e-01
2.087099999986999130e+10 3.381506348477227863e-01 3.850899478629925543e-01
2.087099999975735092e+10 5.414577179391247830e-01 5.993577834757304323e-01
2.087099999980602264e+10 6.258568826414020458e-01 9.000908669686420449e-01
2.087099999989661026e+10 6.276898983393252029e-01 5.972322557075026017e-01
2.087100000017967606e+10 7.409015524112501083e-01 6.808380057352445558e-01
