2.782800000000000000e+10 0.000000000000000000e+00 0.000000000000000000e+00
2.782800000002383423e+10 -3.189614057536428460e-01 -1.223833436152361592e-01
2.782799999979330444e+10 -7.864421224118500753e-02 -4.246849926973436662e-02
2.782799999957029724e+10 -2.992196387281376158e-01 -1.799352940028189074e-01
2.782799999947284317e+10 -1.253586664297573483e-01 -4.584254236754971013e-01
2.782799999973009872e+10 -2.594657219427757844e-01 -6.404075186641364770e-01
2.782799999990096283e+10 -3.492859124171493468e-01 -3.575299886448525255e-01
2.782799999959191513e+10 -2.745877413615305795e-01 -4.847810353296736485e-01
2.782799999977097702e+10 -4.459872308834088583e-01 -2.484747440516586747e-01
2.782799999979985809e+10 -6.446425782009252980e-01 -5.259347600427777270e-01
2.782799999963992310e+10 -5.787121928392179315e-01 -2.303740159477337124e-01
2.782799999974952698e+10 -7.594901494860120117e-01 3.904791518435374309e-02
2.782799999975068283e+10 -7.257530070162029334e-01 3.798448130679503154e-01
2.782799999984322739e+10 -9.362361815721674807e-01 1.260451243407739730e-01
2.782799999957730865e+10 -9.063450545780510348e-01 3.397663930966164925e-01
2.782799999955091476e+10 -6.842969292332927722e-01 8.038229621108006206e-02
2.782799999956436920e+10 -7.800816048870959918e-01 4.089036953471916203e-01
2.782799999940932465e+10 -7.727558608673401608e-01 1.036348431935456005e-01
2.782799999952458191e+10 -4.688255618640332356e-01 2.114485349333182773e-01
2.782799999980604172e+10 -5.809218352002071262e-01 5.177285968243725001e-02
2.782799999994227219e+10 -6.237478183299188794e-01 3.630424597154324751e-01
2.782799999993379211e+10 -6.322189024933301260e-01 2.078756152645244715e-02
2.782799999971538162e+10 -8.738337048447670785e-01 1.266251409187742483e-01
2.782799999987496948e+10 -7.528555500180902360e-01 -1.511833862526355543e-01
2.782799999957103729e+10 -6.353014438502200267e-01 -2.564874751424127686e-01
2.782799999939862442e+10 -5.716915786413897527e-01 3.249387803399739205e-02
2.782799999961194992e+10 -3.508682524994942153e-01 -1.192036484083694725e-01
2.782799999978210068e+10 -5.894922132355201461e-02 -6.340083270001065086e-02
2.782799999975616074e+10 -2.227438474631484866e-01 2.362332253212568178e-01
2.782800000001628494e+10 -3.773003174618521083e-01 7.583055825989823417e-02
2.782800000008480835e+10 -2.594275706454872710e-01 -2.383232987862462793e-01
2.782799999981149292e+10 -6.308406086836659821e-02 -3.018044192585332963e-01
2.782799999988739395e+10 1.667317674991172505e-01 -5.440971603767201792e-01
2.782799999987572098e+10 1.095093240125855072e-03 -8.436139381170063567e-01
2.782799999992063141e+10 2.520060963713495195e-01 -6.149029038941622449e-01
2.782799999992350769e+10 4.469142572918309853e-01 -3.333277015641911145e-01
2.782799999977082443e+10 5.148089227185157490e-01 -3.439582421684828084e-02
2.782799999957311249e+10 6.862392478257872686e-01 -2.553097659609803172e-01
2.782799999928765488e+10 8.679261505840275559e-01 -3.080923833795118361e-01
2.782799999928355408e+10 8.661986844572863165e-01 3.434338311175494374e-02
2.782799999897820663e+10 8.957379130240370468e-01 -1.178813468359675709e-01
2.782799999882385254e+10 1.151017933158211326e+00 5.031130118109392035e-02
2.782799999888425827e+10 1.488078542002859050e+00 5.515259763053134701e-02
2.782799999872537994e+10 1.620123768899077943e+00 3.282894886577409910e-01
2.782799999861284637e+10 1.628324119258819813e+00 4.945506474857586099e-03
2.782799999872968674e+10 1.645747120356639170e+00 -3.164995969975626378e-01
2.782799999851073456e+10 1.429828325717352522e+00 -1.657628979654837409e-01
2.782799999874259567e+10 1.678301647004131869e+00 -2.079978160058046921e-01
2.782799999893886185e+10 1.876457901549728025e+00 -9.261536680891080398e-03
2.782799999879636765e+10 2.187870257503391702e+00 -9.003855593531586571e-03
2.782799999871258163e+10 1.990479721205228980e+00 -2.760219277572021346e-01
2.782799999862471390e+10 1.840246139611839027e+00 1.892059829434128426e-02
2.782799999848719788e+10 2.145066044072778677e+00 -5.494659102636643977e-02
2.782799999868765259e+10 2.210372934141559664e+00 -3.248273423622863310e-01
2.782799999837120819e+10 2.223836974679490375e+00 -1.945824972842267742e-01
2.782799999839321518e+10 2.031097457145638163e+00 -4.768043125507624436e-01
2.782799999823999786e+10 1.904465190476119618e+00 -1.979308497549742696e-01
2.782799999852225876e+10 1.895841310494941645e+00 -3.916755441347197220e-01
2.782799999863714218e+10 1.851853410286301571e+00 -7.206748363365178545e-02
2.782799999846331406e+10 1.588023783850504911e+00 6.006557321335542765e-02
2.782799999872555161e+10 1.391867040902632802e+00 1.602449399681304953e-01
2.782799999867506409e+10 1.650329742775525688e+00 3.791744024340419905e-01
2.782799999868220139e+10 1.482076361589531599e+00 8.097660532092804120e-02
2.782799999866520691e+10 1.406678084012548569e+00 -2.526523999150178668e-01
2.782799999852965546e+10 1.710615015634482816e+00 -1.718443460962073011e-01
2.782799999870290756e+10 1.815389816326383743e+00 1.043596137099695453e-01
2.782799999902764893e+10 1.824051531865660936e+00 2.127583761206423563e-01
2.782799999905084610e+10 2.016575179646487026e+00 4.950323265245352156e-01
2.782799999916241074e+10 1.832814801878268840e+00 2.284468864067409899e-01
2.782799999922118378e+10 1.867539547299903901e+00 5.640387252973801946e-01
2.782799999943343353e+10 1.885825932964444451e+00 2.959014332122122393e-01
2.782799999937450409e+10 1.840209907581648041e+00 6.301597974250854328e-01
2.782799999921664047e+10 1.715030423049651809e+00 3.532271776797994423e-01
2.782799999912478638e+10 1.664152103086079082e+00 6.791970089506934594e-01
2.782799999919611740e+10 1.628010990106798284e+00 3.461992736860248221e-01
2.782799999915041351e+10 1.607101680238517183e+00 7.442747726029486088e-03
2.782799999915280151e+10 1.602083532535132360e+00 -3.349768455241652898e-01
2.782799999918719101e+10 1.531464303191248044e+00 -6.683118467025292997e-01
2.782799999888666153e+10 1.620974898675555442e+00 -8.059791282247861233e-01
2.782799999911651611e+10 1.373496833648590876e+00 -7.493848428610280221e-01
2.782799999893160248e+10 1.320613816927904693e+00 -4.660249399486212085e-01
2.782799999912731552e+10 1.056190051186809420e+00 -3.708515237637704520e-01
2.782799999945974731e+10 1.071051757304018581e+00 -2.899224785027333384e-01
2.782799999936013794e+10 7.531109361047536588e-01 -3.691305113581780928e-01
2.782799999918483353e+10 7.987556301045762863e-01 -6.597614207501809602e-01
2.782799999926403427e+10 9.822377253888784354e-01 -9.378688790994520463e-01
2.782799999911708450e+10 1.291547196575594691e+00 -9.418043275433918282e-01
2.782799999933866119e+10 1.252808407267782087e+00 -1.200040604225534047e+00
2.782799999954570389e+10 1.367020307557467618e+00 -9.523087295293966026e-01
2.782799999934371567e+10 1.338385601982152284e+00 -1.227377331237631264e+00
2.782799999940417099e+10 1.674963833163385818e+00 -1.208873655268762004e+00
2.782799999967103958e+10 1.804812924613890646e+00 -1.037985787707252250e+00
2.782799999987310028e+10 1.673322944866946660e+00 -7.947499877848460681e-01
2.782799999999201202e+10 1.385132294225136729e+00 -9.364814759616678641e-01
2.782799999979655075e+10 1.408146426045815858e+00 -1.216745187149641971e+00
2.782799999970857239e+10 1.281680685994796010e+00 -1.522601677831412870e+00
2.782799999985455322e+10 1.591398039871945613e+00 -1.515758115424242547e+00
2.782799999997324371e+10 1.385246617768191690e+00 -1.762123469674511611e+00
2.782799999998625946e+10 1.580235705051440398e+00 -2.043356277891731132e+00
2.782800000026122665e+10 1.523223561667956361e+00 -2.239375964284266551e+00
