6.957000000000000000e+09 0.000000000000000000e+00 0.000000000000000000e+00
6.956999999763660431e+09 -2.092106609503742443e-02 -1.677511306762575483e-01
6.956999999889390945e+09 2.094119480825148982e-02 -4.263510289296739142e-01
6.956999999892422676e+09 2.184060482604378850e-02 -7.169099700499383943e-01
6.957000000080662727e+09 -1.389256769793334456e-01 -8.690757153205976859e-01
6.956999999847776413e+09 -2.576267444999839618e-01 -9.959949106096622762e-01
6.956999999968645096e+09 -5.068758311260204152e-01 -9.082438600811235663e-01
6.956999999979753494e+09 -2.488639785945501171e-01 -1.041439130754130860e+00
6.956999999911305428e+09 -2.283666397615909394e-01 -7.597847598954499126e-01
6.956999999856069565e+09 -4.143092881222163459e-01 -9.761383131480424469e-01
6.956999999793163300e+09 -6.923347881331136655e-01 -9.197547436507440555e-01
6.956999999886657715e+09 -4.387585851299191653e-01 -8.130197946860754366e-01
6.956999999718861580e+09 -6.715727725524183178e-01 -8.585899933608164281e-01
6.956999999650344849e+09 -6.113941158246974927e-01 -1.134485809183185534e+00
6.956999999633646965e+09 -6.226581962797560488e-01 -8.446086156297261116e-01
6.956999999857532501e+09 -7.895762269908481734e-01 -9.249081661967778478e-01
6.956999999606081963e+09 -9.276419531237432015e-01 -8.785943740069316332e-01
6.956999999511480331e+09 -8.397912309552029164e-01 -1.138915732797515012e+00
6.956999999520145416e+09 -8.209995466266805098e-01 -1.428754102273858795e+00
6.956999999551609039e+09 -8.455872467586779129e-01 -1.716573442455857634e+00
6.956999999737557411e+09 -8.108551885384407409e-01 -1.937144213770887413e+00
6.956999999949059486e+09 -7.306188069383808825e-01 -1.754761586338726920e+00
6.957000000129933357e+09 -7.057872296516092270e-01 -1.980820265076556730e+00
