5.565600000000000000e+10 0.000000000000000000e+00 0.000000000000000000e+00
5.565599999972393799e+10 -1.641843852483425292e-02 7.496971913178782643e-01
5.565599999927146149e+10 6.027579322168223896e-01 9.742116365005886180e-01
5.565599999918553162e+10 5.830718428728247638e-01 1.768410707516114400e+00
5.565599999921401978e+10 6.367988289587528383e-01 9.716512896572050417e-01
5.565599999885767365e+10 7.823114763868532773e-01 1.671913648773829753e+00
5.565599999891014862e+10 8.887468897411257007e-01 2.462129728862166189e+00
5.565599999877053070e+10 1.518234830646367772e-01 2.186493728294903516e+00
5.565599999895187378e+10 -4.669754655549176459e-01 1.714553870455846507e+00
5.565599999910764313e+10 -8.952446957941457839e-01 2.370941890202969748e+00
5.565599999885009003e+10 -1.017211544734784701e+00 1.624406065519048203e+00
5.565599999882343292e+10 -1.252043225537254223e+00 2.387732640590424449e+00
5.565599999873412323e+10 -4.982141582383882161e-01 2.138154735788406313e+00
5.565599999881320953e+10 -6.259949185950254291e-01 1.353335265959269229e+00
5.565599999883149719e+10 -6.399412062977498650e-01 5.545894257370823643e-01
5.565599999831217957e+10 -5.173071209892535771e-01 1.149394847856236801e+00
5.565599999781486511e+10 -5.647363539308333236e-01 1.773053094306877409e+00
5.565599999714853668e+10 -4.078832867508896953e-01 1.360831819783735019e+00
5.565599999718390656e+10 -3.153132487152120467e-01 5.679236341893949547e-01
5.565599999762786102e+10 -4.128987066028999564e-01 -8.927303930699992396e-02
5.565599999769341278e+10 -4.092874657318518739e-01 -8.856487134437913689e-01
5.565599999762845612e+10 -7.886664736498310013e-01 -1.853801362980695977e-01
5.565599999720454407e+10 -1.423645662050322169e+00 5.046703785672104758e-02
5.565599999750112915e+10 -1.739510964369788582e+00 -6.209426529656867366e-01
5.565599999717037964e+10 -2.422273372222784715e+00 -3.700120134139334716e-01
5.565599999715892792e+10 -2.507499239071101282e+00 4.244243696400137877e-01
5.565599999750571442e+10 -3.034456782134145936e+00 9.149143539701929395e-01
5.565599999736943817e+10 -2.612060700525021595e+00 2.504337237774619807e-01
5.565599999768280792e+10 -2.908780191413229410e+00 -4.220843844522169652e-01
5.565599999747219086e+10 -2.446184411656851410e+00 1.944932042432214736e-01
5.565599999789697266e+10 -2.067449921377029654e+00 -3.664402472800272204e-01
5.565599999786026764e+10 -2.029354080888178924e+00 -1.163764076621202292e+00
5.565599999856707764e+10 -2.196730056178601398e+00 -1.496825542002453213e+00
5.565599999829878998e+10 -2.318618685047283190e+00 -2.239584267182666899e+00
5.565599999804050446e+10 -2.728303266444663144e+00 -2.875171175275605506e+00
5.565599999766297150e+10 -3.430996109634100844e+00 -2.828084603955689502e+00
5.565599999800075531e+10 -3.376766611908835536e+00 -2.105946757223963406e+00
5.565599999730596161e+10 -3.771428424202019070e+00 -2.100653135630892621e+00
5.565599999772177124e+10 -4.428072798775152030e+00 -1.915065484274231178e+00
5.565599999851042938e+10 -4.360694746819334000e+00 -1.805494447386655654e+00
5.565599999849446106e+10 -5.125583319913048719e+00 -1.574811957822812802e+00
5.565599999792281342e+10 -5.631060278309663047e+00 -1.811956552937683540e+00
5.565599999787155151e+10 -5.406724655845743577e+00 -1.046731340151200840e+00
5.565599999804364014e+10 -4.855870833551824362e+00 -4.940374783493340916e-01
5.565599999731644440e+10 -4.676713360684993326e+00 -2.154560159236905692e-01
5.565599999741153717e+10 -4.828624825498151196e+00 -9.941753295554978109e-01
5.565599999689692688e+10 -4.219132322869242557e+00 -1.041268690642622285e+00
5.565599999671103668e+10 -3.442698326661687958e+00 -1.007829523987713083e+00
5.565599999666054535e+10 -3.461268954120732655e+00 -2.105654916500853124e-01
5.565599999650768280e+10 -3.421075271785349425e+00 5.727238151139550926e-01
5.565599999645312500e+10 -4.168445315387933725e+00 8.501859905099500292e-01
5.565599999681489563e+10 -4.668764384586369331e+00 1.357459175805821872e+00
5.565599999696831512e+10 -4.896388313901604228e+00 2.107908072191795767e+00
5.565599999700946045e+10 -4.880497488276026807e+00 1.310049464567448751e+00
5.565599999660173798e+10 -4.965779792893147970e+00 6.281291240895608974e-01
5.565599999621752167e+10 -5.024460767881792300e+00 -7.005134189075390427e-02
5.565599999580712891e+10 -4.395886130875299891e+00 2.037978185691206034e-01
5.565599999512589264e+10 -4.809761637819436331e+00 1.476769437020715725e-01
5.565599999486897278e+10 -4.710608988439036082e+00 8.977993219529720736e-01
5.565599999436034393e+10 -5.070174335347170214e+00 3.972687214123620247e-01
5.565599999487705994e+10 -5.611783727678365530e+00 6.768952389639788514e-01
5.565599999474866486e+10 -5.811780133486298183e+00 -8.602068538557494648e-02
5.565599999476775360e+10 -5.012947430816625527e+00 -8.093237650231470404e-02
5.565599999410807800e+10 -4.618171648135291463e+00 -2.988850121107646807e-01
5.565599999432994080e+10 -4.515191954166325239e+00 4.618364391086271503e-01
5.565599999447882080e+10 -5.179633646718563078e+00 8.800167538672633016e-01
5.565599999476744080e+10 -5.590357992125967179e+00 2.583014686592851605e-01
5.565599999552181244e+10 -5.354663001722132165e+00 1.404352236803803611e-01
5.565599999582438660e+10 -5.787871776600260532e+00 -4.589825735182306299e-01
5.565599999572541046e+10 -5.699094581320415465e+00 -1.246920712778152751e+00
5.565599999602868652e+10 -5.324009987158545343e+00 -6.098513152590513409e-01
5.565599999611761475e+10 -5.361594774277561370e+00 1.833717150981795108e-01
5.565599999570497131e+10 -4.690858850011462522e+00 3.188835340790392436e-01
5.565599999625319672e+10 -4.378126286144079948e+00 -1.711907616508325236e-01
5.565599999696102905e+10 -4.396916052330752223e+00 -5.415161647640660547e-01
5.565599999711432648e+10 -4.062680349422687520e+00 1.679266756588415621e-01
5.565599999737379456e+10 -4.419602644975491046e+00 -4.982607239018037593e-01
5.565599999784690094e+10 -4.283778626511471899e+00 -1.127739278863290284e+00
5.565599999803299713e+10 -4.677427145513768814e+00 -1.797763230026493186e+00
5.565599999763165283e+10 -4.425230790521902158e+00 -1.154455466256692597e+00
5.565599999737378693e+10 -5.079298648620360623e+00 -7.746855967991752578e-01
5.565599999669974518e+10 -4.659088813607590751e+00 -8.619218149437386511e-01
5.565599999599801636e+10 -4.525304367025682950e+00 -5.038644329760360030e-01
5.565599999599308014e+10 -4.520725602393721232e+00 2.951840430743588595e-01
5.565599999600993347e+10 -5.169054164307575583e+00 7.619922563883015920e-01
5.565599999606880188e+10 -5.240010789294361260e+00 -3.174789053848958709e-02
5.565599999577532196e+10 -5.197147663574511967e+00 7.102457115605813609e-01
5.565599999615858459e+10 -5.194004570865044634e+00 1.411405053662541986e+00
5.565599999616703796e+10 -5.836379749060780497e+00 1.886596020841515342e+00
5.565599999577967834e+10 -5.528942530700257763e+00 1.258934671639833525e+00
5.565599999573821259e+10 -5.411584843168377290e+00 2.048258125283537012e+00
5.565599999608432770e+10 -6.068038092566906627e+00 1.751954996092583539e+00
5.565599999594097137e+10 -5.537222213996826348e+00 1.172121703101170809e+00
5.565599999602570343e+10 -5.161571608081696461e+00 4.719568977875583382e-01
5.565599999584162140e+10 -5.930485409071788894e+00 3.561631325235108392e-01
5.565599999593882751e+10 -5.292022120566939769e+00 8.267366197671273120e-01
5.565599999594983673e+10 -4.614161349539327439e+00 1.249710994585126356e+00
5.565599999650635529e+10 -4.817991587623842165e+00 7.137373351979707792e-01
5.565599999576384735e+10 -5.095635855089806654e+00 6.131394276643851171e-01
5.565599999648070526e+10 -5.358906159418364901e+00 8.483609113827034198e-01
5.565599999628517914e+10 -5.455422630876840984e+00 1.617111757140119011e+00
5.565599999608866882e+10 -4.815928316530438735e+00 2.054093580733360014e+00
5.565599999566362762e+10 -5.469299224021758832e+00 1.878118755557393937e+00
5.565599999590255737e+10 -4.794484714223035127e+00 2.233168034444147132e+00
5.565599999607799530e+10 -4.361321025551695207e+00 2.881330048590184933e+00
5.565599999554306793e+10 -3.785185585875509240e+00 2.738334423873034496e+00
5.565599999600675201e+10 -3.851248836530519082e+00 2.090908771180663983e+00
5.565599999582365417e+10 -3.228063734132348817e+00 1.625464265716110468e+00
5.565599999650562286e+10 -3.641311274603599824e+00 1.677176191897351565e+00
5.565599999660855103e+10 -3.124716750626703288e+00 1.076294108968489205e+00
5.565599999693313599e+10 -2.530098972572977001e+00 1.500084467341072703e+00
5.565599999675759888e+10 -2.477484721351210339e+00 2.277864652144681479e+00
5.565599999725897217e+10 -2.814016864512804084e+00 2.801216983595293364e+00
5.565599999733119965e+10 -2.838157283662492425e+00 2.005777640159149389e+00
5.565599999705809784e+10 -3.368481908965609950e+00 1.474088404841674027e+00
5.565599999714994049e+10 -3.428151744359538178e+00 6.825531197395593441e-01
5.565599999711248779e+10 -3.187131208344783140e+00 -7.838707819071499827e-02
5.565599999678155518e+10 -2.881203280218106677e+00 -7.382469955615568180e-01
5.565599999687446594e+10 -2.704869575211910515e+00 3.557302858686473002e-02
5.565599999711040497e+10 -3.026864272815504631e+00 -6.566511947395192728e-01
5.565599999660703278e+10 -3.183163092636240421e+00 -5.605907698339229750e-02
5.565599999733128357e+10 -3.483183659151650957e+00 9.875545130637322644e-02
5.565599999737197113e+10 -2.900045115288441888e+00 6.435650491373422488e-01
5.565599999718541718e+10 -2.794105701747908288e+00 1.413303837620220271e+00
5.565599999698400116e+10 -2.759856429518515064e+00 6.407874848863953643e-01
5.565599999736043549e+10 -2.834254266238481978e+00 1.341705343494368652e+00
5.565599999750884247e+10 -3.131876615883679715e+00 2.068286001895835557e+00
5.565599999804905701e+10 -3.663189857494530521e+00 1.814515332174112094e+00
5.565599999767731476e+10 -3.940983283142461602e+00 1.164006219383695084e+00
5.565599999768292236e+10 -3.949976389753599548e+00 1.963012796613151867e+00
5.565599999726926422e+10 -3.429650679373024147e+00 1.519532681069754254e+00
5.565599999724419403e+10 -2.677392323966554244e+00 1.787866128898914830e+00
5.565599999712789154e+10 -1.959349463052209472e+00 1.457090498127039391e+00
5.565599999715642548e+10 -2.048072052190383463e+00 2.250713680806144090e+00
5.565599999670413208e+10 -2.415650743547755219e+00 1.704052956546636466e+00
5.565599999732856750e+10 -2.307249533052506241e+00 2.190724105031487845e+00
5.565599999739172363e+10 -1.893352928694545856e+00 1.510118090135834423e+00
5.565599999783358002e+10 -2.492083334701949759e+00 1.801342609688556751e+00
5.565599999842321777e+10 -2.794575838165976212e+00 1.354854132796264432e+00
5.565599999822058105e+10 -2.520340434729891221e+00 2.077528449368728047e+00
5.565599999800477600e+10 -2.245405807770356699e+00 1.358944819370879076e+00
5.565599999773463440e+10 -2.077294493714288315e+00 6.259466669456474897e-01
5.565599999776940918e+10 -2.475936553228946124e+00 1.317610571418960763e+00
5.565599999813416290e+10 -1.769258417599829381e+00 1.239596389343020633e+00
5.565599999870954895e+10 -2.150080632133318570e+00 8.365761772967068577e-01
5.565599999879320526e+10 -1.426842947369109993e+00 5.072545133638703962e-01
5.565599999891953278e+10 -7.943545121580625201e-01 3.553055030511126366e-02
5.565599999862121582e+10 -1.240741752436176792e+00 -5.563040954823113005e-01
5.565599999817795563e+10 -9.682328789818992476e-01 -1.162754295493981793e+00
5.565599999801555634e+10 -6.063847641198542027e-01 -1.856451210062059598e+00
5.565599999790274048e+10 -1.031009470708882159e+00 -2.523901918629676722e+00
5.565599999869319916e+10 -9.226304007851457989e-01 -2.479719129282086154e+00
5.565599999859879303e+10 -3.213308076726560936e-01 -1.961983198293672181e+00
5.565599999929251862e+10 -6.258723260925795895e-01 -2.216000980632570005e+00
5.565599999907237244e+10 -1.363104031093364865e+00 -2.000247141605413059e+00
5.565599999960703278e+10 -1.725675895364747525e+00 -2.470567982839278809e+00
5.565599999980805206e+10 -1.934287689274698296e+00 -3.215280892785897571e+00
5.565600000049760437e+10 -1.542547111425823791e+00 -3.313137397607614165e+00
