1.391400000000000000e+10 0.000000000000000000e+00 0.000000000000000000e+00
1.391400000001409340e+10 1.436132350796142862e-02 -2.989803036022267713e-01
1.391399999996589470e+10 3.655033045779004786e-02 -5.939016020754850356e-01
1.391399999991169357e+10 -9.382699545118902695e-02 -3.295946167994158738e-01
1.391399999986054993e+10 -8.528111108761524117e-02 -3.445836878711394657e-02
1.391399999962811470e+10 -1.638595728576087152e-01 1.375686286568948424e-01
1.391399999980637932e+10 -2.119118986410189476e-01 -9.845451007707203828e-02
1.391399999989445114e+10 -2.597333690520187144e-02 -3.163177210889377422e-01
1.391400000008470535e+10 -1.198564357431316646e-01 -5.279393781202055269e-01
1.391400000010121155e+10 -3.969310542652468299e-01 -4.150176847348924780e-01
