4.174200000000000000e+10 0.000000000000000000e+00 0.000000000000000000e+00
4.174199999955886078e+10 -5.270961223662262718e-02 6.822052990494165137e-02
4.174199999967613220e+10 1.987379820388991969e-01 -2.854143184423211799e-01
4.174199999961022186e+10 4.157643595790418978e-01 -6.734759749224945580e-01
4.174199999963457489e+10 -1.896612841603234623e-02 -5.618841232756625059e-01
4.174199999951442719e+10 -2.427039767662221015e-01 -1.910163658878576975e-01
4.174199999987517548e+10 -6.179098334831908956e-02 -3.889196038871634009e-01
4.174199999977156067e+10 -7.589350069377379104e-02 4.823258012011660822e-02
4.174199999984915161e+10 -2.785350622990596658e-01 4.418724599738562686e-01
4.174199999982704926e+10 -3.357715724843301497e-01 -3.404796791875053241e-03
4.174199999984930420e+10 -3.063202223451929607e-01 4.445612152395056471e-01
4.174200000001912689e+10 -1.659372522465385191e-01 5.278414186510249628e-02
4.174200000000012970e+10 -2.588296323984783376e-01 4.921545879850078853e-01
4.174199999989162445e+10 -2.460996706238423593e-01 5.614853662942137502e-02
4.174199999992903137e+10 -1.026885582270762320e-01 4.804953549986872852e-01
4.174200000017813873e+10 1.563252987042230147e-01 7.504817108970325279e-01
