6.261300000000000000e+10 0.000000000000000000e+00 0.000000000000000000e+00
6.261299999876922607e+10 3.939545827481977791e-01 -7.886755649206907970e-01
6.261299999766621399e+10 1.414208290699862536e+00 -6.030439317494041829e-01
6.261299999723649597e+10 1.758249028432600891e+00 8.072717668139574032e-01
6.261299999796767426e+10 2.843873596815746474e+00 1.568067430403399243e+00
6.261299999785366058e+10 3.479260758878924165e+00 1.986522591119355141e-01
6.261299999760614014e+10 3.359581978237237809e+00 -1.290114314481505264e+00
6.261299999622565460e+10 3.067278411816788619e+00 -1.838602931238238813e+00
6.261299999721869659e+10 2.968398708109086126e+00 -7.001362654369545080e-01
6.261299999633753204e+10 2.850052168314057610e+00 5.252458739141876443e-01
6.261299999648729706e+10 3.180555011622105521e+00 -9.445679883210886807e-01
6.261299999655989838e+10 3.179136061729680662e+00 -2.456765385595836904e+00
6.261299999746731567e+10 2.080961789542824736e+00 -1.944294780855631899e+00
6.261299999802954102e+10 3.415496147593703569e+00 -1.502785098736183933e+00
6.261299999786100769e+10 3.028353226435325674e+00 -4.891769772112564141e-02
6.261299999655050659e+10 3.278289433871628855e+00 -7.645532182631543661e-01
6.261299999504485321e+10 3.284170277313250175e+00 -6.064694465831890202e-01
6.261299999477015686e+10 2.502291467718065210e+00 6.605046222264709943e-01
6.261299999423601532e+10 2.457455111931829528e+00 2.076376381757751854e+00
6.261299999422074127e+10 2.483797421183130627e+00 3.590009962672828348e+00
6.261299999507203674e+10 1.612661652194763207e+00 2.690881329067305039e+00
6.261299999486188507e+10 1.427881994837950197e+00 4.178733816247254040e+00
6.261299999377246094e+10 3.802413981983945312e-01 4.266029677797493314e+00
6.261299999424502563e+10 6.442095003897014838e-01 2.852164813620419626e+00
6.261299999480032349e+10 1.540762577837378799e+00 1.765956521158012604e+00
6.261299999449925995e+10 3.022710923876394951e+00 1.838095273736227497e+00
6.261299999516701508e+10 3.809090190088556760e+00 7.300681893038387660e-01
6.261299999521846771e+10 4.030700713285234826e+00 -7.666799362072984625e-01
6.261299999491352844e+10 5.495468281929611010e+00 -5.354192130397151805e-01
6.261299999638426208e+10 5.854076635441292531e+00 -5.167673340134341098e-01
6.261299999650690460e+10 5.034156942472987950e+00 -1.783536698285705935e+00
6.261299999719482422e+10 5.124004577747427014e+00 -4.379115779904714234e-01
6.261299999848493195e+10 5.575944977779508704e+00 2.127677909441280102e-01
6.261299999859940338e+10 6.703469981820668444e+00 -7.910240058879786096e-01
6.261299999868193054e+10 6.797872697635021666e+00 -2.299762146628560266e+00
6.261299999891394806e+10 5.304027404500167187e+00 -2.381041382472268708e+00
6.261299999909464264e+10 6.745328116156682263e+00 -2.807674035800225010e+00
6.261299999993440247e+10 7.232358023407292613e+00 -1.645945343105980507e+00
6.261299999988467407e+10 7.939709289320059149e+00 -3.083372877357724029e-01
6.261299999907826233e+10 7.361543661165695696e+00 8.350975583467372676e-01
6.261299999813114166e+10 8.157988538454356231e+00 1.707251574512749448e+00
6.261299999764176178e+10 7.805566087865841496e+00 3.186108554424871286e-01
6.261299999691143799e+10 8.872742451208956993e+00 1.105868513751793625e+00
6.261299999557548523e+10 9.403524319623173255e+00 6.309914538161738307e-01
6.261299999449023438e+10 9.167396521990841762e+00 1.659820252295667764e+00
6.261299999486430359e+10 1.037177099261194257e+01 8.222241827786552770e-01
6.261299999568502045e+10 9.104367017755368607e+00 9.323236488275115086e-01
6.261299999603331757e+10 7.846949979359765237e+00 1.644654479882118325e-01
6.261299999461790466e+10 7.335329972382718111e+00 3.283847500527535823e-01
6.261299999385449982e+10 6.510222307258277219e+00 -6.857291172166936066e-01
6.261299999396317291e+10 7.849445268542472931e+00 -1.383358337221368917e+00
6.261299999388632202e+10 6.498270385164655494e+00 -7.048053768132045427e-01
6.261299999474337769e+10 7.041060209226465361e+00 -1.828569560808397609e+00
6.261299999483747864e+10 6.989362352084775409e+00 -3.184417318804539931e-01
6.261299999352349854e+10 6.567807220381999045e+00 -9.411444934640791349e-01
6.261299999431603241e+10 5.777222720800001987e+00 7.811239032060579568e-02
6.261299999476240540e+10 4.363216900454375491e+00 3.836512293742126434e-01
6.261299999621304321e+10 3.970318224789713746e+00 2.011687231683401411e-01
6.261299999669686890e+10 2.768866459528724899e+00 -5.826917065589251044e-01
6.261299999645219421e+10 3.620125800272540051e+00 6.451133059017576388e-01
6.261299999550938416e+10 4.404973042204216149e+00 1.532318932215843921e+00
6.261299999550792694e+10 3.553163661781419069e+00 2.807469336085364198e-01
6.261299999502021027e+10 2.149702377645660523e+00 5.713316146026442555e-01
6.261299999545251465e+10 2.978486827512599078e+00 -6.195674425724734258e-01
6.261299999544228363e+10 3.139934516999088654e+00 -2.124839455166838142e+00
6.261299999603542328e+10 4.528853890564030316e+00 -2.230211164779039912e+00
6.261299999615408325e+10 4.544553490461179734e+00 -7.210101894841902670e-01
6.261299999579508972e+10 4.199568477376332432e+00 -2.150737592387709007e+00
6.261299999484501648e+10 3.784647539594860000e+00 -1.047463954957944310e+00
6.261299999563997650e+10 3.490205209605376613e+00 -2.301800522080210243e+00
6.261299999555598450e+10 2.546051524846828507e+00 -1.121320368419200797e+00
6.261299999490989685e+10 1.178371466230500042e+00 -1.057818299847925081e+00
6.261299999352526093e+10 8.316686724395251362e-01 -5.532349590127623173e-01
6.261299999209279633e+10 3.827071405704789986e-01 -7.494221148441604363e-01
6.261299999288599396e+10 6.406022751503547275e-01 -2.012887981682957683e+00
6.261299999301394653e+10 6.404172102625385055e-01 -3.521411387791402170e+00
6.261299999324959564e+10 -1.901414513838843856e-01 -2.277764884679871038e+00
6.261299999453757477e+10 5.919822949210467034e-01 -2.131476073360693668e+00
6.261299999330940247e+10 1.075158816761945912e+00 -2.873192650580495222e+00
6.261299999212313843e+10 1.534541912154262500e-01 -2.685448666211359026e+00
6.261299999278153992e+10 6.709569712367201288e-02 -1.324909175100873471e+00
6.261299999304669952e+10 1.372323991162834877e+00 -6.051292683509773562e-01
6.261299999384793854e+10 1.443793953262313190e+00 -1.887673039897747262e+00
6.261299999372392273e+10 1.423540309484992106e+00 -3.789572293497807109e-01
6.261299999342247009e+10 1.313881450334792866e+00 -1.858523461991403503e+00
6.261299999341732025e+10 1.561012629176024014e+00 -3.648991805413936973e-01
6.261299999343953705e+10 1.595811305982119732e+00 -1.878275936338291263e+00
6.261299999458654785e+10 6.126840267077694469e-01 -1.977511046073267664e+00
6.261299999446796417e+10 1.473072133286989827e+00 -7.374772663789725957e-01
6.261299999489696503e+10 2.826478224293212271e+00 -2.118683587261815937e-01
6.261299999579505157e+10 2.935956958958829244e+00 1.001995367758618416e+00
6.261299999572172546e+10 2.926344133306834738e+00 -5.101372699991226778e-01
6.261299999648800659e+10 3.638164620184211273e+00 5.844570282287806506e-01
6.261299999788907623e+10 3.223883852914254611e+00 9.811859949896637456e-01
6.261299999675715637e+10 3.659425541496743151e+00 1.887318118722129068e+00
6.261299999711712646e+10 4.894224023556293268e+00 2.685885267773749696e+00
6.261299999733335114e+10 5.786496212065128653e+00 3.889675649286921555e+00
6.261299999700205231e+10 4.894980999282627643e+00 2.711773433051492432e+00
6.261299999700636292e+10 4.844031153082221763e+00 1.198697324606774250e+00
6.261299999575366211e+10 5.238905108638661545e+00 1.951578306020404607e+00
6.261299999430560303e+10 5.550518369956710885e+00 1.638470365807361606e+00
6.261299999320885468e+10 4.577721173186310999e+00 2.016398851801236791e+00
6.261299999332484436e+10 4.582507897176054001e+00 3.525881372821721982e+00
6.261299999239963531e+10 4.614711780893266280e+00 4.723779271977885941e+00
6.261299999250354004e+10 4.324087403860600531e+00 6.205924953781678965e+00
6.261299999216575623e+10 4.464608377743430445e+00 4.736854445714569373e+00
6.261299999288943481e+10 3.844114979255046638e+00 3.560722424285259535e+00
6.261299999341456604e+10 3.183722331480415946e+00 4.817755300657430517e+00
6.261299999363292694e+10 2.119448160046140117e+00 5.872105032722882534e+00
6.261299999247367859e+10 3.090389151272448398e+00 5.798415248843567404e+00
6.261299999144459534e+10 2.896193615841477165e+00 6.891708689858053738e+00
6.261299999189490509e+10 3.443501996709045887e+00 5.553917562564957500e+00
6.261299999190637207e+10 3.592534012464517978e+00 7.060460553305278886e+00
6.261299999127706909e+10 2.259250035135775381e+00 6.716450793579062051e+00
6.261299999198312378e+10 1.604524069114148244e+00 7.884711620649318853e+00
6.261299999071623230e+10 2.358560359691040276e+00 8.228860732661553712e+00
6.261299999093624878e+10 3.769825498244612660e+00 8.730795375850735951e+00
6.261299999086800385e+10 3.667322457030678606e+00 1.023971861238011449e+01
6.261299998954462433e+10 3.496147677535215603e+00 9.524609453022517158e+00
6.261299999105448914e+10 3.390681854316774935e+00 9.559241344144174590e+00
6.261299999149442291e+10 2.806314152158023933e+00 1.088475478550040876e+01
6.261299999094071198e+10 4.165997954290222793e+00 1.051505550712185233e+01
6.261299999041857910e+10 2.986931973683325747e+00 9.721836820571107651e+00
6.261299998956966400e+10 2.090845122645674792e+00 1.059841177238501508e+01
6.261299999016315460e+10 7.008831613115416026e-01 1.051016496806031952e+01
6.261299998867525482e+10 7.584744701653594046e-01 1.078377451664582232e+01
6.261299998870880127e+10 -2.896898341992777404e-01 1.187567184949639376e+01
6.261299998847431946e+10 -3.649293862591020399e-01 1.038189458264312215e+01
6.261299998898629761e+10 6.322655255443587752e-01 1.139948621187795297e+01
6.261299998936119843e+10 2.112536959566891359e-01 9.994418954899725094e+00
6.261299999053377533e+10 -6.928619081581639527e-01 1.031009082169404678e+01
6.261299999046097565e+10 -2.202517289179144910e+00 1.022259824568810771e+01
6.261299999080431366e+10 -3.407357380445284800e+00 9.372603622689775094e+00
6.261299999115784454e+10 -3.395163150925849305e+00 1.084463695230761360e+01
6.261299999181516266e+10 -4.034396645432186013e+00 9.639925269261052421e+00
6.261299999074341583e+10 -3.774373826627098971e+00 1.067711087750362964e+01
6.261299999200875092e+10 -3.647707209248447047e+00 9.855592652261192299e+00
6.261299999196451569e+10 -2.319599617919873680e+00 1.058098027634533445e+01
6.261299999216521454e+10 -3.501267809638521911e+00 9.656105021788279785e+00
6.261299999114288330e+10 -3.577482945969781447e+00 8.542080209245872524e+00
6.261299999072742462e+10 -3.917128720135599984e+00 9.957724668458839190e+00
6.261299999043392181e+10 -3.962027996075033531e+00 1.144226330434437244e+01
6.261299999111934662e+10 -2.833755806422481704e+00 1.070117405159860624e+01
6.261299999080119324e+10 -2.687505400822524315e+00 1.217406374016220738e+01
6.261299999087815857e+10 -2.695488119343725675e+00 1.368602475318828304e+01
6.261299999063506317e+10 -2.400741575090487689e+00 1.222108656576217633e+01
6.261299999058258820e+10 -1.441707548456086840e+00 1.105082420920030906e+01
6.261299999069530487e+10 -2.432622489841433921e-01 1.196899535179349172e+01
6.261299998951487732e+10 -5.972571051753380877e-02 1.103898893885403965e+01
6.261299998944168854e+10 6.361214083275551490e-01 1.238154403801866543e+01
6.261299999027747345e+10 7.218602617163223378e-01 1.364095991698795629e+01
6.261299998954367065e+10 -3.633495610439048118e-01 1.439981939883733553e+01
6.261299998925310516e+10 -7.261998413933455909e-01 1.584062664309191959e+01
6.261299998935855865e+10 5.179665539230132731e-01 1.498450572903065492e+01
6.261299998880332947e+10 1.306267001662702931e+00 1.381732086544198346e+01
6.261299998944214630e+10 8.232592849004616298e-01 1.253255347758639715e+01
6.261299999080175018e+10 1.628241864857541410e-01 1.261803321910150189e+01
6.261299999147100830e+10 8.492760080575886272e-01 1.378973744009316960e+01
6.261299999216049194e+10 1.700479328821166369e+00 1.483476376149250342e+01
6.261299999286277008e+10 9.921151800865954939e-01 1.369588540819383127e+01
6.261299999307795715e+10 1.820825738728901966e+00 1.494446397143233085e+01
6.261299999313131714e+10 1.671351461007043238e+00 1.343886646031986132e+01
6.261299999175159454e+10 2.042940392807735872e+00 1.393916724935896490e+01
6.261299999187552643e+10 2.202280053500270895e+00 1.543958918919406109e+01
6.261299999218222809e+10 2.322575059765405125e+00 1.691724798787019068e+01
6.261299999223469543e+10 2.295523828189347970e+00 1.540445951952310644e+01
6.261299999207620239e+10 2.830782174056282408e+00 1.681172326963220698e+01
6.261299999214770508e+10 1.321673966761770069e+00 1.671428843998470626e+01
6.261299999149876404e+10 7.867953855403054808e-01 1.797317395502857806e+01
6.261299999218549347e+10 1.941088853202308950e+00 1.867175792440827564e+01
6.261299999140944672e+10 1.955085282492783350e+00 1.737192320410134272e+01
6.261299999228715515e+10 9.050009922022672626e-01 1.801920100538504954e+01
6.261299999347652435e+10 2.839558042164391782e-02 1.768908417603424965e+01
6.261299999476720428e+10 7.809496418436769893e-01 1.744451108443739429e+01
6.261299999502983856e+10 8.693185913661002351e-01 1.595614743387390355e+01
6.261299999364524078e+10 1.461416786001000556e+00 1.611209439383584652e+01
6.261299999425207520e+10 2.310199430052358061e+00 1.720905887560815728e+01
6.261299999390422058e+10 2.169079100650636693e+00 1.574239747591584759e+01
6.261299999426631165e+10 2.055000349938044479e+00 1.427683024177661153e+01
6.261299999338401794e+10 1.106695480034447732e+00 1.506060014440968686e+01
6.261299999195130157e+10 1.568452177072003906e+00 1.522222654617186599e+01
6.261299999264115906e+10 2.236711315901727115e-01 1.513462880134994037e+01
6.261299999300817871e+10 5.321029505448957586e-01 1.369859961882121802e+01
6.261299999263349915e+10 -1.968061654996187126e-01 1.497151875131675602e+01
6.261299999328392029e+10 -6.818431147327459474e-01 1.624968356467749331e+01
6.261299999410794830e+10 -1.342450937594434901e+00 1.733439161533508965e+01
6.261299999267926025e+10 -1.842972641881603924e+00 1.735267753278104763e+01
6.261299999395533752e+10 -2.003397804767719226e+00 1.815136287212245136e+01
6.261299999347991943e+10 -3.114588534090585448e+00 1.723963680639138474e+01
6.261299999450624847e+10 -2.996707293290760798e+00 1.834632805359237295e+01
6.261299999491123199e+10 -2.861122541612127979e+00 1.689387497780752057e+01
6.261299999498186493e+10 -2.766449401814996989e+00 1.840319996874919894e+01
6.261299999595019531e+10 -3.846928324107485864e+00 1.797085829420137770e+01
6.261299999475717926e+10 -4.553103283852397709e+00 1.857916965577497592e+01
6.261299999429128265e+10 -4.549362475960233354e+00 1.713870419785964216e+01
6.261299999546990204e+10 -3.776563257941473406e+00 1.769155874596549083e+01
6.261299999583969879e+10 -5.217275942106208930e+00 1.797371770772808119e+01
6.261299999587393188e+10 -5.316156584121753959e+00 1.646339838655567434e+01
6.261299999635538483e+10 -4.192480771718337884e+00 1.557033129648046987e+01
6.261299999731192017e+10 -4.722156197526647503e+00 1.452319575990978251e+01
6.261299999690433502e+10 -3.494195328632194286e+00 1.530932403030850431e+01
6.261299999579972076e+10 -4.388889544293121503e+00 1.478840033238716423e+01
6.261299999606027985e+10 -3.979575509534053257e+00 1.622247967434937621e+01
6.261299999510330200e+10 -5.139944212148196634e+00 1.605001093678332680e+01
6.261299999501104736e+10 -4.349801690899445461e+00 1.733810172466847632e+01
6.261299999485456085e+10 -3.612331575341062972e+00 1.602521818510058793e+01
6.261299999511825562e+10 -3.253697941766930057e+00 1.747223645197267672e+01
6.261299999479048157e+10 -4.271958665619640882e+00 1.854355493737314475e+01
6.261299999506979370e+10 -4.670874591098603368e+00 1.711007556920401740e+01
6.261299999650422668e+10 -4.242487586388143050e+00 1.733569463406149680e+01
6.261299999674990082e+10 -4.456776939027307094e+00 1.881411922040797080e+01
6.261299999531745148e+10 -4.127153142697543409e+00 1.845155319943736316e+01
6.261299999567358398e+10 -3.504013730850608521e+00 1.978454915444088869e+01
6.261299999571488190e+10 -3.577856915136473415e+00 1.827297538838069357e+01
6.261299999611695099e+10 -5.011061399917303483e+00 1.854915740513022726e+01
6.261299999661802673e+10 -6.396176584584168268e+00 1.819931479168383959e+01
6.261299999561696625e+10 -6.910511110930178447e+00 1.921191256143422521e+01
6.261299999532981110e+10 -6.891833496142502291e+00 1.772557291792844580e+01
6.261299999533528900e+10 -6.951063911269092621e+00 1.621280210927839249e+01
6.261299999650433350e+10 -6.340284713317132059e+00 1.695596492639815978e+01
6.261299999729048157e+10 -6.472598959444661126e+00 1.566892414254363608e+01
6.261299999756968689e+10 -6.457181403691120813e+00 1.418103275071129232e+01
6.261299999716565704e+10 -5.408173781582927830e+00 1.519511123451855994e+01
6.261299999703774261e+10 -5.113173959127176538e+00 1.667451231049944127e+01
6.261299999633335114e+10 -4.041411426591789535e+00 1.747897949703081366e+01
6.261299999605025482e+10 -3.365558923596620122e+00 1.615417921808239043e+01
6.261299999645141602e+10 -4.607624322090755342e+00 1.538713634755216830e+01
6.261299999750521088e+10 -5.530141250162326827e+00 1.481225717808096931e+01
6.261299999754589844e+10 -5.255957028725037894e+00 1.332390873127669551e+01
6.261299999729482269e+10 -5.700709728059542236e+00 1.189871694776280009e+01
6.261299999682706451e+10 -4.636386018423795718e+00 1.286847639496754425e+01
6.261299999611485291e+10 -5.109933283555863071e+00 1.161926604684635400e+01
6.261299999533869934e+10 -5.620008939856445451e+00 1.281484873773561439e+01
6.261299999432173920e+10 -5.509876129496697139e+00 1.393094761331100351e+01
6.261299999331443787e+10 -4.895123735594011372e+00 1.487933359820523194e+01
6.261299999272741699e+10 -5.145890004112727567e+00 1.350654899956232846e+01
6.261299999183634949e+10 -5.029437383723851518e+00 1.228816757669445359e+01
6.261299999146909332e+10 -5.047960639265789418e+00 1.081956571794548694e+01
6.261299999277375793e+10 -4.702142459557734355e+00 1.013380566368171110e+01
6.261299999375406647e+10 -3.600631794481054193e+00 9.790760634697676323e+00
6.261299999459497833e+10 -4.259199071629848454e+00 1.086368580902870384e+01
6.261299999597609711e+10 -4.865319839544058667e+00 1.099461169929076654e+01
6.261299999646371460e+10 -5.093499191963216433e+00 1.240959565109547569e+01
6.261299999673382568e+10 -5.045990136384823188e+00 1.389848612813629991e+01
6.261299999678275299e+10 -6.514665769964437025e+00 1.353432724976747004e+01
6.261299999589803314e+10 -5.514823469006489454e+00 1.282046351182499144e+01
6.261299999699305725e+10 -6.498338979912912095e+00 1.317491292165015260e+01
6.261299999613188171e+10 -5.259849789948009224e+00 1.304631076019940750e+01
6.261299999574770355e+10 -6.000911200052541083e+00 1.430934297935826827e+01
6.261299999541507721e+10 -7.346847005658966090e+00 1.370120773609992249e+01
6.261299999554116821e+10 -6.749100211168217456e+00 1.231599534909700111e+01
6.261299999555770111e+10 -6.384046550004561560e+00 1.378517071305242681e+01
6.261299999444047546e+10 -6.053480903030863836e+00 1.281844990215119928e+01
6.261299999468946075e+10 -6.690271936801092778e+00 1.146770282735185731e+01
6.261299999542339325e+10 -7.556849193555929212e+00 1.046650448006117173e+01
6.261299999523621368e+10 -6.866640524784757282e+00 1.180089158039862518e+01
6.261299999405528259e+10 -5.937643216000027202e+00 1.198632967528802240e+01
6.261299999363356781e+10 -4.524289642454316862e+00 1.232779778164344897e+01
6.261299999351513672e+10 -4.677518441397936932e+00 1.082629570387940987e+01
6.261299999469144440e+10 -5.623304638861660543e+00 1.094377723517889756e+01
6.261299999491026306e+10 -6.525516207190061202e+00 1.213966507976870801e+01
6.261299999425956726e+10 -5.272954360933880480e+00 1.268710892169548821e+01
6.261299999397980499e+10 -5.027711055977555965e+00 1.121959260384605095e+01
6.261299999406448364e+10 -5.328173011550924265e+00 1.270099950623977847e+01
6.261299999362854004e+10 -6.483292955538654923e+00 1.357716270611543052e+01
6.261299999313199615e+10 -6.492630442002993441e+00 1.214699938494952036e+01
6.261299999389192963e+10 -6.105678559679958539e+00 1.339791213179183771e+01
6.261299999283338165e+10 -5.060435712773694306e+00 1.311691350265140876e+01
6.261299999220066833e+10 -3.881366025252898311e+00 1.382506483908136907e+01
6.261299999280929565e+10 -2.903761801850525348e+00 1.284227603778727733e+01
6.261299999335994720e+10 -3.257866708286888180e+00 1.147720940647848842e+01
6.261299999295788574e+10 -1.824484656739487232e+00 1.120193935844105582e+01
6.261299999386962891e+10 -2.419117120631590900e+00 1.225415284204171940e+01
6.261299999428547668e+10 -3.412079516661987277e+00 1.118967630002410374e+01
6.261299999402537537e+10 -4.036214355405141951e+00 1.254423003940545200e+01
6.261299999420459747e+10 -3.848884747220012059e+00 1.105265366486317014e+01
6.261299999486987305e+10 -3.070015901721452778e+00 1.216745858952774206e+01
6.261299999403007507e+10 -2.760902623133173694e+00 1.094630849227340441e+01
6.261299999354433441e+10 -2.398036432463417356e+00 1.233353586154521331e+01
6.261299999458969116e+10 -3.492277971007365256e+00 1.237683768902995673e+01
6.261299999453889465e+10 -4.186435798173066658e+00 1.372129967872014156e+01
6.261299999485242462e+10 -4.828865916476377862e+00 1.238675951917001150e+01
6.261299999634456635e+10 -4.762715176468133471e+00 1.263405325693678449e+01
6.261299999653414154e+10 -3.564459908043396297e+00 1.172837221654279105e+01
6.261299999687782288e+10 -4.866876119485838537e+00 1.241946531814584453e+01
6.261299999661673737e+10 -4.968957181865450323e+00 1.390722448935565225e+01
6.261299999661016846e+10 -4.957309832498749458e+00 1.542110526767987722e+01
6.261299999551906586e+10 -4.165812017251504074e+00 1.611033160705958878e+01
6.261299999516091156e+10 -4.220230378009198979e+00 1.758028980495809179e+01
6.261299999428680420e+10 -4.390069539612556859e+00 1.635590900188634578e+01
6.261299999409914398e+10 -4.061686725921203056e+00 1.782184300632204099e+01
6.261299999425965118e+10 -3.969730269497142139e+00 1.932443888872157700e+01
6.261299999291279602e+10 -3.402253946542668661e+00 1.971936587025088272e+01
6.261299999265803528e+10 -2.965746098350419580e+00 1.829228084076981986e+01
6.261299999200777435e+10 -1.733699729666288603e+00 1.888493052523648430e+01
6.261299999187566376e+10 -1.801380961710244533e+00 1.737828529466648675e+01
6.261299999166529083e+10 -1.160050986642176429e+00 1.602312744383022647e+01
6.261299999262287903e+10 -2.126356110928138143e+00 1.668742375906529318e+01
6.261299999311754608e+10 -2.073427162477196717e+00 1.525755759272239942e+01
6.261299999316120911e+10 -1.659057222919230856e+00 1.380208337286147646e+01
6.261299999308180237e+10 -1.508613547899516405e+00 1.229773146375681492e+01
6.261299999299333191e+10 -1.889219841822028068e+00 1.083508810395598410e+01
6.261299999283408356e+10 -3.370797992763145068e+00 1.110263222239798253e+01
6.261299999295592499e+10 -3.603472453021780542e+00 9.611648907625944815e+00
6.261299999406451416e+10 -3.778089306031628958e+00 1.062779504733477154e+01
6.261299999485365295e+10 -3.052122989253785335e+00 9.559037483511310995e+00
6.261299999528507996e+10 -3.414717661048326747e+00 1.096417404160174947e+01
6.261299999383998871e+10 -3.832193380484868239e+00 1.113574051690367916e+01
6.261299999303029633e+10 -2.798264814629034092e+00 1.188900340498245534e+01
6.261299999251166534e+10 -2.755802040025401745e+00 1.046730269800698565e+01
6.261299999216703796e+10 -1.347698070994146846e+00 1.003085043932636111e+01
6.261299999136370850e+10 -8.036727885130167115e-01 1.119305144596856927e+01
6.261299999008540344e+10 -1.597350898084179516e+00 1.136045342780800738e+01
6.261299999027465057e+10 -1.361698619971662527e+00 1.284391840952712371e+01
6.261299999148328400e+10 -1.208580357992403709e+00 1.194515142754065629e+01
6.261299999199556732e+10 -1.612406484805948059e+00 1.057895058205859584e+01
6.261299999207744598e+10 -1.128451340097979871e+00 9.146785451246927323e+00
6.261299999095655823e+10 -1.118721899355659577e+00 1.016439738034203799e+01
6.261299998978816223e+10 -1.294746779167463835e+00 1.111090736170577742e+01
6.261299998937954712e+10 -2.580182872452337239e+00 1.179844087127890795e+01
6.261299999081566620e+10 -2.221336025037466744e+00 1.211592783566356069e+01
6.261299999005918121e+10 -9.368444826756914257e-01 1.185168101681759545e+01
6.261299998884101868e+10 -1.136386228232812101e+00 1.097516666843700506e+01
6.261299999017840576e+10 -7.422153846940083843e-01 1.156512048013888538e+01
6.261299999076041412e+10 6.551935690088886988e-01 1.158815063393912226e+01
6.261299999057991028e+10 7.113394541304228769e-01 1.008605924794543363e+01
6.261299999097152710e+10 2.171148570030194236e+00 1.017329249369623589e+01
6.261299998988741302e+10 1.719839739813627366e+00 9.217769564031861762e+00
6.261299998987005615e+10 1.744528942683071682e+00 1.073140855551185879e+01
6.261299999063353729e+10 5.012559273527448234e-01 1.113561264879103341e+01
6.261299998913216400e+10 6.538272143527433800e-01 1.101474683630905638e+01
6.261299999013677216e+10 1.416167371329892344e+00 1.185237330648510401e+01
6.261299998936677551e+10 1.466301490055554879e-01 1.155674937785596512e+01
6.261299998982878876e+10 -1.171198770274419543e+00 1.214145558869356911e+01
6.261299998930780029e+10 -5.883173389129382480e-01 1.084498524542541631e+01
6.261299998887183380e+10 -6.117820073896126365e-01 9.395365838230816280e+00
6.261299998998641205e+10 -1.076944470793147701e+00 1.030825080087833356e+01
6.261299998988454437e+10 -1.112188932334228220e+00 1.181834823767117548e+01
6.261299999085407257e+10 -2.205464111204889388e+00 1.142239450264889022e+01
6.261299999212960052e+10 -1.641385474626973373e+00 1.083345072387287544e+01
6.261299999104458618e+10 -1.107687159386030462e+00 1.174445025678751264e+01
6.261299999111084747e+10 -1.305255123230988135e+00 1.324398038439531433e+01
6.261299999164936829e+10 -1.732545473982494144e-03 1.269367277134998773e+01
6.261299999187761688e+10 -1.285859098133656842e+00 1.192494950183661473e+01
6.261299999059484100e+10 -5.139192553609444047e-01 1.214990338993501773e+01
6.261299999017269897e+10 4.575518173570660707e-01 1.323159310697406710e+01
6.261299999074794006e+10 -8.524604821004519994e-01 1.372654775736211796e+01
6.261299999136267090e+10 -2.215427585502328878e+00 1.396412953249369693e+01
6.261299999122827911e+10 -3.722392749228832898e+00 1.401897830365594366e+01
6.261299999191572571e+10 -4.725502584337401224e+00 1.492075430337971120e+01
6.261299999204644012e+10 -4.831237190167350981e+00 1.341617890560562287e+01
6.261299999204283905e+10 -4.825968850385807585e+00 1.493010528803218584e+01
6.261299999204907227e+10 -5.384399905933020314e+00 1.633727610816738718e+01
6.261299999071334839e+10 -5.864237018916086619e+00 1.581039463111395449e+01
6.261299999133017731e+10 -6.663548539249839919e+00 1.468228080658083456e+01
6.261299999125595093e+10 -6.909140809862013732e+00 1.617432244673976882e+01
6.261299999155874634e+10 -6.852730221621307294e+00 1.469204512571915089e+01
6.261299999117310333e+10 -6.220414255192298292e+00 1.601245107864408368e+01
6.261299999079624176e+10 -5.438057315058294705e+00 1.725257506741428770e+01
6.261299998984848022e+10 -4.809188857896572244e+00 1.825171456034851403e+01
6.261299998998373413e+10 -4.608694257039267939e+00 1.974621160160428701e+01
6.261299998968662262e+10 -4.574233708510091923e+00 1.826211156917328537e+01
6.261299999021262360e+10 -5.097349422235217808e+00 1.958184181409076530e+01
6.261299999060323334e+10 -5.571197955300152493e+00 1.819804061112351690e+01
6.261299999076374817e+10 -6.502770774403756171e+00 1.701549207623957827e+01
6.261299999130375671e+10 -5.126453836711956313e+00 1.734130325847732479e+01
6.261299999184473419e+10 -5.562486932221130331e+00 1.599622532033669842e+01
6.261299999247431946e+10 -4.543156238617322096e+00 1.507069891683833163e+01
6.261299999263626099e+10 -3.641652464261039057e+00 1.627613686820037842e+01
6.261299999164876556e+10 -4.638620794991254570e+00 1.570787943203507808e+01
6.261299999129219055e+10 -3.517009374844223935e+00 1.666016966831636026e+01
6.261299999095085144e+10 -2.816903942542110517e+00 1.795838142709926188e+01
6.261299999162031555e+10 -3.574747139843436727e+00 1.908510578514687239e+01
6.261299999077242279e+10 -2.619412530869352995e+00 1.989777418035791712e+01
6.261299999161509705e+10 -3.315872287291135034e+00 1.885046193216541610e+01
6.261299999240882111e+10 -3.084067710134561047e+00 1.758228029030309969e+01
6.261299999206076813e+10 -2.486522469599927287e+00 1.892905959608842181e+01
6.261299999242590332e+10 -1.249028454140066469e+00 1.813703795085092452e+01
6.261299999207630157e+10 -2.528399791540925090e+00 1.886710565833026720e+01
6.261299999340077209e+10 -3.260797958871452629e+00 1.883001902975094666e+01
6.261299999238320160e+10 -2.666696424664692699e+00 1.978060338926000483e+01
6.261299999271671295e+10 -4.078274999323751260e+00 1.934674610553901175e+01
6.261299999142951202e+10 -3.708475875281605383e+00 2.005269682805374387e+01
6.261299999049488831e+10 -4.081067728888304380e+00 1.892147324709792855e+01
6.261299999122944641e+10 -5.379337568358863564e+00 1.866275731167179686e+01
6.261299999118502045e+10 -3.936592569745121839e+00 1.911940497181428711e+01
6.261299999123121643e+10 -2.739007660339057182e+00 2.004442937619649001e+01
6.261299999142359161e+10 -1.402344489627878277e+00 2.072878204560567283e+01
6.261299999082126617e+10 -2.412720944961126879e+00 1.977570628913225548e+01
6.261299999213796997e+10 -3.097698127445566385e+00 2.007421372080198907e+01
6.261299999246468353e+10 -1.702280631648850795e+00 1.958627924835457534e+01
6.261299999165051270e+10 -5.883726228660208779e-01 1.896310111890364425e+01
6.261299999048908234e+10 -9.570509609960697883e-01 1.986153047894854851e+01
6.261299998944020081e+10 1.325548142165158261e-01 1.992955508257831809e+01
6.261299998805352020e+10 4.807055930776911734e-01 2.042746780227414050e+01
6.261299998834686279e+10 7.690803516752255931e-01 2.188445241368806649e+01
6.261299998953171539e+10 8.698218576124847612e-01 2.094743736730846351e+01
6.261299998953124237e+10 8.703595320903829702e-01 1.943349770940212551e+01
6.261299999031771088e+10 2.097050507812975084e+00 1.984424732943671543e+01
6.261299998952608490e+10 2.078121769768371152e+00 2.113458811839504747e+01
6.261299999046552277e+10 1.191030715165537490e+00 2.192359879256302690e+01
6.261299999112561035e+10 2.419117344921990043e+00 2.133359361391821096e+01
6.261299999191764832e+10 1.557728489820808804e+00 2.229416719446211559e+01
6.261299999138034058e+10 1.984120345565566046e+00 2.094453603026987665e+01
6.261299999101241302e+10 3.114712329930764412e+00 2.000730491586192272e+01
6.261299998958215332e+10 3.345939231702244943e+00 1.956809502155452307e+01
6.261299998956723022e+10 3.048951705956872260e+00 2.105254426049049243e+01
6.261299999028502655e+10 4.126033004464058962e+00 2.026725555082202135e+01
6.261299999162041473e+10 4.399205049354677044e+00 1.960837331547076801e+01
6.261299999068054199e+10 4.614268193841478016e+00 1.844115280269019053e+01
6.261299999098699951e+10 5.699173767383152622e+00 1.945163758845298574e+01
6.261299999134944153e+10 5.751447808050516919e+00 1.798265344722416614e+01
6.261299998987873077e+10 5.398572798432478059e+00 1.804972299015938120e+01
6.261299999028441620e+10 6.731282383272128911e+00 1.745700279462717930e+01
6.261299999044912720e+10 5.286157760580794118e+00 1.703688430702812084e+01
6.261299999057064056e+10 6.506706428250952357e+00 1.614946744509306598e+01
6.261299999010610199e+10 5.159249483669404057e+00 1.563899654494277414e+01
6.261299999045781708e+10 4.955268834389664256e+00 1.709731772428461127e+01
6.261299998950841522e+10 3.944515371204438736e+00 1.770479277915584149e+01
6.261299998966474915e+10 3.921857012017720301e+00 1.921046910204784552e+01
6.261299998960675049e+10 3.679405896746348770e+00 1.771719515380107879e+01
6.261299998847192383e+10 3.064999082274684206e+00 1.692556150080485722e+01
6.261299998854261780e+10 3.113726089990199508e+00 1.843706460037234152e+01
6.261299998942676544e+10 4.040220861010098474e+00 1.762965936014985857e+01
6.261299998893845367e+10 3.881797055419771603e+00 1.620541761012867710e+01
6.261299998912598419e+10 5.129441627373678259e+00 1.536862043466581973e+01
6.261299998896417236e+10 5.605236359492299592e+00 1.679671319148005892e+01
6.261299998900428772e+10 5.212419148101917976e+00 1.825825327343270388e+01
6.261299998787744141e+10 4.945060255679590178e+00 1.728318571313091212e+01
6.261299998804537964e+10 5.134203310636215711e+00 1.579052556998113666e+01
6.261299998781806946e+10 6.423907362244850816e+00 1.655013484737309781e+01
6.261299998931690979e+10 6.265780862702822418e+00 1.669323839846594382e+01
6.261299999018470764e+10 6.468559388429595991e+00 1.791709370241505539e+01
6.261299999018447113e+10 7.019817267195540111e+00 1.650708359714725049e+01
6.261299999063598633e+10 6.762833583573719665e+00 1.508507485787641045e+01
6.261299999193902588e+10 7.066038740139537921e+00 1.437643448897646437e+01
6.261299999212816620e+10 6.989672740993697175e+00 1.587657037207386601e+01
6.261299999189936066e+10 5.544018068813575617e+00 1.626354029909132493e+01
6.261299999149061584e+10 5.780079118652000858e+00 1.770201856130561069e+01
6.261299999076358032e+10 6.166396041447465670e+00 1.897252869594669988e+01
6.261299999076996613e+10 7.045730369683639971e+00 1.774015530483481129e+01
6.261299999219049835e+10 7.111343199538911364e+00 1.722072540419710762e+01
6.261299999280564117e+10 7.809352944385446804e+00 1.602640789742359217e+01
6.261299999280770874e+10 7.820625171675832377e+00 1.451251144334489851e+01
6.261299999284734344e+10 9.180458207172197405e+00 1.384820948379106831e+01
6.261299999343011475e+10 8.809149005039916602e+00 1.250116650264462059e+01
6.261299999331177521e+10 7.300656363189164111e+00 1.245157554982818304e+01
6.261299999183472443e+10 7.367830472043996437e+00 1.212628701998130687e+01
6.261299999175070953e+10 7.290393691371308549e+00 1.363590910915468868e+01
6.261299999087378693e+10 6.498502749055635519e+00 1.458244179122266715e+01
6.261299999177785492e+10 5.306500006658069424e+00 1.481439836694854861e+01
6.261299999216819000e+10 5.749556123406208030e+00 1.620844041269131353e+01
6.261299999176335144e+10 5.234053484780339716e+00 1.757313052263083364e+01
6.261299999229965210e+10 5.936830965057568577e+00 1.880215271458740744e+01
6.261299999255728149e+10 5.402800455921888734e+00 2.019515352040311384e+01
6.261299999226312256e+10 4.195776811378911120e+00 2.106035693550284904e+01
6.261299999227878571e+10 3.859965634095321896e+00 2.253650033263492958e+01
6.261299999106021881e+10 4.729291864338666329e+00 2.276315328936104976e+01
6.261299999105665588e+10 4.734277781402808749e+00 2.124922586769945099e+01
6.261299999133113098e+10 4.934909652541430880e+00 2.272449623066847835e+01
6.261299999131414032e+10 5.757265707020223111e+00 2.145349048918192025e+01
6.261299999033712769e+10 6.343918390056186851e+00 2.045684695847740997e+01
6.261299998947939301e+10 5.540915439392778197e+00 2.141156954905995136e+01
6.261299998842127991e+10 5.161584355733852547e+00 2.039740743864364703e+01
6.261299998948864746e+10 5.098835586951194543e+00 1.932558872326218236e+01
6.261299999061946869e+10 4.953327847902593284e+00 2.032162474111676786e+01
6.261299999079260254e+10 4.655452617648042413e+00 1.884741021703796804e+01
6.261299999028533173e+10 5.621940507397763298e+00 1.779831940261637868e+01
6.261299998966223145e+10 6.862805757384974115e+00 1.719498413632303624e+01
6.261299999069657135e+10 6.368695769361399250e+00 1.818393136812519018e+01
6.261299999104256439e+10 6.143034323345050396e+00 1.964042737010732154e+01
6.261299999111566925e+10 7.558338334055529906e+00 1.910790080465567797e+01
6.261299999158322144e+10 8.406130317442352506e+00 2.027179767941700561e+01
6.261299999257451630e+10 9.468283808868537932e+00 2.069745013329196226e+01
6.261299999320780182e+10 9.414350812941551183e+00 2.207151336831391575e+01
6.261299999309285736e+10 1.030241384733768761e+01 2.329222822208792820e+01
6.261299999239750671e+10 1.143796274039813454e+01 2.257179173275402206e+01
6.261299999231740570e+10 1.135649011849480239e+01 2.408141433132585973e+01
6.261299999239384460e+10 1.150709020439160568e+01 2.558590434544495906e+01
6.261299999259830475e+10 1.164005843360171433e+01 2.409173932880917590e+01
6.261299999202903748e+10 1.247508173827977096e+01 2.296449374919523478e+01
6.261299999170158386e+10 1.108580784104192318e+01 2.346917636079225744e+01
6.261299999141284943e+10 1.082043269423568077e+01 2.493144178409893996e+01
6.261299999094868469e+10 9.933397370857337094e+00 2.606710638895231114e+01
6.261299999033164215e+10 1.106289671150375931e+01 2.526992337999422844e+01
6.261299998886754608e+10 1.102991748297862173e+01 2.488606701455580605e+01
6.261299998849900818e+10 1.101399270440989753e+01 2.635437945690385320e+01
6.261299998956710815e+10 1.049980505643255491e+01 2.541268627163034211e+01
6.261299998910697174e+10 1.192813652229266985e+01 2.561307627276513443e+01
6.261299998802965546e+10 1.205674315266447039e+01 2.666894852642142766e+01
6.261299998851816559e+10 1.213227640594894297e+01 2.809991569854166471e+01
6.261299998807590485e+10 1.207716404051122083e+01 2.954676870807110944e+01
6.261299998824700165e+10 1.167030242341684065e+01 2.809859648243714147e+01
6.261299998939302826e+10 1.230410657907427030e+01 2.733903268673022424e+01
6.261299998821672821e+10 1.156389766549843756e+01 2.793939093612555524e+01
6.261299998872224426e+10 1.055182374428355629e+01 2.693332383636728977e+01
6.261299998910906219e+10 1.073376216026345986e+01 2.838566221725822558e+01
6.261299998906907654e+10 1.184138419080056615e+01 2.941696634044660641e+01
6.261299998984329987e+10 1.293522943127719316e+01 2.871262477331320184e+01
6.261299998835856628e+10 1.279564910800334054e+01 2.897357435168716222e+01
6.261299998831401062e+10 1.306358299906044351e+01 2.748419856259050675e+01
6.261299998973722076e+10 1.267065161589151501e+01 2.714939170414540826e+01
6.261299998990237427e+10 1.221439688766235676e+01 2.571531725483086817e+01
6.261299998996673584e+10 1.222485505335867195e+01 2.420278232209369662e+01
6.261299999044300079e+10 1.171334191957966198e+01 2.554574191056502031e+01
6.261299999108470154e+10 1.152454289062481863e+01 2.690389755426162210e+01
6.261299999246823120e+10 1.104454083565583922e+01 2.651989426961992180e+01
6.261299999261135864e+10 1.000929329105153087e+01 2.542454478516387795e+01
6.261299999190281677e+10 9.432317538308046423e+00 2.663163952567995096e+01
6.261299999251464081e+10 1.063266206705331385e+01 2.594109095709054102e+01
6.261299999243385315e+10 1.065035565113148941e+01 2.745277032975846865e+01
6.261299999119883728e+10 1.064728979240950224e+01 2.832840535269092541e+01
6.261299999155175781e+10 9.230637386622410290e+00 2.792770994377769966e+01
6.261299999277677917e+10 1.006240089177713593e+01 2.824314311523096066e+01
6.261299999164978790e+10 1.023823532857860741e+01 2.724766267474238290e+01
6.261299999139665985e+10 1.173003791986191757e+01 2.729729303964269249e+01
6.261299999156011200e+10 1.131304138358781231e+01 2.585112174908076810e+01
6.261299999067575073e+10 1.011675833423109694e+01 2.613188618011147923e+01
6.261299999171742249e+10 1.090433608224754813e+01 2.536594795065920849e+01
6.261299999086254120e+10 1.141426921796240457e+01 2.650663010696299793e+01
6.261299999217913818e+10 1.184993695660564583e+01 2.711390716856277905e+01
6.261299999259308624e+10 1.174651303442868766e+01 2.566133448581669896e+01
6.261299999255699921e+10 1.245699617765946421e+01 2.699771963736688818e+01
6.261299999180414581e+10 1.277432760211280360e+01 2.827228837913764181e+01
6.261299999122041321e+10 1.337963680541434641e+01 2.953120330191992693e+01
6.261299999238729095e+10 1.244949441123407219e+01 2.927577916261567381e+01
6.261299999185591888e+10 1.126361378666833346e+01 2.849902749103433663e+01
6.261299999283411407e+10 1.050631674201752297e+01 2.937175633042405920e+01
6.261299999238106537e+10 1.037788206113306799e+01 2.793291509354601843e+01
6.261299999307607269e+10 1.162709836658770968e+01 2.843134713695519977e+01
6.261299999306556702e+10 1.162284554221684196e+01 2.691744971338162884e+01
6.261299999348979187e+10 1.274613738092544324e+01 2.783954732727391246e+01
6.261299999384201050e+10 1.287123175468203229e+01 2.637247257330808736e+01
6.261299999313895416e+10 1.193192759102010392e+01 2.541568881127624735e+01
6.261299999428501892e+10 1.195263487798755264e+01 2.442669175750386756e+01
6.261299999509065247e+10 1.218570723034787662e+01 2.316627698540361990e+01
6.261299999373522949e+10 1.153079169415279992e+01 2.300525519319821299e+01
6.261299999373697662e+10 1.153979836471562770e+01 2.451916721727367587e+01
6.261299999328047180e+10 1.287129240804340213e+01 2.396172345690244398e+01
6.261299999292279816e+10 1.172201519450834795e+01 2.488000791356217789e+01
6.261299999378016663e+10 1.266859236713280445e+01 2.569298188403800864e+01
6.261299999451650238e+10 1.364488949604161050e+01 2.658554561286478446e+01
6.261299999330702209e+10 1.431687119346189796e+01 2.597104494392293716e+01
6.261299999370029449e+10 1.573288590865786851e+01 2.560737644463558738e+01
6.261299999447344208e+10 1.658195296751257075e+01 2.462079553210001137e+01
6.261299999298410797e+10 1.632412388180489415e+01 2.470694822333730301e+01
6.261299999437226105e+10 1.577431521883577403e+01 2.495746524041754455e+01
6.261299999413042450e+10 1.429789473679768719e+01 2.472570674185999096e+01
6.261299999281487274e+10 1.383563158091555145e+01 2.531532293647195075e+01
6.261299999288481140e+10 1.436802331257175780e+01 2.389980844823049821e+01
6.261299999283810425e+10 1.425715982475258770e+01 2.540896095491802242e+01
6.261299999303342438e+10 1.291121651703351958e+01 2.607401805366373182e+01
6.261299999384136200e+10 1.175525529701773486e+01 2.662447998798418070e+01
6.261299999355729675e+10 1.153536870348409948e+01 2.809518458439571731e+01
6.261299999336534882e+10 1.040993267287427315e+01 2.908944949054831142e+01
6.261299999405456543e+10 9.334949164432650548e+00 2.990271469267399240e+01
6.261299999518579102e+10 8.864683885064508218e+00 2.901322418096213696e+01
6.261299999452912903e+10 7.904746953954815858e+00 2.998241402552405432e+01
6.261299999406229401e+10 9.212286303810095944e+00 3.058608579132816629e+01
6.261299999518356323e+10 9.423953965570177616e+00 3.158105505067845442e+01
6.261299999625978088e+10 8.369577611659799743e+00 3.172959081750067867e+01
6.261299999565344238e+10 8.203783030873387005e+00 3.035231932677554312e+01
6.261299999539564514e+10 8.328758607417988458e+00 2.886573371531056154e+01
6.261299999493361664e+10 7.359575312752912879e+00 2.779838652839015012e+01
6.261299999544983673e+10 8.300185545410117882e+00 2.673031088604984618e+01
6.261299999422201538e+10 7.500158796704113229e+00 2.711035655521179777e+01
6.261299999369460297e+10 6.917172047304760873e+00 2.840418017697335173e+01
6.261299999312889862e+10 5.682133456759292045e+00 2.773584295653441956e+01
6.261299999457849884e+10 6.007723025791277038e+00 2.744487166508127629e+01
6.261299999497072601e+10 5.162079529215501950e+00 2.863779294766883510e+01
6.261299999485296631e+10 5.264103785476918596e+00 2.713189193750524097e+01
6.261299999633404541e+10 4.960268848682521714e+00 2.705372212663719367e+01
6.261299999599828339e+10 5.912450186121608553e+00 2.592561286777396035e+01
6.261299999536641693e+10 4.790138930518258675e+00 2.672133583661888068e+01
6.261299999556327057e+10 3.606453301125392308e+00 2.764445600971796679e+01
6.261299999583973694e+10 4.623020891761383311e+00 2.873173252234859021e+01
6.261299999447290802e+10 4.156704110954635212e+00 2.827748841984768902e+01
6.261299999323124695e+10 4.021622472155032213e+00 2.742189535630601327e+01
6.261299999456282806e+10 3.631911373170875201e+00 2.802773318532325320e+01
6.261299999466362762e+10 4.626489080012993860e+00 2.689077716640966997e+01
6.261299999526311493e+10 5.892561783909530782e+00 2.746496227418076685e+01
6.261299999545364380e+10 4.758053791704701219e+00 2.844913900156450381e+01
6.261299999626767731e+10 5.105670809769320861e+00 2.967735712909333756e+01
6.261299999628354645e+10 5.294489175234405209e+00 3.117939224335970394e+01
6.261299999563437653e+10 4.357442327975267204e+00 3.217565254633414185e+01
6.261299999686650848e+10 5.228964635330243027e+00 3.229532303783970804e+01
6.261299999537641907e+10 4.969157672898882439e+00 3.235966537713155589e+01
6.261299999520736694e+10 6.142941393067079758e+00 3.141856655342834870e+01
6.261299999625309753e+10 6.388116015089747357e+00 3.035163031872027517e+01
6.261299999721939087e+10 5.289110317477254242e+00 3.073954578047050035e+01
6.261299999795017242e+10 4.905412211668424227e+00 3.200869881351007962e+01
6.261299999869551086e+10 5.295190854489563392e+00 3.326748927248493715e+01
6.261299999780965424e+10 5.638320674001889188e+00 3.444627681188217849e+01
6.261299999857022858e+10 5.302269577297725967e+00 3.571142928673932460e+01
6.261299999724187469e+10 4.622542777839525385e+00 3.596729588498871522e+01
6.261299999683447266e+10 4.735603982403751466e+00 3.451359242324440402e+01
6.261299999700414276e+10 5.100800453843572946e+00 3.597299579468107567e+01
6.261299999573390961e+10 5.779324186548653763e+00 3.550594765049466162e+01
6.261299999677540588e+10 5.800937074193737608e+00 3.660450823190133463e+01
6.261299999581314087e+10 5.408727950630553671e+00 3.550349582571259788e+01
6.261299999441191864e+10 4.850518588471159021e+00 3.563382130516497170e+01
6.261299999570845795e+10 5.333549566618067672e+00 3.501926070058396334e+01
6.261299999630345917e+10 5.068405993679609978e+00 3.638589276013616569e+01
6.261299999717015839e+10 4.827944355242377306e+00 3.760369034263625565e+01
6.261299999823282623e+10 4.413192015156104375e+00 3.859904385887383427e+01
6.261299999838928223e+10 5.015072593120241784e+00 3.997936088301293722e+01
6.261299999786355591e+10 4.971218100072706925e+00 3.856031210768729522e+01
6.261299999772575378e+10 5.148351452057851496e+00 4.005752571801809125e+01
6.261299999853748322e+10 4.162686218922669212e+00 3.924415059749788526e+01
6.261299999861334229e+10 3.287121599575944408e+00 4.047688963203816570e+01
6.261299999980769348e+10 2.938431327241249669e+00 4.133941354549988034e+01
6.261299999922214508e+10 2.559506802022219585e+00 4.268312514140312430e+01
6.261299999804342651e+10 3.294218881717611680e+00 4.328548554773561108e+01
6.261299999738162994e+10 3.712975940861501734e+00 4.198984539905745095e+01
6.261299999771702576e+10 3.233959528133158567e+00 4.059339714835105184e+01
6.261299999657080841e+10 2.661428668010366039e+00 4.139987772296289137e+01
6.261299999731999207e+10 2.214374644500634481e+00 4.263716388840186511e+01
6.261299999827510071e+10 3.382566085077149509e+00 4.276008419340392663e+01
6.261299999829258728e+10 3.378899259512228692e+00 4.124624977334115528e+01
6.261299999895903778e+10 2.649116414410158882e+00 4.239310349131333311e+01
6.261299999837131500e+10 2.825762540988239646e+00 4.377708120210493092e+01
6.261299999700382996e+10 2.604894371004335518e+00 4.438798788713648946e+01
6.261299999695039368e+10 3.422335830006162372e+00 4.566115230696362914e+01
6.261299999762563324e+10 3.341347502978818440e+00 4.430856121539255810e+01
6.261299999782021332e+10 4.639292121268501212e+00 4.506320749486611987e+01
6.261299999703958893e+10 3.393434733220763277e+00 4.470198897686564266e+01
6.261299999761859894e+10 2.636253161834313019e+00 4.352579262651990177e+01
6.261299999809106445e+10 2.481621093598069372e+00 4.209579904127161853e+01
6.261299999805370331e+10 2.458830145106021714e+00 4.360910614424035003e+01
6.261299999725131226e+10 1.241075660750621923e+00 4.320258408293441477e+01
6.261299999735208130e+10 -1.734746253715973019e-01 4.267257694639277332e+01
6.261299999734494019e+10 -2.645856543067192090e-01 4.116139808200311734e+01
6.261299999726878357e+10 -2.671121380095457520e-01 4.267341924859077551e+01
6.261299999857485199e+10 -9.162889966943472686e-01 4.307933528755894770e+01
6.261299999894570160e+10 -1.064310858701479123e+00 4.161900129811455429e+01
6.261299999823336792e+10 -2.373578868204405445e+00 4.188435968533693909e+01
6.261299999913670349e+10 -1.248446082852106898e+00 4.234269533535813679e+01
6.261299999936399841e+10 1.339841761217219762e-01 4.176890173585847066e+01
6.261299999959239197e+10 1.445268479263737804e+00 4.249027864261839227e+01
6.261300000070482635e+10 1.002784889540219604e+00 4.341694197835433755e+01
