2.087100000000000000e+10 0.000000000000000000e+00 0.000000000000000000e+00
2.087099999983714294e+10 -2.404933485854762465e-01 -1.247903804113031784e-01
2.087099999969088745e+10 -2.248350138642736529e-01 1.550246333853445568e-01
2.087099999945864868e+10 -4.020125783621264492e-01 3.417123946621561381e-02
2.087099999914344406e+10 -3.946624923492061954e-01 1.126878957443180201e-02
2.087099999905953598e+10 -6.977251843872667170e-01 4.360119127935595251e-02
2.087099999891092682e+10 -9.758544786972902507e-01 2.141013726400688849e-02
2.087099999891294861e+10 -9.971028555152322559e-01 -2.939897387988552047e-01
2.087099999901264191e+10 -7.239211766542348325e-01 -1.700322916435558496e-01
2.087099999912467575e+10 -7.455538904266654221e-01 1.247779877138377180e-01
2.087099999908580399e+10 -5.448636857033053449e-01 3.659111678164039816e-01
2.087099999902127838e+10 -4.730928808148769926e-01 6.669391596888697427e-01
2.087099999898184586e+10 -3.417146173261346176e-01 9.517504444381359452e-01
2.087099999888779449e+10 -5.123905320760654414e-01 7.028399575569198587e-01
2.087099999882125854e+10 -3.385434659766655141e-01 4.473350182203901793e-01
2.087099999888118362e+10 -4.493924775807329741e-01 7.372563310166313499e-01
2.087099999879242706e+10 -3.448191526872467216e-01 4.524421330537415908e-01
2.087099999900260162e+10 -1.957524252143794663e-01 6.355776370797225905e-01
2.087099999892583084e+10 2.437040489206482308e-02 8.490837920857440269e-01
2.087099999907390976e+10 8.101434313436539636e-02 1.122573347905191365e+00
2.087099999910865021e+10 5.872426808501089029e-02 8.091583631652552455e-01
2.087099999918075180e+10 5.659797068111804136e-02 1.116939570674082560e+00
2.087099999912413025e+10 1.778864048484715965e-01 8.305558944674799049e-01
2.087099999904710388e+10 2.980756288405423393e-01 1.112609405210929880e+00
2.087099999902902603e+10 4.927814309549821692e-01 8.642236476299943737e-01
2.087099999886381912e+10 2.495410606614574534e-01 7.481496003778016490e-01
2.087099999911860275e+10 4.159027328440494387e-01 6.624628831917344085e-01
2.087099999924284744e+10 1.854329643470660482e-01 8.396067797535513577e-01
2.087099999907463074e+10 8.401171160176910957e-02 5.919184630577783990e-01
2.087099999904970932e+10 1.043252552673738925e-01 2.774364201783242612e-01
2.087099999898508835e+10 -6.200897694354561007e-02 5.383766971007527546e-01
2.087099999906166077e+10 -3.176632677637475366e-01 7.078178597884419165e-01
2.087099999928859329e+10 -2.937106284537301382e-01 4.890459870166817269e-01
2.087099999957238388e+10 -1.663910665393958654e-01 5.454762174823114540e-01
2.087099999973609543e+10 1.639533656409972173e-02 7.447760007697906692e-01
2.087099999969749069e+10 2.570131613600918907e-01 9.461346993044374987e-01
2.087099999973325729e+10 5.461506117058961829e-02 1.186318918167371672e+00
2.087099999966340637e+10 9.231645724422327115e-02 8.803251577403924388e-01
2.087099999981478119e+10 -1.818144284938261745e-01 8.370799627949172539e-01
2.087099999980957794e+10 -2.185021032980466182e-01 1.151021970448637521e+00
2.087099999953878784e+10 -2.658235121189133077e-01 9.949241994338815509e-01
2.087099999977949142e+10 -3.278712506295751172e-01 7.996167547364816386e-01
2.087099999998268127e+10 -2.404118104582839144e-01 5.737910239676515811e-01
2.087099999992805099e+10 -3.668980173313685089e-01 8.583073566672526633e-01
2.087100000009704971e+10 -4.864169632791474629e-01 1.097236061826331488e+00
2.087099999980112076e+10 -4.824412688887361744e-01 9.861353473040764817e-01
2.087099999999427032e+10 -7.262224119105394893e-01 1.042671368509741292e+00
2.087099999983174515e+10 -7.760874806846751461e-01 1.309188124710815471e+00
2.087099999979473877e+10 -1.088661233548779528e+00 1.338526841568231651e+00
2.087099999982885361e+10 -1.228614046600798648e+00 1.619919857468508750e+00
2.087099999992531204e+10 -1.485898392146395963e+00 1.463607795580108784e+00
2.087100000006296539e+10 -1.533478986762837559e+00 1.744178857489237844e+00
2.087099999992554855e+10 -1.733014217875478158e+00 1.541114641626168069e+00
2.087100000003678894e+10 -2.014545059390366433e+00 1.450020160451164219e+00
2.087099999981841660e+10 -1.955821156726404553e+00 1.229116751622304937e+00
2.087099999955677032e+10 -2.131203937701784845e+00 1.255855004591205804e+00
2.087099999963949203e+10 -2.353816979572619150e+00 1.047209022317111993e+00
2.087099999943279266e+10 -2.517690149939547872e+00 1.221432477723387811e+00
2.087099999972934723e+10 -2.409025438687833365e+00 1.234890866970115297e+00
2.087099999969545746e+10 -2.704968626715671842e+00 1.129052483859710465e+00
2.087099999981439590e+10 -2.724499886075444799e+00 8.368106914971766841e-01
2.087099999957005692e+10 -2.661220356290606937e+00 1.027142494689838648e+00
2.087099999980077744e+10 -2.873206783565722677e+00 9.851625320630462701e-01
2.087099999970783615e+10 -2.732751750188264772e+00 1.252682151585919001e+00
2.087099999991646576e+10 -2.954858673492042787e+00 1.336796453201742896e+00
2.087099999992321777e+10 -2.934031231272065110e+00 1.652158621748937906e+00
2.087100000017342758e+10 -2.772284660404203294e+00 1.546494498106002036e+00
