6.957000000000000000e+09 0.000000000000000000e+00 0.000000000000000000e+00
6.956999999729920387e+09 -9.942067827267184188e-02 4.008661879425624852e-02
6.956999999920373917e+09 -3.148035195627232330e-01 -2.008896351016115078e-03
6.956999999819526672e+09 -4.861983479641098782e-01 2.098592810496411609e-01
6.956999999573603630e+09 -5.016132869668145089e-01 3.638679644912958810e-01
6.956999999688667297e+09 -5.831207723305830148e-01 6.179377159291638000e-01
6.956999999536899567e+09 -4.463545053707819177e-01 4.113072875916788385e-01
6.956999999818893433e+09 -5.146803127714707493e-01 3.956359446708946348e-01
6.956999999713967323e+09 -7.545006405373253511e-01 5.217755584109109446e-01
6.956999999482503891e+09 -7.566090551833074551e-01 6.974310672603634131e-01
6.956999999466168404e+09 -4.758617909176870442e-01 6.242968337439765980e-01
6.956999999306686401e+09 -2.467575881879810473e-01 5.436038120616600855e-01
6.956999999054988861e+09 -1.228258481228115956e-01 4.679488013571778127e-01
6.956999999059596062e+09 -1.224462617557627864e-01 7.584881770273249613e-01
6.956999998953823090e+09 -3.060886908013384922e-01 9.572898854158740090e-01
6.956999998954095840e+09 -2.822527389174202539e-01 1.246886623413147710e+00
6.956999999036702156e+09 -2.843584151042368169e-01 9.683074967971720959e-01
6.956999999120769501e+09 -5.181341041830281879e-01 8.175887189485726569e-01
6.956999998946134567e+09 -5.163363678241887911e-01 5.853521617294058510e-01
6.956999998902277946e+09 -5.598753730129235606e-01 8.692807321882294325e-01
6.956999998975026131e+09 -6.602497583876305587e-01 6.064742496528379156e-01
6.956999999190749168e+09 -7.394119759467536745e-01 7.843269480682848460e-01
6.956999999228147507e+09 -7.276832808947693021e-01 1.072247648203639825e+00
6.956999999171136856e+09 -9.104019954348571142e-01 1.290875472495835341e+00
6.956999999163452148e+09 -9.355976975091424563e-01 1.001495747435407369e+00
6.956999999205893517e+09 -6.502579299132078550e-01 9.666469132389303720e-01
6.956999999017074585e+09 -7.455485577365196237e-01 7.673941825880424839e-01
6.956999999035344124e+09 -7.266288288962901021e-01 4.780107534329202656e-01
6.956999999200226784e+09 -5.500083000181775761e-01 6.394215249734769291e-01
6.956999998982563019e+09 -6.982353347341063721e-01 5.165981759684233898e-01
6.956999998856981277e+09 -6.350168705029251015e-01 2.623008815601075572e-01
6.956999998591781616e+09 -7.374423605833462236e-01 3.224064902003234145e-01
6.956999998433924675e+09 -6.312246569381347872e-01 1.027855217747437877e-01
6.956999998637882233e+09 -4.329928406419697451e-01 1.622845048449590433e-01
6.956999998748958588e+09 -3.865215670786242841e-01 -1.021716001913635652e-01
6.956999998828531265e+09 -6.215543692912435247e-01 4.903121281957326105e-02
6.956999998942496300e+09 -5.465395717162775391e-01 -2.075215091703085102e-01
6.956999998986293793e+09 -5.752730264113065095e-01 7.829423956636713533e-02
6.956999998982751846e+09 -5.180634065754676776e-01 3.631608971418448517e-01
6.956999999008936882e+09 -4.808319273622509438e-01 6.501498853982266013e-01
6.956999998957479477e+09 -4.096327605013256878e-01 9.271287758635122778e-01
6.956999999169640541e+09 -5.209405550797749918e-01 7.627119311385046618e-01
6.956999999175286293e+09 -6.858623663309406648e-01 1.001884296743443370e+00
6.956999999290662766e+09 -6.322373366120835891e-01 7.406428315124062856e-01
6.956999999385299683e+09 -6.679054538416694387e-01 1.013051003029330710e+00
6.956999999510328293e+09 -4.087788307474077842e-01 1.053740563121649432e+00
6.956999999242104530e+09 -3.358564428993686679e-01 1.138433025310221280e+00
6.956999999189046860e+09 -5.459622423946719483e-01 9.448484603727718145e-01
6.956999999221601486e+09 -5.427521527080403363e-01 6.561195469013785253e-01
6.956999999124880791e+09 -8.159506704626483531e-01 6.771459808065802832e-01
6.956999998845310211e+09 -8.176943635823900047e-01 5.979505944448675336e-01
6.956999998822710037e+09 -9.579436341548298595e-01 8.514340802568661770e-01
6.956999998917205811e+09 -7.714895809518347303e-01 1.053275433014833284e+00
6.956999998731065750e+09 -6.735350078284646491e-01 8.527974467324641594e-01
6.956999998926775932e+09 -6.472386138673322797e-01 1.065965096768918929e+00
6.956999998745563507e+09 -5.777013324308200026e-01 8.497220756194517888e-01
6.956999998588891983e+09 -4.483565024664517562e-01 6.419757598809907595e-01
6.956999998532182693e+09 -4.479119881174158380e-01 3.569874541093411291e-01
6.956999998699872971e+09 -2.119370222578917107e-01 3.820936301436899662e-01
6.956999998492996216e+09 -2.713664205739286239e-01 5.772981047881446948e-01
6.956999998692288399e+09 -6.479561536507685848e-02 5.320683135576796952e-01
6.956999998619730949e+09 -5.665694122553585621e-02 2.508144927345197783e-01
6.956999998330963135e+09 -5.924258999496366529e-02 2.830751697511511011e-01
6.956999998190000534e+09 2.414466920996842514e-02 4.305293959840317264e-02
6.956999998194956779e+09 3.121791545680852042e-01 5.025760286768071738e-03
6.956999998181509972e+09 4.547860264924474816e-01 2.578438022448272804e-01
6.956999998001046181e+09 4.869613774880523493e-01 4.833036384573914379e-01
6.956999998036879539e+09 4.663222054157521446e-01 7.709223017853321647e-01
6.956999998099718094e+09 5.672575935728421115e-01 1.036059793577527310e+00
6.956999998345847130e+09 5.244415389374968983e-01 1.184456872414170192e+00
6.956999998556770325e+09 7.026538393588763753e-01 1.274934382354606655e+00
6.956999998691134453e+09 7.558592769730599903e-01 1.527025721952059767e+00
6.956999998459458351e+09 5.962010486980346968e-01 1.599619701503605551e+00
6.956999998306036949e+09 3.854639431727123200e-01 1.728017914026212631e+00
6.956999998226025581e+09 2.152436485450301695e-01 1.506527966506009619e+00
6.956999998445765495e+09 1.325775318673211578e-01 1.677744629394990694e+00
6.956999998231100082e+09 1.573354724726843679e-01 1.872013745037741650e+00
6.956999998334171295e+09 2.756686169352596250e-01 1.627456994033656734e+00
6.956999998481812477e+09 1.828213300481335291e-01 1.859870227570467938e+00
6.956999998543281555e+09 1.650205633509775338e-01 2.143311842821076230e+00
6.956999998600123405e+09 -9.347487838321566489e-02 2.023380032581715060e+00
6.956999998596070290e+09 -8.934877866995494244e-02 1.732861448759620338e+00
6.956999998316761971e+09 -1.595747852375132281e-01 1.694267530416283529e+00
6.956999998230659485e+09 -1.162547303799566500e-01 1.420143079601292158e+00
6.956999998382867813e+09 -5.533058481677170792e-02 1.180236280882533295e+00
6.956999998453257561e+09 2.205042803296384246e-01 1.121970733835030209e+00
6.956999998477662086e+09 3.564635428054510058e-01 1.377615037541502385e+00
6.956999998469884872e+09 6.187465869698196563e-01 1.252788673210303294e+00
6.956999998295751572e+09 5.277833972741571289e-01 1.466886220039085753e+00
6.956999998585530281e+09 5.183472245041014226e-01 1.486220124463037529e+00
6.956999998565407753e+09 2.675448915522942173e-01 1.340866206732455712e+00
6.956999998592852592e+09 2.684296749222389034e-01 1.051590368616209581e+00
6.956999998796077728e+09 4.677982434931560740e-01 1.109781497107438897e+00
6.956999999053717613e+09 5.962531244997006930e-01 1.070342647001781167e+00
6.956999998987885475e+09 5.583021631826707853e-01 7.898781363891314022e-01
6.956999998982444763e+09 7.250965710631339656e-01 1.027753154642691014e+00
6.956999998756142616e+09 9.007962461300360602e-01 1.076243227461645580e+00
6.956999998507985115e+09 1.042113850538089581e+00 1.129923041648437154e+00
6.956999998539567947e+09 9.985303533856555447e-01 1.415470795396950532e+00
6.956999998439313889e+09 9.458524084903771056e-01 1.147872789862123710e+00
6.956999998507190704e+09 1.019640144620099997e+00 8.751409576818116598e-01
6.956999998263618469e+09 9.230469919061102813e-01 1.000746345804587323e+00
6.956999998321119308e+09 9.845277160217419388e-01 7.226308363481188657e-01
6.956999998198371887e+09 1.038442742172842603e+00 4.648310737516687108e-01
6.956999998093118668e+09 9.097860821128300746e-01 7.031662991891157732e-01
6.956999998138772964e+09 6.999890575625190570e-01 8.989606344730666221e-01
6.956999998332359314e+09 5.738721354908083994e-01 1.075180647744405471e+00
6.956999998396239281e+09 7.335071812147289094e-01 8.409359916219056874e-01
6.956999998634549141e+09 8.956517490566417994e-01 8.777049885103188620e-01
6.956999998415295601e+09 1.014291431360246021e+00 7.284172540669353602e-01
6.956999998542724609e+09 1.161826279916808424e+00 9.438930657557349502e-01
6.956999998546954155e+09 1.209409954409420118e+00 1.230515467158230125e+00
6.956999998696942329e+09 1.163336726494876849e+00 9.859439569860403152e-01
6.956999998802225113e+09 9.517411214005626618e-01 8.168958819325098375e-01
6.956999999089834213e+09 9.631248780261173481e-01 8.567185859655769287e-01
6.956999999306155205e+09 9.961893969576276486e-01 1.047889361633446592e+00
6.956999999563883781e+09 1.128535512058044032e+00 1.025636911258821282e+00
6.956999999458745003e+09 1.259725101767024347e+00 1.262638037507279432e+00
6.956999999647542953e+09 1.480598313004485966e+00 1.260465016054780563e+00
6.956999999703994751e+09 1.498796185799059488e+00 1.544923320013102064e+00
6.956999999805772781e+09 1.285466204138774549e+00 1.713938451594072543e+00
6.956999999732437134e+09 1.064818563855812306e+00 1.888211183740731824e+00
6.956999999663875580e+09 1.031428092788849060e+00 2.168601795123568543e+00
6.956999999607459068e+09 1.014328663670509112e+00 2.453135313015331498e+00
6.956999999418856621e+09 8.020220037555112480e-01 2.391576302044020608e+00
6.956999999379204750e+09 7.284884522458220379e-01 2.669883725389086138e+00
6.956999999366548538e+09 8.369697061278535966e-01 2.400614103685850154e+00
6.956999999245149612e+09 8.051298375300229848e-01 2.662688718286854606e+00
6.956999999259923935e+09 8.147319197736990759e-01 2.372647320267733395e+00
6.956999999293636322e+09 5.290096858734256724e-01 2.331894289223935157e+00
6.956999999497515678e+09 6.779476401393035312e-01 2.188071037476997382e+00
6.956999999492846489e+09 7.482363995273693114e-01 2.469979160805639395e+00
6.956999999360816002e+09 8.198856365466852258e-01 2.718713798629626588e+00
6.956999999582605362e+09 1.007429337623669596e+00 2.727170634334896260e+00
6.956999999562323570e+09 9.746812667884462433e-01 3.015182274266911211e+00
6.956999999505146027e+09 7.477620101347578485e-01 3.187440416820462197e+00
6.956999999614648819e+09 5.790032045515756121e-01 2.977764081984376698e+00
6.956999999754560471e+09 6.956093391319374541e-01 2.751352512670665273e+00
6.956999999897500992e+09 7.099471760428639477e-01 2.498772201959194472e+00
6.956999999983098984e+09 5.542481457758291485e-01 2.728696913983031713e+00
6.957000000219549179e+09 3.854569866667653666e-01 2.734657295858956338e+00
