4.869900000000000000e+10 0.000000000000000000e+00 0.000000000000000000e+00
4.869899999970281219e+10 -6.273595220929635563e-02 -4.752936649061642593e-01
4.869899999917943573e+10 -2.524312195001313652e-01 -3.844454450399183987e-01
4.869899999955586243e+10 1.409194617202710886e-01 -5.318939426862414610e-01
4.869899999953170013e+10 3.228262655722503593e-01 -1.065267819965475038e+00
4.869899999941229248e+10 -1.305665005200654094e-01 -1.378856429920588322e+00
4.869899999946076965e+10 -6.853057925999588296e-01 -1.468721144819701951e+00
4.869899999948841095e+10 -6.995410634590357724e-01 -9.055207518988009907e-01
4.869899999968649292e+10 -3.442509070665268345e-01 -1.296281827179325941e+00
4.869899999969609833e+10 -3.474353560570844768e-01 -1.860249211843321371e+00
4.869899999948554230e+10 -8.507934198485282984e-01 -1.717219058080746263e+00
4.869899999993527985e+10 -1.125875650914306636e+00 -1.516658045114362086e+00
4.869900000003978729e+10 -1.107915795290654870e+00 -9.626571177299642068e-01
4.869899999952571106e+10 -1.096199137137273460e+00 -7.308186996148365866e-01
4.869899999912097931e+10 -1.464645761512131994e+00 -8.672000414583024286e-01
4.869899999937269592e+10 -1.349354733282342789e+00 -1.358633321113433601e+00
4.869899999990830994e+10 -1.180164059526548570e+00 -1.307156527446070582e+00
4.869899999978272247e+10 -9.994458538586512564e-01 -1.826513017813342854e+00
4.869899999978062439e+10 -9.964268298415527303e-01 -2.390559152493667128e+00
4.869899999921945190e+10 -1.019158435451391398e+00 -2.338294292848142497e+00
4.869899999932530975e+10 -5.342255463712026753e-01 -2.606240643284007064e+00
4.869899999877951813e+10 -3.922569155089808968e-01 -2.595345864071382902e+00
4.869899999860697937e+10 -4.033571842549320552e-01 -2.058440343566440234e+00
4.869899999837689972e+10 7.798678093222871643e-02 -2.241557199808327017e+00
4.869899999870001221e+10 -5.152997996240565870e-02 -2.685386192604494848e+00
4.869899999821981812e+10 -5.577483294943313963e-05 -2.976808444112124974e+00
4.869899999820356750e+10 -3.535155151749899693e-02 -2.414090317516370821e+00
4.869899999820098877e+10 -5.991586878653506476e-01 -2.430716727047527392e+00
4.869899999838635254e+10 -7.022659137387362582e-01 -1.908059458348464243e+00
4.869899999840016174e+10 -7.150609531908560523e-01 -1.344315504707011222e+00
4.869899999884408569e+10 -4.073903354223327167e-01 -1.181734056398110022e+00
4.869899999891119385e+10 -4.103126624410993184e-01 -1.741778100630653636e+00
4.869899999881504059e+10 -3.553496220609613787e-01 -2.294856361328880823e+00
4.869899999832924652e+10 -3.065409142303862633e-01 -2.012402560547462471e+00
4.869899999870740509e+10 -5.780169044308828274e-01 -2.330924066980929688e+00
4.869899999845928955e+10 -1.048087544261529169e+00 -2.142156732367717531e+00
4.869899999825138092e+10 -1.434229883494991364e+00 -2.496879334578415488e+00
4.869899999819516754e+10 -1.495527658621134126e+00 -1.938986604341311759e+00
4.869899999848159027e+10 -1.723289259474299673e+00 -2.368227010228630469e+00
4.869899999855766296e+10 -1.742995353062537722e+00 -1.809669618776349020e+00
4.869899999860171509e+10 -2.095456899380273352e+00 -2.247838674807062898e+00
4.869899999879336548e+10 -2.394749698777057123e+00 -2.685852430413443237e+00
4.869899999865180206e+10 -2.120399670988415863e+00 -2.213778066044310933e+00
4.869899999825720215e+10 -2.284298570550158392e+00 -2.582001212124720002e+00
4.869899999870542908e+10 -2.044966914434417138e+00 -2.826894276544118512e+00
4.869899999860562134e+10 -2.181257243663264678e+00 -2.288726865441729430e+00
4.869899999853610992e+10 -2.509887966984553742e+00 -1.835591929416064527e+00
4.869899999849553680e+10 -2.476850279638073804e+00 -2.397217916504413626e+00
4.869899999814418030e+10 -2.907968171289552206e+00 -2.491290281106701698e+00
4.869899999761524200e+10 -2.823722103333428546e+00 -2.668179300289562850e+00
4.869899999781346893e+10 -2.679614643454029110e+00 -3.176216535718490608e+00
4.869899999744656372e+10 -2.916609509603873995e+00 -2.819315569207112127e+00
4.869899999691925049e+10 -2.959648008073666237e+00 -2.623746714228148758e+00
4.869899999705860138e+10 -3.502655270197480242e+00 -2.686085401313804688e+00
4.869899999674542999e+10 -3.246033598498899497e+00 -3.078808255646978242e+00
4.869899999681263733e+10 -3.403073729638641964e+00 -3.616380192812430838e+00
4.869899999684012604e+10 -3.271038233495016545e+00 -3.068682554684310393e+00
4.869899999703990173e+10 -2.854466886477269760e+00 -2.745076956245892763e+00
4.869899999735023499e+10 -2.732053469861035921e+00 -2.290247302966113008e+00
4.869899999744270325e+10 -2.865605578921918806e+00 -2.830409735381483660e+00
4.869899999792867279e+10 -2.729163582775212316e+00 -2.578658543153455884e+00
4.869899999846302032e+10 -2.872903319181361326e+00 -2.688076511944281322e+00
4.869899999856227875e+10 -2.800451003801141425e+00 -2.137567115629838366e+00
4.869899999849839783e+10 -2.963145715100923283e+00 -2.673861504491803487e+00
4.869899999821555328e+10 -3.231364793083513209e+00 -2.266163017203892238e+00
4.869899999825298309e+10 -2.944380517968397282e+00 -2.750312364376885643e+00
4.869899999800873566e+10 -2.837546399118883844e+00 -2.253231250918559692e+00
4.869899999817057037e+10 -2.781267214671006016e+00 -1.715825609344076463e+00
4.869899999850025177e+10 -2.404729274570425179e+00 -1.455650724748485114e+00
4.869899999794580078e+10 -2.382707903251939818e+00 -1.354350172213729220e+00
4.869899999793949890e+10 -2.362200750060353460e+00 -7.907001488923403043e-01
4.869899999847894287e+10 -2.349826716040855246e+00 -6.263551200788691764e-01
4.869899999854645538e+10 -2.494439889372700669e+00 -8.534660233770308135e-02
4.869899999894561005e+10 -2.746547654303610475e+00 2.233269789981449094e-01
4.869899999896305084e+10 -2.222183204854173866e+00 1.620570849499033961e-02
4.869899999929018402e+10 -1.766732713383817766e+00 -4.469734042747499497e-02
4.869899999935939026e+10 -2.113924754474754142e+00 3.944264999309736730e-01
4.869899999978704071e+10 -2.249125840141720012e+00 5.237892408185745863e-02
4.869899999997721863e+10 -2.282727282271521663e+00 -4.775878028613338988e-01
4.869900000046467590e+10 -2.459624597335506646e+00 -6.995198519803859094e-01
