5.565600000000000000e+10 0.000000000000000000e+00 0.000000000000000000e+00
5.565599999963580322e+10 5.234326225330483418e-01 4.815657147799879412e-01
5.565599999950520325e+10 6.742551148522795135e-01 1.255336215358012764e+00
5.565599999908038330e+10 8.855436256889599456e-01 1.898307124503072263e+00
5.565599999912763214e+10 8.914524097450892137e-01 2.695963888844364220e+00
5.565599999908067322e+10 1.735999997774033687e-01 3.043823489521420456e+00
5.565599999867923737e+10 2.350574309295964948e-01 3.732008473297701467e+00
5.565599999934467316e+10 -1.974549684732961607e-01 3.638983865138812224e+00
5.565599999861585236e+10 -3.203101830911433412e-01 3.335248396666679938e+00
5.565599999857312012e+10 -7.924814667141448776e-01 3.978484034156120952e+00
5.565599999905054474e+10 -4.849287326588351266e-01 3.416345836052746332e+00
5.565599999934549713e+10 -3.910634039134976980e-01 2.679653651415648596e+00
5.565599999941954041e+10 3.005109507313841188e-01 3.073057530239552193e+00
5.565599999945094299e+10 -4.353748457962963725e-02 3.793590932398342996e+00
5.565599999986185455e+10 3.075444071799292300e-02 4.474882152804442015e+00
5.565599999969288635e+10 1.949730612080781689e-01 3.711334619614499619e+00
5.565599999963281250e+10 -5.791313650240657029e-01 3.522449611187007168e+00
5.565599999958570862e+10 -4.756205308553574929e-01 2.731506685100270282e+00
5.565599999926441956e+10 -5.734255843286025778e-01 2.006433365140283254e+00
5.565600000004411316e+10 -4.088621830469915119e-01 2.065722012761757931e+00
5.565600000081581116e+10 -4.864186016282193159e-01 1.873397433398960477e+00
