6.957000000000000000e+09 0.000000000000000000e+00 0.000000000000000000e+00
6.956999999948013306e+09 -1.693889240201613966e-01 -2.303026193823820011e-01
6.956999999950635910e+09 -1.826144339644493464e-01 -5.205657824828667790e-01
6.957000000089373589e+09 -2.611117044250378938e-01 -7.635156700040260924e-01
6.957000000079364777e+09 -2.406659092095822516e-02 -5.957541324187065612e-01
6.957000000046264648e+09 -1.813327633250748014e-02 -3.071304015875762072e-01
6.957000000032759666e+09 -4.284414874709786131e-02 -1.792203185074758842e-02
6.956999999781002045e+09 1.014330351871650659e-01 -2.536157448664954836e-03
6.956999999884770393e+09 -7.084148254967093106e-02 2.071971174286994510e-01
6.956999999983693123e+09 -1.227629457656414791e-01 4.754374314513269972e-01
6.956999999765218735e+09 -3.060634288440974293e-01 4.197217656943043607e-01
6.956999999694792747e+09 -1.597921720096703024e-01 6.607184026494854479e-01
6.956999999661957741e+09 -1.307223350929139216e-01 9.479662611223702573e-01
6.956999999879811287e+09 -2.919441186108231445e-01 8.431708966092663626e-01
6.956999999988136292e+09 -6.864281802652039133e-02 9.942888976177775007e-01
6.956999999978492737e+09 -4.145912278711719884e-02 1.283429955848132131e+00
6.957000000036328316e+09 -4.651333591310926469e-02 1.568147299336025480e+00
6.957000000085568428e+09 3.890006444633382215e-02 1.841486691198133130e+00
6.957000000000905037e+09 -6.309841604716662222e-02 1.582908042470956067e+00
6.956999999926687241e+09 -2.472714437041103330e-01 1.370760626994549147e+00
6.957000000132222176e+09 -5.064570738653439985e-02 1.430157765632868783e+00
