3.478500000000000000e+10 0.000000000000000000e+00 0.000000000000000000e+00
3.478499999987848663e+10 2.937562142107667529e-01 -2.146149962268824318e-01
3.478499999978386688e+10 6.639160434977742220e-01 -2.484815399634004440e-01
3.478499999970324707e+10 1.028240584352751119e+00 -3.372867581970557249e-01
3.478499999955474091e+10 7.999322551004151016e-01 -6.073594560386186281e-01
3.478499999989931488e+10 7.284033125311650814e-01 -7.599087252494771683e-01
3.478500000003195953e+10 8.259487454885418023e-01 -4.134861551644007371e-01
3.478500000002876282e+10 8.551249924223799370e-01 -3.105042766865750981e-02
3.478500000001543427e+10 8.479296367076242236e-01 -4.143114828900379965e-01
3.478500000009507751e+10 9.561766534054262356e-01 -5.506571054041381474e-02
3.478499999995691681e+10 1.020302232365754680e+00 2.969531966151927604e-01
3.478500000002084351e+10 1.073639676013943944e+00 6.713684297084283603e-01
3.478500000012699127e+10 1.438578482736123432e+00 7.230447647176186932e-01
