4.869900000000000000e+10 0.000000000000000000e+00 0.000000000000000000e+00
4.869899999956733704e+10 -3.082025482246724679e-01 1.896717805314252214e-01
4.869900000000479889e+10 -4.976145100888779149e-02 -5.526971030735366996e-02
4.869899999979933167e+10 4.401066196733373626e-01 -2.449418060957923304e-01
4.869899999952420807e+10 2.239372559460517387e-02 1.579351220241267950e-02
4.869899999947193146e+10 -5.390089277744084528e-01 -1.998010075964055943e-04
4.869899999911605835e+10 -1.292549002719997620e-01 1.534724950360771556e-01
4.869899999868943024e+10 -2.896443098636188873e-01 4.857793607686338166e-01
4.869899999874443817e+10 6.221644681256188747e-02 9.231919802222736671e-01
4.869899999914643097e+10 -1.235750029508118908e-01 1.272544649875424039e+00
4.869899999880789185e+10 -9.429318218759333292e-02 8.223252568785829331e-01
4.869899999882353210e+10 -1.776066387746788044e-01 2.646731659951249149e-01
4.869899999904040527e+10 -6.453211253064772279e-01 4.935165407714766639e-01
4.869899999898490143e+10 -3.392415678084350072e-01 2.298868164400136305e-02
4.869899999888813782e+10 -3.165171187453466040e-01 5.782202799197952992e-01
4.869899999889168549e+10 -3.684674477030491779e-01 1.657082350437122376e-02
4.869899999931719971e+10 -5.468822914527028400e-01 3.410154874505562095e-01
4.869899999946022034e+10 -1.017944770348037986e+00 6.163446175257198956e-01
4.869899999971219635e+10 -1.072332254888462622e+00 1.118054187144712053e+00
4.869899999915306854e+10 -1.012913921014860108e+00 1.073250656511540280e+00
4.869899999912721252e+10 -9.231451441535586389e-01 1.629518992708291591e+00
4.869899999896726227e+10 -7.401613997417129109e-01 2.138532845811991656e+00
4.869899999876026917e+10 -9.284165475523905586e-01 2.628302549191509740e+00
4.869899999885396576e+10 -4.732474387790651105e-01 2.947995907942761562e+00
4.869899999847856140e+10 -8.849040441614157704e-01 3.036156521556857779e+00
4.869899999899835968e+10 -1.103611754881717921e+00 3.047849556723734921e+00
4.869899999913977814e+10 -6.082076303825297847e-01 3.277494132299015650e+00
4.869899999888694763e+10 -4.389275571788390229e-01 2.802540617349891239e+00
4.869899999888208008e+10 -1.931346364031356622e-01 2.294875638686072250e+00
4.869899999875698090e+10 -5.552566664548493902e-01 2.708856371396032081e+00
4.869899999880341339e+10 -9.190378482369783164e-01 2.280290189531608114e+00
4.869899999863233185e+10 -4.535073747230115027e-01 2.548940826657900338e+00
4.869899999889350128e+10 -5.637619628771979308e-01 2.061297254327653317e+00
4.869899999898594666e+10 -6.073876694566121559e-01 1.506579204634003855e+00
4.869899999897332764e+10 -5.459565125867082980e-02 1.395119594234123461e+00
4.869899999883823395e+10 2.308639118806962709e-02 8.530148827216457175e-01
4.869899999847439575e+10 -5.538838830776322830e-02 1.276833716431298837e+00
4.869899999857769775e+10 -2.226852059868070777e-01 1.805513557155394633e+00
4.869899999854001617e+10 2.400076963467933089e-01 1.485112622130979165e+00
4.869899999846566772e+10 4.515485468052038431e-01 2.002687526980972965e+00
4.869899999830896759e+10 1.567920133510749547e-01 2.457358807759270292e+00
4.869899999830392456e+10 2.035322385670456091e-01 3.019454438941377550e+00
4.869899999834600830e+10 6.398408641051600565e-01 2.664453708019502987e+00
4.869899999805087280e+10 5.510008187577125627e-01 2.192052731193269377e+00
4.869899999799602509e+10 1.029204053038675015e+00 2.486119191485868463e+00
4.869899999759747314e+10 1.367501374896697763e+00 2.274283964330006125e+00
4.869899999754901886e+10 8.158601812300910749e-01 2.167019660651591906e+00
4.869899999754010773e+10 8.809055152987621540e-01 2.727243972502968017e+00
4.869899999716909027e+10 5.233272752819921880e-01 2.956683863170482152e+00
4.869899999692446899e+10 1.023850409016603846e+00 3.044984537953259185e+00
4.869899999650294495e+10 1.344205006107245026e+00 3.239533510070045974e+00
4.869899999598194122e+10 1.184752218110078914e+00 3.093604049121164046e+00
4.869899999578772736e+10 1.668575358774977202e+00 2.878296631059114929e+00
4.869899999589810181e+10 1.125500656765698881e+00 2.773181244358353670e+00
4.869899999550984192e+10 1.531520034215508197e+00 2.823813055858819254e+00
4.869899999558896637e+10 9.932863660786950266e-01 2.972826026678188516e+00
4.869899999531095123e+10 5.128826667791991367e-01 3.073225686628628495e+00
4.869899999578188324e+10 7.622207866937694698e-01 3.258192972401470211e+00
4.869899999539429474e+10 4.956417871959493127e-01 2.946952372379238128e+00
4.869899999595626831e+10 5.229744187508127418e-01 2.906944642262444756e+00
4.869899999548897552e+10 3.171365814850992115e-01 2.667294465884020749e+00
4.869899999540598297e+10 2.941863597413090781e-01 3.224741415386597421e+00
4.869899999549208069e+10 5.039750521183873344e-01 2.708274520446856570e+00
4.869899999551620483e+10 6.958662005423161823e-01 2.178409199711035527e+00
4.869899999530363464e+10 1.793168173374996011e-01 2.256854338738573329e+00
4.869899999571018219e+10 -1.994465594647313877e-01 2.353912602077943284e+00
4.869899999543202972e+10 2.883089883410160925e-01 2.407640161085993213e+00
4.869899999535684967e+10 3.018381028508401176e-01 2.966501609074441159e+00
4.869899999526091003e+10 1.773707812026709130e-02 3.444249513280136288e+00
4.869899999495144653e+10 -4.011269099060804089e-01 3.227578708003578711e+00
4.869899999523970795e+10 -7.879741775785940039e-01 2.935317327477330540e+00
4.869899999576514435e+10 -9.503188020455745066e-01 2.809924447379941181e+00
4.869899999580111694e+10 -1.013306561121249061e+00 3.369299215999558061e+00
4.869899999527075958e+10 -8.587880004454058191e-01 3.255235630311341222e+00
4.869899999529920197e+10 -9.039296044525805263e-01 2.693706613568866537e+00
4.869899999488827515e+10 -1.290284946527205934e+00 2.699460693582091508e+00
4.869899999462290955e+10 -1.267096332002238146e+00 3.196657849001707685e+00
4.869899999466599274e+10 -1.814349152505700946e+00 3.066967663420672618e+00
4.869899999462290955e+10 -1.408538991914142890e+00 3.456355913627444654e+00
4.869899999442649841e+10 -1.045273082945937571e+00 3.840570732888798577e+00
4.869899999468215179e+10 -7.468816152984508738e-01 3.435892753751945694e+00
4.869899999488591003e+10 -6.543467005018185345e-01 3.953659054159089692e+00
4.869899999540417480e+10 -6.581639274099055914e-01 4.176246122269967387e+00
4.869899999520649719e+10 -2.795229333864988064e-01 4.544643126478168149e+00
4.869899999507308960e+10 -7.088309180665254283e-01 4.885317955505501963e+00
4.869899999473957062e+10 -9.913489831601522972e-01 5.241841029717501321e+00
4.869899999480857086e+10 -6.772335021683402179e-01 4.778449691038848535e+00
4.869899999427085114e+10 -8.382585002397922036e-01 4.834069804544731674e+00
4.869899999384597015e+10 -8.562528875668422579e-01 4.463510846923782083e+00
4.869899999346048737e+10 -5.972945264637754548e-01 4.143348903955966556e+00
4.869899999381796265e+10 -3.533482692000408099e-01 3.781598111725044120e+00
4.869899999398143005e+10 -7.084693756080122640e-01 3.374992350630918292e+00
4.869899999405651855e+10 -1.190708709873494087e+00 3.657778823089631537e+00
4.869899999371326447e+10 -1.410876512562662111e+00 4.047477230517562141e+00
4.869899999390180206e+10 -9.260892710353507695e-01 4.265645543475723223e+00
4.869899999403199768e+10 -1.006251096145568624e+00 4.808587279731314723e+00
4.869899999401164246e+10 -1.061464051006107523e+00 5.369567427271199733e+00
4.869899999424078369e+10 -1.421664975972317890e+00 5.738227413959123169e+00
4.869899999399972534e+10 -1.461190443064091848e+00 5.229807143169507455e+00
4.869899999399339294e+10 -1.462046558667872143e+00 4.665785228555664688e+00
4.869899999370841980e+10 -1.412754380255769160e+00 4.181509473245531794e+00
4.869899999358906555e+10 -1.848480867162840546e+00 3.843782916208175138e+00
4.869899999394535065e+10 -1.691889546134278222e+00 4.252074251632476987e+00
4.869899999423041534e+10 -1.231923586622745592e+00 4.092918167810390528e+00
4.869899999418206787e+10 -1.489141717862761283e+00 4.592580796161120915e+00
4.869899999391046143e+10 -1.791924603624345913e+00 4.983365915580335148e+00
4.869899999418832397e+10 -2.200596090054283138e+00 5.255290301117088170e+00
4.869899999433937073e+10 -2.275382784473231723e+00 5.793577977315024441e+00
4.869899999478727722e+10 -2.608553483398391215e+00 5.874450853742563261e+00
4.869899999469927979e+10 -2.609289330454848788e+00 5.317299499266561646e+00
4.869899999463314056e+10 -2.670992999069254914e+00 4.760541562674865723e+00
4.869899999432469940e+10 -2.695715097086247791e+00 4.288932488712040580e+00
4.869899999384251404e+10 -2.987671866679985300e+00 4.268501679670845483e+00
4.869899999347946167e+10 -3.065439420554750161e+00 3.843879065574730802e+00
4.869899999330255127e+10 -3.217334791427630680e+00 3.330272444947462773e+00
4.869899999326846313e+10 -3.465966114327279080e+00 2.825117144661148938e+00
4.869899999361366272e+10 -3.397635236156384853e+00 2.384287773033505697e+00
4.869899999372977448e+10 -3.288307989494860806e+00 1.843245059734914371e+00
4.869899999338851929e+10 -3.416876887317332745e+00 2.273565285400204417e+00
4.869899999318789673e+10 -3.922552971404567046e+00 2.124555132643321631e+00
4.869899999341396332e+10 -3.808069309250824208e+00 1.620620453481123935e+00
4.869899999394744110e+10 -3.649915276223663518e+00 1.528142398893709286e+00
4.869899999346029663e+10 -3.478891728535850714e+00 1.755311389631306840e+00
4.869899999390878296e+10 -3.139518749228160210e+00 1.798291885974078852e+00
4.869899999398386383e+10 -3.147733935984154297e+00 1.239313617229634401e+00
4.869899999434902954e+10 -3.547734817366015481e+00 1.081787064156120026e+00
4.869899999432121277e+10 -3.722797880393761361e+00 1.617268756254843787e+00
4.869899999467403412e+10 -3.287794344045919637e+00 1.683977428349151761e+00
4.869899999471738434e+10 -3.471232293495940535e+00 1.152345160490553244e+00
4.869899999481882477e+10 -3.394033889835788020e+00 6.028796018578289617e-01
4.869899999426728821e+10 -3.277241508902305256e+00 5.846798678515854331e-01
4.869899999445030975e+10 -3.015984765637729659e+00 1.049878009381007615e+00
4.869899999438588715e+10 -2.741284854656902858e+00 5.614612393384572631e-01
4.869899999476338196e+10 -2.580414375085255507e+00 9.484789091029379726e-01
4.869899999466434479e+10 -2.512323090450531815e+00 1.499584357268693768e+00
4.869899999411999512e+10 -2.595731560331433929e+00 1.621617792166277106e+00
4.869899999407501221e+10 -2.519645875865181406e+00 2.178707362218145427e+00
4.869899999392733765e+10 -2.585599389914951640e+00 2.719080723934123256e+00
4.869899999419845581e+10 -2.982490974760714231e+00 2.423897401639022675e+00
4.869899999367440033e+10 -2.776534406338616368e+00 2.390588401818525277e+00
4.869899999371486664e+10 -2.748408314228343752e+00 2.952489452948017679e+00
4.869899999354045105e+10 -2.522017130355091563e+00 2.466188931263313844e+00
4.869899999385333252e+10 -2.053531446488110479e+00 2.494291399919090768e+00
4.869899999361476135e+10 -2.514950443250198120e+00 2.274434865977192466e+00
4.869899999365450287e+10 -3.062478628807187242e+00 2.144839086605085932e+00
4.869899999396828461e+10 -3.531191550069533669e+00 2.147802821555742092e+00
4.869899999453066254e+10 -3.499817340845481350e+00 2.177960702861235553e+00
4.869899999478357697e+10 -3.369557695077955106e+00 2.665020743870184727e+00
4.869899999440921783e+10 -3.574348864784826052e+00 3.033907460552830671e+00
4.869899999456521606e+10 -3.419122738964875285e+00 2.514551131720144994e+00
4.869899999429796600e+10 -3.100394676267634431e+00 2.895537871240332350e+00
4.869899999436830902e+10 -3.418403060360899470e+00 3.356063330371124032e+00
4.869899999443862152e+10 -3.222468677810501614e+00 3.880302960461795792e+00
4.869899999448762512e+10 -3.655573562303915391e+00 3.522280123255130846e+00
4.869899999433348083e+10 -3.791011448268397199e+00 2.996869254418061956e+00
4.869899999460554504e+10 -3.945875616711448597e+00 3.466082220885849274e+00
4.869899999456372070e+10 -3.861524318497453478e+00 2.909937149754800778e+00
4.869899999457346344e+10 -3.693373861712105910e+00 3.448260525377683461e+00
4.869899999455135345e+10 -3.689812469046943821e+00 2.884647171519472142e+00
4.869899999423282623e+10 -3.291638982950177095e+00 3.125813781659859458e+00
4.869899999469479370e+10 -2.995887687097287255e+00 3.257275307398958653e+00
4.869899999444408417e+10 -3.239004553946258635e+00 2.814331190699735696e+00
4.869899999449393463e+10 -3.696996375494359555e+00 3.139784133390904231e+00
4.869899999427693176e+10 -3.357481061086510898e+00 2.745067282197626746e+00
4.869899999427664185e+10 -3.357783675038152449e+00 2.181009321688023306e+00
4.869899999457194519e+10 -3.616760245386153372e+00 2.585838779085706918e+00
4.869899999494592285e+10 -3.578672056594808470e+00 2.165298504695557735e+00
4.869899999491417694e+10 -3.579828437572326383e+00 2.728461581644194389e+00
4.869899999525467682e+10 -3.807224277914609711e+00 3.116418943328879365e+00
4.869899999571531677e+10 -4.132471406456282637e+00 3.130105698404548775e+00
4.869899999566305542e+10 -4.199614171738781820e+00 3.687709795128542911e+00
4.869899999595864868e+10 -4.516678558628935747e+00 3.326797265048187402e+00
4.869899999560361481e+10 -4.710881011692022113e+00 3.719733378879050978e+00
4.869899999537165833e+10 -4.568237610797295289e+00 4.213709447212247383e+00
4.869899999565419006e+10 -4.329761449099440718e+00 4.639700373245251974e+00
4.869899999564374542e+10 -4.292027746108001196e+00 5.202398060323513818e+00
4.869899999598791504e+10 -4.137696258844563602e+00 4.783007995550670799e+00
4.869899999547259521e+10 -3.940516771945894892e+00 4.900157203884621282e+00
4.869899999547618103e+10 -4.045379584759327685e+00 5.454370614918159887e+00
4.869899999517910004e+10 -3.846356006909646741e+00 5.890599056907374731e+00
4.869899999463179779e+10 -3.830073124757598979e+00 5.755111857123526242e+00
4.869899999424047089e+10 -3.680273030365588394e+00 5.377506610975713031e+00
4.869899999439415741e+10 -3.513054648396388924e+00 5.893819727618662796e+00
4.869899999485231781e+10 -3.228220328534314731e+00 6.058510687842614040e+00
4.869899999533272552e+10 -3.397462464020599704e+00 6.300854726011286822e+00
4.869899999583829498e+10 -3.579865323680991196e+00 6.471996215467047620e+00
4.869899999626096344e+10 -3.721582310254114123e+00 6.126412566367885226e+00
4.869899999625737762e+10 -3.722858140603092281e+00 6.690457855356016559e+00
4.869899999620323181e+10 -4.012362847761458795e+00 6.209399788438736856e+00
4.869899999573619080e+10 -4.075614262871168236e+00 5.899510554501846471e+00
4.869899999578808594e+10 -4.253529980133020416e+00 6.432253210176164693e+00
4.869899999574364471e+10 -4.230355335137559791e+00 6.994079837887155371e+00
4.869899999595231628e+10 -4.754065285445207678e+00 7.012655359585870940e+00
4.869899999625089264e+10 -4.291297185905550648e+00 6.890762185481188240e+00
4.869899999637105560e+10 -4.289131859918899892e+00 6.339656537249624968e+00
4.869899999676597595e+10 -4.119256646048710557e+00 5.974495123606817337e+00
4.869899999676620483e+10 -4.119726061545589957e+00 6.538552997880985096e+00
4.869899999668577576e+10 -4.202334208017886041e+00 7.090702491984498756e+00
4.869899999639596558e+10 -4.350601603248192006e+00 7.551342512182262823e+00
4.869899999619332123e+10 -4.860810252742104431e+00 7.421784474689789413e+00
4.869899999638193512e+10 -5.389423846249037808e+00 7.365625200024776831e+00
4.869899999612832642e+10 -5.453581126803781487e+00 7.865351938549321353e+00
4.869899999627299500e+10 -4.909189611265220243e+00 7.835856690169990202e+00
4.869899999576519775e+10 -4.873472108115932677e+00 7.592899586287641611e+00
4.869899999540770721e+10 -5.234448546679252523e+00 7.347837369193546131e+00
4.869899999518998718e+10 -5.615902606809013875e+00 6.993925112564649993e+00
4.869899999531221008e+10 -5.268222063648301479e+00 6.566910626785558591e+00
4.869899999523252869e+10 -5.097149951652996336e+00 6.035359358512157435e+00
4.869899999535391998e+10 -5.517510884323314713e+00 6.391339807333684675e+00
4.869899999549437714e+10 -5.923000111112056487e+00 6.025264117020504351e+00
4.869899999589357758e+10 -6.036036159435120396e+00 6.407397175513297682e+00
4.869899999579167938e+10 -5.886511658327914454e+00 6.941644717131154607e+00
4.869899999614850616e+10 -5.785726180779291461e+00 7.366708758550475800e+00
4.869899999627008057e+10 -5.501175750140609111e+00 6.895103504771840974e+00
4.869899999619473267e+10 -5.174541271174674328e+00 6.441457590135051703e+00
4.869899999607165527e+10 -5.296635375720977201e+00 6.978213872909496018e+00
4.869899999644369507e+10 -5.315111924442641467e+00 6.554648837879251566e+00
4.869899999648422241e+10 -4.873654899425829079e+00 6.903410897273458247e+00
4.869899999643870544e+10 -4.415618576131229212e+00 7.229435842729177608e+00
4.869899999587536621e+10 -4.409722471970835223e+00 7.257315948352575319e+00
4.869899999613990784e+10 -4.907555030139260310e+00 7.275809328860313840e+00
4.869899999661258698e+10 -5.209022460073624572e+00 7.213721044412910288e+00
4.869899999701840210e+10 -5.306662964089011503e+00 6.834323611205462612e+00
4.869899999660289001e+10 -5.009743389367845801e+00 7.073805310101784372e+00
4.869899999685932922e+10 -4.819323456082478252e+00 7.538713106829930233e+00
4.869899999681865692e+10 -4.852747337747139511e+00 8.100309459820667968e+00
4.869899999737488556e+10 -4.763792348892994966e+00 8.129574096052975207e+00
4.869899999725981140e+10 -4.273732150686790909e+00 8.384056371402714092e+00
4.869899999729411316e+10 -3.773437167773619372e+00 8.125812114228796901e+00
4.869899999748960876e+10 -3.627813265813070842e+00 8.634474151670199049e+00
4.869899999748775482e+10 -3.642186369814585767e+00 9.198346061734229195e+00
4.869899999772805786e+10 -3.458493261059028434e+00 8.722243281142750604e+00
4.869899999720742035e+10 -3.242063184480864724e+00 8.738132088636186623e+00
4.869899999728707886e+10 -3.092103283110640533e+00 8.200240133521390362e+00
4.869899999747100067e+10 -3.187576895969924884e+00 8.724852785605710537e+00
4.869899999738364410e+10 -3.697400332642597043e+00 8.949820939683457155e+00
4.869899999719924164e+10 -3.818817813584188592e+00 9.468872723088614052e+00
4.869899999726432800e+10 -4.141546473214532398e+00 9.926880535016445961e+00
4.869899999744113159e+10 -3.640442364099738981e+00 9.737678202434125296e+00
4.869899999693818665e+10 -3.416187607500407175e+00 9.859829557471927686e+00
4.869899999744649506e+10 -3.566797790743015284e+00 1.005245348647817316e+01
4.869899999791022491e+10 -3.759152131183449708e+00 9.795319851159838720e+00
4.869899999831836700e+10 -3.972184014096070026e+00 9.469437626902962535e+00
4.869899999826052094e+10 -3.928547116866731859e+00 1.002882267260511995e+01
4.869899999787430573e+10 -4.120916364785193409e+00 1.039213383505146737e+01
4.869899999745001221e+10 -4.257567730586624855e+00 1.004650430967275021e+01
4.869899999745864105e+10 -4.269774044802724156e+00 1.061036431366881239e+01
4.869899999752270508e+10 -3.762019511766399482e+00 1.037320985629502879e+01
4.869899999787648010e+10 -4.194782683816133506e+00 1.029756684676350353e+01
4.869899999753102112e+10 -3.857959919749957223e+00 1.058975082694580294e+01
4.869899999753304291e+10 -3.877816718514856653e+00 1.115345568870304049e+01
4.869899999737045288e+10 -4.208892492130525298e+00 1.158020629613504582e+01
4.869899999742870331e+10 -4.456590602204364870e+00 1.107680405507170640e+01
4.869899999766882324e+10 -4.876246860024782137e+00 1.136730925554711114e+01
4.869899999814006042e+10 -5.141508179813034651e+00 1.120690154430177010e+01
4.869899999836586761e+10 -5.322449426469319178e+00 1.169108506766693090e+01
4.869899999826291656e+10 -4.873835991155247349e+00 1.201713534082302637e+01
4.869899999812574005e+10 -5.204227376020266860e+00 1.245323823333179369e+01
4.869899999809729767e+10 -4.732307760000176167e+00 1.214559514750391678e+01
4.869899999797430420e+10 -4.970580904553199453e+00 1.264184068457022470e+01
4.869899999776784515e+10 -4.869553242962386896e+00 1.315694327064280955e+01
4.869899999777186584e+10 -4.674598014684211655e+00 1.368622374728508362e+01
4.869899999798738098e+10 -4.175949061646666571e+00 1.353435546764190711e+01
4.869899999826390839e+10 -4.414806742755025049e+00 1.396405468335779076e+01
4.869899999773092651e+10 -4.504978485014077272e+00 1.380293737166279655e+01
4.869899999776177216e+10 -4.478828682435116448e+00 1.436554415952665487e+01
4.869899999827275085e+10 -4.336920316966184075e+00 1.455770814372600697e+01
4.869899999816133881e+10 -4.860977177061948318e+00 1.438131658593243856e+01
4.869899999863984680e+10 -5.109430324777996191e+00 1.454702509559182566e+01
4.869899999850653839e+10 -5.291328006896686809e+00 1.506403956872370919e+01
4.869899999890686035e+10 -5.089594513864964753e+00 1.540639426403910761e+01
4.869899999906912231e+10 -5.098703689579727083e+00 1.594653370881226273e+01
4.869899999915166473e+10 -4.858987767162162186e+00 1.645040382804655721e+01
4.869899999962008667e+10 -5.090420275758214430e+00 1.623784132541632630e+01
4.869899999922657776e+10 -5.069842759589517023e+00 1.583424905836994334e+01
4.869899999957102966e+10 -4.743606436847702668e+00 1.552914767308829447e+01
4.869900000012032318e+10 -4.842201812859593169e+00 1.544717915239713690e+01
