1.391400000000000000e+10 0.000000000000000000e+00 0.000000000000000000e+00
1.391399999983003807e+10 -2.439214185272905733e-01 -3.754487058526613519e-02
1.391399999978676224e+10 -1.679454191606406244e-01 -3.241613403568865959e-01
1.391399999978030586e+10 -1.607963182642935529e-01 -2.465958820506797267e-02
1.391399999993886948e+10 -6.505481236397861466e-02 2.108938632463030205e-01
1.391399999995516205e+10 8.986976902181861848e-02 4.668763569792848678e-01
1.391399999977377510e+10 6.671914851976212812e-03 2.433345472968028167e-01
1.391399999978601837e+10 2.285480036342456625e-02 5.423033341188365775e-01
1.391400000001013374e+10 1.088248441405888361e-01 3.629286818311232565e-01
1.391399999993376541e+10 -7.923581242992037976e-02 1.424853184276067553e-01
1.391399999970641899e+10 -2.731584064224634734e-01 1.648814607607402838e-01
1.391399999944274712e+10 -2.075549829955971592e-01 2.912447339902831112e-01
1.391399999945110321e+10 -1.912055236416600190e-01 -7.848849918714262408e-03
1.391399999945308495e+10 -1.059129142767129689e-01 2.794059935359871627e-01
1.391399999951415062e+10 -4.732200961069657486e-02 -8.052117021075555492e-03
1.391399999953684807e+10 -4.168776774572099941e-02 -3.067948618193224730e-01
1.391399999975177002e+10 -2.494294800830792191e-01 -3.279160119666323370e-01
1.391399999955336571e+10 -4.478724770753099715e-01 -2.227967060753001660e-01
1.391399999952772713e+10 -3.311439082015928959e-01 -4.975896783534991541e-01
1.391399999940172386e+10 -2.979563452611208030e-01 -2.277455392601003825e-01
1.391399999939546394e+10 -8.576983810313962286e-02 -1.624661830431525789e-02
1.391399999930369186e+10 -2.737819981557263471e-01 1.982839562136418377e-01
1.391399999910580826e+10 -4.440508844598775595e-01 3.454065520479183693e-01
1.391399999918165016e+10 -4.848793910523120365e-01 6.324173679545568305e-01
1.391399999945703316e+10 -5.867367994695450450e-01 5.725517026040271018e-01
1.391399999967835808e+10 -5.955361612616248967e-01 3.707296609828047429e-01
1.391399999975776482e+10 -6.753790159537856885e-01 6.484231945164427025e-01
1.391399999975195122e+10 -6.797763699773186064e-01 3.488552398507055452e-01
1.391399999961697197e+10 -8.491018458917638512e-01 5.559864412018105106e-01
1.391399999944361687e+10 -7.013790773547413648e-01 7.507179738894347309e-01
1.391399999941456604e+10 -9.491726466868661838e-01 5.847404870902956908e-01
1.391399999946160316e+10 -9.484830912882806775e-01 2.887994280887822285e-01
1.391399999928294563e+10 -1.166250024610361091e+00 1.865585052962561163e-01
1.391399999952948189e+10 -1.000180295718974044e+00 2.244359955837208764e-01
1.391399999951895714e+10 -9.355767759016577756e-01 -6.798448092884820659e-02
1.391399999955847549e+10 -8.416534104170411146e-01 2.138147063995191888e-01
1.391399999958749771e+10 -9.764190700514687737e-01 -5.224921133186546940e-02
1.391399999958236313e+10 -9.766535247252399188e-01 2.473633329856332053e-01
1.391399999956599808e+10 -8.640601282747392142e-01 5.245798623286281881e-01
1.391399999949443245e+10 -5.732668149843452854e-01 5.140108912006862152e-01
1.391399999966305351e+10 -8.199321974123298107e-01 4.912725250673920518e-01
1.391399999940335083e+10 -8.094397187428865603e-01 6.403999251806756776e-01
1.391399999959017372e+10 -5.945296951357263993e-01 7.336986209878153531e-01
1.391399999929255486e+10 -6.268805251587273863e-01 7.206341052170680550e-01
1.391399999918238068e+10 -5.362036873705520179e-01 9.841363760924326520e-01
1.391399999897426605e+10 -3.876681892965062604e-01 1.140404848934306381e+00
1.391399999913884735e+10 -1.802128245936298334e-01 1.000157421676388658e+00
1.391399999913813210e+10 -1.877582515170748700e-01 1.299718199501200377e+00
1.391399999913891792e+10 -1.724003616424068519e-01 1.598979993281089751e+00
1.391399999899643135e+10 -2.454798646345041357e-01 1.345699421880810043e+00
1.391399999876854706e+10 -3.387936675081696380e-01 1.516449309850318228e+00
1.391399999868198776e+10 -1.642859176043300340e-01 1.288746608774285374e+00
1.391399999864590645e+10 -2.285098181417836438e-01 1.579207549947167610e+00
1.391399999858359718e+10 -1.094397826803810841e-01 1.847039633788083446e+00
1.391399999864343262e+10 -1.361201378957793140e-01 1.554632525259442843e+00
1.391399999834903145e+10 -8.891918227333800440e-02 1.584541990104023634e+00
1.391399999852444458e+10 -8.066415065406501439e-02 1.341733365203539030e+00
1.391399999840748978e+10 1.884724445847796304e-01 1.281062261508568279e+00
1.391399999834612274e+10 8.671502763039885819e-02 1.556150806920528318e+00
1.391399999832929039e+10 2.027654415003832256e-01 1.831909878714650164e+00
1.391399999831096268e+10 1.872646805119764502e-01 1.533216231062620949e+00
1.391399999828411102e+10 4.231462266347242318e-01 1.350369344462155397e+00
1.391399999838284302e+10 6.635200611777284374e-01 1.201149157360838826e+00
1.391399999844260788e+10 9.134958930616419170e-01 1.355208750995898548e+00
1.391399999825009918e+10 7.117176156337832182e-01 1.245572211330429280e+00
1.391399999848893547e+10 6.574237375431403185e-01 1.418207994833315500e+00
1.391399999857024002e+10 7.217142252919386269e-01 1.137048738646656343e+00
1.391399999851041031e+10 7.140031432117390775e-01 8.435267482497634806e-01
1.391399999843195152e+10 9.868574242826855247e-01 9.393855332120923940e-01
1.391399999863586998e+10 1.097757462739949119e+00 7.498791216303440921e-01
1.391399999857939148e+10 9.870242897049530395e-01 4.772210384628601809e-01
1.391399999863201904e+10 7.550111198436120219e-01 6.594142466895676069e-01
1.391399999877069855e+10 8.822288388520278524e-01 4.262242144946275513e-01
1.391399999877258110e+10 8.755016542006807123e-01 1.266490081160059900e-01
1.391399999906359100e+10 9.463577567970775650e-01 1.173337700750869267e-01
1.391399999880151749e+10 8.146513969156790047e-01 1.786960878460258362e-01
1.391399999880686569e+10 8.170885918850145924e-01 -1.209029083385848302e-01
1.391399999885056114e+10 5.459714497219416707e-01 -9.853074125821953411e-04
1.391399999908034325e+10 3.993258652177620327e-01 1.234711147072841964e-01
1.391399999922814560e+10 1.871414836193734388e-01 2.748850666053892500e-01
1.391399999930538750e+10 -3.284281312269954345e-02 8.664409755077195907e-02
1.391399999950024796e+10 3.609681707627888925e-02 -1.303148035898301360e-01
1.391399999949431419e+10 3.685227789235442225e-02 -4.299117280376656414e-01
1.391399999971687698e+10 2.972021873748910761e-02 -6.304343888285692810e-01
1.391399999965233994e+10 -1.119382487968072076e-01 -3.743837737652024322e-01
1.391399999994559669e+10 -6.187274673574786471e-02 -3.384883855806557484e-01
1.391399999976365662e+10 -2.851469210303539392e-01 -4.211971287458344815e-01
1.391399999982765007e+10 -4.734698902658041053e-03 -3.371265700483269123e-01
1.391399999994709969e+10 7.209145340955558368e-02 -6.009896446763007827e-01
1.391399999985367775e+10 2.611490979786021405e-01 -3.880959491605440181e-01
1.391400000001546860e+10 5.305991569860860069e-02 -5.306330199674292869e-01
1.391400000022594643e+10 -2.287133049383269223e-02 -7.299515841380800341e-01
