1.391400000000000000e+10 0.000000000000000000e+00 0.000000000000000000e+00
1.391399999998507118e+10 -1.292875109640012066e-01 -2.699184690290257760e-01
1.391400000000015450e+10 -3.983193014943202659e-01 -4.010234424080197924e-01
1.391399999984697533e+10 -1.766002971277799982e-01 -5.320614834165423579e-01
1.391399999962147141e+10 -7.848036769287812520e-02 -3.608474863073566352e-01
1.391399999962450600e+10 6.368839801903171394e-02 -9.708065239843050032e-02
1.391399999952930832e+10 -9.416124368830093572e-02 -3.333326477573893554e-01
1.391399999937787628e+10 -3.842956802264477917e-02 -5.858329300860436462e-01
1.391399999925807571e+10 -1.790828818632044239e-01 -8.217539416358439208e-01
1.391399999916534805e+10 -1.252876403648240933e-01 -1.101578751109750121e+00
1.391399999913200569e+10 1.392307655324606097e-01 -9.647853900232006286e-01
1.391399999889776421e+10 5.870202880081679120e-02 -7.961441888859106530e-01
1.391399999918715096e+10 1.323761280911942284e-01 -8.210648610688638938e-01
1.391399999918141556e+10 1.804632006683551393e-01 -5.253473468055660511e-01
1.391399999929573441e+10 2.644029430539234227e-01 -7.893159406864218575e-01
1.391399999935599327e+10 2.696237661260565965e-01 -4.958270709114347419e-01
1.391399999925000954e+10 2.739571262050400913e-01 -2.155725289874417250e-01
1.391399999936204720e+10 3.672085625882393067e-01 -4.773848282401477183e-01
1.391399999913748169e+10 2.135328482460861210e-01 -6.028761510711008187e-01
1.391399999930968094e+10 -3.052790469267724349e-02 -6.268757608721311492e-01
1.391399999950249481e+10 1.955533625530838093e-01 -5.880927968551917795e-01
1.391399999941544914e+10 1.100680273195593223e-01 -8.617886792960118836e-01
1.391399999953889847e+10 -7.386455192920916846e-02 -1.063588287682263989e+00
1.391399999927239609e+10 5.552754342166212054e-02 -1.018556570583336596e+00
1.391399999930440521e+10 4.331395271834362348e-02 -7.208647756838644227e-01
1.391399999955812263e+10 -9.074113041981257677e-02 -6.345488567283883441e-01
1.391399999966007042e+10 -1.367107386158948334e-01 -3.565424517782047609e-01
1.391399999968931198e+10 -1.469707894822888661e-01 -6.545924705870487248e-01
1.391399999943566513e+10 -2.945105523260583835e-01 -7.153291107124800652e-01
1.391399999972013283e+10 -2.416865752736182538e-01 -6.373426331707071624e-01
1.391399999984866714e+10 -1.159520673324158924e-01 -8.770592346833454567e-01
1.391400000006562996e+10 -2.481012368854521311e-01 -1.035985116319583677e+00
1.391400000036405182e+10 -2.727075700894938670e-01 -1.047536099747264693e+00
