2.782800000000000000e+10 0.000000000000000000e+00 0.000000000000000000e+00
2.782799999985388947e+10 -7.016161440260690330e-02 3.016803909322133270e-01
2.782799999965548706e+10 1.183400288354576890e-01 5.075587990516350345e-01
2.782799999967142868e+10 6.979288882325962451e-02 1.689276250249852618e-01
2.782799999984741592e+10 -1.345505470268488213e-01 -4.215229540762635563e-02
2.782799999973157883e+10 -2.059895071293441626e-01 -3.564142230192857141e-01
2.782799999976424026e+10 -4.043855433448440562e-01 -7.918823218738102465e-02
2.782799999944998932e+10 -5.013843030734902451e-01 -1.746789400319854746e-01
2.782799999949200821e+10 -1.618322487290116962e-01 -1.895412967674458549e-01
2.782799999921769333e+10 -1.050921894352637720e-01 7.470666924558777566e-03
2.782799999917081070e+10 -1.090135602522055991e-01 -3.317473500815456000e-01
2.782799999933478546e+10 -1.400921017789748535e-01 -3.270204137043863923e-02
2.782799999906541061e+10 -7.703695097903012767e-02 -2.345517893058692294e-01
2.782799999901670837e+10 -3.451929043282625509e-01 -2.718171831953539175e-02
2.782799999896506119e+10 -4.266616280490045376e-01 3.014176635280471084e-01
2.782799999870576477e+10 -5.090266577706119566e-01 5.094179397856275493e-01
2.782799999836386871e+10 -4.895761672227990635e-01 5.060218239577285448e-01
2.782799999839177704e+10 -5.243283408957633007e-01 8.455737987365055108e-01
2.782799999813654709e+10 -4.659744324522787640e-01 6.248161406545107432e-01
2.782799999847001648e+10 -5.399443124865648258e-01 6.494937453948854689e-01
2.782799999844305038e+10 -5.374058498355451796e-01 3.081019484173095901e-01
2.782799999843423843e+10 -5.760127667090448877e-01 6.482694101462747049e-01
2.782799999872394562e+10 -6.975119279406098993e-01 5.119217270706825085e-01
2.782799999877026367e+10 -6.679954590163347250e-01 8.499534994294712931e-01
2.782799999873599243e+10 -5.177791962181461649e-01 5.441060588927271180e-01
2.782799999863979340e+10 -7.255153395253615134e-01 2.894027504333799850e-01
2.782799999852336502e+10 -7.226649728240192028e-01 6.114554252909669696e-01
2.782799999875941849e+10 -6.165225348435152686e-01 8.357215064658114478e-01
2.782799999860208511e+10 -8.928946862490911851e-01 9.627919505425381885e-01
2.782799999860005951e+10 -6.319842471395574757e-01 1.184611025667408502e+00
2.782799999865333939e+10 -5.811049607631233460e-01 8.501641676337575726e-01
2.782799999866410828e+10 -5.731712534472755971e-01 5.079607848979301732e-01
2.782799999890312958e+10 -7.472562897776202639e-01 6.807195834507433485e-01
2.782799999891080093e+10 -7.828522153582837539e-01 1.021242890017407978e+00
2.782799999866664886e+10 -5.790067776316552006e-01 8.942836523827735196e-01
2.782799999861843109e+10 -4.740710518917702343e-01 1.216689628647261046e+00
2.782799999875323868e+10 -7.269310389266030459e-01 1.029150694912186914e+00
2.782799999886843872e+10 -4.404531621082802828e-01 8.810245182543748887e-01
2.782799999906581497e+10 -5.285246639793836909e-01 6.153783775654009247e-01
2.782799999932429123e+10 -6.316466823058034530e-01 4.157824614743199088e-01
2.782799999966654587e+10 -6.334440313620360863e-01 4.039100240198169600e-01
2.782799999986917114e+10 -3.573804053791966306e-01 4.002226175818097142e-01
2.782799999959435272e+10 -1.622367026354938901e-01 3.395926174413296250e-01
2.782799999964840698e+10 -9.584778857418618792e-02 6.711835605740121835e-01
2.782799999939597321e+10 -1.651192544675529894e-01 8.920026233740678823e-01
2.782799999960578156e+10 -2.421584633043634693e-01 1.151477018703084942e+00
2.782799999964128113e+10 -5.746391538184281167e-02 1.437675919445049466e+00
2.782799999939000702e+10 1.600268068629203400e-01 1.520384363347576651e+00
2.782799999953362274e+10 4.109545606737976531e-01 1.336830818259127751e+00
2.782799999947058487e+10 2.755685349715927268e-01 1.645017629821594607e+00
2.782799999978209686e+10 2.768987147368894286e-01 1.787290383869071242e+00
2.782800000009688950e+10 2.598090269691953891e-01 1.921064653014514789e+00
2.782800000009555054e+10 -5.264946095337952325e-02 2.061242970750604808e+00
2.782800000038920593e+10 -1.674106746094247700e-01 2.194951623709072930e+00
