2.087100000000000000e+10 0.000000000000000000e+00 0.000000000000000000e+00
2.087099999990528488e+10 9.559834090129512574e-02 2.860469892253605928e-01
2.087099999962044525e+10 2.592139564049601719e-02 1.679599883815784955e-01
2.087099999968436432e+10 -6.953244852503868978e-02 4.624686880416079005e-01
2.087099999969060516e+10 -3.382986228108790239e-01 6.287769571454786544e-01
2.087099999972330093e+10 -3.357244718368703751e-01 9.431924912748121947e-01
2.087099999970384979e+10 -6.389083163038882240e-01 1.030564121632128405e+00
2.087099999941398621e+10 -5.156489984953716021e-01 1.057376488517955071e+00
2.087099999966579056e+10 -4.482388926668931517e-01 8.785374281091674620e-01
2.087099999967428589e+10 -4.626107896710641709e-01 1.194217585286895922e+00
2.087099999947897720e+10 -4.802255609893891219e-01 9.462715827375119959e-01
2.087099999959945297e+10 -1.895968052476282306e-01 9.771441890638449257e-01
2.087099999969809341e+10 -3.616062250196208638e-02 1.235330050012456216e+00
2.087099999961306763e+10 9.042501713986496326e-03 9.342320880530285976e-01
2.087099999978222275e+10 -2.524885518559445430e-01 8.801916329078979251e-01
2.087099999983972168e+10 1.133489442567547911e-02 1.044580121099587977e+00
2.087100000000166321e+10 -1.722408280807950498e-01 8.445599916239123761e-01
2.087099999984176636e+10 -3.750593795897721461e-01 6.622671549302289185e-01
2.087099999959256744e+10 -2.530666533933582651e-01 8.137581239651340281e-01
2.087099999963163376e+10 -1.231072587188231093e-01 1.099270163185657845e+00
2.087099999987674332e+10 -3.136189802827232809e-03 9.397075425225941414e-01
2.087100000016551208e+10 -1.233103831339190798e-01 8.938442167604044863e-01
