6.957000000000000000e+09 0.000000000000000000e+00 0.000000000000000000e+00
6.956999999999030113e+09 -2.315009633483492979e-01 1.756156614765596868e-01
6.956999999833618164e+09 -2.714939591746891590e-01 -5.991357158372304093e-02
6.956999999849251747e+09 -2.857366416693042366e-01 2.298919279961140483e-01
6.956999999781005859e+09 -3.436897708086502634e-01 5.063306895971376731e-01
6.956999999503234863e+09 -3.003885227473826469e-01 5.798326501984202297e-01
6.956999999425889015e+09 -4.746813929011662880e-01 7.990908088680320764e-01
6.956999999303197861e+09 -7.022868868418843391e-01 6.665119791657501125e-01
6.956999999399423599e+09 -6.003078895207540899e-01 9.210220424723598587e-01
6.956999999366451263e+09 -7.059350974888949359e-01 1.189704443139007140e+00
6.956999999543823242e+09 -6.945290686224433463e-01 1.419581570409922389e+00
6.956999999704876900e+09 -6.766489032770621748e-01 1.178383430391478637e+00
6.956999999685412407e+09 -4.007854311785016277e-01 1.089192777235885146e+00
6.956999999573238373e+09 -6.419382872878255375e-01 9.721591429985224631e-01
6.956999999317712784e+09 -6.719060729709507296e-01 8.370926309593847980e-01
6.956999999284735680e+09 -7.959262491423894081e-01 5.763897340428039140e-01
6.956999999105191231e+09 -5.675524166686792826e-01 5.697861478116089673e-01
6.956999999268623352e+09 -3.306279953127200244e-01 5.298965764970944292e-01
6.956999999322171211e+09 -2.522379455874403931e-01 2.552656477254182099e-01
6.956999999236152649e+09 -4.378612289585759321e-01 4.891817322258723566e-02
6.956999999250648499e+09 -4.704255152778554772e-01 3.372997703421376503e-01
6.956999999205348015e+09 -7.521163491656176481e-01 2.822304611041517863e-01
6.956999999056421280e+09 -9.927391799334127631e-01 3.482308334585717535e-01
6.956999999181262970e+09 -9.753181014751458600e-01 8.641871936656231323e-02
6.956999999283869743e+09 -7.872926296779956257e-01 2.827672587627026446e-01
6.956999999045571327e+09 -6.528575706098133091e-01 1.849113616540879468e-01
6.956999999241606712e+09 -7.340658488071387655e-01 3.834303039260005264e-01
6.956999999157563210e+09 -5.128802193385378905e-01 2.147646023011484384e-01
6.956999999183307648e+09 -5.260739373638910754e-01 5.038971905958666841e-01
6.956999999253866196e+09 -2.469029340026041019e-01 4.649164096352288444e-01
6.956999999235851288e+09 -4.961118225368459367e-01 3.165760006690981898e-01
6.956999999490603447e+09 -6.318636071458580972e-01 2.832997521091453197e-01
6.956999999379557610e+09 -7.389013443520975333e-01 3.703537234147835644e-02
6.956999999191893578e+09 -5.954991299158181040e-01 2.063060273544095047e-01
6.956999999306964874e+09 -6.892718872357823656e-01 4.561052909183453408e-01
6.956999999304832458e+09 -4.017524268921546238e-01 4.980875766766051371e-01
6.956999999208226204e+09 -4.236363724849509516e-01 7.712594723393961793e-01
6.956999999258373260e+09 -6.738004959774008817e-01 9.103194300828131302e-01
6.956999999034829140e+09 -6.580291883195770186e-01 7.253495459388256128e-01
6.956999999163269043e+09 -7.042217204389862317e-01 4.688267351659397009e-01
6.956999999243867874e+09 -4.253765414496028519e-01 4.552760107719098226e-01
6.956999999275629044e+09 -5.108478431843924694e-01 7.311752827843696068e-01
6.956999999554248810e+09 -4.668984222412323470e-01 8.009885863481490675e-01
6.956999999843427658e+09 -4.844039447523122432e-01 8.234347802137507166e-01
6.957000000008486748e+09 -4.676360321667994979e-01 5.848792039500929629e-01
6.956999999921210289e+09 -6.321750470572731206e-01 8.079135069063971830e-01
6.957000000037281990e+09 -7.394348906605560101e-01 1.051751831930721082e+00
6.956999999757412910e+09 -7.922319818515615175e-01 1.109374793851813257e+00
6.956999999828249931e+09 -6.083928955273930628e-01 1.322962580524348564e+00
6.957000000046122551e+09 -7.370890700597376721e-01 1.180122135246942428e+00
6.957000000048646927e+09 -7.519788969753148367e-01 8.899387134263954113e-01
6.957000000080958366e+09 -7.078592610265990182e-01 6.045549030506790489e-01
6.956999999804963112e+09 -7.855029197469114433e-01 5.573019538781349702e-01
6.956999999767419815e+09 -9.942158751287043517e-01 3.586466577898564934e-01
6.956999999779708862e+09 -7.506450291067704450e-01 2.006696641723048347e-01
6.956999999574873924e+09 -7.838882109141749321e-01 -2.731181653248926366e-03
6.956999999403238297e+09 -7.256539421052958794e-01 -2.298535030909313881e-01
6.956999999216400146e+09 -9.262863387024103945e-01 -1.335582834854437129e-01
6.956999999356046677e+09 -7.320347113929888128e-01 3.136509925720579184e-02
6.956999999193890572e+09 -9.468172114556814289e-01 -7.821823904871505473e-02
6.956999999320281029e+09 -6.868558903415475925e-01 -1.078850032684868232e-01
6.956999999169386864e+09 -5.962405188251114208e-01 1.233166106128683881e-01
6.956999999284076691e+09 -8.129828980743802891e-01 -3.257914784596158131e-02
6.956999999295394897e+09 -8.094280092394635640e-01 2.577547180049953868e-01
6.956999999483466148e+09 -9.179048524483269800e-01 4.508772406306517100e-01
6.956999999224970818e+09 -7.856471874448134329e-01 4.398100112580647369e-01
6.956999999145712852e+09 -7.935011025458749145e-01 7.192576978220133199e-01
6.956999999171632767e+09 -8.052187719279884082e-01 4.300772192258364712e-01
6.956999999171971321e+09 -8.280319908312884225e-01 1.403981899660202148e-01
6.956999999032853127e+09 -5.854679300297341848e-01 6.138348601293339146e-02
6.956999999037674904e+09 -5.736926560829238575e-01 -2.289139335717871593e-01
6.956999998798058510e+09 -6.778964062406558355e-01 -3.560366737033775486e-01
6.956999998848757744e+09 -7.034163937305328851e-01 -7.105798437931493128e-02
6.956999999028021812e+09 -9.252506962723815453e-01 -1.548422745943795614e-02
6.956999999281693459e+09 -9.917272437637600913e-01 -1.406483902481469872e-01
6.956999999009405136e+09 -9.672616481575631031e-01 -4.218439443356358787e-02
6.956999998860404968e+09 -9.459899575276521366e-01 2.063732432011591844e-01
6.956999998624520302e+09 -7.767074743008524074e-01 2.180582389676652966e-01
6.956999998711467743e+09 -8.029594122485180785e-01 -5.795905840843618151e-02
6.956999998685929298e+09 -8.324298153498724817e-01 -3.459065866831444458e-01
6.956999998754025459e+09 -5.505178920793938335e-01 -3.279317397539089907e-01
6.956999998920468330e+09 -3.330715587252273124e-01 -2.307294820573412009e-01
6.956999998816795349e+09 -1.047412482993461957e-01 -8.392443432418583704e-02
6.956999998751821518e+09 -2.294954206317140200e-02 -3.550757553130636235e-01
6.956999998594012260e+09 -2.618870059980645260e-01 -3.056830530474049512e-01
6.956999998380625725e+09 -1.243415791525876446e-01 -1.643262588135001590e-01
6.956999998644072533e+09 -9.012801778711228284e-02 -2.820545577406025073e-01
6.956999998512770653e+09 -4.976062697313942546e-02 -5.381106330555288642e-01
6.956999998774667740e+09 -5.053531702701077877e-02 -6.639832817160485900e-01
6.956999998721567154e+09 -1.325893548023657775e-01 -9.376288955640204037e-01
6.956999998997190475e+09 -1.979057885064788025e-01 -8.728194078999167438e-01
6.956999999137835503e+09 5.480958021850418360e-03 -1.025421029302901577e+00
6.956999998890645981e+09 9.193664911219494654e-03 -8.727190835017629711e-01
6.956999998853602409e+09 1.719264988736601135e-02 -1.160813347056524947e+00
6.956999998837156296e+09 -2.446361001362538645e-01 -1.035874452026990022e+00
6.956999998798407555e+09 -5.067367969806357841e-01 -9.165585205330127883e-01
6.956999998834812164e+09 -6.775720608684974167e-01 -1.148774987829864314e+00
6.956999998655573845e+09 -5.900796613902282717e-01 -1.360088375944145556e+00
6.956999998828160286e+09 -4.207006419620340498e-01 -1.198970191523728523e+00
6.956999999076574326e+09 -3.047523420554154594e-01 -1.102632613997717392e+00
6.956999999118544579e+09 -3.389873691647558585e-01 -8.171488709504505232e-01
6.956999999394227028e+09 -3.552195567595227144e-01 -9.075368882917667079e-01
6.956999999185785294e+09 -5.576705540856503607e-01 -9.075032526411971334e-01
6.956999999183028221e+09 -5.326602627568338688e-01 -6.180185660685904026e-01
6.956999999221858025e+09 -3.349318304220195164e-01 -4.086619462781214684e-01
6.956999999322653770e+09 -6.009806707006462023e-01 -4.677614101726932372e-01
6.956999999399374008e+09 -4.874489317689056356e-01 -7.240016852019770521e-01
6.956999999127158165e+09 -5.866309946313325030e-01 -7.017317117201683496e-01
6.956999999374905586e+09 -4.893707536114456635e-01 -5.851288776591869745e-01
6.956999999510071754e+09 -6.893385565308252083e-01 -4.233345535273099203e-01
6.956999999538665771e+09 -6.727479358185786129e-01 -7.120240148252567902e-01
6.956999999614039421e+09 -5.796305277455359173e-01 -4.472932060192850168e-01
6.956999999394455910e+09 -4.934522757106311053e-01 -2.776149805425822126e-01
6.956999999218858719e+09 -5.885727665391964347e-01 -6.654124902458874447e-02
6.956999999286656380e+09 -6.305032995365610349e-01 -3.459688231359536181e-01
6.956999999315720558e+09 -8.599847992862916790e-01 -1.701052579243357010e-01
6.956999999107579231e+09 -1.045855708796727512e+00 -8.908896991470695303e-02
6.956999999263161659e+09 -9.628837515905438460e-01 -3.200524315468923908e-01
6.956999999268896103e+09 -1.130556804428442641e+00 -5.573020020623391524e-01
6.956999999230983734e+09 -8.865298653773577842e-01 -7.104293337520348750e-01
6.956999999353554726e+09 -1.132086109651396555e+00 -8.058915332570203427e-01
6.956999999572066307e+09 -1.077014463720984194e+00 -9.893427423668135212e-01
6.956999999579339981e+09 -8.128403908360166685e-01 -8.685385566565336779e-01
6.956999999580251694e+09 -8.586339815143374521e-01 -5.815949844452643624e-01
6.956999999754147530e+09 -7.256325414994051481e-01 -3.905310251610226158e-01
6.956999999683529854e+09 -5.369780770255571101e-01 -5.999520103794752091e-01
6.956999999599568367e+09 -2.596853018040818362e-01 -5.777314933654392748e-01
6.956999999575603485e+09 -2.544389183559491729e-01 -2.881928169626823966e-01
6.956999999436797142e+09 -4.625845845770039100e-01 -1.404000160607565828e-01
6.956999999555501938e+09 -5.850676122327560513e-01 -3.756478407631324012e-01
6.956999999602147102e+09 -5.993981807888703051e-01 -8.919832053403975447e-02
6.956999999617904663e+09 -4.537772387082479875e-01 1.617613341275698779e-01
6.956999999637702942e+09 -3.235883558369168078e-01 -9.726255832477803676e-02
6.956999999793087006e+09 -5.673798155209308636e-01 -6.800473722756564254e-02
6.956999999751865387e+09 -2.799151832750220725e-01 -7.797228990298120388e-02
6.956999999647872925e+09 -1.317481252530242619e-01 1.493305862437470100e-01
6.956999999726191521e+09 -4.092377876735792674e-01 1.132727989137037872e-01
6.956999999586461067e+09 -2.033932056886444961e-01 -3.685328371311052953e-02
6.956999999510418892e+09 -1.540458465423646950e-01 2.392208147762148740e-01
6.956999999684899330e+09 -2.891303598005346975e-01 5.016202569194186389e-02
6.956999999668805122e+09 -4.802120589814129481e-01 2.684812208654479004e-01
6.956999999863745689e+09 -3.177611346623677169e-01 4.100521483601722861e-01
6.957000000101174355e+09 -4.790682449308617530e-01 4.552437963494658235e-01
