2.782800000000000000e+10 0.000000000000000000e+00 0.000000000000000000e+00
2.782799999968875122e+10 1.388196447036591785e-01 3.368243677914439099e-02
2.782799999981553268e+10 -1.785541829308993911e-01 5.563489462080799253e-02
2.782799999993190765e+10 -1.028361484233138723e-01 3.686933990581388043e-01
2.782799999983387375e+10 2.181368787710754320e-01 4.368702110035471708e-01
2.782799999983784103e+10 2.283852096618328720e-01 7.791585362847129881e-01
2.782799999978034210e+10 5.591607696620242152e-01 8.467131511357014473e-01
2.782799999977349091e+10 6.012577391298358220e-01 1.186511571997295178e+00
2.782799999986023712e+10 4.748566510674328556e-01 1.492746769650987737e+00
2.782799999975271606e+10 4.312488330112050905e-01 1.814957704884860856e+00
2.782799999976314163e+10 4.675601596158601714e-01 2.155332296007285375e+00
2.782799999975637054e+10 3.153293666486642888e-01 1.848637051838878831e+00
2.782799999969461441e+10 6.486966843370995939e-01 1.896951805247480971e+00
2.782800000001373291e+10 5.958456505944396131e-01 2.009436700525665032e+00
2.782799999982185364e+10 8.749839141820516808e-01 1.958971729520987193e+00
2.782799999981305695e+10 5.724525051271318610e-01 1.798723748951823742e+00
2.782799999953839874e+10 3.956425548792625868e-01 1.695849132742267562e+00
2.782799999961304855e+10 4.012971902477319164e-01 1.361667611999395566e+00
2.782799999995474625e+10 3.896763600947353856e-01 1.381393103658701715e+00
2.782800000001746368e+10 2.684958803726563703e-01 1.067285218122264290e+00
2.782800000003260803e+10 5.686452272780538886e-01 9.030809374808491663e-01
2.782800000016960907e+10 2.901264226338876040e-01 1.047787304434164124e+00
