3.478500000000000000e+10 0.000000000000000000e+00 0.000000000000000000e+00
3.478499999988500214e+10 4.626584020491914667e-02 3.629782695452772323e-01
3.478499999991095734e+10 6.522974551559758416e-02 -1.923285458673129611e-02
3.478499999965918732e+10 1.497964735667836611e-03 2.630233901755053560e-01
3.478499999965823364e+10 1.802128758617187465e-01 6.024031334590164155e-01
3.478500000001567078e+10 1.337816528570854036e-01 7.335654465675593983e-01
3.478499999995818329e+10 2.060118017032328275e-01 3.612796478168813219e-01
3.478499999981422424e+10 3.363195918914827498e-01 6.920582047946332027e-01
3.478499999969319916e+10 5.811965450727404336e-01 9.613304956136601298e-01
3.478499999951583862e+10 7.632965007282264125e-01 1.248560023082420978e+00
3.478499999976303101e+10 6.104918987008411957e-01 9.982289845365013292e-01
3.478500000014411163e+10 5.672417863473279143e-01 9.932772971795946759e-01
