5.565600000000000000e+10 0.000000000000000000e+00 0.000000000000000000e+00
5.565599999970535278e+10 7.396995094176123109e-01 6.746231480798389746e-02
5.565599999970780182e+10 7.461313818834911515e-01 -7.315849051902825195e-01
5.565599999974547577e+10 7.536540351706896290e-01 6.656781280569334935e-02
5.565599999984174347e+10 -3.828278902462323163e-02 2.083091558608708010e-02
5.565599999917590332e+10 -7.750334284822180120e-02 4.608759665054643073e-01
5.565599999980254364e+10 3.926223282909551693e-01 6.184351263113618824e-01
5.565599999916477966e+10 -8.881580575182523862e-02 6.174573092912871708e-01
5.565599999868532562e+10 4.288933726822943271e-01 9.924599436572919542e-01
5.565599999893661499e+10 2.695459952900647327e-01 2.508508365475035085e-01
5.565599999933884430e+10 -1.362025924709332481e-01 8.095134954349924028e-01
5.565599999944705200e+10 -9.096395351185454503e-02 1.909021109344211098e-02
5.565599999870670319e+10 1.930909166520625164e-01 1.176722936344704040e-01
5.565599999891176605e+10 -1.366206328955815730e-03 -6.297632000886128623e-01
5.565599999872489929e+10 -9.501479481897362467e-02 1.414924997053846889e-01
5.565599999895583344e+10 1.355128267740194070e-01 -5.879262765768218379e-01
5.565599999919281006e+10 3.798945393041397445e-02 -1.344798581252503400e+00
5.565599999915342712e+10 8.354669076358345325e-01 -1.313140122754191008e+00
5.565599999983769989e+10 4.757101837986748016e-01 -1.515296907314928720e+00
5.565599999974647522e+10 6.584823098724922330e-01 -2.287823051238776273e+00
5.565599999907412720e+10 2.457507784141982343e-01 -2.160838173809863427e+00
5.565599999959136963e+10 5.425109247542166946e-01 -1.628939846663570501e+00
5.565599999987810516e+10 6.504217693807187173e-01 -2.366951353685086801e+00
5.565599999972639465e+10 3.951842204192132502e-01 -3.108815418843720924e+00
5.565599999948108673e+10 2.700741226382574744e-01 -2.358684517906233236e+00
5.565599999894078064e+10 7.663179123928929304e-01 -2.041926959346787473e+00
5.565599999877585602e+10 1.461418375315021834e+00 -1.683932867479172479e+00
5.565599999822431183e+10 1.431994480795679259e+00 -1.106478720333673671e+00
5.565599999865434265e+10 1.924121481618439322e+00 -6.466846678350475219e-01
5.565599999841101074e+10 2.566112012805621401e+00 -2.378307508658439873e-01
5.565599999851544189e+10 2.535803643696255882e+00 -1.029474418488603327e+00
5.565599999793448639e+10 2.885662171980483137e+00 -6.068486022329770968e-01
5.565599999819980621e+10 2.236633776970350151e+00 -9.901140694670135245e-01
5.565599999790333557e+10 1.566644306675311071e+00 -6.711398554373358971e-01
5.565599999785339355e+10 1.428960427501633879e+00 1.144000381280505518e-01
5.565599999734886932e+10 1.987884713614771925e+00 3.819546340630358694e-01
5.565599999804570770e+10 1.733671351064926869e+00 8.477771603275813250e-02
5.565599999801298523e+10 1.774565821759941819e+00 -7.125807249526043829e-01
5.565599999791333008e+10 1.629017742665640700e+00 6.678310027611400468e-02
5.565599999778273773e+10 2.039941454954563138e+00 7.395471135518367767e-01
5.565599999739758301e+10 1.891562066462240788e+00 1.423772850253543831e+00
5.565599999742810822e+10 1.181817384440817076e+00 1.057911529963740938e+00
5.565599999672292328e+10 9.247815848917892989e-01 1.332079946999158881e+00
5.565599999675865936e+10 9.885570879919149956e-01 2.127805839604568483e+00
5.565599999709142303e+10 1.159849283567932821e+00 1.421796557388821824e+00
5.565599999722978210e+10 1.918260721523393331e+00 1.632017993683844148e+00
5.565599999753774261e+10 2.383136561671701514e+00 1.059677108706700732e+00
5.565599999705923462e+10 2.422816554762172281e+00 1.698412066539921161e+00
5.565599999658006287e+10 2.933809341351337974e+00 2.082869530644657630e+00
5.565599999656206512e+10 2.923342612596868673e+00 1.284063959504353036e+00
5.565599999658171082e+10 2.706486251927661790e+00 5.152264718949826072e-01
5.565599999596647644e+10 2.935539250059921113e+00 9.707932430131553936e-01
5.565599999644699097e+10 3.440317845904586225e+00 1.361723136361601583e+00
5.565599999663884735e+10 3.602186784135073871e+00 2.120348668634726597e+00
5.565599999703905487e+10 2.914181259072557761e+00 2.049609829392477156e+00
5.565599999738365936e+10 3.547709791549470637e+00 1.705500129788703134e+00
5.565599999780552673e+10 3.651877680393871728e+00 1.034901328120690245e+00
5.565599999855625153e+10 3.407822075418188934e+00 1.158884952419111380e+00
5.565599999776724243e+10 3.326469539141786225e+00 1.255687278263891926e+00
5.565599999818117523e+10 3.413899632829426434e+00 1.933578441115662461e+00
5.565599999811339569e+10 3.861956767259093759e+00 2.591738315924331015e+00
5.565599999802400970e+10 3.527006816081020180e+00 1.871777900283355667e+00
5.565599999837918091e+10 2.962514929216529591e+00 1.431633583779505781e+00
5.565599999795455933e+10 3.350739577088150511e+00 8.771077060729481900e-01
5.565599999770790100e+10 3.313519918441671930e+00 1.636250383488132565e+00
5.565599999772161865e+10 3.877789272987671509e+00 1.070621775524553732e+00
5.565599999700381470e+10 4.130981162108532168e+00 8.273538883305489033e-01
5.565599999775217438e+10 3.966493246937468520e+00 1.054119214593070231e+00
5.565599999800447083e+10 4.527014183632187105e+00 5.435447728673814538e-01
5.565599999857416534e+10 4.001608198117796888e+00 3.488182320308719220e-01
5.565599999914812469e+10 3.821431552493727679e+00 -1.771347859592915519e-01
5.565599999904721832e+10 3.748802467995878462e+00 6.122109085553446572e-01
5.565599999947886658e+10 4.229898755972779867e+00 1.082054401826857193e+00
5.565599999872489929e+10 4.061556962677892457e+00 8.778146002849730456e-01
5.565599999820597076e+10 4.608169529787867091e+00 6.123940883949829939e-01
5.565599999801559448e+10 4.185649609551316708e+00 1.263361497327848415e+00
5.565599999776066589e+10 4.811652961483313895e+00 8.371505356435766654e-01
5.565599999806305695e+10 5.074425292069699722e+00 1.528551008510832698e+00
5.565599999880904388e+10 5.171191727551364359e+00 1.798120122752911554e+00
5.565599999875790405e+10 5.113163258598374838e+00 1.002795413553904114e+00
5.565599999889940643e+10 5.704542692773458157e+00 1.521227391060318457e+00
5.565599999941410828e+10 5.110615272658184161e+00 1.665646330153377264e+00
5.565599999953990173e+10 5.567012872216246855e+00 1.021906478870771018e+00
5.565599999988720703e+10 5.391764300778673302e+00 3.239150791999757528e-01
5.565599999990663910e+10 5.349630447564281077e+00 -4.738134881994110481e-01
5.565599999964797974e+10 6.104391386996788071e+00 -4.296170494656749161e-01
5.565599999986683655e+10 6.872843626667756389e+00 -4.192147824882527796e-01
5.565600000033202362e+10 7.328117360090237398e+00 -8.827329661860829901e-01
