6.957000000000000000e+09 0.000000000000000000e+00 0.000000000000000000e+00
6.957000000035039902e+09 -2.196327690973643235e-02 2.876183246039780150e-01
6.957000000024954796e+09 -5.473672931321049706e-02 -9.274996946820324162e-04
6.956999999973041534e+09 -1.104168168969232866e-02 -2.834700265974348654e-01
6.956999999768058777e+09 -1.731979804788213451e-01 -1.564983078093877822e-01
6.956999999586581230e+09 -1.532320132684727443e-01 -3.825555897733089461e-01
6.956999999417591095e+09 -7.049620455174560041e-02 -6.039862137597294955e-01
6.956999999542327881e+09 -2.699648912483172403e-01 -4.334355181715263683e-01
6.956999999630713463e+09 4.714279708972535232e-03 -4.676956879240316556e-01
6.956999999580929756e+09 -8.398563929251603999e-02 -7.398874544132760800e-01
6.956999999349123001e+09 -2.480000032283379008e-01 -6.782463667126313878e-01
6.956999999283960342e+09 -1.383796121934091627e-02 -8.374836906275814341e-01
6.956999999195586205e+09 -3.135961253707196528e-02 -5.612274662221611310e-01
6.956999998964702606e+09 1.973862391410788342e-02 -7.300945722588512155e-01
6.956999998943560600e+09 4.394921001936918925e-02 -1.018887518352211030e+00
6.956999999023654938e+09 5.291967939075641753e-02 -1.298062871932673223e+00
6.956999999199924469e+09 -2.919359709293483512e-02 -1.513981380697689616e+00
6.956999999108870506e+09 1.253515314585418317e-02 -1.241213432436780284e+00
6.956999999087068558e+09 -1.854039681748415602e-01 -1.029602249815266157e+00
6.956999999212398529e+09 -4.303867659847351868e-01 -9.362726350357523097e-01
6.956999999291368484e+09 -5.830967897525582977e-01 -7.020121836537049909e-01
6.956999999501942635e+09 -7.832977661970128569e-01 -6.984799085395053675e-01
6.956999999370216370e+09 -5.697842580450547256e-01 -8.450906402493314484e-01
6.956999999371048927e+09 -6.606098951327822322e-01 -5.690752278878096204e-01
6.956999999265460968e+09 -5.077045062503775519e-01 -3.456797687922060769e-01
6.956999999047142982e+09 -5.871741454578791597e-01 -5.201977009191132151e-01
6.956999999071455956e+09 -5.246513161701717998e-01 -8.029242300466743476e-01
6.956999999003459930e+09 -4.360410013868705748e-01 -5.346719422446675196e-01
6.956999999220413208e+09 -3.501585869266058415e-01 -3.614962107937615965e-01
6.956999999077580452e+09 -1.302960503157330474e-01 -2.362215750389916880e-01
6.956999998859267235e+09 -1.520766912070604382e-01 -4.267458900970473312e-01
6.956999998878303528e+09 -2.305344199636802927e-01 -7.058811869565038144e-01
6.956999999022315979e+09 -3.977730940440042939e-01 -8.948946145008926933e-01
6.956999998798077583e+09 -2.172882455662460133e-01 -8.551876050008073715e-01
6.956999998687202454e+09 -4.790388065114017380e-01 -7.949552343591982373e-01
6.956999998856263161e+09 -5.272127156874557574e-01 -5.635849106852077739e-01
6.956999998718606949e+09 -3.319946899229624382e-01 -7.290390507498086814e-01
6.956999998628129005e+09 -3.594347888906263555e-01 -1.003803187596551627e+00
6.956999998784438133e+09 -2.280961079274481107e-01 -7.970375276706432865e-01
6.956999998731127739e+09 -2.863276441774393888e-01 -5.173920010814621051e-01
6.956999998954453468e+09 -2.488502551842943222e-01 -6.994783987968045125e-01
6.956999998905696869e+09 -4.700627184237510803e-01 -8.814739012811693142e-01
6.956999998686122894e+09 -2.865794906804162157e-01 -8.309214753046993973e-01
6.956999998962879181e+09 -3.499105869395465751e-01 -8.928074617281198666e-01
6.956999999037436485e+09 -8.729318020226328745e-02 -7.932692595721297923e-01
6.956999999039177895e+09 -3.819005904801536094e-02 -5.068773126904104753e-01
6.956999998943754196e+09 -2.258983017300233292e-02 -7.808946489861077200e-01
6.956999998979074478e+09 3.673454843874874448e-02 -1.063149132932476926e+00
6.956999999187365532e+09 2.144131875779217711e-01 -9.657855179589220906e-01
6.956999999246070862e+09 3.839592875826073337e-01 -7.372197187598285018e-01
6.956999999199417114e+09 2.849007620785824479e-01 -1.006376428985677585e+00
6.956999998926073074e+09 2.671405959940181818e-01 -9.094129631540186498e-01
6.956999999048606873e+09 1.125644364649617812e-01 -1.122781810937214075e+00
6.956999998994945526e+09 2.336519288725629750e-01 -1.381418219926191737e+00
6.956999998827820778e+09 3.499489789876770729e-01 -1.588731750087046812e+00
6.956999998854315758e+09 6.103493773084667229e-02 -1.572570432226934711e+00
6.956999999010149956e+09 -1.607920366912143906e-02 -1.339753613653099640e+00
6.956999998952707291e+09 -6.759860435224843145e-02 -1.059609691070024118e+00
6.956999999073503494e+09 1.627186381664659787e-01 -1.189212016140294148e+00
6.956999998872209549e+09 1.359720137817403418e-01 -9.813662134901770528e-01
6.956999998965005875e+09 1.748892085413185082e-01 -1.253962614214663152e+00
6.956999999199599266e+09 6.148190492025042142e-02 -1.382567619967182804e+00
6.956999999019791603e+09 -1.133266357565429067e-01 -1.235783705650004061e+00
6.956999998791660309e+09 4.772651461369466219e-02 -1.155457554047323976e+00
6.956999998567996979e+09 -1.178211677030946009e-01 -1.071773102966922409e+00
6.956999998788192749e+09 -2.723770616112839438e-01 -9.619511476000955907e-01
6.956999998583910942e+09 -1.055990533838841172e-01 -8.399327723973704085e-01
6.956999998704560280e+09 -2.810596290773059169e-01 -1.037649151908142109e+00
6.956999998656315804e+09 -4.228352882039115856e-01 -1.286660520991905088e+00
6.956999998472728729e+09 -2.052356398881592658e-01 -1.344805388328968121e+00
6.956999998254132271e+09 -3.790442557134094947e-01 -1.425059558691096129e+00
6.956999998078649521e+09 -4.761498721387502631e-01 -1.214796140428792803e+00
6.956999997945066452e+09 -4.250554297270602855e-01 -1.467737621888846933e+00
6.956999997965632439e+09 -3.289797048619357289e-01 -1.194276494749319850e+00
6.956999997957663536e+09 -3.227495443040513945e-01 -1.484676521709793251e+00
6.956999997873600960e+09 -5.315663399936577660e-01 -1.668425233305383060e+00
6.956999998093479156e+09 -6.875013067865439753e-01 -1.776925822127662480e+00
6.956999997993238449e+09 -6.165356084370557932e-01 -1.513581616380218708e+00
6.956999997759343147e+09 -4.445104233435954733e-01 -1.501972896408410918e+00
6.956999997673106194e+09 -4.455435759526031880e-01 -1.779455682151489082e+00
6.956999997568195343e+09 -3.650310880689561222e-01 -1.520716342596939441e+00
6.956999997431423187e+09 -5.704553944526383757e-01 -1.674107383559947815e+00
6.956999997692502975e+09 -5.632197436289150261e-01 -1.801462422688913323e+00
6.956999997823204041e+09 -3.257696918342650183e-01 -1.696728256306195615e+00
6.956999997828747749e+09 -3.296561448395006200e-01 -1.987225511939096023e+00
6.956999997936415672e+09 -6.642521049403354860e-02 -1.927630427761238163e+00
6.956999997833939552e+09 -1.296149768202465857e-01 -1.663168378787495572e+00
6.956999998008653641e+09 1.945211015511066899e-02 -1.841181002826500102e+00
6.956999997897274971e+09 -7.795714786644755701e-02 -2.091262480068996954e+00
6.956999997912687302e+09 -6.554918206443563489e-02 -1.801360763705501800e+00
6.956999998005212784e+09 1.020507106854993962e-01 -2.019955967109784201e+00
6.956999998176937103e+09 -1.096074495644677460e-01 -1.919228743145885874e+00
6.956999998112156868e+09 4.308242990218169588e-02 -2.157815961769432356e+00
6.956999998295249939e+09 -4.320119363691522774e-02 -1.949329411873851114e+00
6.956999998083543777e+09 -1.086993621265037319e-01 -1.761380110053967218e+00
6.956999998071538925e+09 -3.773639623692369716e-01 -1.871424238537725993e+00
6.956999997919394493e+09 -6.243839093014276198e-01 -1.887784745261396724e+00
6.956999998052792549e+09 -5.910649490391083338e-01 -2.143771831326579225e+00
6.956999997971438408e+09 -6.499131388727951153e-01 -1.871094557283336623e+00
6.956999997831537247e+09 -6.243023333087529547e-01 -2.124484053864787558e+00
6.956999998004681587e+09 -7.476658596230625342e-01 -1.926400968854151241e+00
6.956999997993927002e+09 -8.544609180959020778e-01 -1.656375673957081851e+00
6.956999998259840012e+09 -8.625407080348620470e-01 -1.773249378890957351e+00
6.956999998223543167e+09 -8.309763686426701046e-01 -2.059816477034811300e+00
6.956999998095608711e+09 -6.999915057951718866e-01 -2.285449435196600376e+00
6.956999998040055275e+09 -6.219512650400329523e-01 -2.559781504316308354e+00
6.956999998088004112e+09 -5.020850017080213945e-01 -2.820103344776624166e+00
6.956999998065014839e+09 -5.302476972620411289e-01 -3.108396345706522013e+00
6.956999997919607162e+09 -6.530269092172049650e-01 -3.327978812976828848e+00
6.956999998100852013e+09 -6.682663969767442813e-01 -3.554589892035726173e+00
6.956999998146496773e+09 -7.082259372207597714e-01 -3.270416940593085187e+00
6.956999998294588089e+09 -8.846513431504428038e-01 -3.447553977752954246e+00
6.956999998311904907e+09 -8.156064305796743019e-01 -3.165831723811344034e+00
6.956999998024598122e+09 -7.811869446079594548e-01 -3.192372483157109198e+00
6.956999998021619797e+09 -7.974756921969536894e-01 -2.902268530532900126e+00
6.956999998152601242e+09 -5.682736667306669265e-01 -2.780840781976697151e+00
6.956999998091491699e+09 -7.931047025614177404e-01 -2.607199894896222503e+00
6.956999998043552399e+09 -8.537562642558541581e-01 -2.887302879120130950e+00
6.956999997888139725e+09 -6.472588033171176036e-01 -2.754486951003703776e+00
6.956999997882946968e+09 -7.600850710943700683e-01 -2.486759919889526049e+00
6.956999997720454216e+09 -5.212206984828626766e-01 -2.517973270839486410e+00
6.956999997726624489e+09 -5.650373334978118223e-01 -2.230785997363441187e+00
6.956999997728672981e+09 -8.159294773654308663e-01 -2.377358280981500815e+00
6.956999997492424965e+09 -8.530527279441288968e-01 -2.212303470910056635e+00
6.956999997494614601e+09 -8.083598643141857165e-01 -2.499413643893706904e+00
6.956999997466496468e+09 -7.606456635481483319e-01 -2.784663057244634032e+00
6.956999997754848480e+09 -7.720193031321871402e-01 -2.750633312888362880e+00
6.956999997716726303e+09 -6.246953933302088480e-01 -2.503091708920391234e+00
6.956999997545232773e+09 -4.551383078860595788e-01 -2.340996234512617846e+00
6.956999997605504990e+09 -5.319995384762274959e-01 -2.067328343350352871e+00
6.956999997487661362e+09 -4.809782049135655768e-01 -1.806667197716420148e+00
6.956999997389855385e+09 -4.994609353700683041e-01 -1.533671148599247580e+00
6.956999997341970444e+09 -2.134292918774182701e-01 -1.551766232337908669e+00
6.956999997234308243e+09 -3.970375994590507052e-01 -1.749582514889403528e+00
6.956999997487101555e+09 -2.564136573231114435e-01 -1.777059992023538149e+00
6.956999997501457214e+09 -2.962113068658578929e-01 -1.489580319791657281e+00
6.956999997388176918e+09 -3.022285350164944928e-01 -1.222062524847864040e+00
6.956999997346170425e+09 -1.477818524229296271e-02 -1.215562047727025252e+00
6.956999997234659195e+09 -1.824850818888412995e-01 -1.425023419710595318e+00
6.956999997227577209e+09 -1.142940214429139095e-01 -1.142650765043592198e+00
6.956999997065267563e+09 -4.800311913757647486e-02 -1.374373798363861754e+00
6.956999997113223076e+09 2.118139401275968559e-01 -1.495327595862215198e+00
6.956999997176939964e+09 3.878571878498444092e-01 -1.273103807087778039e+00
6.956999997163513184e+09 2.711139726204545575e-01 -1.538857902800416566e+00
6.956999997241121292e+09 3.139862545925513060e-01 -1.262138863912505515e+00
6.956999997068415642e+09 3.479897848155880657e-01 -1.030944406098151633e+00
6.956999997212934494e+09 4.042781614487915287e-01 -7.852201475213759219e-01
6.956999997237627029e+09 4.972171656763977321e-01 -1.059422878163076787e+00
6.956999997346112251e+09 6.459772772939236241e-01 -8.346208951460931669e-01
6.956999997062539101e+09 6.607386362073719432e-01 -8.962901439008521542e-01
6.956999997143977165e+09 6.373274643899446978e-01 -6.183435224951112641e-01
6.956999997290904999e+09 3.878063788803400302e-01 -6.425518634412076269e-01
6.956999997145663261e+09 3.836604356486711387e-01 -3.909132166156109589e-01
6.956999997225588799e+09 5.956331453644619911e-01 -2.089405980939772756e-01
6.956999997056903839e+09 7.078702815373609791e-01 -4.172257337671219091e-01
6.956999997164196968e+09 7.044911722715331281e-01 -1.472049222763804344e-01
6.956999997403230667e+09 8.675839033700945002e-01 -1.207832725396387891e-01
6.956999997402616501e+09 9.433467536328098424e-01 1.597414349194989369e-01
6.956999997276583672e+09 8.830812605120567094e-01 4.145321922625666566e-01
6.956999997232162476e+09 1.139649117954274482e+00 5.435056509764203403e-01
6.956999997331922531e+09 1.386680024547909618e+00 4.274963956830545309e-01
6.956999997471568108e+09 1.444132367277947138e+00 1.792367729943248611e-01
6.956999997442431450e+09 1.288378928071135077e+00 4.228068983849677664e-01
6.956999997432405472e+09 1.570147819230403030e+00 4.930938920770830403e-01
6.956999997628980637e+09 1.359894112166625035e+00 4.532680798665172928e-01
6.956999997619767189e+09 1.129397008380080170e+00 2.765743102858861935e-01
6.956999997784421921e+09 9.370366401917715748e-01 1.340230973616408361e-01
6.956999997572034836e+09 9.514182498230800977e-01 3.318089876229067259e-01
6.956999997734395981e+09 1.150619837328633155e+00 4.674269707410332320e-01
6.956999997986399651e+09 1.239034135788334101e+00 3.529207219764580739e-01
6.956999997980183601e+09 1.241840888916690755e+00 6.242462354873912211e-02
6.956999997857105255e+09 1.384391084053421039e+00 2.837066428775624205e-01
6.956999997793581009e+09 1.266682360503052607e+00 2.574579733032167361e-02
6.956999997964525223e+09 1.492201742062315484e+00 -4.023586204011013467e-02
6.956999997971466064e+09 1.354891685747028340e+00 2.157568555476263583e-01
6.956999998030351639e+09 1.621021924703338390e+00 1.150508773561563641e-01
6.956999998030773163e+09 1.623824437374619567e+00 -1.755114496827673287e-01
6.956999998029808044e+09 1.622341519833325085e+00 -4.660822100023697678e-01
6.956999997974747658e+09 1.338711946485267701e+00 -4.351445606137651634e-01
6.956999997787952423e+09 1.118178627189287511e+00 -4.050266030793566174e-01
6.956999997787924767e+09 1.118249339247606056e+00 -1.144504651807637940e-01
6.956999997976547241e+09 9.079124022467653932e-01 -4.652084909938022927e-02
6.956999997952469826e+09 6.406068051410677144e-01 -1.578872888119844942e-01
6.956999997741122246e+09 8.265657173056001339e-01 -2.299020526909845707e-01
6.956999997707364082e+09 8.272742017815172266e-01 -5.185097379674878937e-01
6.956999997706083298e+09 1.044260664623190449e+00 -3.252489491031069768e-01
6.956999997484306335e+09 8.619415006804647117e-01 -2.804232344440551472e-01
6.956999997483923912e+09 1.152500950663716717e+00 -2.835147563438437657e-01
6.956999997271629333e+09 1.350131578042131020e+00 -3.010553286467551048e-01
6.956999997272924423e+09 1.347476232459587031e+00 -1.049419893358011224e-02
6.956999997004647255e+09 1.240749362749153262e+00 -4.322444941697391185e-02
6.956999996934114456e+09 9.835883830420346641e-01 7.222195827267967327e-02
6.956999996937978745e+09 9.831497459596372224e-01 -2.183281672021352149e-01
6.956999996876444817e+09 9.911755476725490066e-01 -5.022006934532787792e-01
6.956999997068721771e+09 1.206334473831651488e+00 -5.364141503380477349e-01
6.956999997010491371e+09 1.134578631456971465e+00 -8.119041968652400687e-01
6.956999997115314484e+09 1.398504503842141533e+00 -8.734654760171280952e-01
6.956999996856682777e+09 1.420856940081716813e+00 -7.429099988726443060e-01
6.956999996836400986e+09 1.659581439457267882e+00 -5.784905397775316205e-01
6.956999996864626884e+09 1.811125064061265499e+00 -3.321730159498129664e-01
6.956999996759928703e+09 1.943743523433116849e+00 -9.577265650427180255e-02
6.956999997005610466e+09 2.095408339465127057e+00 -6.302202462879646916e-02
6.956999997166153908e+09 2.050741721979996601e+00 -3.010665781191756984e-01
6.956999997246402740e+09 2.269569547396288911e+00 -1.275471097830383205e-01
6.956999997350971222e+09 2.486479730477160199e+00 3.508726681654683599e-02
6.956999997219019890e+09 2.744309880551858871e+00 1.169842655028168268e-02
6.956999997323612213e+09 2.476791145705647956e+00 5.561611033478962296e-02
6.956999997369868279e+09 2.463377450012614656e+00 -2.309410081642635504e-01
6.956999997388969421e+09 2.464236813525192638e+00 5.900539607703958467e-02
6.956999997298544884e+09 2.353931286647189314e+00 -1.941559479961079138e-01
6.956999997019643784e+09 2.277988795005396305e+00 -2.238401254189243961e-01
6.956999997087052345e+09 2.456256148830091135e+00 -4.497278695329565146e-03
6.956999996997347832e+09 2.566193104833784489e+00 2.490799522412632250e-01
6.956999996813338280e+09 2.489278176470745674e+00 4.604070305295325238e-01
6.956999996712322235e+09 2.556104065317148066e+00 1.962771739234173141e-01
6.956999996686709404e+09 2.559804143785824770e+00 -9.314431154227548193e-02
6.956999996784380913e+09 2.647941844380349075e+00 1.659436266643254942e-01
6.956999996627171516e+09 2.428431434640086817e+00 2.733448952820152211e-01
6.956999996887038231e+09 2.550442897245970286e+00 3.182571942065313686e-01
6.956999996821212769e+09 2.762899338450625741e+00 5.052433638318022391e-01
6.956999996586625099e+09 2.921577337255379270e+00 5.702389067268449629e-01
6.956999996799653053e+09 3.073917150109397589e+00 6.961202773438983638e-01
6.956999996795703888e+09 3.081276837722001005e+00 4.056641997099920127e-01
6.956999996967741966e+09 2.898779619621728809e+00 2.589255634299937325e-01
6.956999997215582848e+09 2.761354875526241148e+00 1.947097082526476619e-01
6.956999997081032753e+09 2.565127135026122218e+00 3.615189774595073957e-01
6.956999997119066238e+09 2.586005486775800222e+00 7.420029350702833648e-02
6.956999997115352631e+09 2.588091595640906295e+00 3.647452182747684679e-01
6.956999997117334366e+09 2.621692059607973579e+00 7.612508720538802010e-02
6.956999997224277496e+09 2.603025740915036135e+00 -1.934100534777600799e-01
6.956999997399734497e+09 2.706618197510803903e+00 1.375631863992654580e-02
6.956999997343725204e+09 2.441739218278804469e+00 -9.177348162793685926e-02
6.956999997470049858e+09 2.222635964852577306e+00 -2.348478483632615854e-01
6.956999997405405045e+09 2.252371169003340778e+00 4.688144931775437008e-02
6.956999997172036171e+09 2.148443997413218565e+00 1.853473804238380263e-01
6.956999997169519424e+09 1.888117047026346196e+00 5.628134029048020848e-02
6.956999997184174538e+09 2.014034273978531075e+00 3.177475622132421296e-01
6.956999996929747581e+09 1.884877654063759733e+00 2.627917183734522211e-01
6.956999996838231087e+09 1.882562054381429650e+00 5.385704738466237096e-01
6.956999997085964203e+09 1.817497984032396596e+00 4.013500683160372562e-01
6.956999997365864754e+09 1.845532613524732746e+00 4.741816898919648526e-01
6.956999997356476784e+09 1.846358076464298614e+00 1.837584034694768609e-01
6.956999997460947990e+09 1.852489837256386496e+00 4.548351725908206244e-01
6.956999997367388725e+09 1.869327962390143760e+00 1.802487204663233977e-01
6.956999997441663742e+09 2.030125838155415696e+00 -5.010266771838461919e-02
6.956999997354867935e+09 1.777703185964291777e+00 6.471823180674170228e-02
6.956999997625994682e+09 1.810243068168097436e+00 1.640462331385257044e-01
6.956999997786000252e+09 2.051341024097661503e+00 1.375034779796062701e-01
6.956999998031237602e+09 1.903225601767957187e+00 1.860315098488747876e-01
6.956999997798588753e+09 2.068501371736394479e+00 1.313256117247535437e-01
6.956999998073169708e+09 1.983914565472340241e+00 1.747417598866095045e-01
6.956999998358554840e+09 1.961970820216450528e+00 1.246575061321670147e-01
6.956999998298636436e+09 1.915852496490713985e+00 -1.559086661126814488e-01
6.956999998498619080e+09 1.709518315105909902e+00 -1.991236472421589465e-01
6.956999998295200348e+09 1.619844986297993561e+00 -1.200359324491181989e-02
6.956999998495599747e+09 1.729253155001808873e+00 -1.917374069375626100e-01
6.956999998491142273e+09 1.726552692060703054e+00 9.879199750176945183e-02
6.956999998451327324e+09 1.872085816376651390e+00 -1.495411861456284464e-01
6.956999998370975494e+09 1.660948033981600958e+00 3.321242767971924192e-02
6.956999998621472359e+09 1.771501615961668108e+00 -6.406875143014827134e-02
6.956999998609667778e+09 1.773978387287762137e+00 -3.543944610785413896e-01
6.956999998675646782e+09 1.920404220060647260e+00 -1.122358645229279139e-01
6.956999998790414810e+09 2.015193171488460777e+00 -3.617911438687717030e-01
6.956999998780278206e+09 2.136284553726721214e+00 -9.784298260791113311e-02
6.956999999019740105e+09 2.076395928286397741e+00 -2.511585548912811938e-01
6.956999999260451317e+09 2.164942415092353301e+00 -1.145860858246075531e-01
6.956999999279496193e+09 2.154957732765206746e+00 1.751933060561523536e-01
6.956999999399716377e+09 2.191410055285830438e+00 -8.682343777598217072e-02
6.956999999625770569e+09 2.237469668873740325e+00 -2.634936382354461926e-01
6.956999999546799660e+09 2.009249076492261477e+00 -1.018972395139619569e-01
6.956999999781024933e+09 2.116235578581485477e+00 -2.365341343723226797e-01
6.956999999862637520e+09 2.133292702171760702e+00 -5.148917920095681389e-01
6.956999999940590858e+09 2.059663465296964979e+00 -7.849593286958800320e-01
6.956999999929096222e+09 2.025310331707331546e+00 -1.073268605002485110e+00
6.956999999908545494e+09 2.305161773955185289e+00 -9.978012058163645559e-01
6.956999999791303635e+09 2.231072814574536878e+00 -7.424589736355124980e-01
6.956999999679143906e+09 2.200624197323056475e+00 -4.761366175751321483e-01
6.956999999655986786e+09 2.198034332480025554e+00 -7.657769400596604603e-01
6.956999999669814110e+09 2.225359938089468859e+00 -4.768191471660177538e-01
6.956999999740797997e+09 2.483003093736166011e+00 -5.909060528258357481e-01
6.956999999809936523e+09 2.759634959508612706e+00 -6.468454589835535007e-01
6.956999999779733658e+09 2.761193682751810208e+00 -9.358434570897302685e-01
6.956999999686842918e+09 2.797336373479145877e+00 -6.628976101102641572e-01
6.956999999481663704e+09 2.840509595626800721e+00 -4.617209827700481384e-01
6.956999999552795410e+09 3.119572514749745729e+00 -4.230082799787875381e-01
6.956999999358406067e+09 3.162707204639697789e+00 -2.113799293335027751e-01
6.956999999566865921e+09 3.307685644475102382e+00 -3.526601119381301275e-01
6.956999999826675415e+09 3.246263373342698433e+00 -4.673809274970716632e-01
6.957000000074931145e+09 3.169120063133599174e+00 -3.375640062609578385e-01
6.957000000031941414e+09 3.216903995542604200e+00 -5.418603863633419948e-02
6.957000000040240288e+09 3.216932955229376834e+00 2.362715658176313682e-01
6.957000000231786728e+09 3.150536459779697651e+00 4.444446050869427234e-01
