4.869900000000000000e+10 0.000000000000000000e+00 0.000000000000000000e+00
4.869899999960887909e+10 3.898316848615179797e-01 -1.149774900275083306e-01
4.869899999990105438e+10 4.197452107828592016e-02 -4.493280684130341318e-01
4.869899999970537567e+10 -1.290142398206228225e-01 -9.499612740007059575e-01
4.869899999948081970e+10 -3.990150236935423034e-01 -1.391364087612128486e+00
4.869899999908480835e+10 -7.647038972356414721e-01 -1.225204758083107359e+00
4.869899999913774872e+10 -6.354383277470886382e-01 -1.771693201716042498e+00
4.869899999913546753e+10 -7.887207942034178965e-01 -1.228866496810516740e+00
4.869899999900355530e+10 -8.426208582780213563e-01 -1.774628317116779153e+00
4.869899999898880005e+10 -5.663127489416153182e-01 -1.283102446871891900e+00
4.869899999941033936e+10 -2.906111396751512310e-01 -1.029222977375950254e+00
4.869899999896968079e+10 -4.308195153967894764e-02 -7.787982972973191975e-01
4.869899999898237610e+10 -2.046064585744635789e-01 -1.319085496366670052e+00
4.869899999879129028e+10 1.016025705371569332e-01 -8.856293111016196873e-01
4.869899999882476044e+10 -2.475018595340723326e-01 -1.327406686369711153e+00
4.869899999905697632e+10 -6.044012675335599383e-01 -1.697353840617177978e+00
4.869899999952880096e+10 -3.067041412235234632e-01 -1.614188240017050635e+00
4.869899999958748627e+10 -3.408032190104166026e-01 -1.054228554350938651e+00
4.869899999955862427e+10 -3.241246614119919212e-02 -5.828224372189065861e-01
4.869899999965309906e+10 7.709566571410415847e-02 -1.128023114958160100e+00
4.869899999937792206e+10 3.273017134155382091e-01 -7.039505689382183906e-01
4.869899999933335876e+10 6.513300553500553924e-01 -1.163495070272162701e+00
4.869899999930992889e+10 9.477821937310375588e-01 -6.841949799629606366e-01
4.869899999915699005e+10 1.092606504299964865e+00 -1.609395531074037100e-01
4.869899999958324432e+10 1.408355894857339363e+00 3.081300226043506840e-02
4.869900000012697601e+10 1.262015809400435451e+00 6.399868510892026130e-02
