5.565600000000000000e+10 0.000000000000000000e+00 0.000000000000000000e+00
5.565599999930661011e+10 2.891341751353334599e-01 -2.722850053564545569e-01
5.565599999985936737e+10 4.201027396994801988e-01 -8.342733917600877458e-01
5.565600000006752014e+10 -4.500332385319599782e-02 -2.187479248564110357e-01
5.565599999971762085e+10 -4.834441265606538307e-01 -7.878399841681490434e-01
5.565599999973804474e+10 -1.028199623269737462e+00 -1.372089929082232151e+00
5.565599999897628021e+10 -1.269487571194285680e+00 -1.375747695272264703e+00
5.565599999902078247e+10 -1.191886100623373634e+00 -5.816938902620825136e-01
5.565599999906988525e+10 -1.950807660970083068e+00 -8.269508387006020422e-01
5.565599999899410248e+10 -1.924242893766368923e+00 -3.191939324531301025e-02
5.565599999820545197e+10 -1.926875447392503382e+00 -1.605641595377887698e-01
5.565599999817822266e+10 -2.035846937093076292e+00 6.305789858298961326e-01
5.565599999819803619e+10 -2.755093760286404070e+00 2.829941941294938368e-01
5.565599999817926025e+10 -3.148255968115326375e+00 -4.124156754265185243e-01
5.565599999817272186e+10 -3.842402875177937105e+00 -8.081948296006586929e-01
5.565599999783474731e+10 -3.396260064502860221e+00 -1.378506517115101193e+00
5.565599999778558350e+10 -4.145466083003913838e+00 -1.105015324908858787e+00
5.565599999778931427e+10 -4.141936558904757426e+00 -1.904075674305734545e+00
5.565599999734239197e+10 -3.515883507903001082e+00 -2.120500161009487350e+00
5.565599999801811981e+10 -3.941279799028082564e+00 -2.089574951401545366e+00
5.565599999813083649e+10 -3.688396770573357575e+00 -2.839154476835848318e+00
5.565599999759619141e+10 -4.260774676434341046e+00 -2.680834530704197416e+00
5.565599999701947784e+10 -4.813733891493495953e+00 -2.668041298478158296e+00
5.565599999772327423e+10 -4.499994094252452115e+00 -2.879614131072308236e+00
5.565599999810713959e+10 -4.104885747396270546e+00 -3.458455917347455166e+00
5.565599999823031616e+10 -4.280777986415485792e+00 -2.688772306341088214e+00
5.565599999823492432e+10 -4.289949504106122191e+00 -3.487783239706934602e+00
5.565599999822691345e+10 -3.896255637038698705e+00 -2.792466952037926387e+00
5.565599999900577545e+10 -3.941450080383696708e+00 -2.619695044707853970e+00
5.565599999947902679e+10 -4.489463680670152002e+00 -2.957685643991009083e+00
5.565599999954828644e+10 -5.178178056277212171e+00 -2.558436696214237305e+00
5.565600000024179840e+10 -5.464235176935594573e+00 -2.283225914101616461e+00
