6.957000000000000000e+09 0.000000000000000000e+00 0.000000000000000000e+00
6.956999999903712273e+09 7.164553346264636302e-02 2.646320956805203184e-01
6.956999999869222641e+09 9.791931987308805097e-02 -2.269120559116893920e-02
6.956999999828133583e+09 -6.306696017756716066e-02 2.156984383034910302e-01
6.956999999830098152e+09 -2.147056225461484169e-01 -3.216513868766260331e-02
6.957000000015011787e+09 -4.361299817040530380e-01 -6.699003368176084661e-02
6.956999999843862534e+09 -2.250396058625817874e-01 -1.698647054666273526e-01
6.956999999654772758e+09 -8.959029596465872824e-02 -3.440284365164135161e-01
6.956999999943622589e+09 -7.139352364301727871e-02 -3.699009498172695087e-01
6.956999999949120522e+09 -5.732037405956820486e-02 -7.971787773570193636e-02
6.956999999687816620e+09 -1.753013090086748271e-01 -3.243974872038636603e-02
6.956999999407566071e+09 -2.428746575229106808e-01 -6.888347174537516604e-02
6.956999999546491623e+09 -8.592477986460900219e-03 3.233867990828687145e-02
6.956999999356382370e+09 -2.196582472604653724e-02 -1.870105936911981570e-01
6.956999999132328987e+09 -5.749072848283870441e-02 -3.685939796801250834e-01
6.956999999319482803e+09 -1.837511455921591041e-01 -5.515321330299022273e-01
6.956999999083570480e+09 -1.330345851493741627e-01 -7.134194814521095385e-01
6.956999999229840279e+09 1.165098851114188538e-01 -7.411186852379454404e-01
6.956999998972714424e+09 -1.322976872691927763e-02 -7.797004926152267812e-01
6.956999998921698570e+09 1.159593442460471746e-01 -1.034929833007537159e+00
6.956999999009316444e+09 -1.589150313555451055e-01 -1.069595092879725096e+00
6.956999998874220848e+09 -4.140470539304619280e-01 -1.102630441816941698e+00
6.956999998674407005e+09 -6.193277800729999338e-01 -1.053961359170295875e+00
6.956999998500486374e+09 -5.825618382537737228e-01 -1.283818552225374443e+00
6.956999998592854500e+09 -8.369636869815524349e-01 -1.178072239013126854e+00
6.956999998410832405e+09 -9.924202793982923598e-01 -1.342801720999956760e+00
6.956999998521677971e+09 -7.333476944447476775e-01 -1.413718936552782912e+00
6.956999998615386963e+09 -1.008398152590998631e+00 -1.414271146963435033e+00
6.956999998337900162e+09 -9.932121185977876854e-01 -1.329387792730991391e+00
6.956999998270675659e+09 -9.796196569871332693e-01 -1.047021740156032221e+00
6.956999998446361542e+09 -1.181695139298007291e+00 -1.159869224912374097e+00
6.956999998209009171e+09 -1.032881870128949497e+00 -1.082714573916331080e+00
6.956999998353070259e+09 -7.909185726804458527e-01 -1.154371513644203429e+00
6.956999998068967819e+09 -8.480904724671246564e-01 -1.175629944807181193e+00
6.956999997990721703e+09 -8.938010718636650864e-01 -1.451714236835580651e+00
6.956999998059824944e+09 -8.364570527314174608e-01 -1.175361487682397454e+00
6.956999998231801033e+09 -7.693101897351670715e-01 -9.509735527719802572e-01
6.956999998335906982e+09 -8.480532746646806119e-01 -1.210580969636672499e+00
6.956999998207137108e+09 -8.941242163873531767e-01 -1.466960235395079915e+00
6.956999998463332176e+09 -8.832995503753624522e-01 -1.603639993913777095e+00
6.956999998264802933e+09 -9.198361088904178917e-01 -1.812651430574396150e+00
6.956999998356494904e+09 -9.769277587499690663e-01 -2.082406153973478613e+00
6.956999998213693619e+09 -1.065765570255995831e+00 -1.845446081873901356e+00
6.956999998110945702e+09 -1.327058662574767567e+00 -1.770590487296659798e+00
6.956999998096104622e+09 -1.613446642077164928e+00 -1.817453858848987247e+00
6.956999997924631119e+09 -1.836050179265004356e+00 -1.891474235278821414e+00
6.956999997704572678e+09 -1.718693441380383602e+00 -1.742355708675572767e+00
6.956999997954004288e+09 -1.725474076415935754e+00 -1.593451610519840633e+00
6.956999997921700478e+09 -1.933626369497370323e+00 -1.393292764065248379e+00
6.956999997712366104e+09 -2.087204876634845885e+00 -1.523781513258774867e+00
6.956999997638210297e+09 -1.806274853478767373e+00 -1.520072247497209705e+00
6.956999997577844620e+09 -1.715014334415374986e+00 -1.789259920681775640e+00
6.956999997749429703e+09 -1.680130432538082363e+00 -1.557362976183872094e+00
6.956999997608663559e+09 -1.891226301978135682e+00 -1.415737217577075935e+00
6.956999997832438469e+09 -1.777640469756074371e+00 -1.269252802293202143e+00
6.956999998056583405e+09 -1.603053693604171270e+00 -1.208320043115398645e+00
6.956999998001160622e+09 -1.590903003634202895e+00 -9.233372454394770390e-01
6.956999998173042297e+09 -1.369433386972533029e+00 -8.469014004058090794e-01
6.956999998041588783e+09 -1.112262350591832094e+00 -8.150037579645474928e-01
6.956999998108539581e+09 -1.300773211432841192e+00 -1.025754084488015305e+00
6.956999998107789040e+09 -1.043141580201681684e+00 -1.160141128630278518e+00
6.956999998308964729e+09 -1.175051564755292155e+00 -9.971604385624940337e-01
6.956999998326040268e+09 -1.136492848779295795e+00 -7.096605924145076294e-01
6.956999998310474396e+09 -8.502645010266993708e-01 -7.572582929530731199e-01
6.956999998290110588e+09 -6.964843852920316047e-01 -5.115521947348781184e-01
6.956999998549626350e+09 -8.261372185698032666e-01 -5.281713091391054826e-01
6.956999998486727715e+09 -9.159422044027945020e-01 -2.590740003125800439e-01
6.956999998640727043e+09 -1.077303989611636759e+00 -7.284528083892802264e-02
6.956999998641615868e+09 -1.102938097545913765e+00 2.165965950306325272e-01
6.956999998886923790e+09 -1.016640255507214929e+00 3.462546236951833389e-01
6.956999999140160561e+09 -1.081091548386836632e+00 4.733432392001645228e-01
6.956999999392200470e+09 -1.007464376565355479e+00 5.977990516113356190e-01
6.956999999582471848e+09 -8.764084457706698972e-01 4.215734435862851237e-01
6.956999999815574646e+09 -8.731213862067372933e-01 5.950284552202442789e-01
6.956999999946854591e+09 -1.131406493173392036e+00 5.729175281436984513e-01
6.956999999792304039e+09 -1.151906856191896811e+00 3.277069141233620586e-01
6.956999999826236725e+09 -1.085458636753381612e+00 4.687298511714971250e-02
6.956999999710216522e+09 -1.351798386335027136e+00 4.079067567761678059e-02
6.956999999609130859e+09 -1.084725835144271011e+00 9.453439884067146859e-02
6.956999999721151352e+09 -1.334386184515361284e+00 -3.218359674915655111e-03
6.956999999666885376e+09 -1.484722796339870587e+00 -2.458880061980976417e-01
6.956999999537767410e+09 -1.687080526631653088e+00 -4.096390330635505395e-01
6.956999999524100304e+09 -1.697586288011128097e+00 -6.997034018836895131e-01
6.956999999644561768e+09 -1.638858800158300433e+00 -9.575299714307397014e-01
6.956999999647949219e+09 -1.355630995083887846e+00 -1.022376195736379279e+00
6.956999999839837074e+09 -1.273766575201628948e+00 -8.201096643395948682e-01
6.956999999603990555e+09 -1.117982737908038926e+00 -8.875052911421519308e-01
6.956999999517645836e+09 -1.091335339160916407e+00 -1.163673597597122633e+00
6.956999999414835930e+09 -8.969286273356792405e-01 -9.737506624107442610e-01
6.956999999237747192e+09 -1.106121833772047980e+00 -8.772507418965251880e-01
6.956999999173781395e+09 -8.947765131226462776e-01 -6.883698271005701530e-01
6.956999999087674141e+09 -9.575203941400631802e-01 -4.180306353253517848e-01
6.956999999087661743e+09 -9.643020748150071819e-01 -7.085276341681867596e-01
6.956999998923336983e+09 -1.138198256076873749e+00 -5.436280144782867918e-01
6.956999998734873772e+09 -1.136217710904698697e+00 -7.647890384965858601e-01
6.956999998548535347e+09 -1.202854168334462681e+00 -5.520170259352598086e-01
6.956999998605742455e+09 -1.250353257939132767e+00 -2.711154245409670982e-01
6.956999998457309723e+09 -1.390831385623948702e+00 -6.455271429942668893e-02
6.956999998342782021e+09 -1.417567881112223427e+00 -3.302651833067327125e-01
6.956999998377664566e+09 -1.144443501959638398e+00 -4.231132759357513207e-01
6.956999998320938110e+09 -1.222537657171774983e+00 -6.971896579105743008e-01
6.956999998375655174e+09 -1.219063478978276382e+00 -9.825463426942238065e-01
6.956999998296895027e+09 -1.032213004879841689e+00 -1.190676620312142164e+00
6.956999998296112061e+09 -1.248940286736278438e+00 -9.971225708364898077e-01
6.956999998304024696e+09 -1.153823743586654516e+00 -1.271576096169914738e+00
6.956999998216650009e+09 -1.067018479753536697e+00 -1.534758439924592377e+00
6.956999997991291046e+09 -9.750944762425459711e-01 -1.376019850601124972e+00
6.956999998115512848e+09 -1.043511263990672733e+00 -1.122400858757012454e+00
6.956999998115367889e+09 -1.056236738669353414e+00 -8.321035301864300182e-01
6.956999997884306908e+09 -9.175887333547672053e-01 -7.233746477624392046e-01
6.956999997652358055e+09 -1.080165860101100606e+00 -6.585447976491984878e-01
6.956999997714506149e+09 -1.234254582048184057e+00 -4.201570469116571171e-01
6.956999997510812759e+09 -1.369192621472089311e+00 -2.628829593110197926e-01
6.956999997470620155e+09 -1.331521523075162916e+00 2.242372630474542827e-02
6.956999997521075249e+09 -1.342228135477579132e+00 -2.635381238552363947e-01
6.956999997283629417e+09 -1.190463822205504396e+00 -1.926747309104496764e-01
6.956999997077673912e+09 -1.063966050594522539e+00 -3.539671151595146226e-01
6.956999996943201065e+09 -1.063735310565633529e+00 -6.115547445881328592e-01
6.956999997079442024e+09 -8.146963576913602845e-01 -5.494868387019041789e-01
6.956999996978523254e+09 -8.735588813674566300e-01 -8.155417133245213002e-01
6.956999996900510788e+09 -1.034198264236199760e+00 -1.044765460905079824e+00
6.956999996874229431e+09 -1.046331683055592210e+00 -1.333896153465418566e+00
6.956999997075320244e+09 -9.856688138490283801e-01 -1.133105012063062578e+00
6.956999996931577682e+09 -1.124359498500157706e+00 -9.220657042570556960e-01
6.956999997096331596e+09 -1.056163407759646455e+00 -1.151499700556730676e+00
6.956999997349144936e+09 -1.057338609677020536e+00 -1.008257291484379481e+00
6.956999997499117851e+09 -9.919843510344762416e-01 -1.248406344417956504e+00
6.956999997293079376e+09 -1.098010586318101778e+00 -1.423737323531857335e+00
6.956999997458387375e+09 -1.004102270625903959e+00 -1.643485035386939019e+00
6.956999997600044250e+09 -1.014764326120102478e+00 -1.896969094095702024e+00
6.956999997870404243e+09 -1.119750755091543981e+00 -1.879138835003067109e+00
6.956999997736804962e+09 -8.831375284019046257e-01 -1.982095067216576467e+00
6.956999997778367043e+09 -9.157214478901450905e-01 -2.267831649769161295e+00
6.956999997512161255e+09 -9.323954023147006387e-01 -2.383117893135388687e+00
6.956999997553877831e+09 -1.157273087446405224e+00 -2.562350223983158592e+00
6.956999997748952866e+09 -1.334382901995941895e+00 -2.684874584054946389e+00
6.956999997596790314e+09 -1.560740171161464351e+00 -2.584657579240756231e+00
6.956999997479284286e+09 -1.296049851869764957e+00 -2.608443952684135869e+00
6.956999997642491341e+09 -1.196193589406557400e+00 -2.827137356191855577e+00
6.956999997404964447e+09 -1.361394251592920712e+00 -2.800229319979588904e+00
6.956999997676342964e+09 -1.423238263301437323e+00 -2.883678162676808654e+00
6.956999997396704674e+09 -1.469884129712827114e+00 -2.947405705787438546e+00
6.956999997569526672e+09 -1.655260957211469375e+00 -2.805270084840445044e+00
6.956999997698782921e+09 -1.648126385003989114e+00 -3.065416958864985997e+00
6.956999997632982254e+09 -1.498926499279338520e+00 -3.305925200836984601e+00
6.956999997669353485e+09 -1.673866662693421770e+00 -3.535070436605476818e+00
6.956999997738709450e+09 -1.953705067153510777e+00 -3.498811678868133601e+00
6.956999997673553467e+09 -1.857114822392438080e+00 -3.765006207028510410e+00
6.956999997734765053e+09 -1.859523402103399281e+00 -4.049051676052148885e+00
6.956999997809011459e+09 -1.912644169157230234e+00 -4.324914203898804210e+00
6.956999997959396362e+09 -1.665484813325621483e+00 -4.297873710726192620e+00
6.956999998094463348e+09 -1.757955060974921047e+00 -4.537958667745905394e+00
6.956999998090586662e+09 -1.759366327558472332e+00 -4.247411809413945250e+00
6.956999998135445595e+09 -1.751213410908188273e+00 -4.534388645561491238e+00
6.956999997909992218e+09 -1.919643956575779020e+00 -4.606752063494242933e+00
6.956999997878929138e+09 -2.036084838693547727e+00 -4.342344981712974672e+00
6.956999998077721596e+09 -1.886969169974424876e+00 -4.492945406517145024e+00
6.956999998239121437e+09 -1.925823313839243323e+00 -4.254460704548103323e+00
6.956999998046689034e+09 -2.130269839544332910e+00 -4.179587818053629888e+00
6.956999998046950340e+09 -2.134875329732315308e+00 -3.889048287002645043e+00
6.956999998042120934e+09 -2.131388869541572806e+00 -3.598533198960113033e+00
6.956999998100276947e+09 -1.851111455309164100e+00 -3.548563739428175712e+00
6.956999998003479004e+09 -1.592099082899851581e+00 -3.637879632297997379e+00
6.956999998255784035e+09 -1.488055362356980993e+00 -3.737637164249418831e+00
6.956999998261492729e+09 -1.517110996670412160e+00 -4.026700617192666698e+00
6.956999998512604713e+09 -1.663250923536222725e+00 -4.022165155520849744e+00
6.956999998714480400e+09 -1.748820944779043263e+00 -4.212844645943413013e+00
6.956999998627562523e+09 -1.856275927589604580e+00 -4.468448125877275245e+00
6.956999998506675720e+09 -1.919238625091673089e+00 -4.211822901926657536e+00
6.956999998513503075e+09 -1.937726778934197425e+00 -3.921915889348648321e+00
6.956999998403307915e+09 -2.011372544723412314e+00 -3.663327744674137243e+00
6.956999998439916611e+09 -1.922598445116963983e+00 -3.389076969443738818e+00
6.956999998204983711e+09 -1.882136791857950797e+00 -3.222933458738253876e+00
6.956999998289730072e+09 -2.111254090038677589e+00 -3.380279463792068562e+00
6.956999998086315155e+09 -1.976248069721998846e+00 -3.537855093702264586e+00
6.956999998133401871e+09 -1.785714728950302144e+00 -3.752131615850890167e+00
6.956999998170415878e+09 -1.887715148331555959e+00 -4.021687488356120888e+00
6.956999998148427010e+09 -1.879038975932573186e+00 -3.732074419466127502e+00
6.956999998277190208e+09 -1.866656288263335739e+00 -3.471880050823140884e+00
6.956999998085172653e+09 -1.780617899031176510e+00 -3.271477284879167780e+00
6.956999998313640594e+09 -1.745108665692786332e+00 -3.095476992004345451e+00
6.956999998093261719e+09 -1.841034845240323570e+00 -2.932179703109382807e+00
6.956999998007172585e+09 -1.564401343613100792e+00 -2.954473905010797097e+00
6.956999997986330986e+09 -1.606352503127932430e+00 -3.241249472339138293e+00
6.956999997897732735e+09 -1.730257066975509739e+00 -2.993797347687791710e+00
6.956999998022499084e+09 -1.639977812846434402e+00 -2.747387888568806336e+00
6.956999998118382454e+09 -1.393515055815202297e+00 -2.867791237984798514e+00
6.956999998246565819e+09 -1.458202959878595495e+00 -2.615167095118704488e+00
6.956999998067401886e+09 -1.443773250234198224e+00 -2.843479560750521884e+00
6.956999997969706535e+09 -1.454759361675380669e+00 -3.116919390370688880e+00
6.956999997968223572e+09 -1.625528703813982068e+00 -3.352015390138040729e+00
6.956999997902303696e+09 -1.678045781953254600e+00 -3.630100060112972926e+00
6.956999998181008339e+09 -1.757030993475752201e+00 -3.652890734903837533e+00
6.956999998105366707e+09 -1.668829167831826554e+00 -3.386557642191723172e+00
6.956999998284171104e+09 -1.717820992220457255e+00 -3.162809468850284134e+00
6.956999998538676262e+09 -1.681051076433601521e+00 -3.298121712586684851e+00
6.956999998532359123e+09 -1.964012465875426328e+00 -3.232338422242334808e+00
6.956999998741539001e+09 -1.867147236932399590e+00 -3.409243657835182351e+00
6.956999998549059868e+09 -2.008578778503820939e+00 -3.574722895771865083e+00
6.956999998732561111e+09 -2.202926460175867795e+00 -3.460745817582552952e+00
6.956999998718312263e+09 -2.209826588900508426e+00 -3.170601274259790880e+00
6.956999998995825768e+09 -2.137179751079006707e+00 -3.216897483659675316e+00
6.956999998890449524e+09 -2.378699571077511621e+00 -3.094428963282799483e+00
6.956999998605571747e+09 -2.325020205730742529e+00 -3.114373219650213631e+00
6.956999998819213867e+09 -2.326919711160916560e+00 -2.917426272842182478e+00
6.956999998637867928e+09 -2.209220014820315825e+00 -2.723274025372539597e+00
6.956999998546833038e+09 -2.069333789777490828e+00 -2.485410679052197480e+00
6.956999998685285568e+09 -2.167754138102292671e+00 -2.249659085491235277e+00
6.956999998691737175e+09 -2.113964874388852166e+00 -1.964177749086068125e+00
6.956999998867292404e+09 -2.020957166710823927e+00 -2.176225828262809969e+00
6.956999998959195137e+09 -1.939277089272193999e+00 -1.912945200152509573e+00
6.956999998989554405e+09 -2.189497406352592712e+00 -2.057522566947014742e+00
6.956999999091044426e+09 -2.280889810713893961e+00 -2.314002165274353651e+00
6.956999999347356796e+09 -2.352289037238537439e+00 -2.197208431112333216e+00
6.956999999502573013e+09 -2.106645311527314490e+00 -2.195956901489163560e+00
6.956999999269804955e+09 -2.119916811806015211e+00 -2.022529042283539802e+00
6.956999999253909111e+09 -1.881378715756665709e+00 -2.187699864124936777e+00
6.956999999244706154e+09 -1.597316810728433678e+00 -2.248186518547668378e+00
6.956999999336631775e+09 -1.798370179360642807e+00 -2.436764869669068023e+00
6.956999999534471512e+09 -1.663651666996779355e+00 -2.272008154770766453e+00
6.956999999405945778e+09 -1.544681335302959369e+00 -2.503873733109582389e+00
6.956999999395603180e+09 -1.260953466676579371e+00 -2.442018830775285476e+00
6.956999999520029068e+09 -1.049720646033748483e+00 -2.598010382668018536e+00
6.956999999471874237e+09 -8.385686847117685971e-01 -2.404282630069368043e+00
6.956999999201268196e+09 -9.205446318293606378e-01 -2.337300873234760434e+00
6.956999999147039413e+09 -9.078801487141652249e-01 -2.052110842410022951e+00
6.956999998964986801e+09 -6.972260650013009098e-01 -1.968947433434013128e+00
6.956999999056333542e+09 -4.534269255349889782e-01 -1.839904044052628862e+00
6.956999998867936134e+09 -2.427854483339218494e-01 -1.907514069416128111e+00
6.956999998727692604e+09 -2.350545395797186410e-01 -2.161888849667265244e+00
6.956999998673206329e+09 1.847987442051393647e-02 -2.292984557882193908e+00
6.956999998517785072e+09 1.903019557640445447e-01 -2.117610874165654966e+00
6.956999998366560936e+09 3.987949408640441007e-01 -1.983087508194479875e+00
6.956999998306464195e+09 1.689343529809862465e-01 -2.150380466089527154e+00
6.956999998520123482e+09 -2.535760551298166243e-02 -2.182547636100090394e+00
6.956999998445816994e+09 5.912385987922845476e-02 -2.450457821050245677e+00
6.956999998216734886e+09 2.266012483126965682e-01 -2.512966672818623959e+00
6.956999998085955620e+09 4.841091933691272775e-01 -2.481015758597355347e+00
6.956999998032935143e+09 6.843577537047456083e-01 -2.684789732775071602e+00
6.956999998172404289e+09 5.242182250644201735e-01 -2.883128064876445240e+00
6.956999998161076546e+09 7.978531310764229723e-01 -2.786019323163958727e+00
6.956999998199189186e+09 5.752143924082959714e-01 -2.968814100753633056e+00
6.956999998369198799e+09 6.318798180133936571e-01 -3.197550452865772108e+00
6.956999998583124161e+09 4.441355694359128137e-01 -3.139048419031178483e+00
6.956999998621530533e+09 6.657104575163100835e-01 -3.323070151315603571e+00
6.956999998599896431e+09 6.637384161078724309e-01 -3.033307164694952540e+00
6.956999998565517426e+09 6.910179663945141826e-01 -3.320549980894129227e+00
6.956999998591057777e+09 5.622720558679845659e-01 -3.061307458968201445e+00
6.956999998718759537e+09 5.627414206613255976e-01 -3.322318264126056686e+00
6.956999998633185387e+09 2.851755871425550870e-01 -3.314025411457809600e+00
6.956999998881909370e+09 3.475742711424784082e-01 -3.177360464213654812e+00
6.956999998787396431e+09 2.918804744566802500e-01 -3.446432889853951131e+00
6.956999998795390129e+09 2.055536806791768978e-03 -3.465722786467718919e+00
6.956999998846698761e+09 1.929176696937798530e-01 -3.252711991887861309e+00
6.956999998770046234e+09 3.228995246625029347e-01 -3.004390534281526470e+00
6.956999998701418877e+09 1.511200287011907062e-01 -3.228480994728082365e+00
6.956999998669152260e+09 7.990994602526310664e-02 -3.508342506094470181e+00
6.956999998577296257e+09 1.893498484211973143e-01 -3.761364043999930740e+00
6.956999998734373093e+09 4.069669803648234829e-01 -3.872738000568190397e+00
6.956999998805064201e+09 3.918249525840873937e-01 -4.154177050840440977e+00
6.956999998809264183e+09 1.477099393291805285e-01 -3.996618425604979041e+00
6.956999998645536423e+09 2.814707447675863783e-01 -4.195957128493408739e+00
6.956999998697622299e+09 4.982613318587700846e-01 -4.382299279267504843e+00
6.956999998940075874e+09 4.994762677684942975e-01 -4.222145361888943960e+00
6.956999998917175293e+09 4.808514355679879837e-01 -3.933072422551982417e+00
6.956999999010283470e+09 2.126150735137991576e-01 -3.994835144600870969e+00
6.956999999038894653e+09 -3.607290563591064592e-02 -3.847287943795364207e+00
6.956999998984285355e+09 -3.000107097823200841e-01 -3.955865711371050253e+00
6.956999998786372185e+09 -2.719931101396213524e-01 -4.166768099602245812e+00
6.956999998737756729e+09 -5.080140395572692036e-01 -4.329141654943562401e+00
6.956999998769175529e+09 -6.664861922147694573e-01 -4.570665833003999090e+00
6.956999998651822090e+09 -8.952247843510232617e-01 -4.706096195468492560e+00
6.956999998680866241e+09 -8.933672398174379303e-01 -4.995211213302871656e+00
6.956999998500425339e+09 -9.853292808870186548e-01 -4.786839649544099906e+00
6.956999998635610580e+09 -7.355248522144727241e-01 -4.848136290739639698e+00
6.956999998596597672e+09 -6.827903973544723337e-01 -4.565061092900684514e+00
6.956999998412433624e+09 -6.977348118703320390e-01 -4.789326255935433707e+00
6.956999998461353302e+09 -9.526255124268591112e-01 -4.919986623841545281e+00
6.956999998403417587e+09 -9.849341478139136408e-01 -5.202889709384202810e+00
6.956999998357145309e+09 -6.997934756408307200e-01 -5.234324970781920605e+00
6.956999998240984917e+09 -8.709162140011246223e-01 -5.438428605968526064e+00
6.956999998375337601e+09 -7.249462867563379875e-01 -5.650741340879197772e+00
6.956999998355180740e+09 -9.713141754302933029e-01 -5.803486393520616460e+00
6.956999998217088699e+09 -1.143389170890473983e+00 -5.992576944439945485e+00
6.956999998494525909e+09 -1.222357055050650176e+00 -6.027604118619885654e+00
6.956999998250124931e+09 -1.273624170200287953e+00 -5.879030017574454980e+00
6.956999998260461807e+09 -1.244648641721520788e+00 -6.167973037120225044e+00
6.956999998438455582e+09 -1.035605871802283806e+00 -6.263125361490548215e+00
6.956999998538275719e+09 -1.134871951946976987e+00 -6.008927162104992448e+00
6.956999998439857483e+09 -1.351295599513683721e+00 -5.841866682060613769e+00
6.956999998720348358e+09 -1.292697310539126176e+00 -5.890089949196268826e+00
6.956999998675806999e+09 -1.060753790915687000e+00 -5.720818538981928825e+00
6.956999998752403259e+09 -1.199000853877374650e+00 -5.476984079163440100e+00
6.956999998624853134e+09 -1.087101894913973021e+00 -5.241094340666236029e+00
6.956999998675671577e+09 -1.112663837817996715e+00 -5.526048004236120192e+00
6.956999998465558052e+09 -9.574313646754745166e-01 -5.398809625504205734e+00
6.956999998528859138e+09 -1.158848087340333510e+00 -5.598456264601712640e+00
6.956999998538910866e+09 -1.147749550595378754e+00 -5.888646333241987385e+00
6.956999998525610924e+09 -9.713264426479135683e-01 -6.119151191333823903e+00
6.956999998425202370e+09 -7.119986005356810921e-01 -6.203422875528668001e+00
6.956999998409939766e+09 -8.627048062796981442e-01 -5.955452739373554572e+00
6.956999998230102539e+09 -7.505417508080540756e-01 -5.756674947037411449e+00
6.956999998123352051e+09 -6.348841227969823642e-01 -6.000933485128200573e+00
6.956999998371877670e+09 -7.831941157144206578e-01 -5.974977118523941755e+00
6.956999998171812057e+09 -6.150726130809597292e-01 -6.102034521507990306e+00
6.956999998166101456e+09 -7.228570156369318322e-01 -5.832248661988217009e+00
6.956999998162672043e+09 -8.859668993673935899e-01 -5.591795131915583639e+00
6.956999998370878220e+09 -9.706852414142986829e-01 -5.407655148733293338e+00
6.956999998393498421e+09 -1.013592388038983882e+00 -5.694154399495923613e+00
6.956999998364307404e+09 -9.878126032172298565e-01 -5.982108905431780421e+00
6.956999998506357193e+09 -1.063705919095045083e+00 -5.740248152342337207e+00
6.956999998750425339e+09 -1.089273480920400772e+00 -5.895848522127002056e+00
6.956999998733693123e+09 -1.117543539776520989e+00 -5.607135308929308337e+00
6.956999998716253281e+09 -1.407590067627435104e+00 -5.605299386213210333e+00
6.956999998863335609e+09 -1.564991672988542915e+00 -5.410296696258567017e+00
6.956999998766464233e+09 -1.313111416525453601e+00 -5.302561963709474746e+00
6.956999998601149559e+09 -1.416988729141021919e+00 -5.087352593379581123e+00
6.956999998799612045e+09 -1.406503080534374783e+00 -4.875368673139058195e+00
6.956999998893846512e+09 -1.586597397578143109e+00 -4.667714124546804122e+00
6.956999998859441757e+09 -1.637031670851888387e+00 -4.383623994380174693e+00
6.956999998786312103e+09 -1.463550328295975422e+00 -4.604962530681943278e+00
6.956999998790431976e+09 -1.487770370419843946e+00 -4.894498221245330960e+00
6.956999999030305862e+09 -1.614075112839190806e+00 -4.789893044319732063e+00
6.956999999052897453e+09 -1.575905650649829015e+00 -5.077064110461750879e+00
6.956999999335535049e+09 -1.525414575941839157e+00 -5.032328262701275534e+00
6.956999999424110413e+09 -1.574345621735107059e+00 -4.759941357239839022e+00
6.956999999406684875e+09 -1.793067767706577609e+00 -4.950444531506979828e+00
6.956999999141038895e+09 -1.804607666400040999e+00 -4.833253854328570576e+00
6.956999999167173386e+09 -1.733599711638231566e+00 -4.552701970860077552e+00
6.956999999321931839e+09 -1.498833325910361003e+00 -4.625975438556383601e+00
6.956999999564432144e+09 -1.655370945529555549e+00 -4.592451556164703241e+00
6.956999999652727127e+09 -1.670153333747338875e+00 -4.868893109079532877e+00
6.956999999739483833e+09 -1.834720759545316104e+00 -4.645677085320413013e+00
6.956999999978647232e+09 -1.706864383307062472e+00 -4.541330202961260554e+00
6.956999999888083458e+09 -1.751553119850076223e+00 -4.268868155567403733e+00
6.957000000125064850e+09 -1.789494253803944890e+00 -4.432681342095888155e+00
