3.478500000000000000e+10 0.000000000000000000e+00 0.000000000000000000e+00
3.478499999969983673e+10 1.171114805118823460e-01 -2.080973432180919791e-01
3.478499999961113739e+10 1.587586135210541372e-01 -5.789294875766660686e-01
3.478499999958761597e+10 4.203306072963543527e-01 -2.993847632103109335e-01
3.478499999954103851e+10 4.271221616233549234e-01 -6.800462616266673699e-01
3.478499999934252930e+10 6.716353599598809954e-01 -4.611247665851642141e-01
3.478499999949820709e+10 9.956650753631806072e-01 -3.273775547448269374e-01
3.478499999976126862e+10 1.146834914048049603e+00 -5.620401446224082553e-01
3.478499999981929779e+10 1.058474956558187685e+00 -9.307459731280105508e-01
3.478499999964714813e+10 1.278924144068759539e+00 -6.682843145081468483e-01
3.478499999962776947e+10 1.330334635323765280e+00 -1.047889238507571763e+00
3.478499999935451508e+10 1.599359925433036622e+00 -1.056638561028580892e+00
3.478499999902145386e+10 1.430219844516414041e+00 -9.695850481928589559e-01
3.478499999902008820e+10 1.488285793436117777e+00 -5.904478501532395285e-01
3.478499999884769440e+10 1.517435014992799092e+00 -2.490534500173310350e-01
3.478499999910060120e+10 1.415099758444767541e+00 -5.186540055862808307e-01
3.478499999929268646e+10 1.446974295675700350e+00 -1.881913498496109449e-01
3.478499999950886536e+10 1.614328130455317645e+00 -4.572240370219505246e-01
3.478499999953252411e+10 1.838539135369727129e+00 -7.675273490627170236e-01
3.478499999933927155e+10 2.138552936614146915e+00 -9.081158151966105541e-01
3.478499999920769501e+10 2.360825248130931087e+00 -1.191667559052795200e+00
3.478499999921086121e+10 2.448836384815918255e+00 -1.564980501118717671e+00
3.478499999936271667e+10 2.771033775839511826e+00 -1.422686693949892556e+00
3.478499999903530884e+10 2.963791683332333449e+00 -1.370098955473039615e+00
3.478499999894382477e+10 2.935093490136722938e+00 -1.741482396279760980e+00
3.478499999882238007e+10 2.836828463552287793e+00 -1.391178496691712674e+00
3.478499999847737885e+10 2.815935666871226317e+00 -1.557472372891567813e+00
3.478499999842131042e+10 2.731028751093938389e+00 -1.187653727911857082e+00
3.478499999876032257e+10 2.560641480451525176e+00 -1.131482933708936933e+00
3.478499999888871765e+10 2.527975565942917058e+00 -1.491435792468867483e+00
3.478499999896559906e+10 2.287806912721256580e+00 -1.780445547117501803e+00
3.478499999870014954e+10 2.121333673990703161e+00 -1.559219022153380818e+00
3.478499999862509918e+10 2.036295563774010109e+00 -1.192811539838088519e+00
3.478499999864841461e+10 2.388578123217719007e+00 -1.042904841443381470e+00
3.478499999864967346e+10 2.394876904740085966e+00 -1.426411403848485193e+00
3.478499999838271332e+10 2.669305640386246292e+00 -1.449655494119427956e+00
3.478499999806741333e+10 2.692401204796037284e+00 -1.232462449185862452e+00
3.478499999840007782e+10 2.865404097404659733e+00 -1.151683331270773714e+00
3.478499999828314209e+10 2.539627484449666017e+00 -9.864145995504742803e-01
3.478499999851682281e+10 2.842417150836305417e+00 -1.015210961774585918e+00
3.478499999865782166e+10 2.486330220893224752e+00 -9.942424137026285580e-01
3.478499999853100586e+10 2.787459552614310887e+00 -7.933488199818719000e-01
3.478499999837854767e+10 2.860385617444109574e+00 -4.490288164885464228e-01
3.478499999856298828e+10 2.531931358221002348e+00 -5.212569265002491292e-01
3.478499999867948151e+10 2.220601346340681737e+00 -7.126255806560936046e-01
3.478499999895048523e+10 2.319334776572628876e+00 -9.654611498719442020e-01
3.478499999932054901e+10 2.227835672295470193e+00 -9.230497858595687610e-01
3.478499999959154510e+10 1.985193501799195959e+00 -1.044719330161032245e+00
3.478499999944371033e+10 1.796304537418118352e+00 -7.454141713756587961e-01
3.478499999963104248e+10 1.471017147448948847e+00 -8.242374866587001137e-01
3.478499999945454407e+10 1.723638566291409990e+00 -5.958735999839546160e-01
3.478499999956536865e+10 1.414474999881925710e+00 -3.977456892304123137e-01
3.478499999960282898e+10 1.479244861568809633e+00 -2.155385239011242682e-02
3.478499999972202301e+10 1.531666505152758262e+00 3.392276013196434681e-01
3.478499999973166656e+10 1.549514020205526865e+00 7.222510270330551041e-01
3.478499999972988129e+10 1.789615250342571962e+00 1.021360942030689056e+00
3.478499999986196899e+10 1.435007322623125692e+00 1.084009097042324177e+00
3.478499999988936615e+10 1.746261189262264146e+00 8.615474926153477986e-01
3.478499999996195984e+10 2.067068088131681414e+00 1.058858606251076973e+00
3.478499999998814392e+10 2.178849382436067295e+00 1.424833835575677332e+00
3.478499999999376678e+10 1.842754391245874146e+00 1.609568889636279643e+00
3.478499999998292542e+10 1.987464868658268324e+00 1.964618072225826406e+00
3.478499999970058441e+10 1.913116558642461440e+00 1.715871356342129284e+00
3.478499999939657593e+10 1.920969396264886164e+00 1.949616813889157196e+00
3.478499999925633240e+10 1.916289816254661771e+00 1.592645186921736622e+00
3.478499999940825653e+10 1.876321900696981571e+00 1.942559384319446414e+00
3.478499999914678955e+10 2.130580793589622601e+00 1.823790990414259072e+00
3.478499999925019836e+10 2.087352311243287684e+00 1.456971270892393200e+00
3.478499999927017975e+10 2.075099578431821357e+00 1.074127572768263095e+00
3.478499999951974487e+10 2.186691202261886069e+00 8.050888395981816714e-01
3.478499999937882233e+10 1.895901137892082478e+00 5.984492526519122890e-01
3.478499999961788177e+10 1.689947495230154528e+00 8.165181265695671264e-01
3.478499999976818085e+10 1.570878806030601149e+00 4.843271239278494344e-01
3.478499999972151947e+10 1.724670833643006551e+00 8.325931342982615391e-01
3.478499999940180206e+10 1.922516657341857504e+00 7.567259429917814195e-01
3.478499999947763062e+10 1.992292890987565457e+00 1.126184780942711017e+00
3.478499999942305756e+10 1.625647227446533005e+00 1.224729516476480207e+00
3.478499999980507660e+10 1.659963197181917094e+00 1.224555858299169575e+00
3.478499999985262299e+10 1.990898416577404184e+00 1.036567628129323460e+00
3.478499999951791382e+10 1.918648956016062668e+00 8.637395023775829017e-01
3.478499999942739868e+10 2.088205499818524657e+00 1.195666820275559372e+00
3.478499999941072845e+10 1.741599006345538214e+00 1.359082272876213748e+00
3.478499999966813660e+10 1.825259672593313010e+00 1.087312146262602974e+00
3.478500000002976990e+10 1.703911557206956973e+00 1.127486600055348065e+00
3.478499999983447266e+10 1.387621261881448520e+00 1.032950066464983108e+00
3.478499999945722198e+10 1.367285890696778416e+00 1.099181577552974964e+00
3.478499999949813080e+10 1.066774205646236151e+00 8.643666820579506416e-01
3.478499999985371399e+10 9.692897321959247359e-01 9.700738531075387971e-01
3.478499999977743530e+10 6.302292221813166062e-01 1.132362748686053244e+00
3.478499999942719269e+10 4.811156790444512943e-01 1.085340067337756675e+00
3.478499999929679871e+10 1.517023745153387448e-01 9.383585677636840927e-01
3.478499999929970551e+10 1.510222276777221928e-01 5.548098200914924893e-01
3.478499999928820038e+10 1.350320168030702539e-01 9.378638717650866763e-01
3.478499999921250916e+10 -2.279930678867396199e-01 8.398740457314662899e-01
3.478499999932098389e+10 -9.985886319266837341e-02 4.950077369516137638e-01
3.478499999933917999e+10 -1.021200705582653856e-01 8.781295182775380459e-01
3.478499999934285736e+10 -1.036266648260315976e-01 1.261669277654310584e+00
3.478499999934169006e+10 -7.560214422903827058e-02 1.644202678481917479e+00
3.478499999917582703e+10 -5.428773921609575392e-02 1.989388467131225413e+00
3.478499999905486298e+10 -8.857592687760432182e-02 1.627021034932113697e+00
3.478499999931514740e+10 -3.487214297316406642e-01 1.735161947101683033e+00
3.478499999937607574e+10 -2.449524457120035859e-01 2.099357945477535292e+00
3.478499999937098694e+10 1.120729359673405812e-01 1.959266951128454615e+00
3.478499999959693909e+10 4.030851468649845892e-01 2.065926354534624476e+00
3.478499999925538635e+10 2.289323992449288359e-01 2.077288930115229970e+00
3.478499999941105652e+10 -1.177548070410931735e-01 2.129196439695037579e+00
3.478499999950712585e+10 9.650689210117086025e-02 2.432481332801554874e+00
3.478499999933679962e+10 3.506551760286696906e-01 2.201143571582032443e+00
3.478499999919847870e+10 6.996744817160193142e-01 2.122589736107025171e+00
3.478499999913293457e+10 6.998818854124612132e-01 1.744670593330452713e+00
3.478499999898175812e+10 4.849066777656996230e-01 1.465296822124115383e+00
3.478499999905745697e+10 2.765411030440979578e-01 1.778301750757709687e+00
3.478499999907939148e+10 4.421089540485134695e-01 2.123591214847341035e+00
3.478499999875524902e+10 6.216219532079171328e-01 2.024474088499180535e+00
3.478499999857172394e+10 9.139168293272542654e-01 1.857141134141243377e+00
3.478499999851217651e+10 7.731431366269498895e-01 1.505352487896489011e+00
3.478499999852011108e+10 5.458914125167390052e-01 1.814241111048822797e+00
3.478499999841999054e+10 5.353001471741221096e-01 2.184352964193855051e+00
3.478499999839088440e+10 5.065749049165078066e-01 2.565726935343282999e+00
3.478499999842049408e+10 3.554780735657657176e-01 2.214427431848794647e+00
3.478499999820275879e+10 3.292725855535114654e-01 2.529108836334572175e+00
3.478499999853042603e+10 4.193574631725867641e-01 2.351240762437573739e+00
3.478499999826880646e+10 5.527677276606945966e-01 2.104513086030220137e+00
3.478499999804447937e+10 4.257903993103088203e-01 1.820486049663005090e+00
3.478499999810079956e+10 4.611366054213778543e-01 2.198238702200455919e+00
3.478499999828541565e+10 3.053828505006458416e-01 1.900287201592021358e+00
3.478499999838820648e+10 5.296323206105326697e-01 2.193994599244752486e+00
3.478499999842630005e+10 2.326902358958761186e-01 1.954218477959680733e+00
3.478499999839813995e+10 1.761342021321413986e-01 1.575897078087412195e+00
3.478499999838738251e+10 4.771265059271224684e-01 1.813397473782227376e+00
3.478499999835016632e+10 6.709619669045143731e-01 1.484518841890840157e+00
3.478499999839856720e+10 3.146587593994186749e-01 1.351013502634414332e+00
3.478499999834809875e+10 -5.063546567208176974e-02 1.245506289423887969e+00
3.478499999817023468e+10 -4.120132290389835750e-02 9.058080523522384908e-01
3.478499999818313599e+10 -4.072883020380151098e-02 5.224651093336371011e-01
3.478499999798590088e+10 -3.544105522112083184e-01 4.233629548521111174e-01
3.478499999800531769e+10 -1.832266202958755530e-01 8.067119200881445185e-02
3.478499999813194275e+10 -2.622689348527983411e-01 4.339944272539000281e-01
3.478499999808932495e+10 -3.282122087224952356e-01 5.855649074568147761e-02
3.478499999838751984e+10 -1.768170495744664228e-01 2.463804193478133508e-01
3.478499999823923492e+10 -5.037312446511362785e-01 3.814969949524121273e-01
3.478499999833650970e+10 -5.835088929602203489e-01 1.915481246795347481e-02
3.478499999838423920e+10 -2.089411188638544692e-01 -4.821821518122121342e-02
3.478499999822084808e+10 8.281188121533322732e-02 1.396705980029812055e-01
3.478499999809753418e+10 -1.555657140125423776e-01 -1.343514632539661302e-01
3.478499999809014130e+10 -1.041694715703999213e-01 2.456778488882670475e-01
3.478499999826245117e+10 -3.561050929862276115e-01 4.779655986319529259e-01
3.478499999836039734e+10 -6.008210182333008076e-01 7.566046159873677235e-01
3.478499999825241089e+10 -8.515276132670696052e-01 4.871552618764256604e-01
3.478499999849329376e+10 -1.148209081354258032e+00 4.543569986482430267e-01
3.478499999813997650e+10 -1.047667542706696597e+00 5.647105023623951725e-01
3.478499999831188965e+10 -7.105984810870891177e-01 5.018675247082344804e-01
3.478499999851612091e+10 -9.906453385305226123e-01 3.376077320598533382e-01
3.478499999887445831e+10 -1.008289687555575354e+00 2.019557875513127432e-01
3.478499999882176971e+10 -1.117075301954034927e+00 -1.620604712262125602e-01
3.478499999866411591e+10 -1.177517146688947358e+00 -5.064589545706066342e-01
3.478499999860208893e+10 -1.267298201698440430e+00 -1.387493906562300428e-01
3.478499999878193665e+10 -1.191202323441336697e+00 1.913750468073728839e-01
3.478499999900170898e+10 -1.175103117226999894e+00 -1.225668539871027640e-01
3.478499999919895935e+10 -1.105949844510181856e+00 -4.441685359486913787e-01
3.478499999953441620e+10 -1.042507464010020701e+00 -6.189839652461808228e-01
3.478499999945547485e+10 -7.451946307994444796e-01 -3.898719077198852245e-01
3.478499999914694977e+10 -9.241772184998143791e-01 -2.488265343946889641e-01
3.478499999902301788e+10 -5.657358107085093124e-01 -1.915698052349544267e-01
3.478499999899778748e+10 -5.467511914082818780e-01 -5.738282259037572608e-01
3.478499999918257141e+10 -6.071351046047082090e-01 -2.431815518589074410e-01
3.478499999892419434e+10 -3.353317205048113037e-01 -3.237082445984525436e-01
3.478499999909513092e+10 -3.276389581829172171e-01 1.957178697306943826e-02
3.478499999888673401e+10 -9.247194591400004215e-02 2.395363080283500201e-01
3.478499999881758118e+10 -3.709957491682516761e-01 -1.494515147038855130e-02
3.478499999887573242e+10 -7.278712245637022349e-01 -1.429156544905826332e-01
3.478499999870280457e+10 -9.631112022469741074e-01 -3.916662587765969983e-01
3.478499999868942261e+10 -1.182025526299757878e+00 -7.063342846557986165e-01
3.478499999845259094e+10 -8.861756602976023078e-01 -7.655100983490719102e-01
3.478499999824629211e+10 -8.620433904670289360e-01 -4.430537550525884827e-01
3.478499999824299622e+10 -8.284627637998407401e-01 -6.098044284741238608e-02
3.478499999845274353e+10 -1.103723306929202064e+00 -2.263748040398821382e-01
3.478499999843466187e+10 -1.155198904921246772e+00 1.532852183417416359e-01
3.478499999843930054e+10 -1.214439955693683793e+00 5.322146609350721924e-01
3.478499999862348938e+10 -1.481202883410730919e+00 7.372263095380949816e-01
3.478499999847666168e+10 -1.737225161805517448e+00 4.922522441096665036e-01
3.478499999852853394e+10 -1.755564692575569685e+00 1.126581506312162029e-01
3.478499999842218781e+10 -1.666898433323686701e+00 4.703562771989824309e-01
3.478499999835550690e+10 -1.592421045484092801e+00 8.406599614567827894e-01
3.478499999831744385e+10 -1.465157223915003248e+00 4.808357126350052413e-01
3.478499999811830902e+10 -1.209613748280024215e+00 6.861666036013600589e-01
3.478499999834617615e+10 -1.512308447669230782e+00 6.264003031818878853e-01
3.478499999827632141e+10 -1.135341461937434904e+00 6.380222370964144796e-01
3.478499999823611450e+10 -1.136705148135011001e+00 2.565772341240890042e-01
3.478499999837619781e+10 -8.035740102504258520e-01 3.850994190011066687e-01
3.478499999800844574e+10 -7.462799995746397519e-01 4.778019012745214900e-01
3.478499999790049744e+10 -9.592677117495782557e-01 7.779729761065644622e-01
3.478499999751696014e+10 -9.627639195963619834e-01 7.756832229505900012e-01
3.478499999772339630e+10 -1.213096934557095885e+00 9.802223601811922427e-01
3.478499999785240936e+10 -1.161899090460050132e+00 1.337788590621672435e+00
3.478499999805770111e+10 -1.061662653061264061e+00 1.645888571787518906e+00
3.478499999812934875e+10 -1.183962821802330589e+00 1.289479501120514682e+00
3.478499999826123047e+10 -1.276637531195764064e+00 9.414324476122155616e-01
3.478499999831915283e+10 -1.586682132997578876e+00 7.231767342209660665e-01
3.478499999848195648e+10 -1.508475046600935121e+00 1.061550543323782847e+00
3.478499999848834991e+10 -1.891919545934395819e+00 1.068478158796629884e+00
3.478499999839527130e+10 -1.849885131117320780e+00 6.987637778274775613e-01
3.478499999817686462e+10 -2.160872505669318322e+00 7.507699266365599478e-01
3.478499999821620941e+10 -2.049457261532023011e+00 3.858631713458574031e-01
3.478499999811940002e+10 -2.315798001426068620e+00 1.273894327430087348e-01
3.478499999790077209e+10 -2.590998933692957085e+00 -2.617944149337839144e-02
3.478499999771532440e+10 -2.689690715947597788e+00 2.947371024860079292e-01
3.478499999770075989e+10 -2.867436628893881512e+00 6.343146056646016273e-01
3.478499999780190277e+10 -2.718846466789130112e+00 9.731501134166620215e-01
3.478499999798532867e+10 -2.975612808930065523e+00 1.191198968927467572e+00
3.478499999783235931e+10 -2.726544934314121704e+00 9.428370682487170473e-01
3.478499999774603271e+10 -2.678455669027825614e+00 5.722244104383036323e-01
3.478499999766952515e+10 -2.770051498623000708e+00 9.367456705984428256e-01
3.478499999763169861e+10 -2.556556582510611797e+00 6.203479630533276223e-01
3.478499999791050720e+10 -2.565930950788163578e+00 3.571043636406529553e-01
3.478499999797222900e+10 -2.344109390243203528e+00 6.638689916913860234e-01
3.478499999809048462e+10 -2.133388040264441177e+00 9.617465905123611103e-01
3.478499999821666718e+10 -2.088807902814262096e+00 1.321203492627350151e+00
3.478499999826412964e+10 -2.064120985069775926e+00 9.413922224382205162e-01
3.478499999797451782e+10 -2.240403755127911456e+00 7.620411555151794802e-01
3.478499999793222809e+10 -2.329076447969490538e+00 1.132807379217098287e+00
3.478499999799635315e+10 -2.299023437297324612e+00 7.558418400436300866e-01
3.478499999789471436e+10 -2.623377297503373118e+00 9.335575182975388575e-01
3.478499999757321167e+10 -2.643777674689463453e+00 7.253741188715995269e-01
3.478499999734050751e+10 -2.455367920139981841e+00 4.856478316972417941e-01
3.478499999702431488e+10 -2.671142984608686710e+00 4.615180390924340514e-01
3.478499999700595093e+10 -2.702692742026712835e+00 8.433372672764620770e-01
3.478499999703118134e+10 -2.331648605565713517e+00 9.371886671271134617e-01
3.478499999711838531e+10 -2.290104657686061529e+00 1.308387274616961582e+00
3.478499999690136719e+10 -2.571770926992352546e+00 1.164566345625003052e+00
3.478499999678533936e+10 -2.872620069801147924e+00 9.568499028370804904e-01
3.478499999684266663e+10 -2.689281836600258213e+00 1.288843099693536054e+00
3.478499999682589722e+10 -2.989583263458592377e+00 1.526868918751396853e+00
3.478499999680588531e+10 -2.751753601319184561e+00 1.226610352084761768e+00
3.478499999706875610e+10 -2.497617103414978779e+00 1.110713363701999690e+00
3.478499999674737549e+10 -2.527686604009725446e+00 9.035187298654339116e-01
3.478499999655439758e+10 -2.774101876341539263e+00 1.125232466567388512e+00
3.478499999652098846e+10 -2.860556138108151902e+00 1.497426234398550937e+00
3.478499999678920746e+10 -2.594469828548376711e+00 1.431287425842598937e+00
3.478499999705374146e+10 -2.396884920068985458e+00 1.626481525777968784e+00
3.478499999692051697e+10 -2.535425029388173712e+00 1.294551787737759696e+00
3.478499999686198425e+10 -2.492769720600078731e+00 1.671212539629816529e+00
3.478499999647872925e+10 -2.477665052522347811e+00 1.669388795123722291e+00
3.478499999646430206e+10 -2.484383029533820064e+00 1.286158621548773695e+00
3.478499999608978271e+10 -2.550334891486536915e+00 1.236139074394688064e+00
3.478499999589443207e+10 -2.844081240441877156e+00 1.386701445199087113e+00
3.478499999581410980e+10 -2.836772976064179996e+00 1.761685997787657554e+00
3.478499999573342896e+10 -2.773873812250198245e+00 1.392020548744276498e+00
3.478499999595417786e+10 -2.774375991638493133e+00 1.078349420521961921e+00
3.478499999623165894e+10 -2.545029809493656092e+00 1.210723538678291966e+00
3.478499999616967773e+10 -2.567366672718326637e+00 1.588583277062652011e+00
3.478499999651622009e+10 -2.537798165000343609e+00 1.750292913593916699e+00
3.478499999643884277e+10 -2.186518322924405844e+00 1.617123352269947301e+00
3.478499999615843964e+10 -2.296304290976247664e+00 1.379556921996789365e+00
3.478499999653948212e+10 -2.287538378008327822e+00 1.422544588448116931e+00
3.478499999638177490e+10 -2.430549675818873823e+00 1.103491800173009407e+00
3.478499999636629486e+10 -2.745522953334583072e+00 8.851553442312649622e-01
3.478499999650624084e+10 -2.931053795251251870e+00 5.800119940463577262e-01
3.478499999636267853e+10 -3.214550914003210025e+00 3.652148851079025649e-01
3.478499999604152679e+10 -3.014216797379412505e+00 3.031869656281906966e-01
3.478499999601302338e+10 -2.793179977348685394e+00 -8.981246998807868032e-03
3.478499999620569611e+10 -2.509878920471175334e+00 -1.814222908648166488e-01
3.478499999612252045e+10 -2.149283010355243828e+00 -8.057412841870500997e-02
3.478499999595032501e+10 -2.098163273562997144e+00 2.583257526564084472e-01
3.478499999616371155e+10 -2.034164719920688924e+00 -5.390802276147482752e-02
3.478499999584061432e+10 -1.833545102987538478e+00 -1.037097438175877684e-01
3.478499999586386108e+10 -1.761010463924576275e+00 2.722114803743729272e-01
3.478499999577977753e+10 -1.711294285463862197e+00 6.431243927953003148e-01
3.478499999582122040e+10 -1.511622696093670060e+00 3.182670128295458367e-01
3.478499999596302795e+10 -1.436556156871700463e+00 6.666557576307203803e-01
3.478499999613681793e+10 -1.122268915004401846e+00 8.013420671127892136e-01
3.478499999621406555e+10 -1.496438258273783184e+00 8.352303859165737254e-01
3.478499999655672455e+10 -1.324208991099764976e+00 8.414965180950443324e-01
3.478499999630493927e+10 -1.037603170412545905e+00 8.812197227367596364e-01
3.478499999593243408e+10 -1.084678402636229722e+00 9.595868734632529984e-01
3.478499999609301758e+10 -1.429446395877945086e+00 9.099163942400481098e-01
3.478499999640626526e+10 -1.213726422097963553e+00 8.603029304074254480e-01
3.478499999638112640e+10 -1.516544634241608236e+00 6.262351262393599516e-01
3.478499999668765259e+10 -1.302547477222691263e+00 7.120530257789917661e-01
3.478499999696531677e+10 -1.317440929931995131e+00 4.478564601784068011e-01
3.478499999713189697e+10 -1.459753255629824498e+00 1.330277974063622248e-01
3.478499999724538422e+10 -1.171368315133727522e+00 3.590227995608683553e-01
3.478499999718184662e+10 -9.731661201843621045e-01 6.811995009881607333e-01
3.478499999755488586e+10 -1.015925274694943647e+00 7.595143411004042777e-01
3.478499999768266296e+10 -9.570487060027681459e-01 1.116341321111713025e+00
3.478499999766050720e+10 -1.037320254320256430e+00 1.490753164287632160e+00
3.478499999798237610e+10 -1.186630188045485923e+00 1.636436253600312751e+00
3.478499999823470306e+10 -1.307857994788890865e+00 1.374225241247422291e+00
3.478499999824689484e+10 -1.166408520475864741e+00 1.730542369726506546e+00
3.478499999816725922e+10 -1.125729711655131249e+00 1.357551381367275489e+00
3.478499999794255066e+10 -1.058342891430425814e+00 1.661006044581237129e+00
3.478499999800826263e+10 -7.782502997641667086e-01 1.914676355426974785e+00
3.478499999770462036e+10 -8.045451001337742269e-01 2.147551420969709746e+00
3.478499999761480713e+10 -6.300643462797486105e-01 1.817992901344724466e+00
3.478499999760873413e+10 -6.763040660811363569e-01 2.198707367917012601e+00
3.478499999731452942e+10 -4.648617492169861976e-01 2.072791581937894811e+00
3.478499999737462616e+10 -5.588181335395240312e-01 2.439778624229088422e+00
3.478499999754910278e+10 -2.304293432140880338e-01 2.345773005474163675e+00
3.478499999755188751e+10 -2.975726640211506235e-01 2.723400555646085408e+00
3.478499999729980469e+10 -5.858034058773129438e-01 2.745668098368277743e+00
3.478499999707057953e+10 -4.979437852915471474e-01 2.450953751159367755e+00
3.478499999726168060e+10 -2.915918822523329013e-01 2.711754298191454193e+00
3.478499999725766754e+10 -2.886391431934294816e-01 3.095282277177505481e+00
3.478499999728245544e+10 -2.963425152800793216e-01 2.712601039913828949e+00
3.478499999718379211e+10 -5.466937345748703603e-01 2.439272008952829474e+00
3.478499999742022705e+10 -8.094067156455874157e-01 2.588264972171898215e+00
3.478499999765011597e+10 -1.022613191904059526e+00 2.367331789961595323e+00
3.478499999762112427e+10 -1.017525967379727669e+00 2.749760825559191435e+00
3.478499999794010925e+10 -9.535418007366334159e-01 2.546605992387903861e+00
3.478499999782868195e+10 -9.446099903807738674e-01 2.913515255789283831e+00
3.478499999747624207e+10 -1.064935607874008427e+00 3.005312519417956629e+00
3.478499999749644470e+10 -9.735211040529266890e-01 3.377271870858889358e+00
3.478499999713143921e+10 -1.091347237718846896e+00 3.379980726546430780e+00
3.478499999690365601e+10 -1.081536024910413119e+00 3.071536034688635119e+00
3.478499999705831146e+10 -1.378901670818025504e+00 2.885060243063107599e+00
3.478499999738190460e+10 -1.398008152943872817e+00 2.680017230087826441e+00
3.478499999731665039e+10 -1.652418079518104710e+00 2.400489663791471440e+00
3.478499999749271393e+10 -1.628538816177734327e+00 2.740416845326443696e+00
3.478499999733226013e+10 -1.329610669557219405e+00 2.919344061717787486e+00
3.478499999748606110e+10 -1.096254940822777302e+00 3.182037481504949472e+00
3.478499999758535767e+10 -1.019974240128741272e+00 2.819489910150849710e+00
3.478499999723609924e+10 -1.078605105619036886e+00 2.966789074496951173e+00
3.478499999743582153e+10 -1.372051362900186922e+00 3.112116182611716741e+00
3.478499999732073212e+10 -1.355347615409512985e+00 3.477621232833147502e+00
3.478499999728538513e+10 -1.105161357097039332e+00 3.766196592733355164e+00
3.478499999727833557e+10 -1.092103622086196602e+00 3.382923379899127614e+00
3.478499999745722961e+10 -8.388648911996725577e-01 3.608720743032279632e+00
3.478499999761263275e+10 -1.076743335091127740e+00 3.351074753564859066e+00
3.478499999746470642e+10 -7.409039986411649625e-01 3.462650493340163393e+00
3.478499999752755737e+10 -8.432074990141864568e-01 3.826933125180974393e+00
3.478499999779615784e+10 -7.677675471280801522e-01 3.563719384785786648e+00
3.478499999780587006e+10 -7.801720830906562210e-01 3.180482689631379589e+00
3.478499999786211395e+10 -7.311857981288532038e-01 3.556721636725856506e+00
3.478499999813808441e+10 -5.994882728714945319e-01 3.325176865602437637e+00
3.478499999793688202e+10 -4.997477337064768488e-01 3.636122434170943940e+00
3.478499999781091309e+10 -4.249289347297732777e-01 3.281647209904326346e+00
3.478499999789008331e+10 -7.985800115230539120e-01 3.316793741450092536e+00
3.478499999760092163e+10 -1.048403372040064951e+00 3.283767342830600011e+00
3.478499999727427673e+10 -1.164568768569906654e+00 3.447861993028518146e+00
3.478499999733731842e+10 -1.240051377560922097e+00 3.077124452773398744e+00
3.478499999709208679e+10 -1.044653588732140870e+00 2.856219042241174844e+00
3.478499999716599274e+10 -1.095700437797719529e+00 3.229113277588075093e+00
3.478499999719194794e+10 -1.138256224284676099e+00 3.609420638071413112e+00
3.478499999722070312e+10 -1.143966046470211495e+00 3.991858984365685981e+00
3.478499999751368713e+10 -1.160059134659411129e+00 4.238877550273186579e+00
3.478499999755352020e+10 -1.256042068644728893e+00 4.608091996993966433e+00
3.478499999755829620e+10 -1.333946403249154367e+00 4.983627114114692169e+00
3.478499999780176544e+10 -1.605382358180290625e+00 4.864622397188729686e+00
3.478499999811986542e+10 -1.470308428980315441e+00 5.031007237201437832e+00
3.478499999800735474e+10 -1.493844496047100456e+00 4.665075177054508693e+00
3.478499999794027710e+10 -1.394572808279844978e+00 5.029442951378979565e+00
3.478499999800288391e+10 -1.377995579942560056e+00 4.651390472529288722e+00
3.478499999765065002e+10 -1.372785329068539895e+00 4.499653709944135827e+00
3.478499999765473938e+10 -1.368657214112103171e+00 4.116137372856494281e+00
3.478499999798392487e+10 -1.180560771028052125e+00 4.174232627671339735e+00
3.478499999769887543e+10 -9.366128206781336729e-01 4.253951239886984759e+00
3.478499999765116882e+10 -5.818600480652507123e-01 4.116134603617521925e+00
3.478499999777298737e+10 -3.181238303500580344e-01 4.366576459629518681e+00
3.478499999787025452e+10 4.377009825217248462e-02 4.448374831986392053e+00
3.478499999789498138e+10 3.469905274552886887e-02 4.065719704507454679e+00
3.478499999811608887e+10 3.272902526623673314e-01 4.178066455119756384e+00
3.478499999815056610e+10 2.592887197205566152e-01 4.553973015490452525e+00
3.478499999799475861e+10 4.252220751573253521e-01 4.862692697122645846e+00
3.478499999824821472e+10 1.376783254090052644e-01 4.876747421752230416e+00
3.478499999834777069e+10 -1.896653305948582946e-01 4.703389570065288794e+00
3.478499999858293152e+10 -2.122399349241481381e-01 4.401216814975934533e+00
3.478499999874040985e+10 -2.053029929605210413e-01 4.750890801779731554e+00
3.478499999844207001e+10 -4.427744777138609145e-01 4.792361766588217442e+00
3.478499999817699432e+10 -4.228230019050374100e-01 4.515856762631767829e+00
3.478499999847843933e+10 -5.090891024173495039e-01 4.294929524876334170e+00
3.478499999850832367e+10 -3.673990273707801180e-01 3.939754202833949392e+00
3.478499999869716644e+10 -6.726050071537509334e-02 4.085950199432613061e+00
3.478499999894118500e+10 9.660535746501525134e-02 3.839534859116661369e+00
3.478499999932086182e+10 1.382660785048907270e-01 3.874600070007281349e+00
3.478499999951383209e+10 1.823117614827302058e-01 3.546054333582900675e+00
3.478499999950570679e+10 1.455439741638036577e-01 3.927761898254681139e+00
3.478499999935243988e+10 1.264625677299107132e-01 3.576672976584095665e+00
3.478499999916462708e+10 3.937366049464420259e-01 3.375650169345738583e+00
3.478499999942736053e+10 5.075571567748522472e-01 3.120432135596901357e+00
3.478499999938686371e+10 7.077434610318937835e-01 3.445091754585893007e+00
3.478499999921154022e+10 8.087465093291278384e-01 3.119240429247136959e+00
3.478499999925108337e+10 7.483764339903773433e-01 3.495949968616351100e+00
3.478499999910919952e+10 9.414448342609347264e-01 3.795470584179138740e+00
3.478499999916582489e+10 9.577797672954345698e-01 4.174475785137761186e+00
3.478499999947331238e+10 7.386840795830404982e-01 4.242039428584770455e+00
3.478499999921252441e+10 1.018096762026840185e+00 4.274227888935492103e+00
3.478499999957749176e+10 1.075731017178445992e+00 4.171293915863527602e+00
3.478499999930627441e+10 1.344312793906021541e+00 4.208999027176095531e+00
3.478499999964636993e+10 1.357891212866518371e+00 4.032170184622116516e+00
3.478499999988447571e+10 1.638905563046907377e+00 3.925147483718784969e+00
3.478499999967374420e+10 1.871928260694425195e+00 4.145174754075329204e+00
3.478499999971966553e+10 1.772278906504516804e+00 4.512706788653868095e+00
3.478499999981341553e+10 1.683034693618007394e+00 4.873767421840465630e+00
3.478499999960993195e+10 1.606324195822912415e+00 4.557809148660034282e+00
3.478499999946864319e+10 1.339716981613931157e+00 4.794612243768147763e+00
3.478499999931011963e+10 1.093276250659039661e+00 5.042111134870880029e+00
3.478499999944349670e+10 1.449339639336044261e+00 4.991635245095812579e+00
3.478499999963426208e+10 1.779568507638749297e+00 5.032568787481990213e+00
3.478499999955450439e+10 2.100068780716587202e+00 4.837538901123780377e+00
3.478499999969765472e+10 1.746130938602566296e+00 4.800739761381457527e+00
3.478499999949073792e+10 1.524737922779382471e+00 4.565601335393877136e+00
3.478499999979614258e+10 1.597821875092057198e+00 4.785838183695199533e+00
3.478499999977671051e+10 1.915796884315230209e+00 4.999456265731391902e+00
3.478499999950814056e+10 1.659300016406641598e+00 5.095370433152220713e+00
3.478499999950527954e+10 1.650245332096382578e+00 5.478813199637316167e+00
3.478499999933618927e+10 1.716477254533053776e+00 5.816659055246993226e+00
3.478499999934889984e+10 1.661487180461284296e+00 5.437273944259466418e+00
3.478499999938344574e+10 1.759781019775791044e+00 5.068135095734754181e+00
3.478499999946822357e+10 1.720240359401696395e+00 4.696156407622552820e+00
3.478499999949397278e+10 1.720087359107216551e+00 4.313461283141198699e+00
3.478499999970026398e+10 1.646977918036561572e+00 3.998471004250709893e+00
3.478499999943310547e+10 1.629207458564717825e+00 3.723828014598909331e+00
3.478499999975685120e+10 1.824078375397096163e+00 3.658014779824077412e+00
3.478499999976110840e+10 1.850274436629069985e+00 3.275373713745073356e+00
3.478499999950150299e+10 1.974431434981826161e+00 3.528963418685546305e+00
3.478499999944364929e+10 1.676752017349021573e+00 3.763822633772976989e+00
3.478499999914209747e+10 1.503529215846401978e+00 3.602024568232638835e+00
3.478499999929894257e+10 1.476327074030459707e+00 3.950992890963308302e+00
3.478499999929277802e+10 1.576772978174058260e+00 3.580869745214526834e+00
3.478499999913115692e+10 1.264761780239064493e+00 3.427092750043762681e+00
3.478499999905938721e+10 1.432091957681439709e+00 3.089501547086523026e+00
3.478499999915253448e+10 1.718621273624663992e+00 2.852134128844564298e+00
3.478499999895066833e+10 2.014786625911769935e+00 2.988716028869879970e+00
3.478499999861771393e+10 1.974856752987651287e+00 2.802529522126694150e+00
3.478499999883731079e+10 2.048245279102400840e+00 3.108322437507311076e+00
3.478499999871611786e+10 2.015788777672748555e+00 2.745861030038269757e+00
3.478499999877872467e+10 2.392369906677481062e+00 2.708639020059986358e+00
3.478499999870697784e+10 2.207460653399733630e+00 3.036936908938611346e+00
3.478499999902163696e+10 2.193450902120481771e+00 2.818044268316112433e+00
3.478499999892090607e+10 1.862366009449656135e+00 2.983436544751330910e+00
3.478499999891484070e+10 1.772775517724085370e+00 3.356337707743567655e+00
3.478499999893579865e+10 1.395796166721093634e+00 3.288766575915581747e+00
3.478499999903646851e+10 1.081065107125633862e+00 3.483520333040253103e+00
3.478499999926432800e+10 7.737060196257418143e-01 3.510535618427430116e+00
3.478499999933085632e+10 8.334180805375428491e-01 3.883533569715332590e+00
3.478499999918800354e+10 9.591173012095385308e-01 4.216567795476683145e+00
3.478499999920555115e+10 9.216900564730488021e-01 3.835241337320861810e+00
3.478499999941710663e+10 6.023223964882877812e-01 3.816108129872570753e+00
3.478499999906349182e+10 6.246087246056900577e-01 3.669218847414976281e+00
3.478499999904304504e+10 3.879082456308410864e-01 3.970339120848159986e+00
3.478499999894299316e+10 4.143371169242113794e-01 4.339674932652729744e+00
3.478499999893143463e+10 5.833758593033591122e-01 3.995566240497649524e+00
3.478499999887369537e+10 2.043908617343996315e-01 3.983121918563289121e+00
3.478499999873856354e+10 1.432065270853109251e-01 3.629407168055446054e+00
3.478499999902104187e+10 2.686254112086234880e-01 3.402260561735081623e+00
3.478499999902081299e+10 2.225566377789622297e-01 3.021476953981647284e+00
3.478499999928379822e+10 4.538077530569132878e-01 2.865012778819803874e+00
3.478499999891892242e+10 4.697553667248123843e-01 2.982182502259711931e+00
3.478499999900690460e+10 4.988000235606463439e-01 3.354383973164043464e+00
3.478499999908423615e+10 4.204127921377677768e-01 3.721799451352952204e+00
3.478499999941104889e+10 4.633621721506316904e-01 3.525673303429891714e+00
3.478499999949146271e+10 6.439092401661248299e-01 3.854389712449027616e+00
3.478499999933838654e+10 9.955959894924322207e-01 3.856320782518310786e+00
3.478499999924802399e+10 8.610986560885163232e-01 4.203975607932661340e+00
3.478499999920932770e+10 1.074726059577135961e+00 3.887772770189202198e+00
3.478499999903604126e+10 1.096285035546491704e+00 4.229278744042570537e+00
3.478499999899666595e+10 1.110241499407759624e+00 4.610557364578744100e+00
3.478499999927980804e+10 9.280713455533289302e-01 4.794306300208012850e+00
3.478499999912056732e+10 7.363450521463359433e-01 4.502756416725990363e+00
3.478499999944689941e+10 9.102540420342308813e-01 4.604643319445879790e+00
3.478499999950491333e+10 5.568066687852355479e-01 4.741856488102729195e+00
3.478499999978325653e+10 4.497083247969713149e-01 4.983045882921254943e+00
3.478500000004122925e+10 1.664121328280614431e-01 5.000701074363753662e+00
3.478500000019797516e+10 3.034623828088933717e-01 4.678571846298829051e+00
