2.782800000000000000e+10 0.000000000000000000e+00 0.000000000000000000e+00
2.782799999971463394e+10 8.198831251776161899e-02 -1.706627639903041393e-01
2.782799999940353775e+10 1.987011138462616566e-01 -8.772176113368712613e-02
2.782799999949957275e+10 2.857254908821208472e-01 -4.047175191913834902e-01
2.782799999945948792e+10 1.476913836157247584e-01 -9.387679173247537312e-02
2.782799999924317551e+10 1.027203733184205436e-01 1.677896048805048723e-01
2.782799999926204300e+10 2.495590633563368188e-01 4.766009302165074013e-01
2.782799999895692444e+10 3.461296321083141558e-01 5.985009097405804557e-01
2.782799999891760635e+10 5.231039314763467063e-01 3.079563945382784995e-01
2.782799999919639206e+10 6.984355408477074256e-01 2.140489404431037412e-01
2.782799999921068192e+10 6.447472281711824627e-01 5.519770576092053460e-01
2.782799999921556091e+10 6.545889506457802653e-01 2.096886226174982104e-01
2.782799999895031738e+10 7.456812534109091839e-01 1.314559202946455341e-02
2.782799999928728104e+10 7.206444969168152026e-01 6.891013160220199607e-02
2.782799999917993164e+10 4.611303141478599876e-01 -1.270763107747137077e-01
2.782799999906119537e+10 3.571607908685293653e-01 1.768540445482602030e-01
2.782799999909664154e+10 3.209287003149813855e-01 -1.618389975691238991e-01
2.782799999907952499e+10 2.725915047940353220e-01 1.767649506133263104e-01
2.782799999939013290e+10 1.699480520674825912e-01 7.542801657835916662e-02
2.782799999965281677e+10 2.113033449600598135e-01 2.912283556638327053e-01
2.782799999960797119e+10 1.255426441472450305e-01 -3.727723115706710333e-02
2.782799999935532379e+10 6.782109410349521084e-02 -2.611520590927398633e-01
2.782799999944972229e+10 3.943638452763510438e-01 -2.194295564206349969e-01
2.782799999938635635e+10 3.776746140857192291e-01 1.167074929104134351e-01
2.782799999953731918e+10 6.716564936907132299e-01 2.688874275928765378e-02
2.782799999966769409e+10 9.667708880206855593e-01 -8.796535526251839099e-02
2.782799999993726349e+10 8.537904219595536803e-01 9.049832794326387320e-02
2.782799999987155151e+10 9.839737586947162606e-01 -2.193662480669445192e-01
2.782799999989392471e+10 6.558616700944503997e-01 -1.238471244371183722e-01
2.782799999983304596e+10 9.564980639866778045e-01 -2.761418748575397153e-01
2.782799999975568008e+10 1.289201938291316241e+00 -2.515497031896359870e-01
2.782799999995940781e+10 1.075150322611753806e+00 -4.246360881289125699e-01
2.782799999991463470e+10 1.083790161099511984e+00 -8.522080299317863483e-02
2.782799999997680283e+10 1.048556636891202709e+00 -4.201473038108173852e-01
2.782799999991186905e+10 1.080675870364093738e+00 -8.543233340255440567e-02
2.782799999988206863e+10 1.136154000021285304e+00 -4.220569849183262723e-01
2.782799999969429779e+10 1.376140009586540591e+00 -5.783615978481221331e-01
2.782799999969249344e+10 1.383867704366572360e+00 -9.207343166589294636e-01
2.782799999971680832e+10 1.327549062192362239e+00 -1.257660159504794262e+00
2.782799999961613846e+10 1.376928771697852438e+00 -9.340725327836414404e-01
2.782799999950497818e+10 1.670102742512469929e+00 -7.963240156318883711e-01
2.782799999920419312e+10 1.820585601278122967e+00 -8.608648556023464904e-01
2.782799999930082703e+10 1.715872872949315120e+00 -1.172280240055289413e+00
2.782799999930939102e+10 1.661820699238621302e+00 -8.342164837716214976e-01
2.782799999921073532e+10 1.727272638404085958e+00 -1.155565164942248924e+00
2.782799999923933411e+10 1.896856472821483397e+00 -1.451716456038230962e+00
2.782799999919372177e+10 1.559971722751677614e+00 -1.493069916199101010e+00
2.782799999893522263e+10 1.493077948181621428e+00 -1.707512558733000896e+00
2.782799999892321396e+10 1.522349682979745600e+00 -2.048512591614749745e+00
2.782799999925583649e+10 1.557390698611743174e+00 -1.974912419703448441e+00
2.782799999929109192e+10 1.401373544047946229e+00 -2.277728850105832592e+00
2.782799999963348770e+10 1.400833871643144324e+00 -2.284540111946626872e+00
2.782799999947107697e+10 1.558888958541256420e+00 -2.541295501748837005e+00
2.782799999955689621e+10 1.523180526451437755e+00 -2.870904594838683987e+00
2.782799999938866425e+10 1.757812602327603058e+00 -2.686710326192182752e+00
2.782799999945109177e+10 2.059127597190930192e+00 -2.837023905906371546e+00
2.782799999933172226e+10 2.287909734716317089e+00 -3.062172798426003428e+00
2.782799999946938324e+10 2.197171484864327784e+00 -3.362335790663769863e+00
2.782799999951955032e+10 2.003791885137263584e+00 -3.084182127441303933e+00
2.782799999952730179e+10 1.991183262396868603e+00 -3.426326817905043676e+00
2.782799999937220383e+10 1.868011148970392110e+00 -3.705711105318238996e+00
2.782799999936656189e+10 1.912143864271798943e+00 -3.366148860302056178e+00
2.782799999951000977e+10 1.820059623434459706e+00 -3.663175604628588822e+00
2.782799999933068085e+10 1.906169615218601843e+00 -3.941936698789723081e+00
2.782799999927259827e+10 1.924071806803595130e+00 -4.278965142814437961e+00
2.782799999919668579e+10 1.699562454704885539e+00 -4.031751211384606570e+00
2.782799999896891022e+10 1.525629363091155044e+00 -4.219226635111291479e+00
2.782799999887489700e+10 1.496655496829708332e+00 -3.891196263385763743e+00
2.782799999892379761e+10 1.455999201076684679e+00 -3.554687663046517621e+00
2.782799999918235779e+10 1.237829245746781881e+00 -3.607886375197961293e+00
2.782799999906149673e+10 1.314418646201798824e+00 -3.919028016455880170e+00
2.782799999915715027e+10 1.157490898134852619e+00 -3.630053405308245384e+00
2.782799999886427689e+10 1.038009953350135683e+00 -3.761322467289258231e+00
2.782799999893062210e+10 1.287639713898567573e+00 -3.536454848041306054e+00
2.782799999899014282e+10 9.785623680952799663e-01 -3.671401007439381026e+00
2.782799999866312027e+10 9.035497173614396305e-01 -3.602764223618527772e+00
2.782799999863612747e+10 1.224552892034544538e+00 -3.486530242645492272e+00
2.782799999859214783e+10 1.093774243108629918e+00 -3.173089855151345340e+00
2.782799999860483170e+10 1.076145162775623332e+00 -3.514865222506377673e+00
2.782799999871926498e+10 8.686162559579406750e-01 -3.762088091956136804e+00
2.782799999868521118e+10 1.094351217682037136e+00 -3.506811536562020493e+00
2.782799999867934036e+10 1.158363111347626262e+00 -3.843189429700085924e+00
2.782799999869944382e+10 1.350215982629886513e+00 -3.560222435831414067e+00
2.782799999847584915e+10 1.097320317329758321e+00 -3.502507609450298265e+00
2.782799999835642624e+10 1.040182174759847866e+00 -3.186667008326069972e+00
2.782799999866495514e+10 9.165607806748315989e-01 -3.104149465556743426e+00
2.782799999858991623e+10 7.899198806654254001e-01 -3.413363366178680636e+00
2.782799999842980957e+10 4.894473460249209595e-01 -3.376421944823341459e+00
2.782799999863749695e+10 4.695446861300894836e-01 -3.647996378102273063e+00
2.782799999845568848e+10 7.257309529522927294e-01 -3.511626794206454072e+00
2.782799999855620575e+10 6.947345720723853146e-01 -3.185716337608151871e+00
2.782799999861121368e+10 5.716306283729262194e-01 -2.870912074221339871e+00
2.782799999844921494e+10 8.211533653250099318e-01 -3.040548710560467605e+00
2.782799999831592560e+10 6.947958770060871370e-01 -3.329598933711552800e+00
2.782799999860174561e+10 6.664224754669939577e-01 -3.516100692142589690e+00
2.782799999879032135e+10 6.841059226912529212e-01 -3.230778992203267475e+00
2.782799999883780670e+10 7.141739310310999400e-01 -2.892957954815183808e+00
2.782799999886293411e+10 4.911631511773739134e-01 -3.151641061804026478e+00
2.782799999894132233e+10 3.445388083632676124e-01 -2.852243523252446344e+00
2.782799999868145370e+10 4.318608208961638439e-01 -2.646999826092181873e+00
2.782799999898163605e+10 4.735257929656336295e-01 -2.806490850939060699e+00
2.782799999929107285e+10 4.407952280361845387e-01 -2.663449879097229633e+00
2.782799999926116180e+10 2.807058899732833845e-01 -2.362187851879345324e+00
2.782799999926115799e+10 5.679926130357576541e-01 -2.548597062821679415e+00
2.782799999915575409e+10 5.738361038509667278e-01 -2.874385168319917749e+00
2.782799999894357681e+10 6.878374039689799657e-01 -2.630936620271536075e+00
2.782799999880336380e+10 7.087121368171845903e-01 -2.942684250394896672e+00
2.782799999886111069e+10 9.260299520119092964e-01 -3.200986734541078960e+00
2.782799999873119736e+10 1.022893659655164544e+00 -3.502685659630452975e+00
2.782799999884323883e+10 1.001616298154673013e+00 -3.825603346286537310e+00
2.782799999918531799e+10 9.883209186915697941e-01 -3.834989015445403826e+00
2.782799999946730423e+10 9.816550778961514734e-01 -3.640768990254297677e+00
2.782799999934127426e+10 9.962726932440294503e-01 -3.322673626209586839e+00
2.782799999937973022e+10 8.049966017553725761e-01 -3.041219228032894684e+00
2.782799999931559753e+10 4.866314522654260344e-01 -3.149905495683809953e+00
2.782799999906783676e+10 3.359858818204355391e-01 -2.967690349494747526e+00
2.782799999913008499e+10 3.482048084420097389e-03 -3.021062336107818158e+00
2.782799999914540100e+10 1.658089061601485115e-01 -2.719902191783662992e+00
2.782799999887493515e+10 3.678071414200070333e-01 -2.662230984996355687e+00
2.782799999877893829e+10 5.047890392810312488e-01 -2.961066310501442533e+00
2.782799999866413498e+10 4.306335554795712728e-01 -3.275077459407564007e+00
2.782799999860601044e+10 3.547973010187855381e-01 -2.946211849478967970e+00
2.782799999852671814e+10 6.368294341637699141e-01 -2.768862790836957188e+00
2.782799999842512512e+10 8.557001499900382946e-01 -2.525847309489996917e+00
2.782799999857635498e+10 7.904004125192837238e-01 -2.225600897934924660e+00
2.782799999848038101e+10 4.629871647921716682e-01 -2.255128387426627690e+00
2.782799999869658661e+10 2.088945617210024586e-01 -2.177833146624508665e+00
2.782799999875911713e+10 4.529585419331487173e-01 -1.945874503213816942e+00
2.782799999871983337e+10 4.461848227891234697e-01 -2.286011034286424604e+00
2.782799999838605881e+10 3.884042515888206926e-01 -2.235639899046516721e+00
2.782799999835760880e+10 2.984649872644665747e-01 -1.906423437272391164e+00
2.782799999824816132e+10 4.954167463023487761e-01 -2.164325578093826863e+00
2.782799999840896988e+10 3.641187538107146793e-01 -2.436693142714551730e+00
2.782799999814124298e+10 4.140448235741797101e-01 -2.644324958415903648e+00
2.782799999815925980e+10 6.380246633505917142e-01 -2.902763455468436504e+00
2.782799999802337646e+10 8.097870108138227607e-01 -2.639485819504640673e+00
2.782799999818640900e+10 9.711677993838196965e-01 -2.893767695772083037e+00
2.782799999816676712e+10 7.329174826786177821e-01 -3.138988225685161559e+00
2.782799999834529495e+10 8.146846881524961725e-01 -2.858410845063983352e+00
2.782799999856676102e+10 5.643584539765877928e-01 -2.933056837076067680e+00
2.782799999861502838e+10 4.879936273501863098e-01 -2.602722543837309832e+00
2.782799999856645584e+10 1.979273186364654546e-01 -2.778177562921139820e+00
2.782799999859394455e+10 3.956971910696066574e-02 -3.080583320652287682e+00
2.782799999826799393e+10 1.386086702742943821e-01 -3.045530830425204005e+00
2.782799999834201050e+10 -5.390388615778815562e-02 -3.318921136974261277e+00
2.782799999834167862e+10 -5.646722082125080200e-02 -2.976466215088164446e+00
2.782799999833914566e+10 -8.102692415112441870e-02 -2.634892705064273422e+00
2.782799999866501999e+10 -1.849018050885082864e-01 -2.617633055585319113e+00
2.782799999869062042e+10 -5.864301534055882392e-02 -2.300323449620519156e+00
2.782799999870677185e+10 5.403045613015514115e-02 -2.623318675059737259e+00
2.782799999843717194e+10 6.854122706156250133e-02 -2.412637980932016202e+00
2.782799999844755173e+10 1.727484568400022846e-01 -2.738698065727675601e+00
2.782799999864273834e+10 1.815248216150544269e-01 -2.457439118838137926e+00
2.782799999875009155e+10 -1.363040473815973763e-01 -2.388577090770829692e+00
2.782799999842766571e+10 -1.052162334144719491e-01 -2.499743785341385749e+00
2.782799999836203766e+10 -7.459681803549875201e-02 -2.165023671674618733e+00
2.782799999837156296e+10 -7.677332335622068238e-02 -2.507348942689000992e+00
2.782799999844911575e+10 -3.498850142555445797e-01 -2.315834412913809093e+00
2.782799999862177277e+10 -4.799203816329903338e-01 -2.050198978899246960e+00
2.782799999895219421e+10 -5.470807103594000909e-01 -2.110138966214180289e+00
2.782799999926591492e+10 -4.894944686500551367e-01 -1.985455163160526615e+00
2.782799999916530609e+10 -3.239948462248138372e-01 -1.703019114831129555e+00
2.782799999900373459e+10 -3.615959724230774497e-01 -1.403415053527030665e+00
2.782799999873346329e+10 -2.556755948625295538e-01 -1.221709389909821475e+00
2.782799999879114532e+10 -4.379268777483289465e-01 -1.505855749535871091e+00
2.782799999889861679e+10 -1.528989770471199106e-01 -1.349360136187464088e+00
2.782799999869202805e+10 -4.259023329877740793e-01 -1.340865205059127652e+00
2.782799999884066391e+10 -7.062649188681853207e-01 -1.469654714911398985e+00
2.782799999905633545e+10 -8.935104978223142869e-01 -1.280690283413981057e+00
2.782799999912244034e+10 -9.266479550564704626e-01 -1.615076729905055908e+00
2.782799999887836838e+10 -1.056112944798697217e+00 -1.817437442930549985e+00
2.782799999905688858e+10 -1.309549861450126418e+00 -1.962977615593141767e+00
2.782799999906604767e+10 -1.317606906335988981e+00 -2.305224924497947914e+00
2.782799999912393188e+10 -1.360437430044341589e+00 -2.640033597463639303e+00
2.782799999915710831e+10 -1.142369817094330608e+00 -2.902002670823168984e+00
2.782799999941804504e+10 -9.718603211605335579e-01 -3.043848658440467592e+00
2.782799999937863541e+10 -1.265061618290973300e+00 -2.871331794840010776e+00
2.782799999921268845e+10 -1.124824881291138778e+00 -3.136052421010586233e+00
2.782799999922619247e+10 -1.117089883762151681e+00 -3.478163387381465466e+00
2.782799999914132309e+10 -1.174105447569207428e+00 -3.151317488576992343e+00
2.782799999940374756e+10 -1.006231074340573572e+00 -3.293559133372004233e+00
2.782799999916256332e+10 -7.691654361961244302e-01 -3.239586901572563349e+00
2.782799999915576553e+10 -7.684275939955776957e-01 -3.581983342503939127e+00
2.782799999935848618e+10 -5.207525096694952671e-01 -3.460146657165542372e+00
2.782799999935998535e+10 -5.223538008283296064e-01 -3.117689001973252161e+00
2.782799999951699448e+10 -2.491149175235614077e-01 -3.251744281546170789e+00
2.782799999941130066e+10 -2.656235091915010171e-01 -2.926416494177974226e+00
2.782799999929335022e+10 -3.700944514952654307e-01 -2.622351339317744667e+00
2.782799999908636093e+10 -6.342931779912343027e-01 -2.690446622718049685e+00
2.782799999926517487e+10 -3.455521397062021882e-01 -2.734441915075041862e+00
2.782799999923406219e+10 -3.342496842192313466e-01 -3.075303206465119565e+00
2.782799999946197128e+10 -5.825886003505279520e-01 -3.014739873629841416e+00
2.782799999972248840e+10 -5.348819306412200270e-01 -3.231850712768156608e+00
2.782799999972357941e+10 -2.840150262297279071e-01 -3.464974419624433644e+00
2.782799999967597198e+10 -1.076279342002817441e-01 -3.754634758507696457e+00
2.782799999960827637e+10 -7.609800343164299652e-02 -3.420411710735263622e+00
2.782799999954545593e+10 3.979424888282252770e-02 -3.104335071135889024e+00
2.782799999928710556e+10 -1.713233714953921738e-01 -3.027085791538606241e+00
2.782799999943490982e+10 -4.642008433867365058e-01 -2.928809170427279618e+00
2.782799999937985992e+10 -6.068622199690374419e-01 -2.622379173177012746e+00
2.782799999936553574e+10 -5.198797254265798973e-01 -2.953303474436251630e+00
2.782799999910927582e+10 -4.699268913922796109e-01 -3.174928038213943093e+00
2.782799999937232208e+10 -3.901389690036651259e-01 -3.379189084056095194e+00
2.782799999955232239e+10 -1.510246923341525271e-01 -3.545640126233152056e+00
2.782799999956458664e+10 -1.702859336603253504e-01 -3.203937567183034130e+00
2.782799999981332016e+10 -3.632930526937039883e-01 -3.069168671648122793e+00
2.782800000013644791e+10 -4.767237606667398264e-01 -3.070869655747334281e+00
