5.565600000000000000e+10 0.000000000000000000e+00 0.000000000000000000e+00
5.565599999948732758e+10 3.123885992014426294e-01 -5.273531275870486645e-01
5.565599999906851959e+10 2.376249798017156800e-01 1.490589754632118957e-01
5.565599999926351929e+10 5.881788263167700426e-02 -6.049478121504020534e-01
5.565599999914673615e+10 1.508091539482769028e-01 1.801788911519411895e-01
5.565599999901850128e+10 2.294160218741492230e-01 -6.046140032122314656e-01
5.565599999838205719e+10 6.957288374931570596e-01 -4.780683059812701474e-01
5.565599999849540710e+10 1.285480144571049532e+00 4.906385919923572647e-02
5.565599999832142639e+10 1.444786872766718133e+00 -7.143989275757759438e-01
5.565599999769285583e+10 1.691026606354465223e+00 -2.868640132017941102e-01
5.565599999711589813e+10 1.480095446642955670e+00 -7.978942501554516786e-01
5.565599999742150879e+10 1.500483246245730928e+00 -5.984933865023411848e-02
5.565599999776633453e+10 9.833246755617678359e-01 4.423114683464349772e-01
5.565599999787843323e+10 1.368479479410277477e+00 1.133406733693060664e+00
5.565599999739029694e+10 2.000512160269423134e+00 1.161398676002910468e+00
5.565599999694293976e+10 2.558514241847559489e+00 1.517812830386522149e+00
5.565599999642577362e+10 1.959407096945092519e+00 1.407660375208319881e+00
5.565599999613112640e+10 2.541618810638554216e+00 9.464244783697768337e-01
5.565599999591340637e+10 1.782709719480961574e+00 1.069625496269597242e+00
5.565599999563375854e+10 1.966829011452231768e+00 1.795173853307779677e+00
5.565599999570341492e+10 1.870208653218733197e+00 1.005024341943016042e+00
5.565599999601998138e+10 1.351072957489075410e+00 1.523492934776799146e+00
5.565599999675643921e+10 1.064938692420511757e+00 1.643004605919307304e+00
5.565599999652458191e+10 1.653584281342772355e+00 2.131124639972504120e+00
5.565599999575087738e+10 1.846898520487155748e+00 2.181526749379863794e+00
5.565599999540182495e+10 2.539547845782176960e+00 2.373678523184628908e+00
5.565599999526416779e+10 2.223728683546363438e+00 1.652683748246494444e+00
5.565599999515628815e+10 2.397862259556358566e+00 2.425058840725832443e+00
5.565599999439254761e+10 2.458903903856866524e+00 2.651992142097890692e+00
5.565599999437734222e+10 2.169111137213491247e+00 3.396514064463897142e+00
5.565599999502928162e+10 2.593155965343045821e+00 3.212971568184562532e+00
5.565599999501184082e+10 2.351725036856495699e+00 3.974503450925265913e+00
5.565599999447084808e+10 2.104544114789697495e+00 4.508122020637246763e+00
5.565599999462374878e+10 1.375980825757734838e+00 4.798536019620438076e+00
5.565599999511810303e+10 1.379789708610758447e+00 5.426327034585115783e+00
5.565599999448338318e+10 1.845505578548823022e+00 5.563308056392375356e+00
5.565599999444487762e+10 1.839228597023849110e+00 6.361431933468131739e+00
5.565599999451760864e+10 2.383995689629894166e+00 6.941485682940802704e+00
5.565599999475793457e+10 2.707065554925005557e+00 6.251272875341473245e+00
5.565599999449831390e+10 2.435079309316749985e+00 6.956357577729183284e+00
5.565599999524088287e+10 2.142699789237407337e+00 6.996669860248117878e+00
5.565599999502703857e+10 2.521580817838262600e+00 7.666927019555573430e+00
5.565599999461994171e+10 2.424891585377684233e+00 8.347698572292163277e+00
5.565599999445354462e+10 2.152221350395189692e+00 9.080150359705831065e+00
5.565599999464135742e+10 2.165891069120708057e+00 8.303578529080313686e+00
5.565599999431649017e+10 1.444000270508922545e+00 8.194673668133718891e+00
5.565599999434687042e+10 1.344433746306178401e+00 8.986940824926080040e+00
5.565599999448055267e+10 1.398279084685921214e+00 8.200968447802980066e+00
5.565599999509786987e+10 1.871488467832062907e+00 8.017889871963582493e+00
5.565599999525355530e+10 2.536519879418227319e+00 7.603136908964930996e+00
5.565599999495530701e+10 2.952071585107125973e+00 8.217049207993230908e+00
5.565599999476215363e+10 3.667935538355728831e+00 8.514964910699001521e+00
5.565599999474640656e+10 3.719568538979761030e+00 7.717713389228719301e+00
5.565599999517169952e+10 4.313419533171853004e+00 8.041735128104386732e+00
5.565599999494370270e+10 5.051731725790820526e+00 8.245293117411973682e+00
5.565599999434823608e+10 4.585138402679884706e+00 8.502652057283988540e+00
5.565599999436557007e+10 4.606062130717127445e+00 9.301266794636816826e+00
5.565599999500279999e+10 4.926659131022244509e+00 9.661379438434007483e+00
5.565599999469442749e+10 4.706615160250878560e+00 8.957807729366042082e+00
5.565599999462681580e+10 4.744612145809027126e+00 8.162503873518335951e+00
5.565599999430137634e+10 4.281302978229446055e+00 7.598626638420748591e+00
5.565599999467901611e+10 4.194264325299403851e+00 8.297435925507574694e+00
5.565599999502909088e+10 4.665870237655056485e+00 8.839247987457566680e+00
5.565599999503652191e+10 4.695195209544193560e+00 8.040744004463695305e+00
5.565599999580794525e+10 4.494825806047001215e+00 7.983423546370878476e+00
5.565599999526487732e+10 4.628513906245440346e+00 7.412697513127787019e+00
5.565599999465677643e+10 4.246025206610099190e+00 7.762611608696292187e+00
5.565599999524333191e+10 4.041621648266620959e+00 8.265300444548604020e+00
5.565599999549417877e+10 4.728377456427744541e+00 8.587735444031785903e+00
5.565599999611267853e+10 4.614704257654691055e+00 9.080746361791938170e+00
5.565599999563848877e+10 4.674087960462739666e+00 9.721169925489245855e+00
5.565599999586856079e+10 4.702859859244656882e+00 8.956470920447722861e+00
5.565599999636044312e+10 4.150926251198070460e+00 9.259694466646132938e+00
5.565599999634783936e+10 3.749493961491431548e+00 9.950503440560623858e+00
5.565599999686132812e+10 4.217120595752162693e+00 1.034569820231910597e+01
5.565599999661441040e+10 4.122234276199987058e+00 1.109972178757591976e+01
5.565599999668211365e+10 3.363478531000490435e+00 1.085841373427968115e+01
5.565599999732104492e+10 3.275010408314220633e+00 1.038675610927350235e+01
5.565599999776358795e+10 2.693810863330333927e+00 1.006289103688504838e+01
5.565599999770603943e+10 3.012246799274805653e+00 9.332267540709032971e+00
5.565599999803381348e+10 2.491639267225036924e+00 9.842226579275639153e+00
5.565599999730845642e+10 2.802521468694706641e+00 9.716795518024500922e+00
5.565599999775764465e+10 2.159155783178082100e+00 9.867902746951822124e+00
5.565599999788893890e+10 1.609008680660159119e+00 9.303435875607080519e+00
5.565599999847015381e+10 2.022506161345885456e+00 9.663621493152316333e+00
5.565599999823620605e+10 2.686133418070323131e+00 1.004229270357037507e+01
5.565599999848638153e+10 2.648361356388981847e+00 1.080025675573519273e+01
5.565599999908115387e+10 2.654082597881073813e+00 1.133386708025856571e+01
5.565599999904809570e+10 3.159046040146991530e+00 1.195228671314378133e+01
5.565599999938108063e+10 3.239557779864350007e+00 1.267420265553695735e+01
5.565599999861654663e+10 3.402419507088592088e+00 1.283999479257246534e+01
5.565599999834020233e+10 2.682044717695363456e+00 1.263210729949212663e+01
5.565599999836167145e+10 2.727167620156345507e+00 1.342962019779965210e+01
5.565599999818657684e+10 2.442386046923838094e+00 1.270383452310991323e+01
5.565599999738963318e+10 2.500096377558755467e+00 1.271226804447511860e+01
5.565599999734748840e+10 2.633320397949259650e+00 1.192550295512148040e+01
5.565599999719992065e+10 2.598694597373409465e+00 1.271007237493121522e+01
5.565599999780892181e+10 3.025524571857487022e+00 1.300240958515192879e+01
5.565599999785540771e+10 2.845511452763325622e+00 1.222526223522796940e+01
5.565599999858194733e+10 2.995231551820034976e+00 1.192818798591295071e+01
5.565599999832839203e+10 3.595215343622003346e+00 1.239106283835116962e+01
5.565599999853649902e+10 2.972922196873390099e+00 1.284709618958444466e+01
5.565599999818832397e+10 3.567984847374526591e+00 1.244311558576443488e+01
5.565599999788208008e+10 2.844081496396366759e+00 1.229923622693203278e+01
5.565599999794979095e+10 2.951197481855255322e+00 1.308820088322344510e+01
5.565599999726065063e+10 3.166186810509386884e+00 1.274558483736518077e+01
5.565599999688562775e+10 3.081390870333570842e+00 1.344607752800195222e+01
5.565599999701722717e+10 2.906282651518325544e+00 1.267761005814185893e+01
5.565599999708120728e+10 3.591819392931580701e+00 1.227206121533047600e+01
5.565599999739116669e+10 3.832845655365525239e+00 1.157610583479645250e+01
5.565599999767285919e+10 3.755850088964462152e+00 1.231990929057213435e+01
5.565599999707453156e+10 3.985342309256893145e+00 1.184256334840936375e+01
5.565599999667475891e+10 3.302381766585378742e+00 1.195334100491941243e+01
5.565599999672516632e+10 3.141424024417970973e+00 1.273441412260921268e+01
5.565599999726309204e+10 2.882594544827673300e+00 1.220321993983085385e+01
5.565599999765554047e+10 2.352845262439400731e+00 1.265474112978318999e+01
5.565599999755373383e+10 2.297958360745899320e+00 1.344540292380896673e+01
5.565599999765125275e+10 3.090635411566150736e+00 1.347142375055203267e+01
5.565599999702243805e+10 3.088315218299346743e+00 1.396448692809345715e+01
5.565599999730493927e+10 2.814187163693822491e+00 1.326909431820816820e+01
5.565599999750279236e+10 2.513993124286273861e+00 1.255546799494473120e+01
5.565599999737356567e+10 3.284748243768588427e+00 1.272208277573863988e+01
5.565599999747460175e+10 3.323669211688221381e+00 1.193037509401631624e+01
5.565599999711911011e+10 3.342487608453715175e+00 1.121497768274637252e+01
5.565599999707939148e+10 3.430669315002814024e+00 1.042177506397143105e+01
5.565599999699277496e+10 3.190356182136218077e+00 1.117892146316689050e+01
5.565599999750492859e+10 2.621504909938245476e+00 1.094951533321851400e+01
5.565599999772808075e+10 2.187129950403208678e+00 1.031702267941019002e+01
5.565599999788754272e+10 2.945455811777668131e+00 1.051205532258886066e+01
5.565599999813343048e+10 2.956688554047518291e+00 1.127227744423927724e+01
5.565599999828646851e+10 2.739112272918691193e+00 1.202577890335105693e+01
5.565599999861635590e+10 3.099390740663413357e+00 1.265815476558329777e+01
5.565599999869213867e+10 3.006147076731792378e+00 1.186816363551920794e+01
5.565599999817891693e+10 3.600585050009358135e+00 1.172060487072819512e+01
5.565599999805009460e+10 3.561628154851419481e+00 1.250826706682708256e+01
5.565599999816040802e+10 3.623656885647876802e+00 1.329725857746394446e+01
5.565599999830213928e+10 4.065153197291563991e+00 1.264647626196928165e+01
5.565599999840849304e+10 4.765484867021076987e+00 1.301627151675194405e+01
5.565599999844265747e+10 4.831043920284335158e+00 1.222062177018040785e+01
5.565599999837133789e+10 4.360279147224623841e+00 1.286235202624986940e+01
5.565599999778710938e+10 3.905909885624818667e+00 1.256110303310140530e+01
5.565599999732394409e+10 3.664555831116627971e+00 1.195633084723900552e+01
5.565599999681434631e+10 4.253985699222909922e+00 1.213354326685262130e+01
5.565599999679859161e+10 4.210365600283402898e+00 1.293127306632665885e+01
5.565599999630982208e+10 4.286229950436926117e+00 1.230368314603685320e+01
5.565599999560041046e+10 4.578465959260801021e+00 1.252697360320331832e+01
5.565599999610282135e+10 4.193801284342016267e+00 1.203897591643808873e+01
5.565599999653777313e+10 4.446217683896643180e+00 1.265996481350440384e+01
5.565599999616840363e+10 4.863171531722128904e+00 1.208704520689074258e+01
5.565599999648022461e+10 5.129641173762422568e+00 1.277281984026768846e+01
5.565599999657054901e+10 4.596508467760062722e+00 1.218448702587079069e+01
5.565599999681455231e+10 5.210943914174700708e+00 1.173565086168228255e+01
5.565599999689929962e+10 5.256571092535175183e+00 1.252890982102054274e+01
5.565599999645395660e+10 5.679270634501438764e+00 1.201752374451936944e+01
5.565599999567878723e+10 5.821312857665127183e+00 1.214966145060716407e+01
5.565599999606514740e+10 5.421064516297695590e+00 1.272329200325941656e+01
5.565599999664126587e+10 5.569667664593328738e+00 1.218987838953749048e+01
5.565599999654967499e+10 6.277213261903360930e+00 1.254975985566587049e+01
5.565599999644924927e+10 6.394154694170408604e+00 1.176569175722332616e+01
5.565599999598719788e+10 6.983836631108162329e+00 1.148764739110195698e+01
5.565599999594570160e+10 7.759387241225244480e+00 1.167559138875783376e+01
5.565599999594138336e+10 8.415729193776241956e+00 1.213135493879303795e+01
5.565599999585445404e+10 9.202902962662905750e+00 1.202494094898446875e+01
5.565599999566398621e+10 9.051892446294107941e+00 1.278615227439428637e+01
5.565599999537345123e+10 9.770746371367817318e+00 1.297944912355377234e+01
5.565599999465019226e+10 9.449310246494887267e+00 1.308946237769049326e+01
5.565599999385616302e+10 9.515628121824878605e+00 1.302907961939081183e+01
5.565599999405405426e+10 8.941153146261907381e+00 1.354805970130440329e+01
5.565599999363246918e+10 9.397900983241175510e+00 1.405022505226494189e+01
5.565599999376760101e+10 9.879336912871606202e+00 1.342694195266948221e+01
5.565599999345468903e+10 9.165455430779561041e+00 1.325092589894005890e+01
5.565599999344783783e+10 9.160055881828524704e+00 1.245189666658576044e+01
5.565599999299488068e+10 9.322619685762488118e+00 1.181398902764442305e+01
5.565599999289012909e+10 9.278453827130254794e+00 1.260493825658459244e+01
5.565599999282974243e+10 9.326808885832646112e+00 1.180961481280141889e+01
5.565599999273136902e+10 8.870969457333599095e+00 1.116072535653861664e+01
5.565599999304093933e+10 9.098355146657750581e+00 1.186142804727023581e+01
5.565599999303662872e+10 9.867028587445435761e+00 1.164314756587348221e+01
5.565599999330657196e+10 9.374779266090758512e+00 1.221178357445670848e+01
5.565599999329331207e+10 9.736638463265792964e+00 1.292410787653087922e+01
5.565599999407037354e+10 9.581676264582402069e+00 1.282075475873266868e+01
5.565599999405345917e+10 1.031974804937666335e+01 1.312651255755932311e+01
5.565599999452684784e+10 1.089469126238342511e+01 1.341610860126147031e+01
5.565599999473892975e+10 1.066769555798415681e+01 1.267989059025829235e+01
5.565599999442372131e+10 1.074165935987325682e+01 1.341043768470410313e+01
5.565599999477885437e+10 1.003364373458832581e+01 1.330498519705459870e+01
5.565599999410244751e+10 1.014012741107113413e+01 1.289308914927110372e+01
5.565599999414894104e+10 1.001329357504395645e+01 1.210551339758284328e+01
5.565599999476841736e+10 1.051778258841367375e+01 1.212176342448510091e+01
5.565599999465505219e+10 1.074410537087114825e+01 1.136383854182136410e+01
5.565599999443298340e+10 1.136826567678173028e+01 1.181064024978028826e+01
5.565599999460978699e+10 1.126107501701586600e+01 1.258250396817360439e+01
5.565599999448093414e+10 1.113366073589220662e+01 1.336076264278945835e+01
5.565599999369562531e+10 1.105570952668607632e+01 1.323532917154790844e+01
5.565599999449063110e+10 1.097920691185950837e+01 1.320997944166763638e+01
5.565599999411579132e+10 1.168485769118927742e+01 1.321862456224362781e+01
5.565599999396332550e+10 1.229997328117559796e+01 1.370536045747540932e+01
5.565599999472185516e+10 1.242602550729422539e+01 1.348794387195373545e+01
5.565599999487622833e+10 1.316772363732859930e+01 1.323382600007886900e+01
5.565599999461799622e+10 1.285666041901995804e+01 1.254456600929993648e+01
5.565599999479152679e+10 1.362794107707036062e+01 1.242822102438071319e+01
5.565599999554026031e+10 1.383392646228197087e+01 1.261662365050429635e+01
5.565599999541604614e+10 1.381092085409749615e+01 1.340565217936844178e+01
5.565599999548178864e+10 1.379621156021733874e+01 1.260942048284890227e+01
5.565599999471690369e+10 1.373252248213243298e+01 1.283172593413930329e+01
5.565599999427153778e+10 1.376216890705561191e+01 1.349451847218316658e+01
5.565599999364418793e+10 1.376650674950636066e+01 1.398943001990206447e+01
5.565599999300492096e+10 1.356512739563340730e+01 1.442452478736814570e+01
5.565599999377955627e+10 1.336902430483116255e+01 1.442095733724533879e+01
5.565599999417407227e+10 1.285080645079680650e+01 1.488391890019316577e+01
5.565599999411064148e+10 1.231019017291902706e+01 1.546892682382322093e+01
5.565599999352346039e+10 1.210686066265314764e+01 1.496652913722810041e+01
5.565599999364458466e+10 1.250944499791260967e+01 1.564607186161556385e+01
5.565599999352210236e+10 1.280514620842232532e+01 1.491389466042806511e+01
5.565599999343004608e+10 1.248005150951536635e+01 1.563802390155215249e+01
5.565599999297396851e+10 1.264544701160088991e+01 1.627297421288662704e+01
5.565599999317321014e+10 1.214594028893122868e+01 1.568194130824953980e+01
5.565599999355287933e+10 1.175483331300578982e+01 1.626624544726742272e+01
5.565599999413030243e+10 1.205338276497363559e+01 1.580151345169540278e+01
5.565599999415996552e+10 1.187747819186633436e+01 1.658042384816241466e+01
5.565599999361840820e+10 1.133295978083420508e+01 1.635965082956582251e+01
5.565599999349331665e+10 1.142934938177338289e+01 1.557633438478366372e+01
5.565599999413719940e+10 1.149252920206137496e+01 1.604531808630685674e+01
5.565599999481692505e+10 1.121079733669643019e+01 1.573366343864459438e+01
5.565599999536933899e+10 1.063553361979298018e+01 1.568431758510355145e+01
5.565599999594760132e+10 1.037682668879637582e+01 1.617135392818039463e+01
5.565599999664612579e+10 1.003924884041579446e+01 1.636273542942452508e+01
5.565599999610277557e+10 9.637529572215960627e+00 1.678924725914573557e+01
5.565599999641003418e+10 1.000160866073651533e+01 1.743077725486688223e+01
5.565599999636963654e+10 1.065880110864740971e+01 1.697801909912274709e+01
5.565599999565502930e+10 1.050009426071277474e+01 1.729844448388221423e+01
5.565599999565858459e+10 1.055302190637075199e+01 1.650113032644394906e+01
5.565599999506500244e+10 1.094697860949889368e+01 1.686305015038699295e+01
5.565599999506093597e+10 1.093958792867642948e+01 1.606401783074051792e+01
5.565599999559287262e+10 1.089630607993874101e+01 1.546929301399537771e+01
5.565599999617594147e+10 1.047743915925846281e+01 1.511842757514023461e+01
5.565599999645937347e+10 1.107471945769325039e+01 1.466959868864999095e+01
5.565599999659957886e+10 1.148565936260896869e+01 1.534041460892801823e+01
5.565599999672899628e+10 1.111724144306195505e+01 1.603758228473355985e+01
5.565599999662463379e+10 1.134734944934976753e+01 1.527950444944160857e+01
5.565599999697309875e+10 1.094265492687780572e+01 1.468509655466016817e+01
5.565599999677641296e+10 1.089121131052186442e+01 1.391231524587435153e+01
5.565599999692199707e+10 1.162565829289919073e+01 1.419145143276495347e+01
5.565599999691493225e+10 1.100836919243195489e+01 1.469882515155859792e+01
5.565599999670161438e+10 1.083276312816769327e+01 1.544861237172371560e+01
5.565599999657409668e+10 1.090911764354300573e+01 1.466348022970680987e+01
5.565599999584201050e+10 1.058936047947453396e+01 1.468167466772878171e+01
5.565599999624478912e+10 1.116216999154223544e+01 1.506661790341909146e+01
5.565599999577539062e+10 1.054784162707684381e+01 1.486465047789838145e+01
5.565599999570363617e+10 9.767849120994984702e+00 1.470657662072082239e+01
5.565599999577936554e+10 9.813186039395176863e+00 1.391238914198377152e+01
5.565599999505448914e+10 1.006593798254616701e+01 1.369058289405498030e+01
5.565599999504913330e+10 1.056408830654758724e+01 1.431535597368586465e+01
5.565599999520823669e+10 1.010745253333166538e+01 1.495151103553630101e+01
5.565599999524524689e+10 1.008327545334952546e+01 1.415365797447491225e+01
5.565599999600318909e+10 1.027721080613719096e+01 1.399108081796605774e+01
5.565599999632541656e+10 1.071503770254752119e+01 1.457674539155915561e+01
5.565599999699532318e+10 1.028199280459109843e+01 1.452959407133139536e+01
5.565599999654386902e+10 1.078652052180014209e+01 1.495405126182714817e+01
5.565599999614966583e+10 1.141484819867517686e+01 1.525126211840391832e+01
5.565599999550042725e+10 1.131012272826236575e+01 1.479734450664983392e+01
5.565599999490161896e+10 1.080697326272531811e+01 1.463364816527718837e+01
5.565599999530540466e+10 1.012217248958667604e+01 1.455283872560218938e+01
5.565599999533118439e+10 1.012634097550933454e+01 1.375418861103038104e+01
5.565599999494599915e+10 1.012624584278030859e+01 1.445429853442312940e+01
5.565599999493614960e+10 9.402153170186037912e+00 1.411648707338217257e+01
5.565599999440441132e+10 8.894590777989339614e+00 1.442979053989660976e+01
5.565599999424693298e+10 8.531765558570215902e+00 1.512411239249038886e+01
5.565599999413514709e+10 8.483219197128983424e+00 1.433438351520512377e+01
5.565599999410311890e+10 8.427075081516164801e+00 1.353792508980120957e+01
5.565599999403671265e+10 8.269458281391749210e+00 1.275736703904103564e+01
5.565599999476451874e+10 7.956186146407699944e+00 1.286071039143008932e+01
5.565599999498532104e+10 7.505951864229920112e+00 1.223857022396655125e+01
5.565599999533825684e+10 7.668234712639494965e+00 1.154027048045979775e+01
5.565599999521829987e+10 6.917078039361526542e+00 1.178501193182610507e+01
5.565599999598785400e+10 7.109003411478466816e+00 1.188235925702965901e+01
5.565599999640521240e+10 7.620542031137193639e+00 1.143217961739205357e+01
5.565599999663441467e+10 7.451159617424758075e+00 1.217870377018021344e+01
5.565599999726107025e+10 7.770442885819172751e+00 1.179938715610920497e+01
5.565599999702330780e+10 7.556757029339616238e+00 1.106704197160274106e+01
5.565599999701557159e+10 7.540520254277952361e+00 1.026816753959355033e+01
5.565599999672402191e+10 8.015279363398969181e+00 9.695342623891280098e+00
5.565599999671994781e+10 7.660440450316333028e+00 8.979384111256068834e+00
5.565599999671499634e+10 7.640270308601355254e+00 8.180577213298185768e+00
5.565599999659383392e+10 6.856220174257508404e+00 8.085134359499253520e+00
5.565599999597551727e+10 6.460651098867874254e+00 7.769326741832519367e+00
5.565599999610636902e+10 7.155788455850732532e+00 8.141059595248322012e+00
5.565599999624743652e+10 6.528569722615173987e+00 7.666486277026754337e+00
5.565599999621486664e+10 6.073295305314859505e+00 7.010598972607452239e+00
5.565599999685350800e+10 6.168123237897600752e+00 7.481417366106906108e+00
5.565599999742906952e+10 5.777222156255843899e+00 7.874414542669571304e+00
5.565599999692514038e+10 5.303774305541431922e+00 8.274946505929991147e+00
5.565599999769401550e+10 5.503340109173889161e+00 8.188181375456762723e+00
5.565599999769378662e+10 5.434643026919699693e+00 8.984299764908318053e+00
5.565599999756443787e+10 6.111718332599861192e+00 8.580120425564556896e+00
5.565599999763124084e+10 6.092971392568749422e+00 9.376179259231678387e+00
5.565599999766994476e+10 5.990861809022188567e+00 8.584599026095558472e+00
5.565599999772452545e+10 5.798537516318163831e+00 9.358262862698614626e+00
5.565599999821541595e+10 5.800003444070304326e+00 9.988775914053878324e+00
5.565599999840485382e+10 6.430079885646403426e+00 1.044225160469796876e+01
5.565599999865399170e+10 6.566182243465195967e+00 9.695304236498436978e+00
5.565599999916918945e+10 6.718376343139857099e+00 1.028685272837938669e+01
5.565599999913778687e+10 6.713546264328849489e+00 9.488407876381772965e+00
5.565599999970692444e+10 7.132262643410510528e+00 9.115206824697512644e+00
5.565600000045802307e+10 7.397608155988461220e+00 9.052196439996649246e+00
