2.087100000000000000e+10 0.000000000000000000e+00 0.000000000000000000e+00
2.087100000000189209e+10 -3.768779512934335944e-03 3.160931370349485126e-01
2.087099999980759430e+10 -1.157681765304777732e-01 5.388854914436683741e-01
2.087099999959363174e+10 3.293509890261903106e-02 3.598873293599940126e-01
2.087099999944577789e+10 2.826537627277284637e-01 4.852375574380614065e-01
2.087099999968826675e+10 2.012411292674690655e-01 6.709917694033943336e-01
2.087099999983270264e+10 4.749396641285938969e-01 7.354916992349465055e-01
2.087099999983496475e+10 4.773304724372591790e-01 1.051595849236544922e+00
2.087099999990508270e+10 2.063954506663892574e-01 9.045904019507339244e-01
2.087099999989617920e+10 1.329709630069804138e-01 1.211937526424679223e+00
2.087099999976998138e+10 4.226947343100955767e-01 1.220143506678732948e+00
2.087099999977215958e+10 4.465082515130142649e-01 1.535359050056894548e+00
2.087099999991181183e+10 5.487797749766695210e-01 1.270839121150689310e+00
2.087099999995473099e+10 6.067074015246347596e-01 1.578629851659654415e+00
2.087100000000084686e+10 6.440481631443316646e-01 1.889132240211421676e+00
2.087100000014197159e+10 7.706770725923232090e-01 2.142077464155272448e+00
