1.391400000000000000e+10 0.000000000000000000e+00 0.000000000000000000e+00
1.391400000001652145e+10 -1.070478181979429011e-01 -2.793956083073991792e-01
1.391399999997537231e+10 1.878910906261437308e-01 -2.460502058465993402e-01
1.391399999992615509e+10 2.774652488794553951e-01 -5.277383960940770224e-01
1.391399999984378624e+10 4.320670511284474546e-01 -7.708593421814343705e-01
1.391399999976102638e+10 2.046346333301075626e-01 -9.475498282277121653e-01
1.391399999985622215e+10 1.805425721573239162e-01 -6.644392326431438622e-01
1.391399999995424080e+10 2.610935061691603831e-01 -3.929653329689681840e-01
1.391399999994639969e+10 4.551846022952152904e-01 -6.211347110478186995e-01
1.391399999977451134e+10 2.107696521507315124e-01 -6.437197854500826821e-01
1.391399999998380089e+10 1.555242682991308245e-01 -8.509384093349414702e-01
1.391399999981007767e+10 5.632266778135809615e-02 -6.278392572459802201e-01
1.391399999965548325e+10 -2.003397211615643436e-01 -6.322205055811882524e-01
1.391399999938981247e+10 -1.319102993696793513e-01 -5.116772707403192122e-01
1.391399999963702583e+10 -2.823727049611541862e-01 -5.894021719321720365e-01
1.391399999958846664e+10 -1.873041671544117270e-01 -3.094056574853505936e-01
1.391399999954431915e+10 -2.784714480545405491e-01 -2.738855155872615965e-02
1.391399999965880394e+10 -5.289462213206076457e-01 -1.454983120996234947e-01
1.391399999947179794e+10 -6.259400432893305055e-01 6.760962561063221798e-02
1.391399999946126366e+10 -6.496269215162339128e-01 3.661427913104663423e-01
1.391399999973070717e+10 -5.721425271709794647e-01 4.719290667463258426e-01
1.391399999968408775e+10 -4.733679432409164667e-01 7.509708216909598555e-01
1.391399999960480499e+10 -2.054619319480499029e-01 6.426432681895350996e-01
1.391399999964458847e+10 -1.325895281699069062e-01 9.305685264969252302e-01
1.391399999967561913e+10 -8.325992783889869797e-02 6.366334573817705733e-01
1.391399999981877136e+10 -1.021311782556598990e-01 3.740585546555426633e-01
1.391399999983449936e+10 -8.606596447982764464e-02 6.728705640647368869e-01
1.391399999972422981e+10 -1.184675986002811654e-02 9.414341702790386401e-01
1.391399999982356262e+10 4.376729516126341701e-02 1.218623660616022564e+00
1.391399999978020477e+10 3.149191330556785906e-01 1.098661918187807007e+00
1.391399999968386650e+10 4.124450489937292463e-01 1.365123491923539323e+00
1.391399999992738724e+10 2.402009084416498741e-01 1.393830433556965787e+00
1.391399999988263321e+10 -1.228811686102143641e-02 1.548880389736178476e+00
1.391399999961739349e+10 -1.002374115375316288e-01 1.440682162490049434e+00
1.391399999953579330e+10 -2.431153238472776867e-01 1.190239638404484657e+00
1.391399999953405762e+10 -3.542239261385553006e-01 1.468530795849033233e+00
1.391399999946336746e+10 -4.772933063695452005e-01 1.732445375919905439e+00
1.391399999918087006e+10 -5.371332401864524764e-01 1.652394585514809000e+00
1.391399999917927361e+10 -4.483481948354060553e-01 1.938591666272909242e+00
1.391399999921267891e+10 -4.904110360917213751e-01 1.643788507231620066e+00
1.391399999917733383e+10 -2.238635166914351160e-01 1.511511310452786194e+00
1.391399999909748650e+10 -4.527259986940544434e-01 1.335328007061280742e+00
1.391399999919008827e+10 -7.254106989915749537e-01 1.418164896607461145e+00
1.391399999897168922e+10 -7.515679458960804471e-01 1.621663625029452493e+00
1.391399999895186615e+10 -9.819690500740554384e-01 1.431094756774053955e+00
1.391399999894020844e+10 -1.186517340197524195e+00 1.649768511135863536e+00
1.391399999910730362e+10 -1.137402869008319772e+00 1.405922406893368004e+00
1.391399999911622238e+10 -1.124198986802832145e+00 1.705155139750056392e+00
1.391399999932351494e+10 -1.240500439925587006e+00 1.887631386384663656e+00
1.391399999941042137e+10 -9.930841032183759243e-01 2.032636237084255004e+00
1.391399999940906906e+10 -9.936617271943455343e-01 1.732983204893193241e+00
1.391399999955221558e+10 -8.702948459821484573e-01 1.965542656633472385e+00
1.391399999930621910e+10 -9.957496302943820154e-01 1.849177645283349269e+00
1.391399999947976112e+10 -9.829877494148739903e-01 1.605221855280642540e+00
1.391399999945335960e+10 -1.281038818005769242e+00 1.589017549975362487e+00
1.391399999948801804e+10 -9.908676765395658670e-01 1.655301622601117906e+00
1.391399999934915924e+10 -9.214995058771083825e-01 1.911622791821952161e+00
1.391399999917404747e+10 -8.629103759556774333e-01 1.675619561119199963e+00
1.391399999932740593e+10 -6.170243389871246098e-01 1.599362708091482510e+00
1.391399999962170792e+10 -6.580742349924944001e-01 1.638035529765838882e+00
1.391399999946364975e+10 -6.337295749705342818e-01 1.891450017181224075e+00
1.391399999958154297e+10 -6.127050598218940491e-01 2.166137331301143831e+00
1.391399999963651466e+10 -8.829514566061897884e-01 2.048923827191124758e+00
1.391399999982521057e+10 -1.086333102280358620e+00 2.162167319539901822e+00
1.391400000004039955e+10 -1.294369138381727069e+00 2.176627620808528008e+00
1.391399999990930367e+10 -1.156516504899701703e+00 1.945100547686378079e+00
1.391399999985659790e+10 -1.438254093483616547e+00 1.857692305124513554e+00
1.391399999969608116e+10 -1.212901312190444170e+00 1.972777936450561542e+00
1.391399999998727417e+10 -1.239715707738009876e+00 1.907341336465631976e+00
1.391400000010010338e+10 -1.456511352623425237e+00 2.080729495598907075e+00
