1.391400000000000000e+10 0.000000000000000000e+00 0.000000000000000000e+00
1.391400000002256775e+10 -1.854421234434874832e-01 -2.342990477691685725e-01
1.391399999996458244e+10 -5.597718803722484537e-02 2.965283625057749117e-02
1.391399999990553093e+10 1.107198733585309514e-01 2.715600216314510984e-01
1.391399999976230240e+10 2.677563133327359735e-01 6.032724491563717928e-02
1.391400000001116562e+10 2.699668301572145657e-01 -1.065753797386612134e-01
1.391399999973309898e+10 3.408836845676111449e-01 -2.029643883829661266e-02
1.391399999957360458e+10 5.376028777984029894e-01 1.398819251141504294e-01
1.391399999984562111e+10 4.122911196981843274e-01 1.498020361283328716e-01
1.391399999987656784e+10 3.183260822978531968e-01 -1.330530600146241915e-01
1.391400000011670494e+10 4.324879774983422798e-01 -2.712401670611577775e-01
