4.869900000000000000e+10 0.000000000000000000e+00 0.000000000000000000e+00
4.869899999944734955e+10 3.433510851694716870e-02 -1.075319098389043576e-01
4.869899999943841553e+10 5.934378395992838673e-01 -1.815984368683020156e-01
4.869899999897949982e+10 2.663352197229407192e-01 -2.053704186187828018e-01
4.869899999942688751e+10 5.857487549051760833e-01 -3.317839859457351048e-01
4.869899999937357330e+10 6.149213847307721803e-02 -1.306014388820589400e-01
4.869899999978585815e+10 -4.042045319939203962e-02 2.406075278168837706e-01
4.869899999982224274e+10 1.784049070340899545e-01 -2.779992991822436421e-01
4.869899999972286987e+10 3.888297617004770057e-01 2.358173062740431813e-01
4.869899999945984650e+10 8.862149595662167645e-01 1.959767745153312979e-01
4.869899999941333771e+10 8.551771270499090027e-01 7.572564504976200261e-01
4.869899999926435089e+10 1.389529864970368234e+00 6.551210702092286065e-01
4.869899999880318451e+10 1.094907791078659542e+00 7.918143959593783032e-01
4.869899999878987885e+10 1.128414234844837383e+00 1.354719154438418283e+00
4.869899999907098389e+10 1.341395003520558404e+00 1.794925901701821536e+00
4.869899999875354004e+10 1.249067603268811055e+00 2.251945404903039183e+00
4.869899999822529602e+10 1.423975416866389843e+00 2.344265806019574239e+00
4.869899999858427429e+10 1.206318086798619849e+00 2.720993727906193982e+00
4.869899999869471741e+10 6.915651899845898232e-01 2.518524770084586972e+00
4.869899999888754272e+10 9.413708724043097220e-01 2.051001622269429170e+00
4.869899999883676147e+10 1.140290508258068547e+00 2.576371992030459968e+00
4.869899999912171936e+10 7.419950983288075008e-01 2.296510806337359156e+00
4.869899999866368103e+10 9.314216867717780568e-01 2.027283269149966927e+00
4.869899999829929352e+10 1.357561623906208936e+00 1.965734454593334402e+00
4.869899999825508118e+10 1.262590845154232255e+00 2.519979552517877863e+00
4.869899999774552917e+10 1.163341081554879697e+00 2.299370836491402947e+00
4.869899999778550720e+10 1.225804592371786406e+00 1.740209482311376288e+00
4.869899999740475464e+10 1.523525791533322238e+00 1.449435993713259041e+00
4.869899999756344604e+10 1.614038922809059029e+00 9.157816131949932936e-01
4.869899999721835327e+10 1.369343932574617506e+00 5.426919576803144185e-01
4.869899999705606079e+10 1.713456866363560316e+00 9.591164277362247415e-01
4.869899999653423309e+10 1.591817326645090569e+00 1.135357186706981381e+00
4.869899999634930420e+10 1.417993355201812467e+00 6.316233178222949718e-01
4.869899999645143127e+10 1.111626012022734145e+00 1.691614393009977513e-01
4.869899999592884064e+10 1.173696128059182442e+00 3.721582188340004649e-01
4.869899999601141357e+10 1.171260005675911486e+00 -1.858181381729230308e-01
4.869899999592054749e+10 1.725477797148322168e+00 -1.333978334687598022e-01
4.869899999619101715e+10 1.828604639354315164e+00 -6.175177687682660288e-01
4.869899999662628937e+10 1.925668813932279289e+00 -9.628859155542623949e-01
4.869899999689408875e+10 1.429719140512435427e+00 -9.410227136393722880e-01
4.869899999641407776e+10 1.494875572995344459e+00 -1.229994662656746174e+00
4.869899999624827576e+10 1.314794328091078546e+00 -1.738169420894079220e+00
4.869899999576647949e+10 1.247657907868364724e+00 -2.023695003434580642e+00
4.869899999547585297e+10 1.375198813641414608e+00 -2.489990380129985859e+00
4.869899999505651093e+10 1.012503669722146338e+00 -2.593753816149038993e+00
4.869899999493804169e+10 1.297972286364193373e+00 -2.121913124542541329e+00
4.869899999451584625e+10 1.443697599094090345e+00 -2.466411558259290704e+00
4.869899999413014221e+10 1.734805861045652708e+00 -2.757362023459412281e+00
4.869899999459369659e+10 1.921700630818760303e+00 -3.018801346776726291e+00
4.869899999466125488e+10 2.127934369585417596e+00 -3.539440605857342437e+00
4.869899999481906128e+10 1.721239085163934091e+00 -3.181867742096784468e+00
4.869899999434770966e+10 1.421289338395750779e+00 -3.259472987087513651e+00
4.869899999467489624e+10 1.471946563217034543e+00 -3.716138342792648430e+00
4.869899999484403229e+10 1.229864752138870809e+00 -4.196712473768527296e+00
4.869899999538964844e+10 1.157722736014711318e+00 -4.073194788744838313e+00
4.869899999547251892e+10 1.229796875749622709e+00 -4.626457577688041667e+00
4.869899999590068817e+10 1.109288687119954986e+00 -4.279599978202224264e+00
4.869899999634964752e+10 8.167979187355127735e-01 -4.455802830525452229e+00
4.869899999683464813e+10 6.913366987652794782e-01 -4.196583062606316084e+00
4.869899999734120941e+10 5.286281435883385393e-01 -4.383893205753389921e+00
4.869899999743007660e+10 9.434000595687395130e-01 -4.012101939091704317e+00
4.869899999732343292e+10 3.970895229006191629e-01 -3.920809762984413194e+00
4.869899999776539612e+10 6.910446072918267069e-01 -4.111642881338224420e+00
4.869899999772746277e+10 5.431002124124592045e-01 -4.654629796596838176e+00
4.869899999774142456e+10 5.286718933658962616e-01 -5.218330556967877953e+00
4.869899999815923309e+10 8.283121499586767467e-01 -5.450303321804868872e+00
4.869899999818965149e+10 9.991736452771308175e-01 -4.913607154790104126e+00
4.869899999807200623e+10 1.494315833811890926e+00 -4.670387321151923565e+00
4.869899999862151337e+10 1.479126072259287605e+00 -4.544013565168961932e+00
4.869899999873376465e+10 1.453870782760448455e+00 -3.991815172721467686e+00
4.869899999845664215e+10 1.535802919750529849e+00 -3.507407486698761900e+00
4.869899999892895508e+10 1.686735659056448178e+00 -3.238519195692074248e+00
4.869899999914247131e+10 1.995659853725610500e+00 -2.817642288505115999e+00
4.869899999960739136e+10 1.826458580442894108e+00 -2.546752675433089586e+00
4.869899999969512177e+10 1.809526292314879381e+00 -3.103689631090827739e+00
4.869899999991085815e+10 1.815635471668385348e+00 -2.582554663487757196e+00
4.869900000003105927e+10 2.210239860559194192e+00 -2.197845330924342200e+00
4.869899999953282166e+10 1.986654541062917501e+00 -2.056657440947802229e+00
4.869899999948376465e+10 2.425763108803605572e+00 -2.407283062961739439e+00
4.869899999995175934e+10 2.382023130079904405e+00 -2.719102210521482821e+00
4.869899999966235352e+10 2.861507734267618286e+00 -2.786175375372125895e+00
4.869899999963077545e+10 3.303884299980317074e+00 -3.134697356427786019e+00
4.869899999938912964e+10 3.348184508215947819e+00 -3.642444003042328848e+00
4.869899999910560608e+10 3.301044093887657294e+00 -3.157106240057400370e+00
4.869899999941090393e+10 3.018899722659512896e+00 -2.775862026230498270e+00
4.869899999933847046e+10 3.514849658952031497e+00 -3.034606492154379165e+00
4.869899999923765564e+10 3.849437547313548258e+00 -2.591831901213727640e+00
4.869899999921863556e+10 4.056546949521213641e+00 -2.067517566441864574e+00
4.869899999892806244e+10 4.324244677533002346e+00 -2.470090974809505013e+00
4.869899999909317017e+10 4.851555301671756304e+00 -2.356756655524503419e+00
4.869899999896987152e+10 4.446550202866837331e+00 -2.729490445955077504e+00
4.869899999916772461e+10 4.482092314136659539e+00 -3.256511492428261434e+00
4.869899999930176544e+10 4.768541085274467406e+00 -3.723567007140718310e+00
4.869899999911210632e+10 4.830624490571369556e+00 -4.251142428064810019e+00
4.869899999950409698e+10 5.068275459901324886e+00 -4.579815729183778217e+00
4.869900000002439117e+10 5.274796999673843523e+00 -4.649157476856461635e+00
4.869900000022222137e+10 5.692666422183990882e+00 -4.972280816660341607e+00
