3.478500000000000000e+10 0.000000000000000000e+00 0.000000000000000000e+00
3.478499999983710480e+10 2.698927365939705059e-01 -2.184983231305012708e-01
3.478499999963717651e+10 3.657744943651011216e-01 -5.314720495062859040e-01
3.478499999940766907e+10 6.479716811936919729e-02 -4.693702246348645524e-01
3.478499999923088837e+10 5.473968303610605296e-02 -1.291267958125743576e-01
3.478499999906112671e+10 -2.028585318718432173e-01 -3.570359957605963586e-01
3.478499999898590851e+10 -4.249058488734295813e-01 -5.346396228590633015e-02
3.478499999871452332e+10 -5.615576723457088582e-01 1.806158094196702590e-01
3.478499999898672485e+10 -3.009582160446317989e-01 1.091004982407936530e-01
3.478499999908499908e+10 -5.041897085333874040e-02 -1.641957297176118158e-01
3.478499999887096405e+10 1.920925251870610195e-01 4.195102011091775274e-02
3.478499999915809631e+10 -4.186437321616179319e-02 -5.772684075022876948e-02
3.478499999938822937e+10 7.198118682500344312e-03 -3.606275871144877798e-01
3.478499999916735840e+10 -2.826329632225162980e-01 -4.803461433547778769e-01
3.478499999888389587e+10 -2.939672823050448747e-01 -2.222007310151647985e-01
3.478499999917509460e+10 -3.207329334813736610e-01 -4.704052134114174999e-01
3.478499999917205811e+10 -3.091605884625074352e-01 -8.703152253844970154e-02
3.478499999930474091e+10 -5.102518729148651788e-01 2.114234416911423553e-01
3.478499999912242889e+10 -3.443544332412847297e-01 -8.244670754185523531e-02
3.478499999913150024e+10 -5.786478066444808999e-01 2.211036845065901812e-01
3.478499999916185760e+10 -5.444231374501528054e-01 6.019262502422233485e-01
3.478499999913984680e+10 -2.708766139670043538e-01 8.698935377175980310e-01
3.478499999949826050e+10 -1.970769818596442291e-01 9.848335501657135005e-01
3.478499999968566895e+10 -4.626843162837451784e-02 1.283588500386864117e+00
3.478499999960034943e+10 2.615862181445481327e-01 1.495872072013393783e+00
3.478499999941202545e+10 4.256724522103332298e-01 1.786951784594733361e+00
3.478499999967387390e+10 3.564891702844394938e-01 2.058556778727147041e+00
3.478499999938697052e+10 2.451848886529710836e-01 2.287501609120370372e+00
3.478499999912747192e+10 1.877614520519687580e-01 2.564057207362842483e+00
3.478499999909513855e+10 2.618640917591844586e-01 2.938999426184496944e+00
3.478499999872758484e+10 2.733485438931610445e-01 2.829959683259197334e+00
3.478499999877500153e+10 4.489851818250286120e-01 2.492287800789005470e+00
3.478499999881490326e+10 1.933088812448189309e-01 2.775406181921614035e+00
3.478499999902071381e+10 1.535915592740033642e-01 3.096627613271376145e+00
3.478499999918865967e+10 2.122265140118159699e-02 2.778208012514892467e+00
3.478499999942070007e+10 2.490296716497849075e-02 3.083597585269302499e+00
3.478499999913290405e+10 -1.725422796096730549e-01 2.924520694710724733e+00
3.478499999912839508e+10 -1.640828276513316697e-01 2.541080146656754746e+00
3.478499999896847534e+10 -1.372744039478940858e-01 2.193479574781750596e+00
3.478499999921477509e+10 -1.113816696208870249e-01 1.900588517698540647e+00
3.478499999938890839e+10 -1.176136704798077109e-01 1.558891070329393891e+00
3.478499999953126526e+10 -1.644752115586153030e-01 1.911960512853694727e+00
3.478499999918509674e+10 -7.182087771103065621e-02 1.775208118158869031e+00
3.478499999955295563e+10 -1.627086928038489755e-01 1.715728865165905281e+00
3.478499999955735016e+10 -1.672241379955988483e-01 2.099237497119440299e+00
3.478499999933806610e+10 -4.092181345949560400e-01 2.300417372645287895e+00
3.478499999942488098e+10 -5.526210920135185001e-01 1.955429118045273640e+00
3.478499999943624115e+10 -2.981583115137350082e-01 2.242201126323573490e+00
3.478499999926448822e+10 -1.163616684292051451e-01 2.533008893969820097e+00
3.478499999951323700e+10 -4.033667599641572177e-01 2.479428306145381899e+00
3.478499999940403748e+10 -7.333035823933296005e-01 2.317146494248699895e+00
3.478499999949029541e+10 -7.313738821687080227e-01 2.690876633292112796e+00
3.478499999947731018e+10 -5.354153756723590840e-01 3.020346119513626082e+00
3.478499999940417480e+10 -6.146453133585386697e-01 3.388438713148906878e+00
3.478499999942400360e+10 -3.197098826496934110e-01 3.632853278671779318e+00
3.478499999920631409e+10 -1.317960469843564852e-01 3.886658479435232127e+00
3.478499999925409698e+10 -4.393103765192303833e-01 3.662447826698525422e+00
3.478499999955216980e+10 -6.684218223057446506e-01 3.586437810356052136e+00
3.478499999964274597e+10 -1.033389548472130937e+00 3.662020535237082708e+00
3.478499999939818573e+10 -8.488736641432311769e-01 3.431233242025065522e+00
3.478499999904540253e+10 -6.983461246208189088e-01 3.432806977089677414e+00
3.478499999942074585e+10 -7.394467617883930810e-01 3.365395972877554875e+00
3.478499999928862762e+10 -5.910989897932952264e-01 3.037285439322984004e+00
3.478499999932152557e+10 -3.194153611029757478e-01 3.306031422770828954e+00
3.478499999950065613e+10 -4.740137825064603128e-01 3.607909531285407922e+00
3.478499999969365692e+10 -7.248552764205428156e-01 3.391234917057289522e+00
3.478499999996266174e+10 -9.669806965881873051e-01 3.264227563167918955e+00
3.478499999987343597e+10 -1.062294256152237937e+00 3.624882927024191126e+00
3.478499999978292084e+10 -8.169428148387991584e-01 3.344298455310243945e+00
3.478499999984509277e+10 -8.544967065405855156e-01 2.967678461726420025e+00
3.478499999977569580e+10 -1.224351256483038330e+00 3.041912606153665877e+00
3.478499999997664642e+10 -1.521376197358066396e+00 2.905846876045422800e+00
3.478499999994385529e+10 -1.219579564893840784e+00 2.671406669971915004e+00
3.478500000016830444e+10 -1.153174453749541861e+00 2.367544992554932559e+00
