5.565600000000000000e+10 0.000000000000000000e+00 0.000000000000000000e+00
5.565599999966038513e+10 4.297429831531356381e-01 5.818132767540553640e-01
5.565599999944546509e+10 5.109509151838109720e-03 -6.007444988293753063e-02
5.565599999898548889e+10 2.388803311177755129e-01 5.500888483434273057e-01
5.565599999926962280e+10 4.920483290249984543e-01 1.252724720786472901e+00
5.565599999860588074e+10 6.521575164276578462e-01 8.375912466482424712e-01
5.565599999912582397e+10 1.095740068361886976e+00 4.235650271334840955e-01
5.565599999853215027e+10 6.739488648300855367e-01 7.524474596966470585e-01
5.565599999905893707e+10 4.435358890740189186e-01 1.307363381450312945e+00
5.565599999872615051e+10 8.015433204092672348e-01 6.752177716262213192e-01
5.565599999843051147e+10 3.441173038135176276e-01 1.259926997844036611e+00
5.565599999841050720e+10 1.526592575091146320e-01 2.035470254500655329e+00
5.565599999878250885e+10 5.320270975181056183e-01 1.438627443624965974e+00
5.565599999952618408e+10 3.146171979541496633e-01 1.634071463265873492e+00
5.565599999947142029e+10 2.657511041567307553e-01 2.429770329532181528e+00
5.565599999963461304e+10 9.086785252331548435e-01 2.875345258853556185e+00
5.565599999933470154e+10 1.642442482288197336e+00 2.774519887388373185e+00
5.565599999951367950e+10 1.113583883281479947e+00 3.346183692612370919e+00
5.565599999892822266e+10 1.008212582644177679e+00 2.812650262216641384e+00
5.565599999826290894e+10 1.443068130008793748e+00 2.730276405266346185e+00
5.565599999791721344e+10 2.019638940530542826e+00 2.298323634953515437e+00
5.565599999775549316e+10 1.676490206133654626e+00 3.001614702090756648e+00
5.565599999747171021e+10 1.645089446390757271e+00 2.255286134452476610e+00
5.565599999804261780e+10 1.187138516660312781e+00 2.576024100440220455e+00
5.565599999815850067e+10 1.142410144468639199e+00 3.365387508005472039e+00
5.565599999809281158e+10 8.701381395072902425e-01 2.617004692707907143e+00
5.565599999806703186e+10 1.649326417936992861e+00 2.792290172691216821e+00
5.565599999854589081e+10 2.268891408167362123e+00 2.633051105503497080e+00
5.565599999833943176e+10 2.128115823090992897e+00 3.392050128502611450e+00
5.565599999836747742e+10 1.830370962204767693e+00 2.651047171707459960e+00
5.565599999897064972e+10 2.175830213853040096e+00 2.256884660320546132e+00
5.565599999950049591e+10 2.287511762637336687e+00 2.844521982645397795e+00
5.565600000020704651e+10 1.916487547195338426e+00 2.885113271529475387e+00
