2.087100000000000000e+10 0.000000000000000000e+00 0.000000000000000000e+00
2.087100000003564835e+10 7.297391569469937646e-03 -3.140200859430681279e-01
2.087099999981144333e+10 -9.267221410034318096e-02 -5.131961476351158957e-01
2.087099999963775253e+10 -4.205228620572921266e-02 -7.724301630398299201e-01
2.087099999969072342e+10 -6.181291101682671874e-02 -4.614054240894868153e-01
2.087099999966258240e+10 -1.506976672321060362e-01 -1.593454615155449061e-01
2.087099999964138031e+10 -1.079213381960675289e-01 1.531497716908840623e-01
2.087099999962216568e+10 -3.643925961937035662e-01 -3.065961674268863346e-02
2.087099999981183624e+10 -4.624748913615649437e-01 -2.637639169338009681e-01
2.087099999975609970e+10 -1.526581808799494233e-01 -2.927428329988503442e-01
2.087099999976016617e+10 -1.944633435164111468e-01 2.057561361942067402e-02
2.087099999981107712e+10 -1.784545910322155315e-01 -2.910079549550138034e-01
2.087099999952856064e+10 -2.493759384098638843e-01 -4.138351293139587717e-01
2.087099999945478821e+10 -3.310279211651051545e-02 -6.322751693930382944e-01
2.087099999949757767e+10 2.544980504204634175e-01 -5.082286429994591348e-01
2.087099999958933640e+10 3.152739034506816251e-01 -2.118859273802378707e-01
2.087099999951550674e+10 3.069356009177672262e-01 -5.191519690128107989e-01
2.087099999943470764e+10 3.688364237988314143e-01 -8.184383448685833562e-01
2.087099999966585922e+10 4.747774832688992364e-01 -1.006261775130042668e+00
2.087099999943911362e+10 4.724697321781456960e-01 -1.226521267961219408e+00
2.087099999969430161e+10 5.748907961430093083e-01 -1.382474499967355941e+00
2.087099999984992599e+10 3.328294956969292118e-01 -1.513317501819870792e+00
2.087100000006029129e+10 9.968244856433478018e-02 -1.476971485738340695e+00
2.087100000005964279e+10 9.935572379253579389e-02 -1.160851045653892299e+00
2.087100000018482208e+10 2.376983437944151234e-01 -9.056559399443244729e-01
