2.087100000000000000e+10 0.000000000000000000e+00 0.000000000000000000e+00
2.087099999977391052e+10 2.206972380332954675e-01 1.047464597335007880e-02
2.087099999990576935e+10 -9.883944979502679029e-04 -1.722867485026554901e-01
2.087099999961179733e+10 -1.014393805689740025e-01 -1.137915290275983704e-01
2.087099999957695007e+10 -1.339678012857415390e-01 -4.262978659479017551e-01
2.087099999962774277e+10 -1.543243629051218035e-01 -7.376471610622030717e-01
2.087099999958885193e+10 -2.206839765181287105e-02 -1.022126301508353041e+00
2.087099999983014297e+10 -3.423966752271651037e-02 -1.225998165891682756e+00
2.087099999980889511e+10 1.701557774702008863e-01 -9.857823143507170593e-01
2.087100000005234909e+10 1.602732420159524163e-01 -1.187192408045598668e+00
2.087099999991867828e+10 1.170970847581030982e-01 -1.470388974755601375e+00
2.087099999969292068e+10 1.635365886287810655e-01 -1.686745644514770603e+00
2.087099999957600784e+10 -1.257615674088269353e-01 -1.737446112966937406e+00
2.087099999979285049e+10 -3.350772872643487110e-01 -1.832834321714698733e+00
2.087099999964708328e+10 -3.069048373433179711e-01 -2.111923824825020723e+00
2.087099999967771912e+10 -1.390477719928008282e-01 -1.845807146224089479e+00
2.087099999966135025e+10 -1.783126111296369776e-01 -1.532561327016088715e+00
2.087099999997734833e+10 -1.695319502171364900e-01 -1.533556649902769742e+00
2.087099999987192154e+10 -2.089279502901608132e-01 -1.828965089740136607e+00
2.087099999973593903e+10 -4.554147792063686362e-01 -1.685141368780883386e+00
2.087100000002263641e+10 -4.375382428994551987e-01 -1.817115447628648184e+00
2.087100000001496506e+10 -5.487757570705255050e-01 -2.112919441841470292e+00
2.087099999983270264e+10 -5.486100187044760101e-01 -2.371207886673015075e+00
2.087099999998632050e+10 -4.753783606481308821e-01 -2.104803037373942587e+00
2.087100000015323639e+10 -4.352538832725694196e-01 -2.370248459244550521e+00
