2.087100000000000000e+10 0.000000000000000000e+00 0.000000000000000000e+00
2.087100000000867081e+10 1.551241111436143030e-02 3.156213557730901953e-01
2.087099999972426224e+10 1.500184986428692024e-01 3.464885191123379116e-01
2.087099999956018448e+10 -9.556708938527244679e-02 2.338015078613479014e-01
2.087099999943036652e+10 1.012297160440581711e-01 4.443987934942785767e-01
2.087099999967964935e+10 2.052798921717687852e-01 2.801906657515831345e-01
2.087099999971933746e+10 4.722136009152376190e-01 4.448237206380099007e-01
2.087099999987652588e+10 3.995841992777524609e-01 1.803434636381998080e-01
2.087099999986025620e+10 3.917852884556550230e-01 -1.352625541520286467e-01
2.087100000000101471e+10 1.199997652950038352e-01 -5.619373116200361562e-02
2.087099999971376038e+10 2.267556637608724168e-01 2.139654658712912549e-02
2.087099999970548248e+10 2.407818711924733235e-01 -2.943048554189346411e-01
2.087099999941139603e+10 3.457745814517728666e-01 -2.450983602775338999e-01
2.087099999926334763e+10 5.138233272923374839e-01 -2.199869708589993755e-02
2.087099999922846985e+10 7.524526946672848160e-01 -2.263815506838023628e-01
2.087099999894940186e+10 6.040442900491916900e-01 -2.210164247130174675e-01
2.087099999902509689e+10 8.980034006904706878e-01 -1.327495562465778045e-01
2.087099999901269913e+10 1.188237615761718491e+00 -2.574213344877139265e-01
2.087099999885126877e+10 1.337236825840216303e+00 -3.010562582143752608e-02
2.087099999892734528e+10 1.610784256298755102e+00 1.088793450395637574e-01
2.087099999911671829e+10 1.439456738260040281e+00 2.952061699543674367e-01
2.087099999883289337e+10 1.463417054892612423e+00 4.323243896214064019e-01
2.087099999887782288e+10 1.641103343524063396e+00 1.747556396414621793e-01
2.087099999906994247e+10 1.464097917115710468e+00 -3.268232083012967415e-03
2.087099999920693588e+10 1.230837799942570587e+00 1.603008601775348096e-01
2.087099999920252609e+10 9.543653209101017332e-01 3.135202959047694304e-01
2.087099999892510986e+10 9.768231079978002551e-01 1.636286261523030583e-01
2.087099999869564438e+10 9.742703908497378773e-01 -5.379282765172574421e-02
2.087099999865915680e+10 6.823925783422108982e-01 -1.695882524851220208e-01
2.087099999885251617e+10 8.902360551635253305e-01 -3.049739438550275183e-02
2.087099999884331512e+10 9.392973961855487497e-01 2.816580455883303524e-01
2.087099999885324478e+10 1.255222158525190146e+00 2.867193325284603245e-01
2.087099999913745880e+10 1.143210770465744153e+00 3.680151744817060644e-01
2.087099999930146408e+10 9.856426494088214030e-01 5.875777002808222349e-01
2.087099999950827026e+10 8.950707341805973494e-01 8.088468422030656857e-01
2.087099999942070007e+10 7.377479301547079649e-01 5.490124770283971722e-01
2.087099999938529587e+10 7.690039527468043312e-01 2.364387478145951738e-01
2.087099999958756638e+10 1.011212812206233824e+00 2.176132408219036418e-01
2.087099999952334976e+10 8.856319268544526890e-01 5.005234229734634166e-01
2.087099999949255753e+10 1.095339577410064047e+00 2.659875258363124106e-01
2.087099999959531403e+10 1.279455800112728081e+00 3.045609330566362294e-02
2.087099999948007965e+10 1.112361217695454485e+00 2.728048722585937891e-01
2.087099999962430954e+10 8.333520991303706715e-01 3.086403737572799288e-01
2.087099999990613937e+10 9.514312859819465951e-01 2.276357401329172636e-01
2.087099999981752014e+10 8.567505735761075103e-01 5.159320887394163169e-01
2.087099999960986328e+10 6.864053294002745442e-01 3.492150277460284169e-01
2.087099999964672089e+10 8.749691471782428120e-01 6.002485431728220577e-01
2.087099999944290924e+10 1.079495014913531614e+00 7.289455091980693302e-01
2.087099999958818817e+10 1.177254869316022079e+00 9.921367248831884922e-01
2.087099999984884644e+10 1.037540542186395243e+00 1.103800833293336892e+00
2.087099999992909241e+10 9.558362390184790280e-01 8.091526211175380512e-01
2.087100000013351059e+10 7.820317086236185933e-01 9.762976779922531989e-01
