6.957000000000000000e+09 0.000000000000000000e+00 0.000000000000000000e+00
6.956999999975839615e+09 1.284190836470763264e-01 -2.595367556182660018e-01
6.956999999882991791e+09 1.965130651333132361e-01 7.253526101645646484e-03
6.956999999819907188e+09 4.427759510210961258e-01 -1.334923187602280736e-01
6.957000000001043320e+09 2.178423181073652626e-01 -1.655727122481928937e-01
6.956999999869682312e+09 4.649982563743303432e-01 -8.751656043469864532e-02
6.956999999721190453e+09 2.796996268576081857e-01 7.996163197818166590e-02
6.956999999883064270e+09 1.998499320525823075e-01 3.076790963678425195e-01
6.957000000065561295e+09 -1.815610742884049555e-02 3.677023337331143393e-01
6.957000000232398033e+09 -2.166139902909921255e-01 4.989060010207262419e-01
