2.087100000000000000e+10 0.000000000000000000e+00 0.000000000000000000e+00
2.087099999998717880e+10 -3.239247706907144586e-02 3.141958021767793374e-01
2.087099999970670319e+10 -1.745314961753346439e-01 2.815909382590972010e-01
2.087099999981454086e+10 -1.983342887771948337e-01 5.777959888662187460e-01
2.087100000001889038e+10 -3.135503038519306118e-01 3.659030372069702608e-01
2.087099999976010132e+10 -3.587720478066652730e-01 5.417298572712239135e-01
2.087100000003988266e+10 -4.754365146621651883e-01 6.314186027403200230e-01
2.087100000007034302e+10 -5.336308103730207364e-01 3.221967462777036162e-01
2.087099999980922318e+10 -3.948980337447427491e-01 2.103811611734151266e-01
2.087099999983364868e+10 -4.256165438806667756e-01 5.240569347084016449e-01
2.087099999990076828e+10 -3.533382682336536629e-01 2.237175959828811012e-01
2.087099999996858215e+10 -1.561452491280339305e-01 4.613068324624896577e-01
2.087099999996251678e+10 -1.021281924727354407e-01 7.727198133684782810e-01
2.087099999999884033e+10 1.739783728753942216e-01 9.223144652084561690e-01
2.087099999999308014e+10 1.188978988483196664e-01 1.233546886061535730e+00
2.087100000022956085e+10 -2.160670442300571814e-02 1.389328444666023898e+00
