2.782800000000000000e+10 0.000000000000000000e+00 0.000000000000000000e+00
2.782799999994378662e+10 -2.080504319691730830e-01 2.661525657340154671e-01
2.782799999977767563e+10 -2.082032154829144277e-02 4.998924666708062237e-01
2.782799999953842926e+10 -1.782875655589383490e-01 6.876351301797120064e-01
2.782799999947353363e+10 -7.286033537697171603e-02 3.683302687900749106e-01
2.782799999934540176e+10 -2.811138778294435814e-01 6.081114125835497264e-01
2.782799999938310242e+10 -2.227991823691562734e-01 9.434621501112303577e-01
2.782799999951709366e+10 -4.489506143107790392e-01 1.162970809391273175e+00
2.782799999929566193e+10 -1.947559840706006851e-01 1.223256514942753892e+00
2.782799999897045135e+10 -1.082832397634699573e-01 1.159677379604118652e+00
2.782799999888760757e+10 2.191000289307107607e-01 1.216592936563618554e+00
2.782799999888647461e+10 3.530424892453489227e-01 9.014101463448485063e-01
2.782799999890281296e+10 7.685236592777328068e-02 6.995830337988989678e-01
2.782799999861119080e+10 -1.001038604908323915e-01 7.300042542546922864e-01
2.782799999830101776e+10 1.818961869423320332e-02 6.458589657176941889e-01
2.782799999830018997e+10 5.955906450796024168e-03 3.036138659222020197e-01
2.782799999841024780e+10 -1.854391827117659319e-01 5.654093973538500961e-01
2.782799999820566177e+10 7.546129960105954493e-02 6.511830517776996397e-01
2.782799999831747055e+10 -2.949414188029739203e-02 3.449717317448051657e-01
2.782799999830809402e+10 -3.526895477662007616e-01 2.321052400930958548e-01
2.782799999838977051e+10 -3.736474610138641461e-01 5.640263401937647414e-01
2.782799999860990143e+10 -3.860273518534974024e-01 3.019748396257575518e-01
2.782799999854689407e+10 -4.129111623995989633e-01 6.375180871018800710e-01
2.782799999851943588e+10 -4.140446564208086766e-01 2.961578249437022414e-01
2.782799999839038086e+10 -3.091436946349510051e-01 -3.211777582415809018e-03
2.782799999832778549e+10 -5.508008055656921087e-01 -2.376592141216712639e-01
2.782799999841831207e+10 -3.801067007750290605e-01 4.509587380029919657e-02
2.782799999858389282e+10 -4.767235298112107444e-01 -2.386816639021920594e-01
2.782799999880210876e+10 -6.021630541223179645e-01 -4.709086846596478582e-01
2.782799999902434921e+10 -3.530724744494868617e-01 -3.944538652052244077e-01
2.782799999899951935e+10 -4.321980598975029841e-01 -6.218187968289901058e-02
2.782799999892178345e+10 -3.378661318407094605e-01 2.577251391932047775e-01
2.782799999894318008e+10 -9.763017719738456557e-02 1.459773157378538300e-02
2.782799999894347763e+10 2.386157770751921869e-01 7.956407547501306854e-02
2.782799999880191803e+10 1.054434882106521643e-01 3.615352778713187831e-01
2.782799999897561264e+10 3.390489882372798580e-01 1.811450307458628839e-01
2.782799999905549622e+10 4.108721612789335009e-01 5.063251218298007172e-01
2.782799999872311783e+10 3.847449711411864426e-01 5.845787167539433504e-01
2.782799999889436340e+10 2.603341037041002615e-01 3.153606018341558737e-01
2.782799999896737671e+10 5.082780093532804910e-01 5.400268199735152042e-01
2.782799999906673431e+10 6.224864220005698057e-01 2.328353241468008039e-01
2.782799999903229904e+10 8.523313932309213303e-01 -1.869491957734470411e-02
2.782799999873760986e+10 1.026557919138690878e+00 -2.793812957067183522e-02
2.782799999861030579e+10 9.045965579521397792e-01 -3.215387026767951295e-01
2.782799999868540955e+10 7.898007101324753254e-01 -7.750175595558905783e-03
2.782799999868479156e+10 5.832917941353237268e-01 -2.809456051896212503e-01
2.782799999863563538e+10 6.303362231078741829e-01 -6.165833548469219494e-01
2.782799999844185257e+10 6.212403695612740417e-01 -3.343646953133961874e-01
2.782799999865803146e+10 8.601113213214284237e-01 -2.182242339766476413e-01
2.782799999850817871e+10 7.821724723660073986e-01 -5.161357529355765639e-01
2.782799999825438309e+10 6.223738894638517483e-01 -3.508043369751422391e-01
2.782799999825458145e+10 2.843706949046139187e-01 -4.059029465177679818e-01
2.782799999822146606e+10 2.990116304063918928e-01 -6.535766804818426978e-02
2.782799999819031906e+10 6.399133189963582824e-01 -5.546148410486907016e-02
2.782799999823437119e+10 5.957723994805328438e-01 2.812775906478399701e-01
2.782799999838148499e+10 8.815689757628391021e-01 3.994298756666231909e-01
2.782799999830193329e+10 9.712020428050185394e-01 7.861915172156613840e-02
2.782799999833962631e+10 9.060170050422744481e-01 4.127031374398168473e-01
2.782799999819261932e+10 1.006316464960481216e+00 7.052963334994006850e-01
2.782799999820231247e+10 7.665340706371991386e-01 4.609758978422486830e-01
2.782799999827994156e+10 8.819504320682601817e-01 7.739212963038917259e-01
2.782799999825250244e+10 8.602361987196569526e-01 1.114593782829348179e+00
2.782799999831920624e+10 6.972411396038169507e-01 8.208839160870537999e-01
2.782799999844717789e+10 6.448370742270663758e-01 5.075810897062440485e-01
2.782799999837437057e+10 4.305774565824206368e-01 2.505325165096717877e-01
2.782799999846813583e+10 3.280301878752950873e-01 5.635413393921858694e-01
2.782799999824052429e+10 2.296193307561197328e-01 7.997404392201361567e-01
2.782799999837796402e+10 2.588004678312489371e-01 4.874252872627827249e-01
2.782799999853622437e+10 5.619006588547179604e-01 4.682835749226342825e-01
2.782799999839420700e+10 7.923776617123261534e-01 6.780296032702204378e-01
2.782799999843075943e+10 1.111022007297899128e+00 7.980787651202199129e-01
2.782799999844805527e+10 1.160233489579216792e+00 1.136547624779133514e+00
2.782799999857015991e+10 1.232861103865756647e+00 8.249421197283082208e-01
2.782799999871543121e+10 1.380101979573783666e+00 1.097886784912773139e+00
2.782799999890851593e+10 1.358529981225289562e+00 1.379905042031224660e+00
2.782799999895756149e+10 1.392230788984693879e+00 1.042650004873475922e+00
2.782799999899730301e+10 1.191303773822951495e+00 1.317114964092153562e+00
2.782799999874669266e+10 9.579017230630546553e-01 1.317705697560222156e+00
2.782799999863679504e+10 1.060910482449929138e+00 1.010144598103996483e+00
2.782799999852800751e+10 1.177384943632607150e+00 1.313262932898067614e+00
2.782799999877669525e+10 1.410326399717070966e+00 1.278998822954182657e+00
2.782799999852722168e+10 1.503661225391853540e+00 1.063744718094942199e+00
2.782799999858884811e+10 1.679520600415162601e+00 1.351073404509874676e+00
2.782799999852759171e+10 1.786049428638095904e+00 1.670731693580141286e+00
2.782799999823788071e+10 1.928930023451506770e+00 1.556999962286468753e+00
2.782799999795578384e+10 2.029916376381133869e+00 1.391156253842761537e+00
2.782799999771291351e+10 1.856495333221540367e+00 1.559147613427338985e+00
2.782799999743683624e+10 2.029806269447864686e+00 1.664158570675901894e+00
2.782799999747574234e+10 1.946957951695212241e+00 1.994165384553835185e+00
2.782799999757885742e+10 1.782739202490495334e+00 1.711886623503399818e+00
2.782799999756499100e+10 1.729003429990684459e+00 1.373948340139389490e+00
2.782799999736601639e+10 1.702893639116617841e+00 1.651454398742014273e+00
2.782799999748238754e+10 1.935871526293395650e+00 1.873852948573289989e+00
2.782799999758952332e+10 1.761559891181010196e+00 2.148479412430408519e+00
2.782799999744814682e+10 1.823188509156820736e+00 1.842707189958964875e+00
2.782799999742697906e+10 1.788396435521553363e+00 2.182741652202575988e+00
2.782799999714012146e+10 1.790397553066182423e+00 1.995681540010738164e+00
2.782799999692077637e+10 1.765696638774061134e+00 1.733842995280244992e+00
2.782799999688046265e+10 2.077131207452751482e+00 1.870464806800829827e+00
2.782799999658048248e+10 2.201664888396967612e+00 1.979025760593936090e+00
2.782799999683982849e+10 2.274082322100803744e+00 1.767420829448276942e+00
2.782799999697877121e+10 2.220931436061513775e+00 2.075887293296708513e+00
2.782799999698934174e+10 1.939646066204066432e+00 1.880826034673536373e+00
2.782799999674353790e+10 1.823665231608747828e+00 2.089179965483854762e+00
2.782799999682821274e+10 2.010703566408780674e+00 2.363276654328079651e+00
2.782799999708787537e+10 2.084180798053534289e+00 2.152424580054189462e+00
2.782799999705119705e+10 2.190816114718382224e+00 2.475790751963998559e+00
2.782799999695771790e+10 1.863548187947325907e+00 2.513728132574323038e+00
2.782799999691103745e+10 1.577032767360625698e+00 2.695419789523021858e+00
2.782799999703572845e+10 1.851432661832748350e+00 2.858021073792377020e+00
2.782799999723214340e+10 2.101495852582601298e+00 2.730854355264832556e+00
2.782799999719505692e+10 1.861096693559715742e+00 2.489783959511433498e+00
2.782799999689066696e+10 1.708475586603461327e+00 2.453227260964284007e+00
2.782799999673243332e+10 1.425005942214881971e+00 2.562266374545196346e+00
2.782799999687203979e+10 1.456442588432287133e+00 2.873399073732641806e+00
2.782799999666824341e+10 1.381007902237063378e+00 3.138084391200334000e+00
2.782799999659805679e+10 1.340229188792443793e+00 3.470789756820756189e+00
2.782799999654253006e+10 1.069728154959476152e+00 3.673343441752116245e+00
2.782799999661781311e+10 9.552386295986583509e-01 3.987201514465824381e+00
2.782799999677873993e+10 1.052495484588916064e+00 4.273427313271828787e+00
2.782799999674246597e+10 1.083347481121060829e+00 3.934289458161992936e+00
2.782799999640218735e+10 1.116503870400336940e+00 3.954118883426165798e+00
2.782799999668964386e+10 9.943950970942948553e-01 4.094618098577195831e+00
2.782799999692943192e+10 1.068215848309467253e+00 4.327716740884200775e+00
2.782799999696955872e+10 1.019469856443516953e+00 3.991122436952624586e+00
2.782799999687283325e+10 7.027400472833832401e-01 4.078349754515862458e+00
2.782799999688359070e+10 7.819213509111594407e-01 4.411361204227565835e+00
2.782799999682619095e+10 1.028882287904083315e+00 4.641572940569671069e+00
2.782799999694907379e+10 1.050750697089391394e+00 4.322662652656454441e+00
2.782799999711686707e+10 1.073314075924511224e+00 4.024974808301280405e+00
2.782799999677907562e+10 1.020352612906922918e+00 4.005644638703683924e+00
2.782799999695720673e+10 1.061056584768711009e+00 3.715999002110588645e+00
2.782799999685427856e+10 1.367466421841514013e+00 3.602856710202253510e+00
2.782799999672842789e+10 1.283700922138567346e+00 3.910145868502054700e+00
2.782799999656060791e+10 9.881865338934618936e-01 3.952458694039284293e+00
2.782799999652920532e+10 9.833422888061342793e-01 3.611471305860343595e+00
2.782799999640596771e+10 1.159507222219606781e+00 3.878042523007939391e+00
2.782799999642511749e+10 1.038575842700347973e+00 4.197872104237681867e+00
2.782799999630542755e+10 9.251280645690953541e-01 4.498015156105847900e+00
2.782799999633058167e+10 5.836051227429380761e-01 4.494634656203869483e+00
2.782799999618307877e+10 3.992366678384795531e-01 4.742694432482392308e+00
2.782799999590547180e+10 4.076577050665470270e-01 4.943056888971413265e+00
2.782799999567801666e+10 5.573176947620617216e-01 5.150780083311785162e+00
2.782799999582514191e+10 7.448275055123056987e-01 5.396699535494848377e+00
2.782799999580849457e+10 4.058105719808516310e-01 5.351174973438620697e+00
2.782799999577048492e+10 6.424587693425765078e-01 5.106562985803460464e+00
2.782799999567964554e+10 6.645591034927487151e-01 4.777105729679317569e+00
2.782799999579680634e+10 5.650608362726430300e-01 4.471073336957468669e+00
2.782799999599008179e+10 2.942819192907115133e-01 4.552350965262859539e+00
2.782799999612372589e+10 4.483427669948666372e-01 4.827462161083375669e+00
2.782799999585808182e+10 5.507692263845559433e-01 5.017789055634048978e+00
2.782799999604425812e+10 2.638084393302470021e-01 5.034328435799634072e+00
2.782799999593172073e+10 5.605172139621104055e-01 5.163095933046183639e+00
2.782799999597146606e+10 6.131119221154573973e-01 4.827036157571570563e+00
2.782799999576601028e+10 6.402274359923713076e-01 4.554391261341320885e+00
2.782799999561674881e+10 9.186550297241062868e-01 4.422174024337659048e+00
2.782799999540044022e+10 6.729080341795077302e-01 4.522678452927693549e+00
2.782799999563035965e+10 8.208210820463692770e-01 4.728934348456986569e+00
2.782799999592377853e+10 9.869323859726965020e-01 4.788880111395284800e+00
2.782799999603116989e+10 1.041441621864529932e+00 4.468289946828408965e+00
2.782799999604088593e+10 9.624784371039695197e-01 4.135194658211465146e+00
2.782799999633649063e+10 1.043188642888039919e+00 4.288117710571042629e+00
2.782799999624843216e+10 8.601324891896928726e-01 4.563831348619052264e+00
2.782799999592534637e+10 7.466438472022958184e-01 4.568150225070315429e+00
2.782799999566117477e+10 8.551411567539302094e-01 4.757155672616897313e+00
2.782799999554899979e+10 5.722299065149265562e-01 4.914189789170722911e+00
2.782799999574463272e+10 3.018786974767794784e-01 4.991132333372945595e+00
2.782799999599565125e+10 3.364633421001891334e-01 5.221513773597823871e+00
2.782799999586506653e+10 6.497541073965293901e-01 5.175917755068698334e+00
2.782799999584930801e+10 3.447241005094460187e-01 5.021029192145911146e+00
2.782799999616050339e+10 2.986533904572248876e-01 5.156367613486886547e+00
2.782799999613696289e+10 2.671490202594211105e-01 4.816168641267989159e+00
2.782799999634899521e+10 4.039883504188049312e-02 4.671568908145992793e+00
2.782799999613609695e+10 4.767678631975319492e-02 4.403419428927536572e+00
2.782799999615906143e+10 2.901624446888524667e-03 4.742166885346139615e+00
2.782799999588189316e+10 -1.733142730113225172e-01 4.645167927026812471e+00
2.782799999585927582e+10 -9.727751776772947112e-02 4.312017883028993914e+00
2.782799999581523132e+10 -4.657480438188028177e-02 4.647832541262345352e+00
2.782799999596411514e+10 -3.097680971873497668e-01 4.808595133309843561e+00
2.782799999623525238e+10 -2.585472202643911421e-01 5.011435155886459825e+00
2.782799999617539215e+10 -5.833220986666387553e-03 5.234671204753109208e+00
2.782799999613359833e+10 1.619375612611006002e-02 4.895480837954715447e+00
2.782799999594470215e+10 1.435485177902032228e-01 4.639783137199413154e+00
2.782799999593716049e+10 3.831550596250251628e-01 4.884351961951463927e+00
2.782799999589278412e+10 3.473842357218557275e-01 4.546663990468952754e+00
2.782799999604330444e+10 5.910335356436082765e-01 4.358884197740287014e+00
2.782799999604180145e+10 5.888027970261168198e-01 4.701338319517375020e+00
2.782799999577686310e+10 3.742742700040689319e-01 4.668661791426415242e+00
2.782799999570578766e+10 3.408708396180020195e-01 4.335323112671681578e+00
2.782799999578936386e+10 3.204645552426295674e-01 4.003841049719929934e+00
2.782799999583792496e+10 2.501196715915798841e-02 4.170068538133024028e+00
2.782799999591421890e+10 -2.795626411676365164e-01 4.306800490502849854e+00
2.782799999586922455e+10 -6.779146514585426830e-02 4.572150523426161683e+00
2.782799999561284256e+10 -6.455269415384189136e-02 4.345125619845214615e+00
2.782799999579490280e+10 9.695858237122052803e-02 4.586061902631858089e+00
2.782799999577457428e+10 -2.422196652211563994e-01 4.628804990162739941e+00
2.782799999560700607e+10 1.665870082699733024e-02 4.777751836776634953e+00
2.782799999569515991e+10 1.559580224212192279e-01 5.077929479583502825e+00
2.782799999574283600e+10 -1.611082053994823127e-01 5.198254682418110839e+00
2.782799999565364075e+10 -7.510581808034294538e-02 4.878990131440038347e+00
2.782799999571799469e+10 -1.336485641574277350e-01 5.210220207059307995e+00
2.782799999585525894e+10 -3.900865456793564112e-01 5.029442336069490871e+00
2.782799999617439651e+10 -2.686837281113245712e-01 5.055811067905580103e+00
2.782799999611853027e+10 -3.363651821781853402e-01 5.386840234509037373e+00
2.782799999635279083e+10 -1.149409109041214239e-01 5.502489910954097674e+00
2.782799999629074860e+10 1.005839011879622047e-01 5.243681130482378272e+00
2.782799999645084000e+10 3.408278201156835219e-01 5.059465095921712674e+00
2.782799999640346146e+10 4.958437159820211493e-02 4.885641466714037762e+00
2.782799999609186554e+10 4.642976494844766600e-02 5.027697381950778421e+00
2.782799999613406372e+10 1.317004290473489658e-01 5.356681248132437290e+00
2.782799999634841537e+10 3.785859663452214585e-01 5.458574048279153601e+00
2.782799999613170242e+10 1.381881538299631063e-01 5.346654252384689165e+00
2.782799999628040695e+10 2.876260406291373251e-01 5.076771298275992272e+00
2.782799999650242996e+10 5.425328497367047920e-01 5.131631725517125098e+00
2.782799999679782104e+10 3.928216045468029272e-01 5.218876554281594693e+00
2.782799999662564850e+10 4.624380487886049496e-01 4.931141076859412387e+00
2.782799999640335464e+10 2.347195617187413652e-01 5.057677222281810714e+00
2.782799999672660065e+10 1.799190127311641463e-01 4.958723866258929469e+00
2.782799999663058090e+10 -1.438980552946404756e-01 4.902111576118134195e+00
2.782799999674015045e+10 -3.332939891576511826e-01 5.165561241768335421e+00
2.782799999705845642e+10 -4.386023377955571290e-01 5.235371250368860530e+00
2.782799999676613235e+10 -2.602547166089034247e-01 5.230735389537721325e+00
2.782799999672835922e+10 -1.641210419474674054e-01 5.557252725192165954e+00
2.782799999667898560e+10 -1.442559034105241889e-01 5.895556826217941193e+00
2.782799999690827942e+10 -1.939787915428056175e-01 6.145022591860306527e+00
2.782799999692952728e+10 -2.011634854009422546e-01 6.486752027395500164e+00
2.782799999714759445e+10 -2.069511777211940351e-01 6.750751014782770731e+00
2.782799999719392014e+10 4.667638763184844830e-02 6.525342350527482793e+00
2.782799999696141052e+10 -2.039956158935041231e-01 6.544944898648500597e+00
2.782799999719783401e+10 4.338679413600504686e-02 6.531235026193981774e+00
2.782799999723547745e+10 -5.017056899818633786e-02 6.858514767257076983e+00
2.782799999698245621e+10 1.722015691391136083e-01 6.796762380457525232e+00
2.782799999682995224e+10 4.458270770584024101e-01 6.658364111615973968e+00
2.782799999682355499e+10 2.700828931265163990e-01 6.952226476407462386e+00
2.782799999654436111e+10 2.163613562459162920e-01 7.143139376022646481e+00
2.782799999664476013e+10 4.244415946105961623e-01 7.395932996665139925e+00
2.782799999687990189e+10 6.545366838540886967e-01 7.491051022281363991e+00
2.782799999712517548e+10 8.803188855452538375e-01 7.569446218524645609e+00
2.782799999717416000e+10 9.437185494658295593e-01 7.902407260361576924e+00
2.782799999734028625e+10 1.104905740808080239e+00 8.154801581500866092e+00
2.782799999723850632e+10 1.187781231930180592e+00 7.838487491776798599e+00
2.782799999713985825e+10 1.117461872045759863e+00 7.518165588522411014e+00
2.782799999748019791e+10 1.101571913412021875e+00 7.483561640737643295e+00
2.782799999735369110e+10 1.105421298569378319e+00 7.165343498740929462e+00
2.782799999726791382e+10 1.257819390481311528e+00 6.870896374782213378e+00
2.782799999701031494e+10 1.240253154571184346e+00 7.095875093755338980e+00
2.782799999706532288e+10 9.034298174176140783e-01 7.124265951851688428e+00
2.782799999728356171e+10 6.872525788691610238e-01 6.972867610394830606e+00
2.782799999702254486e+10 8.687956436602053412e-01 7.100125477155668108e+00
2.782799999731945038e+10 7.045337443413848266e-01 7.053787133501536744e+00
2.782799999712450790e+10 5.373060984879139967e-01 7.280314768548556081e+00
2.782799999710571671e+10 5.368643046065024738e-01 7.622263222602641441e+00
2.782799999714540863e+10 5.010969787351546856e-01 7.283992027842365324e+00
2.782799999737493896e+10 5.000504049619648450e-01 7.029834062580215814e+00
2.782799999705324554e+10 4.945807704786752135e-01 6.912508436986071203e+00
2.782799999704901123e+10 5.084152803588422032e-01 7.254667381881764854e+00
2.782799999689661407e+10 2.181160085442502283e-01 7.353576190014220693e+00
2.782799999689553833e+10 1.198090305466599642e-01 7.025526446046415074e+00
2.782799999689834595e+10 1.732064301931087735e-01 6.687261934411706576e+00
2.782799999720269775e+10 1.665900921028334314e-01 6.530389595539027425e+00
2.782799999725795746e+10 3.438971285795217603e-01 6.818123567863891843e+00
2.782799999717884445e+10 4.489264040414367440e-01 6.501908240758293545e+00
2.782799999739339447e+10 5.794237894151706980e-01 6.269054102665757355e+00
2.782799999743133545e+10 8.713353941591513996e-01 6.444068998288877914e+00
2.782799999751687622e+10 6.854063692561849219e-01 6.718650554931672403e+00
2.782799999721395493e+10 8.001422118963346097e-01 6.829806198778011428e+00
2.782799999716991806e+10 7.461905294452392257e-01 6.494497153490357277e+00
2.782799999733740997e+10 9.383951237896346331e-01 6.723158848383040898e+00
2.782799999761400223e+10 9.515725540084061240e-01 6.924663454049294842e+00
2.782799999753069687e+10 1.139794879341962552e+00 7.198369270794692909e+00
2.782799999732473755e+10 1.170447757709663028e+00 6.926479684503019207e+00
2.782799999748081589e+10 1.144925408270514922e+00 6.622720035507373204e+00
2.782799999761305618e+10 1.128733003730783446e+00 6.938206978596996422e+00
2.782799999760520172e+10 1.114841182377184658e+00 7.280299629706843412e+00
2.782799999770510864e+10 1.037161542993190189e+00 7.598523731189824382e+00
2.782799999772410202e+10 1.082344521161994644e+00 7.259584587491901608e+00
2.782799999805484009e+10 1.043691669253980825e+00 7.179587482424456546e+00
2.782799999824898529e+10 7.846205071046146173e-01 7.291261593854301282e+00
2.782799999791576767e+10 7.162018610340622482e-01 7.251666654429104852e+00
2.782799999776834869e+10 9.799556387851522388e-01 7.412861630179466310e+00
2.782799999758239746e+10 1.254468743206410553e+00 7.498571892022814822e+00
2.782799999743346786e+10 1.541506641313458825e+00 7.385826861111892683e+00
2.782799999740538406e+10 1.845976845818518619e+00 7.540071058303283280e+00
2.782799999760078049e+10 2.087412727776782440e+00 7.395810867602048866e+00
2.782799999734846115e+10 2.221276942122623055e+00 7.206873794808161371e+00
2.782799999705571747e+10 2.392971421002206167e+00 7.161013750167653846e+00
2.782799999694196320e+10 2.535786262121461299e+00 6.871278819705539220e+00
2.782799999696653748e+10 2.345413536718007563e+00 7.154891930348375340e+00
2.782799999703728104e+10 2.522374507368163155e+00 7.439430989256559101e+00
2.782799999680530167e+10 2.552825447507849788e+00 7.689511269916474490e+00
2.782799999688037872e+10 2.509481166433507937e+00 7.358200713704555973e+00
2.782799999690639877e+10 2.526392646746081105e+00 7.699256485571829067e+00
2.782799999698600388e+10 2.801490735846231317e+00 7.887049989547867845e+00
2.782799999691973114e+10 2.628302831969330899e+00 8.174966521507121442e+00
2.782799999713034439e+10 2.881388565455270889e+00 8.080776489804351925e+00
2.782799999706999588e+10 2.635984804592467867e+00 7.849655052733421456e+00
2.782799999733008575e+10 2.858451487561627591e+00 7.837686018452918013e+00
2.782799999730622864e+10 2.707146663064772252e+00 7.531385929852728367e+00
2.782799999709641647e+10 2.855774067235618663e+00 7.305177555378640442e+00
2.782799999709366226e+10 2.919029761440271820e+00 7.641738392143134107e+00
2.782799999694459152e+10 3.225176474253481196e+00 7.678261099031645109e+00
2.782799999692280960e+10 3.348697666090513447e+00 7.996930513831338239e+00
2.782799999681277084e+10 3.310427540657286727e+00 8.318969724438154856e+00
2.782799999681450272e+10 3.313005789610694141e+00 8.661420319139518043e+00
2.782799999675944519e+10 3.298455290987502675e+00 8.323723754434077193e+00
2.782799999665080643e+10 3.414360766534469516e+00 8.627114588542868390e+00
2.782799999659606934e+10 3.491549438812834527e+00 8.297982747887829191e+00
2.782799999627410889e+10 3.528034995788908113e+00 8.187116127753055750e+00
2.782799999625484085e+10 3.525991306511865542e+00 8.529032137495667243e+00
2.782799999651778030e+10 3.387319832152695831e+00 8.699074954156033712e+00
2.782799999677140427e+10 3.412427887990778785e+00 8.470323706000936426e+00
2.782799999686879349e+10 3.470316688405977068e+00 8.147142385189793501e+00
2.782799999690468216e+10 3.240928895058558190e+00 7.895398030403538492e+00
2.782799999657389450e+10 3.152436458653616658e+00 7.901028707276498864e+00
2.782799999672525024e+10 3.247774017909406563e+00 8.193063573087595586e+00
2.782799999683583450e+10 3.404196039493876391e+00 8.476938719673716705e+00
2.782799999690798950e+10 3.361876620731992560e+00 8.144846809681276056e+00
2.782799999673994827e+10 3.277408901907562289e+00 7.858648656781709541e+00
2.782799999672216797e+10 3.351652270942123479e+00 7.524801721251604292e+00
2.782799999669876480e+10 3.186551575301307171e+00 7.225676114286263996e+00
2.782799999689735413e+10 3.060595859997397916e+00 7.474631914080772432e+00
2.782799999702423859e+10 3.193238381627830247e+00 7.763747656983767342e+00
2.782799999723139191e+10 3.321080308989341479e+00 7.522862929850679059e+00
2.782799999732976151e+10 3.326060608630972304e+00 7.850857790278471526e+00
2.782799999735659790e+10 3.477333400534874830e+00 8.156926956867771139e+00
2.782799999724237442e+10 3.563336279543892982e+00 7.845737817765272126e+00
2.782799999714147568e+10 3.631196639239562263e+00 8.165888481922888076e+00
2.782799999711599350e+10 3.626164958467758659e+00 8.507366695677093915e+00
2.782799999722071838e+10 3.560387388528660324e+00 8.826722917317310291e+00
2.782799999737940598e+10 3.533432725922359463e+00 8.524442539325592705e+00
2.782799999753539276e+10 3.568071888781065404e+00 8.827345702766374202e+00
2.782799999726702881e+10 3.766268602181186864e+00 8.904683666054925339e+00
2.782799999741669083e+10 3.947854453464956226e+00 8.655865721420493486e+00
2.782799999718653488e+10 4.120836415951249165e+00 8.470428801205871494e+00
2.782799999749332047e+10 4.256843277789757352e+00 8.538742049298230441e+00
2.782799999748528290e+10 4.239386889083722743e+00 8.196816977078073663e+00
2.782799999731637573e+10 3.955254617496266611e+00 8.286381491450027781e+00
2.782799999742364883e+10 4.154667815858776869e+00 8.029458886646335003e+00
2.782799999736717606e+10 3.915946350609544879e+00 7.790492806179354801e+00
2.782799999746246719e+10 3.940188179990920414e+00 8.118538946909112042e+00
2.782799999722024155e+10 3.949135814538984768e+00 7.876610096651901038e+00
2.782799999720656204e+10 3.890266081830414446e+00 7.539520715113853022e+00
2.782799999693472672e+10 3.790285881116057354e+00 7.356789082028608817e+00
2.782799999703696823e+10 4.064687480242207940e+00 7.179214448370497159e+00
2.782799999725029755e+10 4.206477234668604126e+00 6.951909550196466725e+00
2.782799999749264526e+10 4.376571864380333743e+00 7.124005266230943434e+00
2.782799999767377090e+10 4.544382968565785497e+00 7.361311760498092660e+00
2.782799999756885529e+10 4.655789433557252721e+00 7.667683218938632805e+00
2.782799999756717300e+10 4.530574668048650722e+00 7.348934912299224465e+00
2.782799999751613998e+10 4.614487755184015327e+00 7.020855403286767604e+00
2.782799999750131226e+10 4.595549034600417748e+00 7.362474309168482556e+00
2.782799999727701187e+10 4.751783750176722165e+00 7.156166853327114552e+00
2.782799999728660202e+10 4.985654298805644480e+00 7.406156179226650593e+00
2.782799999697188568e+10 5.029927621593943243e+00 7.533733269131423604e+00
2.782799999686618042e+10 5.262239742290399036e+00 7.305392661532996712e+00
2.782799999695366287e+10 5.591153555588188162e+00 7.343396917104580091e+00
2.782799999726233673e+10 5.576071447245197099e+00 7.490958515397539763e+00
2.782799999757787704e+10 5.603148364267030779e+00 7.360640245713818253e+00
2.782799999735337067e+10 5.616424122031256516e+00 7.102370300928138924e+00
2.782799999726556396e+10 5.288213004899127156e+00 7.059364787221778847e+00
2.782799999745801163e+10 5.178827872923043252e+00 7.320670403873105414e+00
2.782799999724670410e+10 5.443030032338729285e+00 7.267482761423006643e+00
2.782799999743782043e+10 5.726292828127003354e+00 7.244720270411510121e+00
2.782799999758172989e+10 5.747846231286070307e+00 7.554732004347062713e+00
2.782799999756507874e+10 5.584557351434424888e+00 7.254163395952665461e+00
2.782799999724713516e+10 5.711204344447149417e+00 7.266590188558032182e+00
2.782799999716117477e+10 5.473965451175900832e+00 7.498129672705767135e+00
2.782799999715248871e+10 5.436234383350593724e+00 7.157860697109226678e+00
2.782799999713096237e+10 5.501241108629833398e+00 7.493409233483092180e+00
2.782799999725673294e+10 5.376359928854800074e+00 7.786442278810381978e+00
2.782799999727193069e+10 5.716946233431626112e+00 7.754007298746328658e+00
2.782799999698593140e+10 5.724097398483422694e+00 7.942252065624630930e+00
2.782799999699148560e+10 5.730832651250156395e+00 8.284605478350018259e+00
2.782799999697612381e+10 5.565930793478895744e+00 8.584361135688233446e+00
2.782799999698209000e+10 5.575901571904442910e+00 8.926628630710224499e+00
2.782799999719374466e+10 5.845001142163495977e+00 8.918277286828342199e+00
2.782799999753386307e+10 5.864424701164609566e+00 8.883294138041025079e+00
2.782799999728926086e+10 5.750245684057924578e+00 8.672547057725742192e+00
2.782799999699967957e+10 5.927007800714865660e+00 8.719239154477186560e+00
2.782799999718825912e+10 5.978441597956715370e+00 8.438038069086168491e+00
2.782799999716317749e+10 5.975769768937434279e+00 8.779572526969793955e+00
2.782799999717511368e+10 5.986532149474267150e+00 8.437485205138330002e+00
2.782799999716063309e+10 5.925390249494906669e+00 8.100834025902955204e+00
2.782799999707985306e+10 6.009863751530295062e+00 8.422736061278278896e+00
2.782799999705809402e+10 5.987999977183715572e+00 8.081663389850483270e+00
2.782799999727730560e+10 6.073603041198777142e+00 8.330463055977679332e+00
2.782799999750144577e+10 6.314148155297370835e+00 8.234645857103689792e+00
2.782799999760099411e+10 6.255228127011970507e+00 8.556981814301019895e+00
2.782799999775960541e+10 6.023837225724758326e+00 8.753406541260815743e+00
2.782799999768725204e+10 5.840770425538064359e+00 8.473168544056441931e+00
2.782799999772809601e+10 5.879986656712149262e+00 8.135417062361469220e+00
2.782799999758063507e+10 5.774716407310909183e+00 7.844804645915640862e+00
2.782799999757047653e+10 5.451802176880369721e+00 7.731203417293995628e+00
2.782799999774507523e+10 5.384870985082713446e+00 7.444291938656584229e+00
2.782799999750393295e+10 5.285001846977447570e+00 7.222573556301924214e+00
2.782799999730621719e+10 5.014421976981477513e+00 7.152028108286496710e+00
2.782799999740038681e+10 5.232807159118922691e+00 6.905609169065893838e+00
2.782799999756295776e+10 4.942888402428233796e+00 6.988068958896901606e+00
2.782799999745790482e+10 4.840345807261789979e+00 6.678664291068004744e+00
2.782799999713715744e+10 4.749600242429815822e+00 6.600125855097296323e+00
2.782799999701154327e+10 4.473793721306210003e+00 6.759606250615689760e+00
2.782799999681194305e+10 4.369180653071652820e+00 6.501733043645973709e+00
2.782799999693327332e+10 4.158793793826944807e+00 6.260282763988398891e+00
2.782799999704899216e+10 3.981915845496075690e+00 5.990828828260627681e+00
2.782799999707347488e+10 3.956008075598154594e+00 6.331433462719733285e+00
2.782799999729939651e+10 3.935368405029345151e+00 6.587979162280986678e+00
2.782799999725603104e+10 4.045259998314447714e+00 6.266536333635133182e+00
2.782799999694591522e+10 4.181158464396394159e+00 6.317924729290990804e+00
2.782799999672122574e+10 4.129660610097287687e+00 6.571192400823028024e+00
2.782799999692221832e+10 4.043628321281717675e+00 6.307596143845354497e+00
2.782799999712315750e+10 4.000145319183929793e+00 6.581484941390766785e+00
2.782799999710210037e+10 4.025135001572571092e+00 6.240582927495927912e+00
2.782799999743006516e+10 4.005023826448747215e+00 6.337104437982527649e+00
2.782799999753210068e+10 3.937334242489226366e+00 6.017278047946954089e+00
2.782799999764386368e+10 4.247577850924689535e+00 5.924867105465238204e+00
2.782799999759821320e+10 4.100151732652546954e+00 6.230585321745079952e+00
2.782799999764004135e+10 3.871169376448544863e+00 6.481781449021446484e+00
2.782799999766449356e+10 3.553820651212291182e+00 6.355393255926657936e+00
2.782799999796938705e+10 3.699006441262873146e+00 6.298437259145304168e+00
2.782799999819197083e+10 3.462340014621550832e+00 6.190146811738125976e+00
2.782799999827735901e+10 3.677343577321113166e+00 6.442663538739454410e+00
2.782799999824763107e+10 3.657655594624881878e+00 6.783267081558144618e+00
2.782799999832813644e+10 3.988743219950574126e+00 6.817648715672065762e+00
2.782799999800741577e+10 3.869349336553170371e+00 6.830463753373916980e+00
2.782799999799935913e+10 4.181778795851696096e+00 6.690445953432259785e+00
2.782799999788342667e+10 3.874120831956202160e+00 6.786303343725520243e+00
2.782799999809753418e+10 3.787230587657278047e+00 6.533539223527357720e+00
2.782799999797853088e+10 3.956838743534332625e+00 6.260860542768173609e+00
2.782799999772219467e+10 4.134545071773175096e+00 6.119458557481537220e+00
2.782799999744984055e+10 4.101711478462647165e+00 5.914453445775710527e+00
2.782799999742747498e+10 4.071481116871749073e+00 5.574059680866453981e+00
2.782799999770276642e+10 4.234928396103436299e+00 5.695635743751069846e+00
2.782799999782812500e+10 4.282615287672225435e+00 6.010744523801422545e+00
2.782799999774597931e+10 3.950664086201394642e+00 5.992236669726799470e+00
2.782799999773765945e+10 3.955928153056787799e+00 5.649913512709749064e+00
2.782799999771539307e+10 4.235892755911239149e+00 5.453938739553479742e+00
2.782799999774256897e+10 3.994851739825897141e+00 5.212189539720606390e+00
2.782799999790346909e+10 3.726210406598153835e+00 5.073536982995364930e+00
2.782799999777746964e+10 3.773760777846105086e+00 5.388410530891360573e+00
2.782799999796055984e+10 3.939187389696380936e+00 5.150935951698481396e+00
2.782799999803067780e+10 3.926363524308396524e+00 4.815972031147834009e+00
2.782799999810322189e+10 3.914663395430311166e+00 4.481483970402960537e+00
2.782799999794137955e+10 3.612866316798465149e+00 4.478739668172230459e+00
2.782799999777339554e+10 3.871010775484353239e+00 4.328990029748776891e+00
2.782799999794044876e+10 3.619286231011360044e+00 4.490266575606673527e+00
2.782799999797057724e+10 3.586125515333292491e+00 4.829787792338363417e+00
2.782799999800098801e+10 3.495332133614553083e+00 5.158594458942143746e+00
2.782799999791431046e+10 3.635304129548095009e+00 4.858299770111798921e+00
2.782799999793249130e+10 3.407402687611251313e+00 5.113275099148377301e+00
2.782799999779839325e+10 3.721917577947044808e+00 5.093766045891838345e+00
2.782799999781841660e+10 3.672757112804194257e+00 5.432091819621786222e+00
2.782799999815936279e+10 3.704572823820127869e+00 5.437097097695824388e+00
2.782799999814485931e+10 3.380558293127337688e+00 5.547034512604455792e+00
2.782799999789462280e+10 3.470627208976220679e+00 5.762790723018151873e+00
2.782799999782825470e+10 3.391576795382158505e+00 6.089330691009769758e+00
2.782799999761692810e+10 3.564427144235323919e+00 6.296081165138918578e+00
2.782799999785903931e+10 3.803676874136269870e+00 6.258354278358962297e+00
2.782799999789700699e+10 4.143715266134926800e+00 6.243715746132271427e+00
2.782799999806061172e+10 4.142395261731081746e+00 5.942859781959558774e+00
2.782799999775283432e+10 4.163786894706274389e+00 5.794210205877745601e+00
2.782799999752325439e+10 4.038848598595573769e+00 6.015491742239718498e+00
2.782799999749489594e+10 4.012536751444184979e+00 5.675218995624884855e+00
2.782799999774832535e+10 4.042806177601336870e+00 5.903557724713844657e+00
2.782799999786471939e+10 4.100833274808798556e+00 6.220366384131946091e+00
2.782799999757638550e+10 3.924029306577191178e+00 6.274083295476474476e+00
2.782799999760890961e+10 3.896405921157730212e+00 6.613879057654118654e+00
2.782799999762746429e+10 4.118879619861941066e+00 6.354180578605461704e+00
2.782799999770832825e+10 4.390439081393004983e+00 6.161830364284607064e+00
2.782799999749595642e+10 4.599938797150372238e+00 5.993634838896601202e+00
2.782799999740711975e+10 4.610064429284284060e+00 6.324221984217371251e+00
2.782799999772816086e+10 4.630177958587307074e+00 6.206709035622293591e+00
2.782799999784214401e+10 4.755238731649439110e+00 6.504450144816846802e+00
2.782799999795523453e+10 4.432456393285896468e+00 6.521898198480632125e+00
2.782799999814278030e+10 4.602881360925574761e+00 6.752254278327452397e+00
2.782799999835816956e+10 4.597023219182828413e+00 7.018442099989215421e+00
2.782799999819195175e+10 4.603143152463235133e+00 7.317801699401463189e+00
2.782799999834603500e+10 4.449495659274997905e+00 7.053352779643838666e+00
2.782799999821644211e+10 4.753665598027152939e+00 6.964084207868395104e+00
2.782799999849953842e+10 4.581831415129789420e+00 7.051327115123241285e+00
2.782799999836035538e+10 4.510181457758553947e+00 7.355918481999907499e+00
2.782799999868375778e+10 4.513944030057340129e+00 7.468516537657082566e+00
2.782799999860293961e+10 4.181533501892007898e+00 7.484439510890994462e+00
2.782799999856335449e+10 4.212021966788785932e+00 7.823239546214548312e+00
2.782799999875239944e+10 4.389079490625681146e+00 7.599199344786326193e+00
2.782799999901905441e+10 4.490850788461882459e+00 7.788461500560414308e+00
2.782799999886719894e+10 4.478892103014956660e+00 7.481739471126703123e+00
2.782799999896128845e+10 4.649787080513147153e+00 7.763207096222389580e+00
2.782799999869910812e+10 4.863077597775998129e+00 7.818438560663349968e+00
2.782799999863161087e+10 4.872653193244852687e+00 7.482827968303513266e+00
2.782799999893736267e+10 4.994402310517915389e+00 7.388095492193002656e+00
2.782799999900154877e+10 5.126495251716240986e+00 7.078719031040482612e+00
2.782799999889819336e+10 5.303732580391536722e+00 6.804516805927507406e+00
2.782799999899440765e+10 5.558046959760910788e+00 6.596312179398176490e+00
2.782799999881653976e+10 5.599454372216919218e+00 6.886020881387690196e+00
2.782799999853444290e+10 5.444062472457938284e+00 6.769587211186347098e+00
2.782799999832910156e+10 5.206246632082506487e+00 6.905824997228006801e+00
2.782799999833038330e+10 5.220605771208252754e+00 7.247986109737729166e+00
2.782799999845063019e+10 4.904983479323336226e+00 7.191367678971653632e+00
2.782799999839255524e+10 4.927497741729967906e+00 6.854615165537253141e+00
2.782799999858319092e+10 4.680010913642130177e+00 6.994938658598464976e+00
2.782799999872272491e+10 4.676628520668753453e+00 7.307669135195789423e+00
2.782799999866155243e+10 4.667695161084900235e+00 7.644507952355962033e+00
2.782799999884473801e+10 4.956097430758081401e+00 7.667955044629840344e+00
2.782799999888188553e+10 5.228451879737049168e+00 7.463687505200660155e+00
2.782799999912541962e+10 5.006732207954573077e+00 7.557567172452832160e+00
2.782799999904661942e+10 4.972579689010610871e+00 7.889088006485450499e+00
2.782799999924328232e+10 4.768937179321836695e+00 7.696383510719006615e+00
2.782799999928770828e+10 4.841144954794323496e+00 8.028188542139488959e+00
2.782799999939086533e+10 4.872459394059841742e+00 8.353242780832900394e+00
2.782799999933307266e+10 5.184171814511712384e+00 8.223714950595267581e+00
2.782799999905662537e+10 5.259315909405908762e+00 8.411363705843458050e+00
2.782799999924059296e+10 5.085539292873939132e+00 8.642100964086154136e+00
2.782799999935091782e+10 5.018935522726408749e+00 8.324808751124800565e+00
2.782799999960081482e+10 4.948582107562657484e+00 8.548156059595466871e+00
2.782799999929616928e+10 4.871085527885790079e+00 8.684047039738828744e+00
2.782799999930030823e+10 4.871553641961926751e+00 9.026486390619446354e+00
2.782799999915187454e+10 4.589092676368486501e+00 8.902126362645470081e+00
2.782799999928509903e+10 4.692272984591697949e+00 9.200266224802405191e+00
2.782799999927780151e+10 4.694983222797317168e+00 8.857890037218650647e+00
2.782799999929569626e+10 4.584450638926848676e+00 8.534247679678856002e+00
2.782799999956144333e+10 4.607341846028725207e+00 8.749041674699741478e+00
2.782799999978381348e+10 4.719026077532635810e+00 8.513754370220386392e+00
2.782799999977494431e+10 4.723128598970451897e+00 8.171429167255038095e+00
2.782799999980699539e+10 4.658124303606721917e+00 7.836721355164166347e+00
2.782799999971278000e+10 4.509323954842767712e+00 8.130429133256905416e+00
2.782799999967944717e+10 4.200824228078422706e+00 7.985519443391341454e+00
2.782799999966658783e+10 4.088609211638081220e+00 7.662217000014735824e+00
2.782799999995495224e+10 3.955744649540729352e+00 7.533858842136200273e+00
2.782799999975702286e+10 3.753878135598823995e+00 7.340582850883142996e+00
2.782799999953041077e+10 3.513474638025472885e+00 7.250386240111543756e+00
2.782799999985533905e+10 3.554275997173396373e+00 7.150189897418036900e+00
2.782799999988552475e+10 3.590598723995772179e+00 7.489382529258459265e+00
2.782799999973052979e+10 3.783606132897840979e+00 7.726039381647031412e+00
2.782799999971871185e+10 3.531149956131808043e+00 7.957141584012401125e+00
2.782799999994258499e+10 3.423590729057972570e+00 8.192926714736682214e+00
2.782799999978637695e+10 3.558771589746143604e+00 7.919782915629381748e+00
2.782799999953641129e+10 3.506121082769917852e+00 8.147878524172549319e+00
2.782799999952409363e+10 3.521443865237001258e+00 7.805978634558457863e+00
2.782799999949470139e+10 3.506696944589516196e+00 8.146860732294637586e+00
2.782799999929389954e+10 3.727845599399767007e+00 7.979366596169111148e+00
2.782799999926253128e+10 3.531827570727544607e+00 7.700305673752412261e+00
2.782799999923833466e+10 3.547498134661474900e+00 8.041554812862536039e+00
2.782799999947576523e+10 3.510660423234593708e+00 8.285588657470791318e+00
2.782799999979108429e+10 3.410004546040864781e+00 8.373476934283919704e+00
2.782799999979894257e+10 3.436362170661201532e+00 8.714835372274746916e+00
2.782799999986001205e+10 3.757364964339961144e+00 8.817353040655321550e+00
2.782799999957642365e+10 3.718415984221358883e+00 8.629355970294389166e+00
2.782799999949844742e+10 3.613960371561494522e+00 8.312669018146168654e+00
2.782799999925433350e+10 3.594215178848448655e+00 8.552045646398703127e+00
2.782799999894993210e+10 3.740967031171509749e+00 8.607594957619456366e+00
2.782799999891511154e+10 3.772014022087055718e+00 8.268322827630516514e+00
2.782799999909343338e+10 3.900755409288145792e+00 8.530829135283370945e+00
2.782799999905665207e+10 3.956127977339011004e+00 8.866780227917066881e+00
2.782799999901679611e+10 4.289834976851810922e+00 8.932606889648184278e+00
2.782799999876845169e+10 4.157018564617684930e+00 8.737757506136080821e+00
2.782799999842963409e+10 4.141167539139735787e+00 8.785013313877936270e+00
2.782799999859123230e+10 4.414708491674674384e+00 8.912856217060024733e+00
2.782799999891976547e+10 4.330634638259776459e+00 8.865111502551512146e+00
2.782799999896887589e+10 4.621739286889174458e+00 8.691536011968336695e+00
2.782799999895455551e+10 4.608756755743919520e+00 9.033454701396614439e+00
2.782799999894868469e+10 4.556358898200695506e+00 8.695073164006030808e+00
2.782799999895434952e+10 4.658697849445078809e+00 9.021840196935089651e+00
2.782799999911448288e+10 4.584994480316528787e+00 9.315451655791886054e+00
2.782799999924537659e+10 4.786829883163848720e+00 9.559196215304680777e+00
2.782799999891936493e+10 4.734127390109462041e+00 9.649860852818182622e+00
2.782799999923136902e+10 4.712690247415921796e+00 9.510305035595727929e+00
2.782799999911770630e+10 4.827917058113899706e+00 9.812109256733538842e+00
2.782799999879875565e+10 4.942568790799008127e+00 9.861170467510104842e+00
2.782799999879495621e+10 4.912217934732857394e+00 1.020226642062215205e+01
2.782799999887947845e+10 4.920775348268008997e+00 9.870506098746201218e+00
2.782799999888968658e+10 5.261453730691332709e+00 9.837098107590774632e+00
2.782799999890501022e+10 5.241000151041292021e+00 1.017860777812942530e+01
2.782799999890340042e+10 5.350413177041899893e+00 9.854095440314283749e+00
2.782799999916895294e+10 5.164898371871686322e+00 9.742974533256818503e+00
2.782799999927976227e+10 4.847591171833708579e+00 9.677250968721335056e+00
2.782799999930264664e+10 4.859848077517902709e+00 9.335771742193029965e+00
2.782799999931330872e+10 5.014523472520981073e+00 9.030413072533272967e+00
2.782799999930356598e+10 5.170631145178749222e+00 8.725753421491972972e+00
2.782799999924306107e+10 5.195100562702006819e+00 8.389564997344054476e+00
2.782799999911249924e+10 5.181553361604970043e+00 8.705875211451067130e+00
2.782799999885089493e+10 5.233455383940813554e+00 8.491046880436954325e+00
2.782799999885103989e+10 5.208672007185133346e+00 8.149480168308610217e+00
2.782799999882187653e+10 5.237707535572729611e+00 7.809497046134325160e+00
2.782799999851455688e+10 5.111656655984807784e+00 7.726148110118651324e+00
2.782799999857398987e+10 5.182536618345616297e+00 8.055883854976316982e+00
2.782799999848809052e+10 5.086056173073019160e+00 8.373050417290379244e+00
2.782799999855664825e+10 4.897041999483376706e+00 8.095821874212209224e+00
2.782799999862570953e+10 5.080369325894682042e+00 7.814923723520398546e+00
2.782799999850028229e+10 5.391407838027799215e+00 7.745606868804079781e+00
2.782799999877293777e+10 5.203859270260339009e+00 7.657482842983112548e+00
2.782799999901373672e+10 4.970541874475997268e+00 7.587763598556474420e+00
2.782799999888053894e+10 5.165652710103667111e+00 7.835699120931958639e+00
2.782799999899219131e+10 5.310553945528846853e+00 7.546183267904009284e+00
2.782799999908333969e+10 5.381427812029133229e+00 7.868597075926286877e+00
2.782799999909509659e+10 5.191588142772781467e+00 8.153385948305521325e+00
2.782799999909024811e+10 5.170335038188134114e+00 8.495156115161295318e+00
2.782799999918034744e+10 5.047696378563211184e+00 8.188360012565343737e+00
2.782799999916391373e+10 4.753890104215660273e+00 8.013174769419652677e+00
2.782799999909082413e+10 4.497455360019500858e+00 7.798276205854471677e+00
2.782799999894149017e+10 4.193850781975314135e+00 7.745309179784587883e+00
2.782799999861442184e+10 4.295370203714528934e+00 7.746348001899022506e+00
2.782799999858424377e+10 4.227221041189149098e+00 7.412092110196771166e+00
2.782799999887451935e+10 4.170137679286105126e+00 7.239572041462097651e+00
2.782799999878387070e+10 4.459462861494484898e+00 7.080336215208482997e+00
2.782799999890954590e+10 4.256479686978423160e+00 7.325867312773931772e+00
2.782799999898156738e+10 4.498100736434023084e+00 7.094104287125039932e+00
2.782799999909215546e+10 4.512635975060764082e+00 6.770312229745504062e+00
2.782799999929876328e+10 4.435807943112435758e+00 6.508217954073540312e+00
2.782799999899134064e+10 4.557823225856123095e+00 6.597024083062977162e+00
2.782799999925925446e+10 4.346685330647512835e+00 6.627430894207977374e+00
2.782799999946125031e+10 4.207803353384298006e+00 6.866579467966777095e+00
2.782799999959191895e+10 4.473675318036402615e+00 7.038391611273087989e+00
2.782799999984656143e+10 4.278024321778819861e+00 6.919397603262395613e+00
2.782799999980094147e+10 4.247361031067984349e+00 6.581372903195704005e+00
2.782800000004582596e+10 4.212989378869918866e+00 6.344451276822171693e+00
2.782799999989108276e+10 3.908834267137658358e+00 6.315708360723863990e+00
2.782799999962187958e+10 4.088400169207213608e+00 6.427811703376671737e+00
2.782799999976563263e+10 4.397902154729560920e+00 6.399068400116189714e+00
2.782799999983587265e+10 4.493192090248721016e+00 6.077714832694611324e+00
2.782799999987610626e+10 4.629893832823960054e+00 6.389124574829929237e+00
2.782800000021802521e+10 4.627570665384594939e+00 6.369966384600471265e+00
