6.261300000000000000e+10 0.000000000000000000e+00 0.000000000000000000e+00
6.261299999987545776e+10 -1.486564544677783095e+00 -2.581261158893330965e-01
6.261299999914197540e+10 -1.014106006475925748e+00 -1.495380344605817813e+00
6.261299999889720154e+10 -1.024427019564109642e+00 -1.395130639308295173e-03
6.261299999795102692e+10 6.056399326820050000e-02 4.671741423970773299e-01
6.261299999760280609e+10 -1.383007673104739599e+00 1.724583196057387635e-01
6.261299999622022247e+10 -1.977934093234017698e+00 3.353576497593849792e-01
6.261299999622977448e+10 -2.780572628683819048e+00 1.618982951744680321e+00
6.261299999652558136e+10 -2.756927699182777580e+00 1.344115977079347601e-01
6.261299999512024689e+10 -2.792218740164497781e+00 6.963689023244885590e-01
6.261299999512624359e+10 -2.771464786817823267e+00 2.210154586567381507e+00
6.261299999487891388e+10 -2.711444294475102712e+00 3.702548632532974171e+00
6.261299999383496094e+10 -2.702946222281325195e+00 2.606143338026527978e+00
6.261299999513064575e+10 -2.896749805154251067e+00 1.847430595958718946e+00
6.261299999554123688e+10 -1.443920031976269058e+00 1.960186800104641636e+00
6.261299999557031250e+10 -2.036656102743240382e+00 5.674081804480191060e-01
6.261299999644618988e+10 -2.850770331205958019e+00 -3.610684494485287832e-01
6.261299999627014923e+10 -2.269753197143693946e+00 -1.747950822941857663e+00
6.261299999491197968e+10 -2.294663105936644243e+00 -1.079546659188108881e+00
6.261299999508249664e+10 -3.766291859872333614e+00 -7.677046023078168968e-01
6.261299999560263062e+10 -4.510416577779609248e+00 4.438034974107045727e-01
6.261299999480005646e+10 -4.218956133744193870e+00 1.693978156639301735e+00
6.261299999538587189e+10 -4.388755009793585238e+00 3.083363005033985527e-01
6.261299999581391144e+10 -2.965680683892546909e+00 5.975687073552835571e-01
6.261299999595306396e+10 -3.249564325974527268e+00 2.078129356623298563e+00
6.261299999468995667e+10 -2.416944098581887967e+00 2.135724036508807266e+00
6.261299999364435577e+10 -3.257628143137807797e+00 2.837135523350618360e+00
6.261299999349396515e+10 -3.201415264964207363e+00 1.331732951178830726e+00
6.261299999346800995e+10 -3.018924764128670724e+00 2.834409696235012266e+00
6.261299999415079498e+10 -2.260229985506032158e+00 1.716287162718878712e+00
6.261299999402856445e+10 -2.007262738660358092e+00 2.286444972958034949e-01
6.261299999280042267e+10 -1.204550655661135616e+00 -1.446423898430860833e-01
6.261299999279350281e+10 -9.754647643348095531e-01 1.351848713595850793e+00
6.261299999315828705e+10 -4.335763967447566758e-01 -1.391224979682159635e-02
6.261299999276317596e+10 7.526771885659290229e-01 8.397293718604164070e-01
6.261299999340843964e+10 1.582120057768722887e+00 -2.500762956205360155e-01
6.261299999484729004e+10 1.933778925241282920e+00 -5.632260676863378723e-01
6.261299999491375732e+10 1.698740211855622961e+00 -2.057332071338951351e+00
6.261299999477359772e+10 1.687724377922598995e+00 -5.499346085982761423e-01
6.261299999625433350e+10 1.946721600955855891e+00 -3.700306419230395827e-01
6.261299999644019318e+10 1.869616689049371061e+00 1.130477246993160545e+00
6.261299999657273102e+10 1.372770372191785659e+00 2.554412026030658200e+00
6.261299999652001190e+10 2.118686015916646070e+00 3.870787376122831525e+00
6.261299999645817566e+10 2.218787916248381897e+00 5.380147977270210546e+00
6.261299999583848572e+10 2.216600505419173306e+00 6.761449617800447065e+00
6.261299999646020508e+10 9.860122159943418563e-01 7.386853443533488495e+00
6.261299999706603241e+10 6.559418147756302941e-01 8.734458836458074416e+00
6.261299999803183746e+10 7.711880852935204533e-01 9.894611149809378503e+00
6.261299999809811401e+10 7.202106717329792573e-01 1.140624037623210185e+01
6.261299999768016815e+10 2.271268252884417471e-02 1.012920039364486691e+01
6.261299999819904327e+10 -1.971474507399104681e-01 1.153434992388349656e+01
6.261299999868419647e+10 -8.421334420534765108e-01 1.025347677489114240e+01
6.261299999968817139e+10 2.338380067143626118e-01 1.060890406127299634e+01
6.261300000004156494e+10 5.282707318452946055e-01 1.205127614768655420e+01
6.261299999890619659e+10 -1.306141330755760110e-01 1.129706695925061588e+01
6.261299999949414825e+10 4.857787619005643487e-01 1.254862220227951219e+01
6.261299999893853760e+10 7.736978664371779724e-01 1.117006762884525983e+01
6.261299999910832214e+10 8.124651175176959006e-01 1.267395768436326620e+01
6.261299999762388611e+10 8.453197438990149859e-01 1.237833828637626077e+01
6.261299999758618927e+10 4.073498070517708181e-01 1.092962337147837815e+01
6.261299999784392548e+10 -4.510421937165544071e-01 1.214976586863988217e+01
6.261299999822762299e+10 -7.130343128566349886e-01 1.070888081934142555e+01
6.261299999951835632e+10 -5.666598876299357990e-01 9.931325729709778116e+00
6.261299999931320953e+10 -3.561639058214871589e-02 1.133415175078080139e+01
6.261300000005977631e+10 -9.329278716081266243e-01 1.037005136364940583e+01
6.261300000015230560e+10 -2.261257619477273551e+00 1.109046216031452659e+01
