6.957000000000000000e+09 0.000000000000000000e+00 0.000000000000000000e+00
6.957000000005980492e+09 -1.958627048495331299e-02 2.898535901974905737e-01
6.956999999937216759e+09 6.584476528531837958e-02 5.589401309887855884e-01
6.956999999967825890e+09 2.849076192314671241e-01 7.473785438486498789e-01
6.956999999845661163e+09 2.841011015748564073e-01 4.837315402353783989e-01
6.956999999619343758e+09 3.447807753211204473e-01 6.555825030191323455e-01
6.956999999713191986e+09 7.954326008487949684e-02 7.282187353971418808e-01
6.956999999645449638e+09 4.469573195058501591e-04 4.569453422515936114e-01
6.956999999740748405e+09 1.097332035164572117e-02 1.826430164485377539e-01
6.956999999694812775e+09 -2.048011496346748700e-02 -1.025501006165009943e-01
6.956999999702173233e+09 -1.355228569206643266e-02 1.878501929235009138e-01
6.956999999448275566e+09 -9.342308564998831610e-02 7.126899214383400349e-02
6.956999999681744576e+09 -2.405803975180242360e-01 -1.967736331793155935e-02
6.956999999710698128e+09 4.145609538260697224e-02 -8.332947685248236203e-02
6.956999999911108017e+09 1.135724404618047995e-01 -2.809898041673781766e-01
6.957000000019730568e+09 2.078948429855962399e-01 -5.334554154635948731e-01
6.957000000304432869e+09 1.616236233897262731e-01 -4.982672642427430354e-01
