3.478500000000000000e+10 0.000000000000000000e+00 0.000000000000000000e+00
3.478499999973807526e+10 6.166390595913182754e-02 -2.733371126003195095e-01
3.478499999965769196e+10 2.577755498436051229e-01 -5.930194353088039660e-01
3.478499999945771027e+10 1.953775633108549015e-01 -2.717234820098587411e-01
3.478499999948495483e+10 2.557894213951502627e-01 1.060682973262168094e-01
3.478499999933176422e+10 5.246879709529517211e-01 3.326629456849342636e-01
3.478499999921626282e+10 8.475297056713526622e-01 1.607608545845407300e-01
3.478499999915892792e+10 6.068649845789229058e-01 4.538676692845570182e-01
3.478499999887777710e+10 5.558177538494465386e-01 7.097366591126297308e-01
3.478499999879395294e+10 4.904129949132050026e-01 1.078266423850248179e+00
3.478499999880022430e+10 5.399358977054240505e-01 6.979683087455710311e-01
3.478499999846537781e+10 3.533655651598522907e-01 6.842995517779398851e-01
3.478499999861039734e+10 5.580505416650499706e-02 4.905332231707423829e-01
3.478499999826501465e+10 -1.109957547833833325e-01 4.876568265696997195e-01
3.478499999802021027e+10 6.746766824888317249e-02 2.524088674652125719e-01
3.478499999774699402e+10 7.734176477159200591e-02 -1.661481101590067677e-02
3.478499999812078094e+10 1.182649071683264386e-03 2.337993954650444822e-02
3.478499999816359711e+10 3.563910978283282849e-01 1.616264682999859759e-01
3.478499999822054291e+10 4.116473333854185346e-01 -2.136361792004360105e-01
3.478499999839421844e+10 9.406148424116139717e-02 -8.677111972842310728e-02
3.478499999843843842e+10 -1.835498738526130658e-01 -3.477208158767542967e-01
3.478499999815759277e+10 -3.508512799778867319e-01 -5.483573361776136190e-01
3.478499999805748749e+10 -7.005005835376940659e-01 -6.701899323477453763e-01
3.478499999799102020e+10 -6.147240837199208219e-01 -3.023004530002225687e-01
3.478499999835076141e+10 -4.920900071446479007e-01 -3.539476743436413830e-01
3.478499999848521423e+10 -4.767971422234712486e-01 4.948227984508668520e-03
3.478499999850286865e+10 -5.054324779359978814e-01 3.870304713798246032e-01
3.478499999852558899e+10 -5.250785040181680241e-01 4.648023070910500820e-03
3.478499999841345978e+10 -5.659269025401438835e-01 3.691703791124277267e-01
3.478499999820565033e+10 -7.668004505010066474e-01 1.170130907509865370e-01
3.478499999798910522e+10 -5.272773432203086141e-01 -8.999957947459411023e-02
3.478499999794132996e+10 -7.824279396726233626e-01 1.923730004876398614e-01
3.478499999777134705e+10 -4.390557327348560968e-01 1.745061839708488549e-01
3.478499999752067566e+10 -7.231563335466639764e-01 1.147523242300556023e-01
3.478499999733866119e+10 -1.060768237908791267e+00 1.119564315932130433e-01
3.478499999730615234e+10 -1.101598794290003180e+00 -2.680364667834089221e-01
3.478499999767018890e+10 -1.220231932926060914e+00 -2.908587677716800157e-01
3.478499999774803162e+10 -1.215660458884481709e+00 8.469133005695012040e-02
3.478499999773986816e+10 -1.291886978205720737e+00 -2.911296606648309804e-01
3.478499999736328888e+10 -1.257080542574103177e+00 -3.551102080311514531e-01
3.478499999742352295e+10 -1.418408504736054621e+00 -6.978396621369058472e-01
3.478499999724443817e+10 -1.080967677882516798e+00 -7.322033026189102012e-01
3.478499999744329071e+10 -1.211032476559134485e+00 -1.033301195494110036e+00
3.478499999773832703e+10 -1.409127524319477187e+00 -1.177624588384623916e+00
3.478499999804514313e+10 -1.624515393840115118e+00 -1.096431860508940703e+00
3.478499999789347076e+10 -1.468751388890032317e+00 -7.804374275731288391e-01
3.478499999761997986e+10 -1.448443333572955849e+00 -1.048595770532290805e+00
3.478499999753961182e+10 -1.655719911626990282e+00 -1.361159326691191662e+00
3.478499999768418121e+10 -1.969058448063478739e+00 -1.528599233023928194e+00
3.478499999775391388e+10 -1.907386457436026861e+00 -1.156507055225937552e+00
3.478499999770927429e+10 -1.884948455124499045e+00 -7.762149695409354955e-01
3.478499999770061493e+10 -1.868477227841429222e+00 -1.159323611533793708e+00
3.478499999771836853e+10 -1.842471190187870311e+00 -7.770578355401960291e-01
3.478499999772856903e+10 -1.857174249147188094e+00 -1.160200424454857160e+00
3.478499999769296265e+10 -1.860023792343274307e+00 -1.542093688465393519e+00
3.478499999754393768e+10 -2.062198451243117070e+00 -1.252204931001158039e+00
3.478499999749407196e+10 -2.199248385106325809e+00 -1.606957529743839208e+00
3.478499999728330231e+10 -2.130452279095861101e+00 -1.919947838117392891e+00
3.478499999745280457e+10 -2.398229027689034787e+00 -2.136010201431917555e+00
3.478499999777169037e+10 -2.358001477682611036e+00 -2.345320127043907021e+00
3.478499999780232239e+10 -2.103664802644336085e+00 -2.630789927177251464e+00
3.478499999787929535e+10 -2.479396035677832622e+00 -2.635174538218967299e+00
3.478499999802825928e+10 -2.629345104138623324e+00 -2.955241039689768812e+00
3.478499999806679535e+10 -2.590729924903182990e+00 -3.334902171606693777e+00
3.478499999807091522e+10 -2.587522719331015963e+00 -3.718426990255461639e+00
3.478499999808893585e+10 -2.585652996540229953e+00 -3.335294607864470073e+00
3.478499999813730621e+10 -2.479860935689352619e+00 -3.700789668620285244e+00
3.478499999801966858e+10 -2.798952079631618961e+00 -3.878162103753316270e+00
3.478499999823216248e+10 -2.889664088296928224e+00 -3.571998791908703286e+00
3.478499999819463348e+10 -3.206549174681223136e+00 -3.359175540894515422e+00
3.478499999819049072e+10 -3.209391857076055121e+00 -3.742703020475061759e+00
3.478499999829988098e+10 -3.185961370077487143e+00 -4.109586636498289813e+00
3.478499999830024719e+10 -3.209469020539222228e+00 -4.492425761622743430e+00
3.478499999837137604e+10 -3.300260530163758421e+00 -4.858235249515181486e+00
3.478499999826455688e+10 -2.956813904667278337e+00 -4.991476250843916773e+00
3.478499999814431763e+10 -2.622419565736460179e+00 -5.135839285429232959e+00
3.478499999818881989e+10 -2.769397666516130840e+00 -4.784362785531646622e+00
3.478499999823455048e+10 -2.975702716809252024e+00 -5.104465622274918069e+00
3.478499999827190399e+10 -2.869261112596108720e+00 -4.737868856443104626e+00
3.478499999806096649e+10 -2.555970654189858582e+00 -4.804752681637483036e+00
3.478499999825594330e+10 -2.776302046472557628e+00 -5.050837706674387917e+00
3.478499999821615601e+10 -3.157336893226659669e+00 -5.069493858957054400e+00
3.478499999822369385e+10 -3.142949417365165310e+00 -4.686277628919881977e+00
3.478499999807319641e+10 -2.905776759773093687e+00 -4.425091686882386632e+00
3.478499999844277191e+10 -2.803531867272507583e+00 -4.434081391283601015e+00
3.478499999825036621e+10 -2.803908951016420570e+00 -4.765891908670866428e+00
3.478499999854454041e+10 -2.763016114047781802e+00 -5.008601146141062443e+00
3.478499999877609253e+10 -2.645513602648880358e+00 -4.726297995822031695e+00
3.478499999880096436e+10 -3.007406712822023209e+00 -4.601664732577919636e+00
3.478499999884973907e+10 -3.381242150748120068e+00 -4.672279986781994410e+00
3.478499999913523865e+10 -3.609719205232891248e+00 -4.556489562754574507e+00
3.478499999912107086e+10 -3.348367603403875403e+00 -4.276109259559701670e+00
3.478499999909458923e+10 -3.369831216362375148e+00 -3.894066653764696628e+00
3.478499999903508759e+10 -3.300638912803021352e+00 -3.521520252770600656e+00
3.478499999915122986e+10 -3.264779041204070698e+00 -3.885311704138519229e+00
3.478499999891126251e+10 -3.397046128806540999e+00 -4.153716461239715052e+00
3.478499999888568115e+10 -3.476610112055810387e+00 -4.528060827724709192e+00
3.478499999888022614e+10 -3.405998756899954127e+00 -4.151095538414599773e+00
3.478499999854055023e+10 -3.467092213349982632e+00 -3.983748987044257728e+00
3.478499999871385193e+10 -3.415198329031067015e+00 -3.645531784029995226e+00
3.478499999880230713e+10 -3.368843004221291793e+00 -3.275199732722625878e+00
3.478499999885642242e+10 -3.230044842582502795e+00 -3.628646800779330217e+00
3.478499999887625885e+10 -3.559771110654486925e+00 -3.433696592419503535e+00
3.478499999904287720e+10 -3.641583567828112322e+00 -3.769349785153896626e+00
3.478499999904215240e+10 -3.632322008836041061e+00 -4.152797622401798172e+00
3.478499999924751282e+10 -3.754351615214539972e+00 -3.852706578599797815e+00
3.478499999905880737e+10 -3.791740757690435171e+00 -3.520878096585595252e+00
3.478499999897002411e+10 -3.554166708516048878e+00 -3.233138660108501927e+00
3.478499999924425507e+10 -3.323942489229117836e+00 -3.095618399622791728e+00
3.478499999933287811e+10 -2.953908601232239750e+00 -3.047255070001669619e+00
3.478499999934637451e+10 -3.290531720747496003e+00 -3.230616083734590749e+00
3.478499999934892273e+10 -3.226497065761995131e+00 -2.852447349614951388e+00
3.478499999943910980e+10 -3.595241615158510928e+00 -2.797561337666055969e+00
3.478499999937643433e+10 -3.406970381201994691e+00 -2.469316751815867850e+00
3.478499999911539459e+10 -3.126971480223157851e+00 -2.493305464260719528e+00
3.478499999935611725e+10 -3.366917417073893581e+00 -2.315551390860960623e+00
3.478499999956649017e+10 -3.678856117759312205e+00 -2.390083872956858535e+00
3.478499999961882019e+10 -3.432915518769021013e+00 -2.100440885229512666e+00
3.478499999955970764e+10 -3.346599784380857479e+00 -1.731423534900036199e+00
3.478499999966455841e+10 -3.403039931956102215e+00 -1.366815071830953743e+00
3.478499999980220795e+10 -3.734248245631549334e+00 -1.230904001679701265e+00
3.478499999984992981e+10 -3.471349312424536482e+00 -1.506086369452576124e+00
3.478499999998341370e+10 -3.399154397456320975e+00 -1.858349727322703870e+00
3.478499999987483978e+10 -3.523263376224659016e+00 -1.512045647625201550e+00
3.478500000015942383e+10 -3.266108134317140976e+00 -1.511396142552302813e+00
