6.261300000000000000e+10 0.000000000000000000e+00 0.000000000000000000e+00
6.261299999895100403e+10 -7.732598086596109699e-01 -7.705182343812246870e-01
6.261299999892207336e+10 -1.112186462187821467e+00 -2.245748982734425692e+00
6.261299999773616791e+10 -1.956328530132035448e+00 -1.829745176075827651e+00
6.261299999715116119e+10 -3.070869174983306138e+00 -9.885661273900213653e-01
6.261299999713528442e+10 -3.067779919392090715e+00 5.252872571122840784e-01
6.261299999835961914e+10 -3.360924158037827958e+00 1.366167276463092106e+00
6.261299999866854095e+10 -4.451826289020254457e+00 2.369418008801110531e+00
6.261299999852499390e+10 -3.102280074710022095e+00 3.040336948673375783e+00
6.261299999885781097e+10 -2.946979500653065021e+00 1.571619939992924708e+00
6.261299999811274719e+10 -3.193430439264164811e+00 2.769575784578357514e-01
6.261299999800144196e+10 -4.221236948623785068e+00 -8.290436179979676634e-01
6.261299999824250031e+10 -3.630075357605019093e+00 -2.201789760523279682e+00
6.261299999809040070e+10 -3.498069459604500775e+00 -3.702274395569155274e+00
6.261299999942050934e+10 -4.197496988431897336e+00 -3.518916842008034340e+00
6.261299999890765381e+10 -4.377577295715750161e+00 -4.931914099207476809e+00
6.261299999841651154e+10 -4.984029992954694066e+00 -6.229222947756174023e+00
6.261299999756036377e+10 -4.583715466258584392e+00 -7.411923073656335070e+00
6.261299999667768860e+10 -4.980818456977249120e+00 -6.247789963070872865e+00
6.261299999629617310e+10 -6.402767324113442626e+00 -6.600666386725039025e+00
6.261299999628528595e+10 -6.394794815798574561e+00 -8.114546070803083211e+00
6.261299999624590302e+10 -6.361156189785855730e+00 -6.601492370060109138e+00
6.261299999513399506e+10 -6.546381247723561891e+00 -7.612122484716461912e+00
6.261299999402565765e+10 -6.934111848442028325e+00 -8.567773091172346867e+00
6.261299999429430389e+10 -7.028766671160773249e+00 -7.080869503075994054e+00
6.261299999445813751e+10 -7.965404201203416079e+00 -8.258953763541793336e+00
6.261299999410029602e+10 -6.569907805584786153e+00 -8.724303850081199130e+00
6.261299999479596710e+10 -6.295298770971905711e+00 -7.408004788148438990e+00
6.261299999439249420e+10 -7.485185756057352258e+00 -6.563379474273877356e+00
6.261299999576441193e+10 -7.118473667894616774e+00 -6.038621536232118281e+00
6.261299999658174133e+10 -6.596330795939683966e+00 -4.876143511109814810e+00
6.261299999692576599e+10 -7.491176673137328379e+00 -6.047857090864650509e+00
6.261299999828248596e+10 -7.941440569870339417e+00 -5.549271826236608085e+00
6.261299999794946289e+10 -8.526447003248858181e+00 -4.193220517355312538e+00
6.261299999925359344e+10 -9.274345429532825591e+00 -4.371865204454253195e+00
6.261299999920834351e+10 -8.962995674252184131e+00 -2.890977821160181538e+00
6.261299999928734589e+10 -9.326728719047702398e+00 -4.358448499548797983e+00
6.261300000043120575e+10 -1.021142716967082897e+01 -4.806671586428321596e+00
