6.957000000000000000e+09 0.000000000000000000e+00 0.000000000000000000e+00
6.957000000002545357e+09 -1.849000833737644289e-01 -2.241427651363294138e-01
6.957000000054391861e+09 -9.533994074282087228e-02 -4.956670374230316423e-01
6.956999999812530518e+09 3.481092281864797688e-02 -5.905272940850146979e-01
6.956999999851783752e+09 5.020999554446941432e-03 -3.041599972263022700e-01
6.956999999869313240e+09 -6.401225877718231400e-03 -5.939819351276716120e-01
6.956999999645835876e+09 1.181005888804422810e-01 -4.561718825467233618e-01
6.956999999694996834e+09 1.509905818545888290e-01 -7.406643359998927867e-01
6.956999999460187912e+09 3.099189990679569462e-01 -8.042317807119743200e-01
6.956999999716757774e+09 4.157433884496508636e-01 -7.181654233151504307e-01
6.956999999773685455e+09 4.263151495085770737e-01 -4.334164828074218989e-01
6.956999999895988464e+09 3.619079038271706406e-01 -6.890100312729585674e-01
6.957000000016864777e+09 3.631313177774775358e-01 -9.532485153151341040e-01
6.956999999992303848e+09 4.917969118057586853e-01 -1.212625497447050726e+00
6.957000000122441292e+09 2.649756016456127350e-01 -1.339317559870881302e+00
