2.087100000000000000e+10 0.000000000000000000e+00 0.000000000000000000e+00
2.087099999993288803e+10 -6.668798941385786772e-02 3.016311433888693716e-01
2.087099999964894485e+10 -1.809798728461538830e-01 3.806613592045805516e-01
2.087099999957897949e+10 1.237710889974662221e-01 3.341401397417226304e-01
2.087099999966725922e+10 3.655482374056388817e-02 4.339526401955273727e-02
2.087099999968342209e+10 3.542673583694784523e-02 -2.723105292741774819e-01
2.087099999989966965e+10 -4.024665471412784690e-02 -4.901238973340407146e-01
2.087099999983032990e+10 2.352961245397833245e-01 -3.515574997735661511e-01
2.087099999969393539e+10 5.203699432721951013e-01 -3.594211903505211692e-01
2.087099999954039383e+10 2.519466887125312304e-01 -4.250503257656125244e-01
2.087099999946585846e+10 7.053396064255362807e-02 -6.729747545180256862e-01
2.087099999921193314e+10 -2.735548827383600667e-02 -5.121237094483880314e-01
2.087099999933451080e+10 5.658049207098926614e-02 -2.330857387603668118e-01
2.087099999922445297e+10 -2.012027602372365997e-01 -3.792617787307136501e-01
2.087099999920554733e+10 1.143457029986144069e-01 -3.813441187054850690e-01
2.087099999921935272e+10 2.675862905670072789e-01 -6.574951822457316686e-01
2.087099999920115662e+10 2.573022804099475147e-01 -9.729246424604164334e-01
2.087099999910408401e+10 4.725245915564056376e-01 -7.627135524770378705e-01
2.087099999910277176e+10 5.168578350119898968e-01 -1.075707958042265044e+00
2.087099999906244659e+10 5.576026502568315335e-01 -7.648281125177879280e-01
2.087099999898271942e+10 2.815892662012505765e-01 -8.967105823076325644e-01
2.087099999900817871e+10 4.260126446193189809e-01 -1.176757574751174262e+00
2.087099999924973679e+10 6.196830281005685226e-01 -1.240583856509227978e+00
2.087099999935094452e+10 7.171345033333842434e-01 -1.523766834047783902e+00
2.087099999948431015e+10 9.966978909755297433e-01 -1.586941724771771867e+00
2.087099999941176605e+10 9.548447859938880011e-01 -1.891766621188397890e+00
2.087099999941086578e+10 6.492855311704779364e-01 -1.810739518521101932e+00
2.087099999941710663e+10 6.482975619456574634e-01 -1.494681405526226747e+00
2.087099999945135498e+10 6.576137064631262241e-01 -1.180558997264037568e+00
2.087099999949005890e+10 4.972707979581715287e-01 -1.450234397876248860e+00
2.087099999959846878e+10 4.706883249412218695e-01 -1.745993952062868226e+00
2.087099999974796677e+10 2.793832256214759946e-01 -1.948442598793504565e+00
2.087099999975929642e+10 2.862103756258334575e-01 -2.264287045315743541e+00
2.087099999974581909e+10 1.966934632928504234e-01 -1.961404580054955549e+00
2.087099999964171982e+10 8.403241551750130489e-02 -1.684993309975914011e+00
2.087099999949541855e+10 -1.682594956860932189e-01 -1.563018127687834546e+00
2.087099999931634903e+10 -2.495882925082795190e-01 -1.315527121715336367e+00
2.087099999930218887e+10 -2.376936106157379602e-01 -9.999472595636058614e-01
2.087099999904586029e+10 -1.865455166395166842e-01 -1.177747053054775561e+00
2.087099999918414307e+10 5.447580161062756665e-02 -1.328474758306392944e+00
2.087099999911349487e+10 8.000094627033120520e-02 -1.635541341173347929e+00
2.087099999911308670e+10 8.914133759458678363e-02 -1.951530180418543647e+00
2.087099999913859177e+10 4.641979822172700998e-02 -2.263711100193428916e+00
2.087099999910000610e+10 1.916199078243382981e-01 -1.985573367262122080e+00
2.087099999911041260e+10 2.543837906320867703e-01 -1.675920208813526102e+00
2.087099999912711716e+10 2.443547258976712933e-01 -1.991440462187338944e+00
2.087099999928688049e+10 4.912974416637456154e-01 -1.875564411034950085e+00
2.087099999932034683e+10 5.962229030908150484e-01 -1.579248349761352976e+00
2.087099999916702271e+10 3.487277517205703559e-01 -1.702418624251688106e+00
2.087099999913827515e+10 6.555216594963729770e-01 -1.773013523143787795e+00
2.087099999915252686e+10 3.497363856039448216e-01 -1.851911444468434809e+00
2.087099999941565704e+10 2.110484226111276340e-01 -1.744857678631143383e+00
2.087099999955978012e+10 -6.404812944206186853e-02 -1.685836150750826601e+00
2.087099999969058990e+10 -5.814161945104021068e-02 -1.398109946930610636e+00
2.087099999958635330e+10 2.400114673507927343e-01 -1.411224782987282600e+00
2.087099999951662827e+10 -4.761985490048256664e-02 -1.522306178011728184e+00
2.087099999979623413e+10 6.088327260388728956e-02 -1.422409037322045267e+00
2.087099999965945435e+10 1.101970913199515345e-01 -1.141709528118554973e+00
2.087099999943825531e+10 2.766064617263392367e-01 -1.294389092718780443e+00
2.087099999926411438e+10 1.090472666104101152e-01 -1.090597116265063837e+00
2.087099999927868271e+10 1.551413116596784270e-01 -1.403000318158366788e+00
2.087099999932215118e+10 1.422715942780423681e-01 -1.715854298658070931e+00
2.087099999932127380e+10 1.420306524267529180e-01 -2.031974266564388731e+00
2.087099999962075424e+10 4.362200445497994850e-02 -2.055628579213212070e+00
2.087099999982029724e+10 -4.514104883170461102e-02 -2.284182159322873940e+00
2.087100000007818604e+10 -2.055921407919284460e-01 -2.371827766684499572e+00
2.087099999999911880e+10 -1.724215775900005965e-01 -2.067557350061532961e+00
2.087100000009489441e+10 1.214970012617364592e-01 -2.133676063635105091e+00
2.087099999978747559e+10 6.840212013588051199e-02 -2.184726090227484985e+00
2.087099999998396301e+10 1.184987901379178227e-01 -1.942206480012476755e+00
2.087099999993899918e+10 1.425474509729531825e-01 -2.254188069536385619e+00
2.087100000010102463e+10 -6.951158975713772614e-02 -2.084742642726136630e+00
