2.782800000000000000e+10 0.000000000000000000e+00 0.000000000000000000e+00
2.782800000000857162e+10 -1.127773682861715476e-01 -3.232488700642432433e-01
2.782799999995627213e+10 1.957025500324221234e-01 -4.624856077180821701e-01
2.782799999992378616e+10 1.682948660881186664e-01 -8.023025936618877196e-01
2.782799999968423843e+10 3.529193851395892034e-01 -9.629672948783428721e-01
2.782799999977642441e+10 4.169983788044172024e-01 -6.394284614635405983e-01
2.782799999968835831e+10 3.804257635575566399e-01 -9.683496399143202149e-01
2.782799999977136612e+10 2.733020184869721092e-01 -1.282859322158184101e+00
2.782799999975306702e+10 2.576188352615631505e-01 -1.624475015293768809e+00
2.782799999962039185e+10 9.044413106758161791e-02 -1.892303557642267764e+00
2.782799999974963760e+10 5.992457206370535583e-02 -1.576635503988026876e+00
2.782799999985935974e+10 8.438005967646518279e-02 -1.253147186373500421e+00
2.782799999996063995e+10 7.588198314091414154e-02 -9.261115254452407797e-01
2.782800000011794281e+10 1.255881114120870334e-01 -6.259997985698317891e-01
