4.869900000000000000e+10 0.000000000000000000e+00 0.000000000000000000e+00
4.869899999944200897e+10 5.704099328907658029e-02 -5.958881865559331054e-02
4.869899999975770569e+10 -1.688453708651578011e-01 3.496473704405440031e-01
4.869899999962279510e+10 -2.442356902559006948e-01 -1.928259315717358313e-01
4.869899999990722656e+10 2.325637544961872694e-01 -2.924415143296961728e-01
4.869899999961793518e+10 5.740311682548847605e-01 5.088028986635156903e-02
4.869899999961283875e+10 1.135190754179518091e+00 -6.000954446737774561e-03
4.869899999959626770e+10 1.077956906465900699e+00 5.549011126118732484e-01
4.869899999990222168e+10 1.400050714647027128e+00 2.073249744492650093e-01
4.869900000040113068e+10 1.138670111746142188e+00 1.768307837449583642e-01
