1.391400000000000000e+10 0.000000000000000000e+00 0.000000000000000000e+00
1.391399999998270416e+10 -1.692319397744776188e-01 2.466890503236962295e-01
1.391399999998229408e+10 -4.648980933915638492e-01 1.979503473620571052e-01
1.391400000009090996e+10 -6.473777673577065794e-01 -1.346788001912382904e-02
1.391400000005620193e+10 -6.422143065117551508e-01 -3.110628322384701994e-01
1.391399999993981171e+10 -4.443515947275856748e-01 -1.184552824853756237e-01
1.391400000000810623e+10 -6.107566118729493843e-01 1.212095853579065186e-01
1.391399999978717232e+10 -5.911116961073981102e-01 3.226940781648613421e-01
1.391399999978661346e+10 -5.916442502048170349e-01 6.223497281074562570e-01
1.391399999984191132e+10 -7.872161442439951085e-01 8.425494223026647189e-01
1.391399999978436852e+10 -1.012671314635078090e+00 1.031369390202122815e+00
1.391399999985241890e+10 -7.358454061706655169e-01 9.390078170655571377e-01
1.391399999970500946e+10 -8.489081019828730312e-01 7.038875038343718193e-01
1.391399999965489006e+10 -1.031798071852749743e+00 4.718672393053972014e-01
1.391399999960445213e+10 -1.062692896190988057e+00 1.781061381591280135e-01
1.391399999960959244e+10 -9.655316961792956842e-01 -1.053147130546158161e-01
1.391399999932026291e+10 -8.944136135799090059e-01 -7.330850661595371409e-02
1.391399999915466499e+10 -1.135649310992328465e+00 -1.379360163203759981e-01
1.391399999887642479e+10 -1.114319700669942792e+00 -2.471228380279071324e-01
1.391399999882102394e+10 -9.508682340405543165e-01 -2.156699973849568464e-03
1.391399999883816338e+10 -7.290871507467509005e-01 1.986255345432751396e-01
1.391399999899476814e+10 -4.747531986728444897e-01 1.744752481375985154e-01
1.391399999873929787e+10 -4.158585790745927269e-01 2.935219248765913447e-02
1.391399999864397621e+10 -1.321651821050316977e-01 4.438610598661929529e-02
1.391399999845861053e+10 -2.270604799492160764e-01 -1.710874520205174498e-01
1.391399999844841194e+10 -2.570311893056642094e-01 -4.690670552508930391e-01
1.391399999836762428e+10 -2.971567359939379926e-01 -1.833094448657967002e-01
1.391399999818627739e+10 -3.626951124133587778e-01 -4.126828276866600365e-01
1.391399999844295502e+10 -3.523224982607702227e-01 -5.669661654440687482e-01
1.391399999859134293e+10 -3.391861869224103154e-01 -8.269706852401627062e-01
1.391399999877863312e+10 -2.623056200036491536e-01 -1.047891941464847543e+00
1.391399999863188553e+10 -5.151821958125957224e-01 -1.113564216891897551e+00
1.391399999870619583e+10 -7.008856241073901927e-01 -8.904357192929410747e-01
1.391399999882073784e+10 -9.364144901304494173e-01 -1.036039302944819607e+00
1.391399999876307678e+10 -6.747352265488792966e-01 -1.170178195523216891e+00
1.391399999878945160e+10 -9.453073796253441685e-01 -1.296230477453778729e+00
1.391399999884500694e+10 -8.858433845021417286e-01 -1.007835421039977364e+00
1.391399999881144524e+10 -1.067526854533539460e+00 -1.243756569146025948e+00
1.391399999883631134e+10 -8.299677542400160091e-01 -1.062810622573625130e+00
1.391399999902555656e+10 -1.043729738082922021e+00 -9.717834886368859060e-01
1.391399999920536804e+10 -1.111069644898365461e+00 -1.201843204029769518e+00
1.391399999898954201e+10 -1.318425050803752940e+00 -1.216570727387249917e+00
1.391399999904716873e+10 -1.388994519239848291e+00 -1.502040986869426886e+00
1.391399999899005699e+10 -1.277333405430244317e+00 -1.774188127257742664e+00
1.391399999914562416e+10 -1.252418611936647830e+00 -1.519291985315502025e+00
1.391399999929578209e+10 -1.508959177721739930e+00 -1.557156478108696174e+00
1.391399999949291039e+10 -1.308880642489071544e+00 -1.661572815770932188e+00
1.391399999964378929e+10 -1.102757020594520965e+00 -1.818234512231318156e+00
1.391399999964725494e+10 -1.162073283858871431e+00 -2.111941300008455258e+00
1.391399999963855934e+10 -8.996355363080807965e-01 -1.967563583056351151e+00
1.391399999944720268e+10 -1.087672704028295190e+00 -2.101051449896208290e+00
1.391399999965336609e+10 -1.286490948484923624e+00 -2.012947338975949130e+00
1.391399999964351654e+10 -1.330984263681922686e+00 -2.309118626621467829e+00
1.391399999977407455e+10 -1.095099009281397917e+00 -2.178325903145415854e+00
1.391399999947492981e+10 -1.098678724413085339e+00 -2.195460129737893062e+00
1.391399999974025917e+10 -1.132889007256691949e+00 -2.060463067519349600e+00
1.391399999959334183e+10 -9.871162844888539123e-01 -2.277164543361227089e+00
1.391399999943917656e+10 -7.547512551650152890e-01 -2.386862437646591228e+00
1.391399999918798256e+10 -8.588700600847880562e-01 -2.260946349672028344e+00
1.391399999919932365e+10 -8.424919429190583786e-01 -1.961952646214734752e+00
1.391399999902455521e+10 -8.663888780101605125e-01 -1.719715017126852041e+00
1.391399999920959663e+10 -7.482410329916328040e-01 -1.923663060247569723e+00
1.391399999892863655e+10 -7.451080675578104495e-01 -1.819521563517476626e+00
1.391399999917887306e+10 -5.808782168599337936e-01 -1.805216468063997048e+00
1.391399999916087723e+10 -5.272013855176398422e-01 -2.099476698798523611e+00
1.391399999926608849e+10 -5.571609150736978044e-01 -2.378452174881561909e+00
1.391399999903758049e+10 -3.639109923195019691e-01 -2.363185212958343495e+00
1.391399999904428673e+10 -3.411777809752782331e-01 -2.064467405082585749e+00
1.391399999924796677e+10 -5.208706077433611359e-01 -2.191032913747494870e+00
1.391399999932640076e+10 -3.788333279661488806e-01 -1.939105043879327139e+00
1.391399999908985901e+10 -2.659939623671889741e-01 -1.793813128674923707e+00
1.391399999923844528e+10 -3.904902238376255497e-01 -1.565302474747704897e+00
1.391399999920665359e+10 -2.741010365993934439e-01 -1.839596065770479072e+00
1.391399999941325378e+10 -3.872839330570084226e-01 -1.654392198484098575e+00
1.391399999948158264e+10 -3.096468469192191764e-01 -1.373149197003757038e+00
1.391399999970871162e+10 -1.225095219270755931e-01 -1.429592910754989177e+00
1.391399999993194008e+10 -2.762007233991560229e-01 -1.557427858040699054e+00
1.391399999965066528e+10 -2.956810938159326052e-01 -1.455944457657451618e+00
1.391399999968153572e+10 -2.779796817057820224e-01 -1.158408330024239596e+00
1.391399999946771240e+10 -4.467325324550807664e-01 -1.283294421289332687e+00
1.391399999957854652e+10 -6.813694597502205630e-01 -1.433146159801991892e+00
1.391399999979620171e+10 -6.569201792886947278e-01 -1.637651625112266585e+00
1.391399999986112404e+10 -3.775865563945026149e-01 -1.724553026947169387e+00
1.391399999966242981e+10 -4.501761458633986024e-01 -1.512313397252196490e+00
1.391399999967956352e+10 -1.752919547085639573e-01 -1.630378007031712873e+00
1.391399999974209976e+10 6.502864699103769186e-02 -1.462660313297007297e+00
1.391399999979396248e+10 -2.208038621661031209e-01 -1.389147282931448846e+00
1.391399999983287811e+10 -1.395269499260668733e-01 -1.674933411806956318e+00
1.391399999994079971e+10 -1.162076645451788487e-01 -1.396359982915873044e+00
1.391399999990895271e+10 -1.723372144713245513e-01 -1.688984862028213518e+00
1.391399999989701462e+10 -2.440411408186398123e-01 -1.979691089498198719e+00
1.391399999964252090e+10 -3.319687389652152265e-01 -1.848177312248203474e+00
1.391399999953204918e+10 -2.537495316424960290e-01 -1.580834781236298170e+00
1.391399999959011269e+10 -3.873931883987272728e-01 -1.318991050829228628e+00
1.391399999941444588e+10 -2.997729493352412899e-01 -1.545393274733992461e+00
1.391399999942938614e+10 -4.317256888579001917e-02 -1.391357179476209183e+00
1.391399999956524086e+10 -9.393143929682837290e-02 -1.129134015750991926e+00
1.391399999950586700e+10 -9.335913070044611628e-02 -1.422848899464877581e+00
1.391399999935690498e+10 3.866178647971436899e-02 -1.646846437546692243e+00
1.391399999937581062e+10 -1.331393698551628924e-01 -1.402058614776015233e+00
1.391399999953660583e+10 -2.505043872973873875e-01 -1.626032762121716324e+00
1.391399999933426094e+10 -2.496557912318572159e-01 -1.847052518421263390e+00
1.391399999933784103e+10 -1.083434888865000001e-01 -2.111272353959205539e+00
1.391399999905004883e+10 -7.863371334899996179e-02 -2.033252499780111577e+00
1.391399999923903656e+10 -6.634949825693629843e-02 -1.801031538185041692e+00
1.391399999915481377e+10 -1.981315640810784040e-01 -1.545426391580043024e+00
1.391399999894460678e+10 -2.138137933798476831e-01 -1.332444912667753778e+00
1.391399999909333611e+10 -3.647097605760140082e-01 -1.120539506320241463e+00
1.391399999890738487e+10 -2.033590985682584562e-01 -1.291367381198964548e+00
1.391399999877827263e+10 -3.822642294552847653e-01 -1.494140977270783655e+00
1.391399999872265625e+10 -2.758890564849524885e-01 -1.219577426300031187e+00
1.391399999900104523e+10 -3.071182235023995344e-01 -1.325963391556245208e+00
1.391399999902011871e+10 -3.243089660379405714e-01 -1.624517829075000197e+00
1.391399999886445808e+10 -1.688869704478738742e-01 -1.421028924701621010e+00
1.391399999913156319e+10 -8.293174721829675577e-02 -1.526197204902455251e+00
1.391399999898017693e+10 1.421601581240901080e-01 -1.653516381960002501e+00
1.391399999903968048e+10 2.147791471934640539e-01 -1.938086167584516906e+00
1.391399999929659462e+10 6.926255612130791106e-02 -1.886956950656444976e+00
1.391399999914562225e+10 3.964559075702034363e-04 -2.136474419451767304e+00
1.391399999885294724e+10 3.950198028761301577e-02 -2.085421743501609360e+00
1.391399999905478477e+10 1.651183516908304449e-01 -1.903003570634949071e+00
1.391399999882316780e+10 -7.099515754420054892e-03 -1.822453463550263164e+00
1.391399999861590958e+10 -4.303646129110220292e-02 -2.035869355071724840e+00
1.391399999876736259e+10 -2.941840733113522122e-01 -1.974377614275428128e+00
1.391399999877754402e+10 -3.132408710392120543e-01 -1.675500934819867060e+00
1.391399999884137535e+10 -9.441746521141147763e-02 -1.870015967619124364e+00
1.391399999875482750e+10 -2.904308349619162399e-01 -2.079497080350180660e+00
1.391399999858351707e+10 -7.117466663637550539e-02 -1.968261688173192914e+00
1.391399999867178726e+10 1.730926833466844006e-01 -1.818809663357184414e+00
1.391399999853466225e+10 1.357235999300168416e-01 -1.555002043222724062e+00
1.391399999844507217e+10 -1.499676125318867570e-01 -1.567175649912140090e+00
1.391399999842463303e+10 -2.641546023797854414e-01 -1.290882968987164592e+00
1.391399999838190269e+10 -1.527009076660391373e-01 -1.016026051425069410e+00
1.391399999829714584e+10 -1.901251701573557773e-01 -1.300999250324654355e+00
1.391399999816984558e+10 -3.639826068342421062e-01 -1.509235372992273838e+00
1.391399999803771973e+10 -6.190200100737792699e-01 -1.594633531616724831e+00
1.391399999793209267e+10 -5.298405979088869344e-01 -1.860498406391908777e+00
1.391399999767972183e+10 -4.757391657407470942e-01 -2.012736094006477128e+00
1.391399999760934258e+10 -2.067096085375285663e-01 -1.901093676414228772e+00
1.391399999763125801e+10 -1.718752421224306326e-01 -2.197910710800032419e+00
1.391399999754813766e+10 -3.231858720022627862e-01 -1.952981996963347955e+00
1.391399999760290146e+10 -4.962876979860386673e-01 -2.191374017896992932e+00
1.391399999761439133e+10 -5.241740005729859098e-01 -2.489508988441225590e+00
1.391399999789459419e+10 -5.955917882097911953e-01 -2.568121598629681479e+00
1.391399999792259979e+10 -5.904222994650420997e-01 -2.866421980150334115e+00
1.391399999791389656e+10 -5.840004774505500595e-01 -2.566960590282845622e+00
1.391399999807378769e+10 -6.173320115328880808e-01 -2.818192843233899403e+00
1.391399999809348679e+10 -5.809776769462720036e-01 -3.114983022774983290e+00
1.391399999794827271e+10 -6.305998730837174548e-01 -2.857603130604249309e+00
1.391399999803007317e+10 -6.145164773639953948e-01 -3.145429681130786470e+00
1.391399999804880142e+10 -5.877340016308615356e-01 -2.847560479837355274e+00
1.391399999814749908e+10 -3.213557582526652689e-01 -2.942929905344385588e+00
1.391399999820297813e+10 -3.508026848040564638e-01 -2.649929974734658078e+00
1.391399999845363617e+10 -2.515360429825443944e-01 -2.780739655700282142e+00
1.391399999849434471e+10 -1.145832293869316620e-01 -3.044142054582754664e+00
1.391399999851755714e+10 -3.904253754069648696e-01 -2.929397318624974211e+00
1.391399999845766068e+10 -3.158956461456838838e-01 -2.645404519843140623e+00
1.391399999822571182e+10 -2.594694576597040836e-01 -2.826539040438432515e+00
1.391399999815944672e+10 -4.603736191671268241e-01 -2.614311374316510062e+00
1.391399999813881111e+10 -5.807535154735369298e-01 -2.340674832279923123e+00
1.391399999810569954e+10 -7.497382941597285910e-01 -2.095436549560781181e+00
1.391399999789473534e+10 -7.192032008296936896e-01 -1.884827570626504745e+00
1.391399999796143913e+10 -4.896488589144764036e-01 -2.065519455416155559e+00
1.391399999820023346e+10 -6.532727177803667740e-01 -1.988069708478369613e+00
1.391399999810850716e+10 -7.831406077683309430e-01 -2.242067487130932957e+00
1.391399999800017166e+10 -6.735696625242898472e-01 -2.499072563987704054e+00
1.391399999828952789e+10 -6.210598518906653709e-01 -2.441542192828033198e+00
1.391399999816386223e+10 -5.873543675864943969e-01 -2.171604681666763348e+00
1.391399999817810059e+10 -4.231731824294184818e-01 -1.921333007410388483e+00
1.391399999809701157e+10 -4.807535486321555251e-01 -2.204004497467825008e+00
1.391399999809911346e+10 -4.882645597040873864e-01 -2.503559617901084611e+00
1.391399999787868690e+10 -4.322731782000738820e-01 -2.698677454438102252e+00
1.391399999810101891e+10 -2.545268765164864222e-01 -2.605035967331561508e+00
1.391399999783045578e+10 -1.334239362520713290e-01 -2.648895538304360642e+00
1.391399999785033035e+10 -1.216446607445183653e-01 -2.350130846526126138e+00
1.391399999774366760e+10 -7.249501600885467634e-02 -2.625814345565187669e+00
1.391399999784039688e+10 -9.560565362850675930e-02 -2.343142115329716280e+00
1.391399999780210495e+10 1.256659951682439769e-01 -2.541552478921678571e+00
1.391399999794624519e+10 1.529561997838990439e-01 -2.802843447872285676e+00
1.391399999813224792e+10 -3.705614420372671525e-02 -2.664668218852470627e+00
1.391399999790202713e+10 -2.196589301472701844e-02 -2.855888188524556170e+00
1.391399999793774223e+10 -2.597316301269252392e-01 -3.034734353685403896e+00
1.391399999766959190e+10 -3.833915760351734869e-01 -3.085706039171336013e+00
1.391399999748956108e+10 -3.233416371353765584e-01 -2.853807265020246398e+00
1.391399999734233856e+10 -4.841644845258065710e-01 -3.059368760502398921e+00
1.391399999748736572e+10 -2.604636090722095010e-01 -3.196187669703933754e+00
1.391399999721716118e+10 -2.021634311710575338e-01 -3.080496484695173898e+00
1.391399999717443657e+10 -2.043084839368262406e-01 -2.783909071561791126e+00
1.391399999691907501e+10 -1.966335574192876468e-01 -2.940517227216896234e+00
1.391399999670694733e+10 -5.138475226762317938e-02 -3.094460523952434094e+00
1.391399999647164345e+10 5.677467861102161728e-02 -3.245217253185467055e+00
1.391399999637339401e+10 3.328918802151294987e-01 -3.182764469587362033e+00
1.391399999654786491e+10 5.201196789697115630e-01 -3.026879614462921975e+00
1.391399999634739113e+10 3.693397278722705401e-01 -3.190800027013797280e+00
1.391399999604845238e+10 3.565866429798077442e-01 -3.207147338940191439e+00
1.391399999605641747e+10 2.526854186834240901e-01 -3.488101419932798208e+00
1.391399999590774727e+10 9.636970010736711778e-03 -3.395263152528107842e+00
1.391399999577090454e+10 2.547746193628194211e-01 -3.500026997357077452e+00
1.391399999586724854e+10 4.660686727535867657e-01 -3.310642254497230041e+00
1.391399999581935120e+10 5.849925032634044619e-01 -3.581487486013622767e+00
1.391399999610907745e+10 5.514161742950448586e-01 -3.512746378328022612e+00
1.391399999636660004e+10 4.670820913108626460e-01 -3.640669844240576047e+00
1.391399999635314751e+10 4.755584257260458969e-01 -3.939904336653838435e+00
1.391399999645805740e+10 5.014337404042197299e-01 -4.219401424137351420e+00
1.391399999659976006e+10 7.229388295428058608e-01 -4.075699685829915708e+00
1.391399999648621559e+10 7.677477527645475419e-01 -4.349367289519214808e+00
1.391399999651001930e+10 1.028299363310871239e+00 -4.495450659730705567e+00
1.391399999626123619e+10 9.884840846741087539e-01 -4.657673444913177363e+00
1.391399999629474640e+10 6.935648511108666314e-01 -4.616517121629384768e+00
1.391399999609464836e+10 9.164941828299367765e-01 -4.608922940658595202e+00
1.391399999625800323e+10 8.650145460784386398e-01 -4.363038020909695724e+00
1.391399999617206573e+10 5.884543948600715613e-01 -4.286074226924971420e+00
1.391399999630430412e+10 3.246000111224873752e-01 -4.234226752483636780e+00
1.391399999643616295e+10 4.084416314540806336e-01 -4.489917861706625324e+00
1.391399999624592018e+10 2.744845429926759950e-01 -4.301086297342723519e+00
1.391399999613704300e+10 5.081048822825597888e-01 -4.453930824953410195e+00
1.391399999638703537e+10 6.711540182564559309e-01 -4.427221832745020791e+00
1.391399999638172150e+10 6.755604631637638358e-01 -4.726798962865118803e+00
1.391399999625416756e+10 6.547339958265665505e-01 -4.997151104278023226e+00
1.391399999628648758e+10 5.098877477984435913e-01 -4.736826232389897307e+00
1.391399999629363060e+10 2.443823825481013512e-01 -4.598081898788283439e+00
1.391399999636709404e+10 2.661500817870737778e-01 -4.308386443286408962e+00
1.391399999653652954e+10 2.009431195901195122e-01 -4.069987708997353515e+00
1.391399999652154732e+10 1.520133291456948754e-01 -3.774732725708739967e+00
1.391399999663222694e+10 -8.175342239072508344e-02 -3.926051489617557788e+00
1.391399999671282005e+10 -7.973559135741506432e-03 -4.205077226123098200e+00
1.391399999673496819e+10 5.304901044443167957e-02 -4.497617539842811318e+00
1.391399999659731674e+10 -1.950702261584001396e-01 -4.401267885009836789e+00
1.391399999682579803e+10 -5.796697198371275617e-02 -4.538357344291574336e+00
1.391399999688751602e+10 -9.585220497491411806e-02 -4.829131685424307818e+00
1.391399999665209198e+10 -2.990457078384128886e-02 -4.655866481531954371e+00
1.391399999662519455e+10 2.505346558524347567e-02 -4.949209753711948601e+00
1.391399999661509895e+10 3.306670207332315647e-03 -4.650513844304236422e+00
1.391399999638431358e+10 -1.751313276162911325e-01 -4.582013731307558402e+00
1.391399999642983437e+10 -1.841031420625130199e-01 -4.285970744061150306e+00
1.391399999642220879e+10 -4.107861476831852210e-01 -4.090137201272527889e+00
1.391399999641829681e+10 -4.137827021477469280e-01 -4.389753312304240040e+00
1.391399999644914055e+10 -7.038164319230800769e-01 -4.321027470779225332e+00
1.391399999643847656e+10 -8.935443617380323111e-01 -4.089330080201799333e+00
1.391399999633393097e+10 -6.232753235379704382e-01 -4.165611946300327162e+00
1.391399999634895325e+10 -6.955951044492234558e-01 -4.456022478853423507e+00
1.391399999651779938e+10 -7.266111592119158802e-01 -4.701630189043694230e+00
1.391399999668383789e+10 -4.944849318555885609e-01 -4.610290709770512585e+00
1.391399999673109436e+10 -5.473226468259305699e-01 -4.901442186632353426e+00
1.391399999687321091e+10 -5.086406024925542724e-01 -4.640481080218552989e+00
1.391399999681028175e+10 -5.509318140769579042e-01 -4.930387205460762701e+00
1.391399999659172440e+10 -3.641076363735785693e-01 -5.014787076430999413e+00
1.391399999635993958e+10 -3.700796865445580841e-01 -4.824959554814517659e+00
1.391399999652034187e+10 -3.631335144807607551e-01 -4.571943238474496241e+00
1.391399999628834152e+10 -2.639075825214621807e-01 -4.733571665049512767e+00
1.391399999612775421e+10 -1.118644494733788408e-01 -4.935781456983240112e+00
1.391399999595957947e+10 -1.199483707762901558e-01 -5.183664034159354728e+00
1.391399999605641747e+10 -1.261779407892102967e-01 -4.900154616109928085e+00
1.391399999594413185e+10 -4.024672443716131864e-01 -4.870995566068874183e+00
1.391399999617716980e+10 -5.497093358732219048e-01 -4.988499159975869013e+00
1.391399999633502960e+10 -3.106387082652809495e-01 -4.900637749717873248e+00
1.391399999660448647e+10 -1.939871018012650494e-01 -4.960470230834071792e+00
1.391399999666255188e+10 -1.788216172751717348e-01 -4.666884772461311393e+00
1.391399999668091774e+10 -3.072721221443643902e-01 -4.936990771322190774e+00
1.391399999668262482e+10 -3.074195013049029201e-01 -4.637339025771718859e+00
1.391399999684237480e+10 -4.277501291295552344e-01 -4.414192481921277000e+00
1.391399999693428230e+10 -5.806772624195323251e-01 -4.654941916195164175e+00
1.391399999667170334e+10 -6.327225990546859746e-01 -4.789616772613391582e+00
1.391399999650236702e+10 -7.115769023556341999e-01 -5.023926459780064135e+00
1.391399999678306198e+10 -6.121272570016467185e-01 -5.057307933248660348e+00
1.391399999706867409e+10 -7.007130339015571474e-01 -5.076601879211774637e+00
1.391399999684205818e+10 -5.834846924012303537e-01 -4.919448821669445415e+00
1.391399999693694878e+10 -6.956637320235616873e-01 -4.658286798366043868e+00
1.391399999711976242e+10 -9.191509615421300516e-01 -4.738454229767181225e+00
1.391399999698176956e+10 -9.048915421931179592e-01 -4.472843953059022049e+00
1.391399999711100769e+10 -9.798441727094753251e-01 -4.213086706038184914e+00
1.391399999717276001e+10 -9.928371909130532247e-01 -3.920150142350518063e+00
1.391399999736324310e+10 -1.104695835974942586e+00 -4.122629255980737817e+00
1.391399999718560982e+10 -1.212072190720130616e+00 -4.338756181996835437e+00
1.391399999711706161e+10 -1.503669351079205851e+00 -4.346906055090782317e+00
1.391399999733309746e+10 -1.296010097799144001e+00 -4.347522562736785723e+00
1.391399999729159355e+10 -1.227890824514860979e+00 -4.058677926308130068e+00
1.391399999751908493e+10 -1.046092716107153597e+00 -3.988028686439875070e+00
1.391399999756641197e+10 -1.082766594359534373e+00 -4.281642894837922597e+00
1.391399999770380783e+10 -1.340912056087664617e+00 -4.216241537423160324e+00
1.391399999777892303e+10 -1.396675597431682458e+00 -4.500920728181218244e+00
1.391399999792610359e+10 -1.644829308505658005e+00 -4.581861854712328430e+00
1.391399999801913834e+10 -1.867375630311249202e+00 -4.759659035369624647e+00
1.391399999800831604e+10 -1.820833798240428125e+00 -5.055481351763400966e+00
1.391399999785282326e+10 -1.660989993062700343e+00 -4.855316378858284487e+00
1.391399999803971672e+10 -1.892527695185718173e+00 -4.890743298009371465e+00
1.391399999810330200e+10 -1.623957389849369104e+00 -4.774034726885184376e+00
1.391399999808318710e+10 -1.658424261115190701e+00 -5.071022147357888699e+00
1.391399999833281898e+10 -1.721510030573766947e+00 -5.224313964098888263e+00
1.391399999844871902e+10 -1.839197569943439747e+00 -5.474335975698543244e+00
1.391399999851001930e+10 -1.902162387316767456e+00 -5.187854183813727538e+00
1.391399999824234581e+10 -1.770882964207753485e+00 -5.157680989646431513e+00
1.391399999839021111e+10 -1.810267040537784089e+00 -5.415321518092273578e+00
1.391399999829898643e+10 -1.567162051377930965e+00 -5.265748688220403650e+00
1.391399999804936600e+10 -1.402012950889951703e+00 -5.251289768562380722e+00
1.391399999803423882e+10 -1.321310044647166393e+00 -5.539477788656508750e+00
1.391399999799784088e+10 -1.353862997302476057e+00 -5.835128914331638939e+00
1.391399999811185837e+10 -1.626867388393462344e+00 -5.882696393497146126e+00
1.391399999785788155e+10 -1.606623816305260855e+00 -6.040431491413409404e+00
1.391399999785236740e+10 -1.626565373969943495e+00 -5.741489965950349550e+00
1.391399999814116669e+10 -1.555073697345105810e+00 -5.777233445599991413e+00
1.391399999817808151e+10 -1.262154047017017611e+00 -5.725955525450908468e+00
1.391399999841457367e+10 -1.183145991215559523e+00 -5.559751847210065989e+00
1.391399999840020561e+10 -1.062531188692492634e+00 -5.285818019022800129e+00
1.391399999810809517e+10 -1.117593427143228180e+00 -5.323685841384270923e+00
1.391399999823819923e+10 -8.541042398681351067e-01 -5.265028164311395642e+00
1.391399999845478058e+10 -9.518754963936131297e-01 -5.082470242570590990e+00
1.391399999823126221e+10 -1.059368868279027431e+00 -4.914307671067413175e+00
1.391399999814666176e+10 -1.030002068277592109e+00 -5.200269821697847128e+00
1.391399999793158722e+10 -1.148147428449909357e+00 -5.028285075946107519e+00
1.391399999776845169e+10 -9.217453538328379548e-01 -4.919093120860375201e+00
1.391399999748414040e+10 -9.481097609516665470e-01 -5.010011998549479983e+00
1.391399999739607430e+10 -9.098493668864651163e-01 -4.726155590411160290e+00
1.391399999737506676e+10 -9.213462457857692911e-01 -4.427457421061896881e+00
1.391399999740595436e+10 -7.996577854758813997e-01 -4.699545554465471398e+00
1.391399999714838600e+10 -7.983611834245988303e-01 -4.546409595756300881e+00
1.391399999732418251e+10 -1.041015692404903215e+00 -4.543454937216170997e+00
1.391399999720548058e+10 -9.325885307333142693e-01 -4.290576512004454557e+00
1.391399999710411072e+10 -7.782718714045554487e-01 -4.526594522288005074e+00
1.391399999705960274e+10 -1.002372032030126370e+00 -4.720481628441941524e+00
1.391399999702978134e+10 -9.848191771495617974e-01 -4.422829623312498626e+00
1.391399999679440308e+10 -1.125692485934086662e+00 -4.543434844642843196e+00
1.391399999675071335e+10 -1.231328841140076458e+00 -4.820429884999195558e+00
1.391399999666628265e+10 -1.406851457891897361e+00 -4.592707530474464228e+00
1.391399999649902153e+10 -1.267534457732487851e+00 -4.386773601163000080e+00
1.391399999648812485e+10 -1.134547498760735129e+00 -4.118464350036188826e+00
1.391399999672254181e+10 -1.161034654439613956e+00 -4.303238025456919580e+00
1.391399999694530678e+10 -9.961435449901648864e-01 -4.417170014413801304e+00
1.391399999678133965e+10 -1.112931564843675503e+00 -4.639137334630595078e+00
1.391399999681799126e+10 -1.235548839369430496e+00 -4.368183908177288188e+00
1.391399999654113770e+10 -1.325894077867336485e+00 -4.297585561759217576e+00
1.391399999632115364e+10 -1.277120331369340889e+00 -4.495127099334163212e+00
1.391399999654759407e+10 -1.250761837067492221e+00 -4.300642320031950128e+00
1.391399999644252968e+10 -1.256949038730440060e+00 -4.581208698864469575e+00
1.391399999645765495e+10 -1.268056119132449533e+00 -4.880277236796318086e+00
1.391399999641341209e+10 -1.201619074441137025e+00 -4.591447142783759539e+00
1.391399999639434242e+10 -1.213684909948669288e+00 -4.292641447483110717e+00
1.391399999638843918e+10 -1.063324930338788610e+00 -4.551776787102576272e+00
1.391399999619658661e+10 -1.071854012235086140e+00 -4.321746477101997108e+00
1.391399999614286232e+10 -1.366625645841344827e+00 -4.325918561672333240e+00
1.391399999602489281e+10 -1.477856432130439712e+00 -4.577920588098579380e+00
1.391399999596310806e+10 -1.423488331785710548e+00 -4.289787124134725183e+00
1.391399999582673454e+10 -1.523192777007907672e+00 -4.042288863665626231e+00
1.391399999582614326e+10 -1.565946953913603501e+00 -3.745698515164537667e+00
1.391399999594153404e+10 -1.486882186568966757e+00 -4.010704009417762173e+00
1.391399999580167198e+10 -1.601796148343883619e+00 -3.771900039139061800e+00
1.391399999580803680e+10 -1.639781999352090125e+00 -4.069071143891522802e+00
1.391399999581404114e+10 -1.371617213566046711e+00 -3.935483317672642034e+00
1.391399999566161919e+10 -1.477860177209848969e+00 -4.170588127890399122e+00
1.391399999562001991e+10 -1.763446855082053899e+00 -4.089942090639349992e+00
1.391399999571315575e+10 -1.913267016814977683e+00 -3.847715101517156011e+00
1.391399999556814384e+10 -1.847624791061316385e+00 -4.101598140649913127e+00
1.391399999530095291e+10 -1.981016649612264535e+00 -4.126283584486226452e+00
1.391399999516286087e+10 -1.905407214298806995e+00 -3.871316902227157630e+00
1.391399999508615685e+10 -2.014481187103555282e+00 -3.602963717489306994e+00
1.391399999537136459e+10 -1.925705342817307208e+00 -3.579104803483180497e+00
1.391399999552122116e+10 -1.673303697371597565e+00 -3.518849129180456448e+00
1.391399999570702362e+10 -1.875627477920564168e+00 -3.399114319302746434e+00
1.391399999594929695e+10 -1.702001215068343454e+00 -3.368260216412216845e+00
1.391399999605208588e+10 -1.460661010640268653e+00 -3.223403023279231228e+00
1.391399999615091896e+10 -1.737944772780128933e+00 -3.279437247751388007e+00
1.391399999631658363e+10 -1.731111212899749008e+00 -3.529042524834550942e+00
1.391399999639162445e+10 -1.451718816163685144e+00 -3.607163048663802218e+00
1.391399999631633949e+10 -1.486847675701046700e+00 -3.895073400087378790e+00
1.391399999635638046e+10 -1.543117647320997543e+00 -4.186663071739988418e+00
1.391399999648359489e+10 -1.279434182771119088e+00 -4.122776170127530726e+00
1.391399999654627991e+10 -9.865699298318154620e-01 -4.113014069995069910e+00
1.391399999656212044e+10 -1.228540179721677505e+00 -4.289063964644289406e+00
1.391399999667534065e+10 -1.246101659148280083e+00 -4.565952124540229917e+00
1.391399999660926628e+10 -1.444333737235816928e+00 -4.780736457254630700e+00
1.391399999643466759e+10 -1.253296223034794155e+00 -4.629693284344130966e+00
1.391399999614241791e+10 -1.318234378710354537e+00 -4.616766102712843711e+00
1.391399999605872345e+10 -1.129465864048287971e+00 -4.833919921241514928e+00
1.391399999612190056e+10 -8.966270464815736529e-01 -5.011652164177133884e+00
1.391399999590658379e+10 -7.127314038377303707e-01 -5.109710682376580770e+00
1.391399999575822830e+10 -4.907169837051326700e-01 -5.245705445042723625e+00
1.391399999574703598e+10 -7.374897718548576453e-01 -5.076082253459813565e+00
1.391399999595061684e+10 -6.751286966201190953e-01 -4.865226307256638627e+00
1.391399999596684265e+10 -9.449554406267468565e-01 -4.994549004927281821e+00
1.391399999596943855e+10 -9.423444310306103855e-01 -5.294183023670893107e+00
1.391399999615414429e+10 -7.078430962798066828e-01 -5.320397501120583073e+00
1.391399999589635658e+10 -5.597871921801501616e-01 -5.358073369392392316e+00
1.391399999587866402e+10 -5.534343266683895424e-01 -5.657139807163913403e+00
1.391399999589386749e+10 -8.336900693356510406e-01 -5.552165148326220212e+00
1.391399999598749733e+10 -5.654194419697315954e-01 -5.647340637341034864e+00
1.391399999609119415e+10 -7.009610585008181349e-01 -5.401028721760211759e+00
1.391399999612360573e+10 -5.622641648324770980e-01 -5.664670104081611868e+00
1.391399999592856026e+10 -7.806841066977212584e-01 -5.601076093485458429e+00
1.391399999622421455e+10 -8.283873668050317773e-01 -5.590744946894098177e+00
1.391399999636186028e+10 -7.523775544221441569e-01 -5.335656047914103972e+00
1.391399999657734489e+10 -8.990697725055890599e-01 -5.187865593441566503e+00
1.391399999629278564e+10 -9.924286104008597231e-01 -5.198097303308125916e+00
1.391399999600780296e+10 -1.085004435243841492e+00 -5.195173021553773474e+00
1.391399999586606979e+10 -1.213711549270439560e+00 -5.425694992001778516e+00
1.391399999585865593e+10 -1.220931116229531099e+00 -5.126217097232435016e+00
1.391399999589471436e+10 -1.305913687198681172e+00 -4.841134891774476756e+00
1.391399999603246689e+10 -1.110910653816272520e+00 -5.022221144354477751e+00
1.391399999614318275e+10 -1.267735676630805663e+00 -5.252312847841032806e+00
1.391399999586325836e+10 -1.232356816121915610e+00 -5.353233057652079907e+00
1.391399999588636780e+10 -1.301115946149717040e+00 -5.643977301543693592e+00
1.391399999581322098e+10 -1.260365375004165456e+00 -5.931697806732880274e+00
1.391399999581346703e+10 -1.261177359223214056e+00 -5.632042363497283155e+00
1.391399999561205292e+10 -1.378362952023417520e+00 -5.443644631791665134e+00
1.391399999555475426e+10 -1.282698425603103098e+00 -5.721780101229676951e+00
1.391399999575568199e+10 -1.435954135566684720e+00 -5.560737170543501584e+00
1.391399999562628174e+10 -1.600499411647869019e+00 -5.346320731078968436e+00
1.391399999577949905e+10 -1.617453877399173789e+00 -5.603285829535013640e+00
1.391399999599574852e+10 -1.504518918825933582e+00 -5.429287063883006859e+00
1.391399999580531693e+10 -1.627502642305959313e+00 -5.625258041902459816e+00
1.391399999603196526e+10 -1.675195386398132147e+00 -5.435126745400009618e+00
1.391399999609059906e+10 -1.677428404364361247e+00 -5.141271182884353586e+00
1.391399999624113274e+10 -1.557976048795333135e+00 -4.911347360788399286e+00
1.391399999635813141e+10 -1.558076423486109308e+00 -4.635475527870781320e+00
1.391399999618665695e+10 -1.723834721526478875e+00 -4.816899557759747097e+00
1.391399999610599709e+10 -1.917495120666128816e+00 -5.030870885571767204e+00
1.391399999600965309e+10 -1.635430270508151818e+00 -5.061714481605128491e+00
1.391399999593032455e+10 -1.583953968091061926e+00 -5.346058138223719780e+00
1.391399999596610451e+10 -1.640169535644636634e+00 -5.053904604293723679e+00
1.391399999601566315e+10 -1.644137705746110623e+00 -5.349408086186788758e+00
1.391399999585204124e+10 -1.586719977001007864e+00 -5.593795042248773441e+00
1.391399999585453033e+10 -1.590240206990331862e+00 -5.893420673443952040e+00
1.391399999593714523e+10 -1.348481299440982717e+00 -5.736827647598543578e+00
1.391399999610716057e+10 -1.399301660668310410e+00 -5.495361166983338208e+00
1.391399999619439316e+10 -1.370835668897524062e+00 -5.780622864633042646e+00
1.391399999598623657e+10 -1.487963318396214429e+00 -5.599665054766857608e+00
1.391399999588703346e+10 -1.684999089101137271e+00 -5.396860440365206735e+00
1.391399999587158203e+10 -1.417018641139858426e+00 -5.263662007084904282e+00
1.391399999571033287e+10 -1.513315309035093259e+00 -5.497156675135553172e+00
1.391399999588141060e+10 -1.544203375046576898e+00 -5.741231997874150395e+00
1.391399999589300919e+10 -1.564915981373596887e+00 -6.039946839858838956e+00
1.391399999569488144e+10 -1.713789423535193590e+00 -5.871495122540218325e+00
1.391399999551773453e+10 -1.773642141866922595e+00 -5.637334986192066744e+00
1.391399999570958138e+10 -1.676365787261870022e+00 -5.845963707816298260e+00
1.391399999583625793e+10 -1.484505088565786668e+00 -5.653775009847341160e+00
1.391399999583246994e+10 -1.230346294130796547e+00 -5.812466713438380062e+00
1.391399999604584312e+10 -1.206627896709429937e+00 -6.021520169618192142e+00
1.391399999580183411e+10 -1.107278492578199325e+00 -6.164289835886682667e+00
1.391399999571734428e+10 -9.372513592041136210e-01 -5.932457087564682929e+00
1.391399999581068611e+10 -8.449676037790712080e-01 -6.201836362700170469e+00
1.391399999591988754e+10 -8.361392773780861321e-01 -5.922925352151368728e+00
1.391399999568275642e+10 -6.661347101137302662e-01 -5.854652437861591174e+00
1.391399999570568275e+10 -7.128889318510168716e-01 -5.559554903026661776e+00
1.391399999551468086e+10 -5.276670179690116091e-01 -5.697414963219583406e+00
1.391399999550561905e+10 -5.062021796497090387e-01 -5.996164447621837645e+00
1.391399999527708054e+10 -6.120352033624891774e-01 -5.833795048411129613e+00
1.391399999530828857e+10 -7.252154423462041644e-01 -5.558095264794480350e+00
1.391399999533824348e+10 -7.986193116972185591e-01 -5.269116544962362703e+00
1.391399999555603981e+10 -8.312198024041100863e-01 -5.065903109422175810e+00
1.391399999556521988e+10 -1.069452484068978304e+00 -5.247438321874289713e+00
1.391399999534733582e+10 -1.201335795819152619e+00 -5.405323809081344244e+00
1.391399999505564880e+10 -1.136752982641328735e+00 -5.382044365749416137e+00
1.391399999481640625e+10 -9.656932178167262348e-01 -5.324639772891030631e+00
1.391399999499109840e+10 -8.961791067896492935e-01 -5.091306320220084558e+00
1.391399999480537033e+10 -9.027223799802769344e-01 -5.326372928662847173e+00
1.391399999466521835e+10 -1.113396579341089820e+00 -5.486896460289609756e+00
1.391399999491721535e+10 -1.222413439526379930e+00 -5.366868531864054326e+00
1.391399999493330765e+10 -1.246037441078595043e+00 -5.665158771821975137e+00
1.391399999475376701e+10 -1.154733086773609640e+00 -5.887020599554443123e+00
1.391399999465933990e+10 -1.403281716843754134e+00 -5.748813923392567915e+00
1.391399999458244896e+10 -1.428105519256416267e+00 -5.460255826171632521e+00
1.391399999457594681e+10 -1.421292043132321714e+00 -5.160747219722422230e+00
1.391399999481404495e+10 -1.406193573382029438e+00 -5.342062216668400865e+00
1.391399999462864876e+10 -1.258061641785671370e+00 -5.159089692770527869e+00
1.391399999464065170e+10 -1.556982006064328683e+00 -5.141865966363137197e+00
1.391399999484151459e+10 -1.559876750438273119e+00 -5.364217175417548056e+00
1.391399999479073524e+10 -1.659410510609631739e+00 -5.642261411536913407e+00
1.391399999479660988e+10 -1.660477988842414154e+00 -5.941858580138649870e+00
1.391399999479846573e+10 -1.722301639356600633e+00 -6.235062425645358175e+00
1.391399999489208221e+10 -1.439115538728341415e+00 -6.263973600003206244e+00
1.391399999506188583e+10 -1.649934144525801116e+00 -6.135458485034793519e+00
1.391399999506277466e+10 -1.661060972317212503e+00 -6.434907157298322744e+00
1.391399999498100662e+10 -1.720390090754994050e+00 -6.717020867382537119e+00
1.391399999516951180e+10 -1.592080422807723661e+00 -6.911434020270536216e+00
1.391399999520468330e+10 -1.879441061196438501e+00 -6.834097839352229364e+00
1.391399999505935287e+10 -1.985760976679466383e+00 -6.594579600013057430e+00
1.391399999512880135e+10 -1.744665850329375045e+00 -6.758421155103001787e+00
1.391399999536572456e+10 -1.917473575287604870e+00 -6.820055241114999944e+00
1.391399999515801239e+10 -1.810897498353655433e+00 -7.007914495398841481e+00
1.391399999487641907e+10 -1.715656383528772588e+00 -6.970122538069167817e+00
1.391399999462993622e+10 -1.573675142769579427e+00 -7.064367153354165652e+00
1.391399999473846436e+10 -1.569226223148443511e+00 -7.343644532263149394e+00
1.391399999474923134e+10 -1.776594403270653766e+00 -7.559692202780927239e+00
1.391399999466362762e+10 -1.595624061912378711e+00 -7.336721865831013822e+00
1.391399999463602829e+10 -1.576163174658466781e+00 -7.634469498912243246e+00
1.391399999446259499e+10 -1.818124150268955130e+00 -7.668673180913636145e+00
1.391399999470868492e+10 -1.964310067829997175e+00 -7.579998605686437685e+00
1.391399999481225204e+10 -2.160948678833259695e+00 -7.780999544984567251e+00
1.391399999477107811e+10 -2.144872278754184070e+00 -8.077378237025817143e+00
1.391399999500660896e+10 -2.019968172978942711e+00 -7.940563171984972968e+00
1.391399999497777557e+10 -1.946060668132561844e+00 -8.229527574206244367e+00
1.391399999509213066e+10 -1.809089831280623395e+00 -7.988786808197214206e+00
1.391399999493102646e+10 -1.730858098453028626e+00 -7.748538658571216153e+00
1.391399999483127594e+10 -1.795131323496709230e+00 -7.473378758746835437e+00
1.391399999470133972e+10 -1.552287197669776297e+00 -7.355322059304942428e+00
1.391399999441031265e+10 -1.510552019559287196e+00 -7.413245723812144305e+00
1.391399999428901672e+10 -1.420262393888958474e+00 -7.154538543583856658e+00
1.391399999441230392e+10 -1.528074448945075048e+00 -7.405478242447824933e+00
1.391399999443616295e+10 -1.545589045260107763e+00 -7.107286820808804251e+00
1.391399999444660568e+10 -1.532389262530718055e+00 -6.808103247232146771e+00
1.391399999473306084e+10 -1.589645700300866826e+00 -6.741327092374363339e+00
1.391399999501310921e+10 -1.695508289965239390e+00 -6.728652260212933278e+00
1.391399999517055893e+10 -1.568774200298716393e+00 -6.949881659729046923e+00
1.391399999528191566e+10 -1.797697373734929105e+00 -6.791805771015536841e+00
1.391399999529184151e+10 -2.074973867015882600e+00 -6.905001819528624907e+00
1.391399999552651215e+10 -2.250353508227601829e+00 -6.842025927702578336e+00
1.391399999578534508e+10 -2.225931562140881947e+00 -6.991032685069118457e+00
1.391399999574738693e+10 -2.481586746967208157e+00 -6.839395845283095632e+00
1.391399999575694466e+10 -2.434486203754156808e+00 -7.135173256581882839e+00
1.391399999583895874e+10 -2.233750353639758046e+00 -6.928357039842608422e+00
1.391399999579581070e+10 -2.119324611548521364e+00 -6.654789683636876063e+00
1.391399999582497025e+10 -2.119538026785724227e+00 -6.356555244290116313e+00
1.391399999565288734e+10 -2.318779712447176511e+00 -6.213431239814341644e+00
1.391399999570225334e+10 -2.611491395139363458e+00 -6.254381478227521107e+00
1.391399999573856354e+10 -2.517568733357906652e+00 -5.972150720104085764e+00
1.391399999554592705e+10 -2.313455532212587151e+00 -5.867158725764913818e+00
1.391399999580970192e+10 -2.261907232978095816e+00 -5.999673320811326427e+00
1.391399999592942429e+10 -2.435045515564146168e+00 -6.212943049464077383e+00
1.391399999563061333e+10 -2.412660782145490401e+00 -6.215176311066864301e+00
1.391399999579661560e+10 -2.390810627033068680e+00 -6.463692115872109234e+00
1.391399999587910652e+10 -2.397997881632300654e+00 -6.751681090758887116e+00
1.391399999584104729e+10 -2.689622842914004774e+00 -6.809130713624947262e+00
1.391399999570849037e+10 -2.702430432985483577e+00 -6.540692914699789640e+00
1.391399999588921165e+10 -2.546290716846436819e+00 -6.721675100365867017e+00
1.391399999577049255e+10 -2.493469399508613904e+00 -6.451657144472892291e+00
1.391399999583583641e+10 -2.443649979818157902e+00 -6.163486391823516541e+00
1.391399999585611725e+10 -2.144802923905571923e+00 -6.154929622629563113e+00
1.391399999579989243e+10 -2.133661536693669980e+00 -6.449053284357602500e+00
1.391399999570989799e+10 -1.872132655988387295e+00 -6.564369802878719184e+00
1.391399999578409576e+10 -1.884410922763051888e+00 -6.854435238752736304e+00
1.391399999607090569e+10 -1.893680619832011747e+00 -6.940736948132153472e+00
1.391399999578837204e+10 -1.993042931504575899e+00 -6.930951255275712874e+00
1.391399999559477234e+10 -1.764325205146619613e+00 -6.929647187824228283e+00
1.391399999558859062e+10 -1.775557902297153046e+00 -7.229029406336855423e+00
1.391399999575550270e+10 -1.896494213301242349e+00 -7.446535369741785537e+00
1.391399999586622429e+10 -1.698827859899585846e+00 -7.642654508788669254e+00
1.391399999589280701e+10 -1.715600332048319077e+00 -7.344650893120515889e+00
1.391399999590820694e+10 -1.693830541610896967e+00 -7.046183131714760961e+00
1.391399999612948227e+10 -1.891851755348801456e+00 -7.086416834374955620e+00
1.391399999601051331e+10 -1.934565850022783584e+00 -6.814725604493923505e+00
1.391399999599449539e+10 -1.877307578789830345e+00 -6.521026748805695661e+00
1.391399999629371262e+10 -1.866980767813238185e+00 -6.508507867331333685e+00
1.391399999627502441e+10 -1.854431933550990230e+00 -6.209697893097752441e+00
1.391399999612773705e+10 -1.927259805826618821e+00 -5.959104873816136738e+00
1.391399999629867935e+10 -2.155533501671762053e+00 -5.867104317739696207e+00
1.391399999635198402e+10 -1.861998406128225980e+00 -5.895209507069865573e+00
1.391399999650098610e+10 -1.902398030054928135e+00 -6.152037338783565623e+00
1.391399999648138237e+10 -1.905781198456279801e+00 -5.853041803475703908e+00
1.391399999662185669e+10 -1.797725652663976437e+00 -5.611411758013258755e+00
1.391399999651090431e+10 -1.737962568838890443e+00 -5.883279288143924646e+00
1.391399999644866562e+10 -1.944796653905487283e+00 -6.090981295108013782e+00
1.391399999621500206e+10 -1.783777545730272918e+00 -5.994710939755237611e+00
1.391399999610590935e+10 -1.715242975603753939e+00 -6.265258636839149631e+00
1.391399999608314514e+10 -1.935841476433236563e+00 -6.063733878063645832e+00
1.391399999600623131e+10 -2.009416867927396932e+00 -6.343850149960187146e+00
1.391399999587481880e+10 -1.976650758348797998e+00 -6.611154224430707771e+00
1.391399999588723183e+10 -1.894140990347775944e+00 -6.898959976421442875e+00
1.391399999562832832e+10 -1.928207995177088963e+00 -6.751980737610558059e+00
1.391399999555118942e+10 -1.877291511788544476e+00 -7.037026824579668549e+00
1.391399999548741722e+10 -1.793584421539294427e+00 -6.756455225826416999e+00
1.391399999545738792e+10 -1.673626609733748660e+00 -7.029406688723721430e+00
1.391399999524916077e+10 -1.863514153295847686e+00 -6.927533523039931751e+00
1.391399999523995399e+10 -1.856896728968329358e+00 -6.628091444675408894e+00
1.391399999520516586e+10 -1.892578300604123465e+00 -6.332607523085179047e+00
1.391399999522045898e+10 -2.182467901037172364e+00 -6.258282318703164648e+00
1.391399999492173767e+10 -2.177325777095486359e+00 -6.281374561912263843e+00
1.391399999493979836e+10 -1.923053664597117685e+00 -6.123851134423741627e+00
1.391399999492609596e+10 -2.160001587137464263e+00 -5.940924794762902472e+00
1.391399999508765793e+10 -2.295940956689413781e+00 -6.153556484030768381e+00
1.391399999515641212e+10 -2.339867207333183430e+00 -5.865220743298063866e+00
1.391399999513497925e+10 -2.192728695419225993e+00 -6.125384148396507911e+00
1.391399999519296646e+10 -2.474095774251206414e+00 -6.040154352557163264e+00
1.391399999539257050e+10 -2.398994310360910820e+00 -6.250658088963111148e+00
1.391399999539296341e+10 -2.400160295596321269e+00 -6.550312205776952723e+00
1.391399999525559425e+10 -2.632304804091619488e+00 -6.419803538622530503e+00
1.391399999504346275e+10 -2.532668176152875539e+00 -6.606530020955086790e+00
1.391399999506689835e+10 -2.526191828300054620e+00 -6.905198569190341473e+00
1.391399999510040092e+10 -2.534293406033390372e+00 -7.202866266928989347e+00
1.391399999510471725e+10 -2.432132666874425642e+00 -7.484537461264006097e+00
1.391399999510226440e+10 -2.204330082353757270e+00 -7.679201445762884326e+00
1.391399999510488129e+10 -2.198898505174868401e+00 -7.978797426345044741e+00
1.391399999490219307e+10 -1.985909644126263363e+00 -8.036650886183014819e+00
1.391399999490612030e+10 -1.933880310309684880e+00 -7.741571874282764831e+00
1.391399999468579674e+10 -2.101758953793992024e+00 -7.855888229219988972e+00
1.391399999468488121e+10 -2.071089503816679223e+00 -7.557806613677970908e+00
1.391399999479136848e+10 -1.800590958437905398e+00 -7.630506276772618612e+00
1.391399999479846954e+10 -1.734026177489445875e+00 -7.338422696520893851e+00
1.391399999495417404e+10 -1.744277436381995949e+00 -7.594245139055407989e+00
1.391399999507714653e+10 -1.899794081877799634e+00 -7.369553651693159679e+00
1.391399999508779335e+10 -1.882869346304386626e+00 -7.070564842776197345e+00
1.391399999502629852e+10 -1.908239280103429580e+00 -7.362744390093679314e+00
1.391399999503560257e+10 -1.981748884867390093e+00 -7.072393083848981021e+00
1.391399999519113922e+10 -1.993428954052634650e+00 -7.328256277073716518e+00
1.391399999492673874e+10 -1.906313403962356379e+00 -7.439148504575634036e+00
1.391399999491858673e+10 -1.878900250091507074e+00 -7.737437243844393464e+00
1.391399999490839386e+10 -2.158878271109802682e+00 -7.631124011511065675e+00
1.391399999491692734e+10 -1.905054983471639263e+00 -7.790168062182186048e+00
1.391399999505472374e+10 -1.998171559545695697e+00 -8.039437797140667641e+00
1.391399999496768761e+10 -1.717025163491183282e+00 -8.095789196383030628e+00
1.391399999491309738e+10 -1.777799572921956228e+00 -7.807483045727463988e+00
1.391399999475759697e+10 -1.682741511859912276e+00 -7.569621939745657890e+00
1.391399999477177620e+10 -1.490806054868076602e+00 -7.799303991962573512e+00
1.391399999486099434e+10 -1.727917611742622483e+00 -7.959342989798755319e+00
1.391399999490324593e+10 -1.707035563471026585e+00 -7.663415909588715103e+00
1.391399999492131233e+10 -1.592358293014988213e+00 -7.939670942602216286e+00
1.391399999478937149e+10 -1.323511967094920694e+00 -7.950030732711330650e+00
1.391399999456118202e+10 -1.515213880121643042e+00 -7.981235703291566175e+00
1.391399999455964661e+10 -1.217437246435541631e+00 -8.014714435783959701e+00
1.391399999461938286e+10 -1.161869293582246776e+00 -7.726377976925715707e+00
1.391399999457700920e+10 -8.691038316315933265e-01 -7.678556091125993355e+00
1.391399999480708122e+10 -7.165113622424859052e-01 -7.562038609622902641e+00
1.391399999481360817e+10 -7.814687729005367345e-01 -7.269580004159612585e+00
1.391399999452787971e+10 -8.075726442068111854e-01 -7.183142669808065151e+00
1.391399999444353485e+10 -9.930882768462163668e-01 -7.402833149095806142e+00
1.391399999465232658e+10 -8.213640148352073789e-01 -7.273562721299481559e+00
1.391399999444971275e+10 -6.713828480130050735e-01 -7.111551802234966857e+00
1.391399999446936035e+10 -6.282342745083064894e-01 -7.407434057543262895e+00
1.391399999446985435e+10 -6.264447795699411570e-01 -7.707084950934433465e+00
1.391399999428523445e+10 -8.342935958377662997e-01 -7.818926613908191214e+00
1.391399999432875061e+10 -8.606456629367703615e-01 -7.523619978533276687e+00
1.391399999455758476e+10 -6.679457994240934893e-01 -7.506419242219605437e+00
1.391399999470849037e+10 -4.277678904655064507e-01 -7.603042813633914321e+00
1.391399999499047470e+10 -4.792724388455968931e-01 -7.515717294510373847e+00
1.391399999501457024e+10 -4.636562711844831597e-01 -7.217439563018690052e+00
1.391399999499304962e+10 -3.276316545968277483e-01 -6.951303715794047378e+00
1.391399999523920059e+10 -1.632129461805689463e-01 -6.997894007676410233e+00
1.391399999497272491e+10 -2.947820122969815326e-01 -7.036296031065186973e+00
1.391399999497495270e+10 -2.106463501481088407e-01 -6.748701985316440499e+00
1.391399999495315742e+10 -3.734958068188982128e-01 -6.999299515717630982e+00
1.391399999508272171e+10 -5.985374495321655886e-01 -6.849755235528689923e+00
1.391399999509125137e+10 -3.099405446375028128e-01 -6.769548066399920572e+00
1.391399999528728867e+10 -4.916243446118804261e-01 -6.905025682186588298e+00
1.391399999535232925e+10 -2.264222446713007320e-01 -6.781609055505604999e+00
1.391399999542563057e+10 -2.920213365650481396e-02 -6.568242437070908935e+00
1.391399999546817017e+10 1.151301744065214711e-02 -6.862056619413364977e+00
1.391399999572028542e+10 6.175760018328922685e-02 -6.708085296897992933e+00
1.391399999589605522e+10 -1.652253320276336757e-01 -6.793978780702668807e+00
1.391399999586841202e+10 9.749815859118948769e-02 -6.935422397326377997e+00
1.391399999610244751e+10 1.469284235847396203e-01 -6.754927551992882861e+00
1.391399999633397675e+10 2.419811285668564682e-02 -6.609581880265997356e+00
1.391399999634356689e+10 2.663516955043934015e-03 -6.908309854435725761e+00
1.391399999636507225e+10 1.276170119257554608e-02 -7.207023226933679361e+00
1.391399999606861115e+10 -2.913135758308316170e-02 -7.194777733706977152e+00
1.391399999608489418e+10 2.951358248910046500e-03 -6.897288850031239704e+00
1.391399999620360756e+10 6.754019819084973453e-02 -6.629838637695489645e+00
1.391399999613561821e+10 1.349296431616003877e-02 -6.916632073456202789e+00
1.391399999613293648e+10 -3.771126762843413083e-02 -6.621394817163042568e+00
1.391399999613191605e+10 -3.207146123721919539e-01 -6.719894413539664768e+00
1.391399999596413994e+10 -2.778168038869476275e-01 -6.475343617203495050e+00
1.391399999591147041e+10 -2.359724080947887270e-01 -6.183334872961521178e+00
1.391399999576778603e+10 2.692970787303514135e-02 -6.188946297765515858e+00
1.391399999582222939e+10 1.184546292567019571e-01 -6.469041437142066364e+00
1.391399999579959869e+10 1.591818033176956027e-01 -6.173029246581318574e+00
1.391399999596508789e+10 1.433297216615685432e-01 -6.422340489233143046e+00
1.391399999614915848e+10 3.738986504840424163e-01 -6.474779411349721236e+00
1.391399999623082542e+10 1.906982049017308389e-01 -6.252153698592453068e+00
1.391399999626521873e+10 4.874448409331852972e-01 -6.275661410929812334e+00
1.391399999606880379e+10 5.743764217797522331e-01 -6.066716068929215666e+00
1.391399999634405899e+10 5.981256556765005561e-01 -5.950677025265686204e+00
1.391399999647869301e+10 8.504741675482330177e-01 -6.040052080228942799e+00
1.391399999642893791e+10 9.065293046878046823e-01 -5.749920621902568918e+00
1.391399999623321915e+10 7.612871842780899456e-01 -5.924256146813151602e+00
1.391399999634969139e+10 1.027627437840746172e+00 -5.996995324835686425e+00
1.391399999610378075e+10 9.428487524830529987e-01 -5.848218051131986783e+00
1.391399999615629578e+10 7.717395315832991098e-01 -6.088546818079750622e+00
1.391399999615645218e+10 9.016258617491410554e-01 -5.818503078762027769e+00
1.391399999599866867e+10 9.353586737386935246e-01 -5.565995013527301083e+00
1.391399999587847137e+10 8.981194681212852915e-01 -5.837950729027767238e+00
1.391399999572178459e+10 1.102552378796517907e+00 -5.991086413912324993e+00
1.391399999586163712e+10 1.197295265537555498e+00 -5.743580490125207660e+00
1.391399999587522697e+10 1.307979394154803687e+00 -5.465446667891510124e+00
1.391399999580307579e+10 1.107409728969831697e+00 -5.676065141049077667e+00
1.391399999576918411e+10 1.027224679608285562e+00 -5.389332123654019924e+00
1.391399999586481094e+10 1.267731806881969847e+00 -5.540348020540741381e+00
1.391399999603429413e+10 1.277577643559514531e+00 -5.293421271908907322e+00
1.391399999606720924e+10 1.300687260285430691e+00 -5.590366716421520721e+00
1.391399999611569214e+10 1.392855831888770712e+00 -5.871344367460213931e+00
1.391399999630898094e+10 1.409079858967248855e+00 -6.099752300696406948e+00
1.391399999607148552e+10 1.591136884443959953e+00 -6.084082998381004970e+00
1.391399999613998604e+10 1.308355120403461802e+00 -6.155751376406150221e+00
1.391399999637277794e+10 1.420126613536880411e+00 -6.003734269142166013e+00
1.391399999633629608e+10 1.199271623748019877e+00 -6.202948250850374379e+00
1.391399999628621483e+10 9.054986980879633496e-01 -6.171587331574460045e+00
1.391399999615055656e+10 8.468907385942754384e-01 -5.910903938163504456e+00
1.391399999597937965e+10 1.090737986471590037e+00 -5.878789925564755769e+00
1.391399999585132790e+10 8.392589055311341362e-01 -5.778016839250189385e+00
1.391399999582675743e+10 6.957465994354974370e-01 -6.039922644373858063e+00
1.391399999571570587e+10 8.971197397018608743e-01 -5.847801272209135703e+00
1.391399999599926376e+10 9.938020867980417172e-01 -5.841394465624277998e+00
1.391399999599757195e+10 9.985391612278502471e-01 -5.541780038607862835e+00
1.391399999600004005e+10 1.177088697323297017e+00 -5.782421006732776370e+00
1.391399999600867653e+10 1.184414859688460275e+00 -6.081863571042320338e+00
1.391399999601047897e+10 1.182275635124733437e+00 -5.782219978870205779e+00
1.391399999599292564e+10 1.200767100526307862e+00 -5.483649941499414204e+00
1.391399999623578453e+10 1.373352673760739773e+00 -5.451595315491935878e+00
1.391399999612195396e+10 1.372790115631936869e+00 -5.174401362754712963e+00
1.391399999627217102e+10 1.489898594815293631e+00 -4.943068751545811601e+00
1.391399999621902847e+10 1.278312872227995278e+00 -4.737638756664989792e+00
1.391399999640864754e+10 1.394311293383658334e+00 -4.536683855286662848e+00
1.391399999641106606e+10 1.391336869627131101e+00 -4.836315982396044433e+00
1.391399999643766403e+10 1.445911206010576766e+00 -4.542873882251385886e+00
1.391399999627361870e+10 1.249213447150715250e+00 -4.698414635769804448e+00
1.391399999606149101e+10 1.349150308503256124e+00 -4.511843996341440288e+00
1.391399999612788773e+10 1.365240119118545703e+00 -4.220079040948970572e+00
1.391399999609449196e+10 1.380927258871303298e+00 -3.922702620355993375e+00
1.391399999613605499e+10 1.577605756891441224e+00 -4.144928210009484637e+00
1.391399999624629593e+10 1.730448643496015126e+00 -4.377908773249248320e+00
1.391399999651296043e+10 1.593760010272247341e+00 -4.378700836957097664e+00
1.391399999629276276e+10 1.689847696718157932e+00 -4.199607232506540555e+00
1.391399999613955879e+10 1.866378481699753067e+00 -4.387115344762084312e+00
1.391399999624588966e+10 1.603098972519872323e+00 -4.482885614654469109e+00
1.391399999609841919e+10 1.530476225001988322e+00 -4.733430075274335458e+00
1.391399999603335571e+10 1.506364469273275386e+00 -4.441917723035766485e+00
1.391399999596741295e+10 1.484310062180260958e+00 -4.150440215124951315e+00
1.391399999619751358e+10 1.448843602302918754e+00 -3.961786290543007016e+00
1.391399999647400284e+10 1.557257801791960050e+00 -3.921864746707118154e+00
1.391399999637965775e+10 1.823879893903881610e+00 -3.822839946168866909e+00
1.391399999619649696e+10 2.034230545727135020e+00 -3.932379429518486180e+00
1.391399999645984840e+10 2.093480782168936294e+00 -3.802267448351123846e+00
1.391399999645141602e+10 2.309173711285757324e+00 -3.594422396696823618e+00
1.391399999640852165e+10 2.249016750926244868e+00 -3.304016974262770745e+00
1.391399999654689980e+10 2.307719244302575579e+00 -3.563246049238114832e+00
1.391399999667884636e+10 2.405978730583428593e+00 -3.312788001997472698e+00
1.391399999678474426e+10 2.345426961367242935e+00 -3.039085210458027930e+00
1.391399999667980766e+10 2.462519505681178611e+00 -3.294177227636780003e+00
1.391399999666185951e+10 2.731376947093592467e+00 -3.163075525230206075e+00
1.391399999663989449e+10 2.733152981551185690e+00 -3.461920808622118706e+00
1.391399999677990150e+10 2.777461967889677918e+00 -3.200713942002722856e+00
1.391399999651221085e+10 2.893948927937571636e+00 -3.133133521042015701e+00
1.391399999633964539e+10 3.136778138575730956e+00 -3.100746551205734391e+00
1.391399999645752907e+10 3.070528274360461829e+00 -2.833335757788371545e+00
1.391399999634760094e+10 2.806644593994112480e+00 -2.743471850712109195e+00
1.391399999655458832e+10 2.591638168618785265e+00 -2.716598337443512090e+00
1.391399999636613846e+10 2.735484563970243421e+00 -2.899871304615401435e+00
1.391399999636371422e+10 2.764296319758396514e+00 -2.601612847651566085e+00
1.391399999633116531e+10 2.800990179109069889e+00 -2.305997761513950639e+00
1.391399999638063622e+10 2.762478839653534912e+00 -2.599022554718851907e+00
1.391399999638435936e+10 2.697531821581213407e+00 -2.306512510716533626e+00
1.391399999637998962e+10 2.757870571570280038e+00 -2.599998882311924664e+00
1.391399999648404884e+10 2.995324209573250851e+00 -2.750270872972021330e+00
1.391399999655259132e+10 2.800676457904281769e+00 -2.532996459101664932e+00
1.391399999675989914e+10 2.939784380127311358e+00 -2.367266320526006940e+00
1.391399999678044701e+10 2.921299872576593071e+00 -2.665645642593102327e+00
1.391399999702345848e+10 2.894948719990171337e+00 -2.492310661137072447e+00
1.391399999728152657e+10 3.005913734322741337e+00 -2.387995344609138648e+00
1.391399999719141388e+10 3.232726529921246872e+00 -2.561862815723976894e+00
1.391399999703919220e+10 3.477581041930783989e+00 -2.643527838106094485e+00
1.391399999720890427e+10 3.305202446800144855e+00 -2.466673608327754064e+00
1.391399999705388832e+10 3.342997792181414685e+00 -2.720318678459658024e+00
1.391399999706925011e+10 3.467768990458123479e+00 -2.992330239341679743e+00
1.391399999707607460e+10 3.374927393035453527e+00 -3.277159957764181897e+00
1.391399999727560043e+10 3.568973997226223549e+00 -3.166121527631197363e+00
1.391399999702496338e+10 3.456013119842263226e+00 -3.046893567947226877e+00
1.391399999694984055e+10 3.329813795932902387e+00 -2.785695779613752698e+00
1.391399999680519676e+10 3.222502159054190241e+00 -2.546203273990942595e+00
1.391399999709329414e+10 3.304554154250115339e+00 -2.538386339866796959e+00
1.391399999715000725e+10 3.136214448915480180e+00 -2.779714763345846773e+00
1.391399999739325523e+10 3.169895458050791870e+00 -2.951440920280335778e+00
1.391399999745985794e+10 3.132970413527193188e+00 -3.241259555521213809e+00
1.391399999730792046e+10 3.390898424897281771e+00 -3.254750565588321987e+00
1.391399999735695457e+10 3.275001124159362398e+00 -3.526702038759089941e+00
1.391399999750443077e+10 3.016293250475515109e+00 -3.560093772032595805e+00
1.391399999746351433e+10 2.953614540546413370e+00 -3.269936478332875041e+00
1.391399999744542503e+10 3.077010393863971682e+00 -3.542407262820226777e+00
1.391399999732729340e+10 3.190795000958283278e+00 -3.793190168451971545e+00
1.391399999750380898e+10 3.109964812679999913e+00 -3.564929825785175144e+00
1.391399999760748672e+10 2.843509402808440001e+00 -3.654631996601723110e+00
1.391399999780453491e+10 3.061028202239179485e+00 -3.715060377431965044e+00
1.391399999793807030e+10 3.034785273495685054e+00 -3.448089134947856405e+00
1.391399999816787148e+10 2.860621757203917426e+00 -3.529650184469673935e+00
1.391399999841734505e+10 2.769945977423220018e+00 -3.390601231326192178e+00
1.391399999824701500e+10 2.664298269744350023e+00 -3.167844717066579108e+00
1.391399999818200493e+10 2.621926630132604963e+00 -2.878410194707369918e+00
1.391399999788575935e+10 2.646326994012515588e+00 -2.916323779838750241e+00
1.391399999767370033e+10 2.651448568317714916e+00 -2.704666331640377397e+00
1.391399999754902267e+10 2.711087824521382306e+00 -2.438785043907044425e+00
1.391399999764196777e+10 2.567663852356199872e+00 -2.684925094481401597e+00
1.391399999764213943e+10 2.564511387503584317e+00 -2.385285082723134664e+00
1.391399999772149467e+10 2.851986996569257915e+00 -2.414517977370739032e+00
1.391399999770109177e+10 2.850509034554720600e+00 -2.115560403086252705e+00
1.391399999777406883e+10 2.681772154383163187e+00 -1.878925036394952786e+00
1.391399999771277237e+10 2.392148919258455297e+00 -1.832499464534254940e+00
1.391399999786896324e+10 2.242525766247164043e+00 -2.039891563573293265e+00
1.391399999794394112e+10 2.186817673331448386e+00 -1.755165539169534217e+00
1.391399999772104073e+10 2.315500866299691207e+00 -1.601705877761971486e+00
1.391399999772357178e+10 2.311211950021486938e+00 -1.901321136127132938e+00
1.391399999767459297e+10 2.606789275125439787e+00 -1.906724098448904003e+00
1.391399999769392586e+10 2.615443346048779816e+00 -2.205631186985634429e+00
1.391399999758243370e+10 2.365047156298052844e+00 -2.084530305424560304e+00
1.391399999730003929e+10 2.279076040442735707e+00 -2.032989162456586119e+00
1.391399999711959457e+10 2.050400367482207109e+00 -2.103283898834312993e+00
1.391399999727088737e+10 2.124866976388873674e+00 -2.350991675957204485e+00
1.391399999699538994e+10 2.056398646385232176e+00 -2.255036255409110790e+00
1.391399999681779671e+10 1.845322629465611319e+00 -2.137981474108220148e+00
1.391399999676057434e+10 2.137761150806057664e+00 -2.106366657072080706e+00
1.391399999702123833e+10 2.210349924526708865e+00 -1.977604555221454063e+00
1.391399999696789742e+10 2.292581609744888560e+00 -2.260777319519205353e+00
1.391399999705303001e+10 2.087365908502504031e+00 -2.059697983460226034e+00
1.391399999704243088e+10 2.386703934433798580e+00 -2.068557633423627085e+00
1.391399999722005081e+10 2.404687651776019397e+00 -1.827887915964323318e+00
1.391399999732007027e+10 2.131026412164629402e+00 -1.757889767473841847e+00
1.391399999744571495e+10 2.316052959144018875e+00 -1.957321213800902626e+00
1.391399999732200813e+10 2.588768128103253297e+00 -1.946486917177033593e+00
1.391399999721788597e+10 2.490610900443956055e+00 -1.683204378253727151e+00
1.391399999735048103e+10 2.434177073467345132e+00 -1.945936137577563230e+00
1.391399999738119888e+10 2.533471302454503693e+00 -1.664882520688409695e+00
1.391399999755977249e+10 2.434537460547411936e+00 -1.884239259926904220e+00
1.391399999774131584e+10 2.462115893755007612e+00 -2.121041467869305031e+00
1.391399999786530113e+10 2.324901679064275584e+00 -2.356825710622607595e+00
1.391399999799594879e+10 2.493332072325411541e+00 -2.146216279312024522e+00
1.391399999794533920e+10 2.507490451041820112e+00 -1.851204024027777617e+00
1.391399999788687134e+10 2.609476655686757240e+00 -1.575569491078471662e+00
1.391399999760527420e+10 2.639552101290642661e+00 -1.673509289724485649e+00
1.391399999747737503e+10 2.371041068214426062e+00 -1.710085598157867093e+00
1.391399999748075485e+10 2.364315854910008063e+00 -2.009647697879423323e+00
1.391399999748349190e+10 2.660636801532596962e+00 -2.054150649581689692e+00
1.391399999747506332e+10 2.668252529526939476e+00 -1.754709381813495561e+00
1.391399999724806023e+10 2.635806022012916028e+00 -1.947610967672646298e+00
1.391399999714715004e+10 2.367730989072556191e+00 -2.035627499162624865e+00
1.391399999722738075e+10 2.652864049717422734e+00 -1.990282507423984271e+00
1.391399999724164009e+10 2.794206769788227351e+00 -1.726439742988694404e+00
1.391399999718983078e+10 3.083614172681665266e+00 -1.784347882593831924e+00
1.391399999714596367e+10 3.292733265900448902e+00 -1.574255021735180726e+00
1.391399999727898598e+10 3.109639474009241233e+00 -1.377847195696125571e+00
1.391399999705280685e+10 3.134811303750017597e+00 -1.572791311156757299e+00
1.391399999732048035e+10 3.025946365587150133e+00 -1.493460719992845798e+00
1.391399999722128296e+10 3.307090411048620116e+00 -1.523657941089966439e+00
1.391399999700114059e+10 3.211157996648484225e+00 -1.702901153580938187e+00
1.391399999708188248e+10 3.096151309228043047e+00 -1.967567404292281052e+00
1.391399999716185379e+10 3.109660752348160973e+00 -1.679095328861322844e+00
1.391399999724824333e+10 2.924994473666366002e+00 -1.898706764590528895e+00
1.391399999700383377e+10 2.753729244312263624e+00 -1.925662170843616350e+00
1.391399999713268280e+10 2.519651170988082445e+00 -2.061307626517366209e+00
1.391399999707887459e+10 2.734681024247073822e+00 -1.859662101012163671e+00
1.391399999729873848e+10 2.531893847273702924e+00 -1.877864981556378154e+00
1.391399999728565216e+10 2.535972507379349761e+00 -2.177207938757204531e+00
1.391399999740456581e+10 2.540913242607234945e+00 -2.452215991552025187e+00
1.391399999712484741e+10 2.551487276282059291e+00 -2.345260851143485592e+00
1.391399999683458710e+10 2.563064534167023734e+00 -2.418806566078354425e+00
1.391399999697438431e+10 2.480725187392768483e+00 -2.166872289872734836e+00
1.391399999687500954e+10 2.294756727131275653e+00 -2.379791661090853605e+00
1.391399999670445824e+10 2.258102725402343580e+00 -2.136146426561976952e+00
1.391399999666699028e+10 2.330054730109676342e+00 -2.424613273686009762e+00
1.391399999682144356e+10 2.112325118144143588e+00 -2.288479549536630575e+00
1.391399999696930695e+10 2.161531515414654603e+00 -2.032531866050069969e+00
1.391399999698628807e+10 1.915147857417061728e+00 -2.202240015006041052e+00
1.391399999700243568e+10 1.865986317100274183e+00 -2.497395029258388632e+00
1.391399999672998238e+10 1.759993613800911572e+00 -2.563192556256023824e+00
1.391399999672591591e+10 1.638205728685226292e+00 -2.289431195565406529e+00
1.391399999661995888e+10 1.546587193257448645e+00 -2.554333897768329642e+00
1.391399999645745087e+10 1.298962340175633834e+00 -2.508867714892661027e+00
1.391399999664649010e+10 1.097664381563154157e+00 -2.625218532316762499e+00
1.391399999686589813e+10 1.096005255402311196e+00 -2.829304833055221735e+00
1.391399999673741913e+10 1.167635115527297929e+00 -3.090372227881423850e+00
1.391399999696842766e+10 1.212626628470814705e+00 -2.904886811883828024e+00
1.391399999689942741e+10 1.224573750841043474e+00 -2.613527144471261998e+00
1.391399999668354988e+10 1.431038075230628204e+00 -2.637260993101476547e+00
1.391399999667909431e+10 1.710520657060678129e+00 -2.529262213775802515e+00
1.391399999658841896e+10 1.784578039866480781e+00 -2.253422138626151039e+00
1.391399999679984856e+10 1.635455974547757929e+00 -2.404598316247705814e+00
1.391399999696430206e+10 1.781107494485521636e+00 -2.608398991383326759e+00
1.391399999691310120e+10 1.851528921503156067e+00 -2.895127915368554739e+00
1.391399999685723877e+10 1.950478472317629608e+00 -3.172404795449857318e+00
1.391399999677702141e+10 2.208286962281861943e+00 -3.302381681104759714e+00
1.391399999701068497e+10 2.084054100756913996e+00 -3.161806643380901338e+00
1.391399999714756203e+10 1.914641884823526707e+00 -2.955995278306942087e+00
1.391399999689659691e+10 1.903368470054223716e+00 -2.792644194369736432e+00
1.391399999700629616e+10 1.887126833064353137e+00 -3.071025821230901176e+00
1.391399999672605896e+10 1.921636386709175248e+00 -3.171378399135967641e+00
1.391399999690152550e+10 1.983777331027426483e+00 -3.406206473622331199e+00
1.391399999700113678e+10 1.754757687498091245e+00 -3.571801495096260215e+00
1.391399999696761703e+10 1.938783374746316790e+00 -3.805906409087286058e+00
1.391399999683148384e+10 1.736552468193919951e+00 -3.980160198142884020e+00
1.391399999671768379e+10 1.552636854745938377e+00 -3.772750937132894222e+00
1.391399999671565819e+10 1.528638455462876911e+00 -3.474063679633031754e+00
1.391399999687771416e+10 1.759413942259176578e+00 -3.372701143522299549e+00
1.391399999677165604e+10 1.918326587008681194e+00 -3.141849751578645655e+00
1.391399999694483757e+10 1.884118537195764942e+00 -3.383989936078088956e+00
1.391399999691528130e+10 2.180756483703711890e+00 -3.414427508331678407e+00
1.391399999702764511e+10 2.074441221548577463e+00 -3.671070385947277970e+00
1.391399999701307678e+10 1.891110718520316647e+00 -3.907654009324247113e+00
1.391399999677613258e+10 1.848076437442871978e+00 -4.085978790099296099e+00
1.391399999682353592e+10 1.999590581471190287e+00 -3.831832111607214042e+00
1.391399999708345413e+10 2.086120509088253971e+00 -3.953277590568393229e+00
1.391399999710947227e+10 2.384255755544678834e+00 -3.968526775674912077e+00
1.391399999724601555e+10 2.189679760673111542e+00 -4.150982222351455420e+00
1.391399999713393784e+10 2.160155402308137962e+00 -4.427317366905970886e+00
1.391399999686559296e+10 2.280575247563673802e+00 -4.370010091798298468e+00
1.391399999677687645e+10 2.469642915966826280e+00 -4.584898505556641801e+00
1.391399999692901039e+10 2.219298695879483141e+00 -4.647962603024829775e+00
1.391399999696780014e+10 2.415013944787371081e+00 -4.424389288412333698e+00
1.391399999701327896e+10 2.346059768562491321e+00 -4.712436251019810562e+00
1.391399999678520775e+10 2.520266735386110568e+00 -4.626242428623089431e+00
1.391399999680965996e+10 2.500076906970802870e+00 -4.328268267065915609e+00
1.391399999679305458e+10 2.654939539468151644e+00 -4.072268406333327206e+00
1.391399999677678490e+10 2.671090058350344965e+00 -3.773489939238121593e+00
1.391399999653290558e+10 2.689217948466403385e+00 -3.946660752857767296e+00
1.391399999652187538e+10 2.616536230232619609e+00 -4.237160016690094899e+00
1.391399999635628891e+10 2.388387614843129114e+00 -4.135555624354481985e+00
1.391399999631933403e+10 2.252319987130948498e+00 -3.871143050147787257e+00
1.391399999632206345e+10 2.240877615424486713e+00 -3.571717380283220500e+00
1.391399999650127792e+10 2.232181220664254173e+00 -3.331715382359563549e+00
1.391399999650619125e+10 2.237327707768721030e+00 -3.032143237275268355e+00
1.391399999661043358e+10 2.348263502388005186e+00 -2.774033340566459671e+00
1.391399999645431328e+10 2.493117673460492956e+00 -2.563231056954730303e+00
1.391399999671457100e+10 2.636405857591014534e+00 -2.602328249586554509e+00
1.391399999693387794e+10 2.534725027644515460e+00 -2.779414603498839842e+00
1.391399999717350388e+10 2.683262062312687490e+00 -2.677876451078349263e+00
1.391399999695394897e+10 2.885695045940835257e+00 -2.702579992009235266e+00
1.391399999697689629e+10 3.098209550133230739e+00 -2.912592056170185906e+00
1.391399999725534439e+10 3.073325599329523428e+00 -3.020488788838211036e+00
1.391399999714013481e+10 3.061017446582683821e+00 -2.744138658371700235e+00
1.391399999706261444e+10 3.105726255280165660e+00 -2.458156668222946539e+00
1.391399999729274368e+10 3.238457823386477141e+00 -2.319529912733507171e+00
1.391399999745984077e+10 3.009358936867391421e+00 -2.416412334323438493e+00
1.391399999768839836e+10 2.988579312557706480e+00 -2.223737713149307460e+00
1.391399999764254951e+10 2.806707019488979160e+00 -1.990040366022931551e+00
1.391399999781568146e+10 2.684905553619418406e+00 -1.777946704112200793e+00
1.391399999781455040e+10 2.450319305769701028e+00 -1.591500689890197551e+00
1.391399999788559151e+10 2.732371581733323840e+00 -1.663568973019744712e+00
1.391399999788486481e+10 2.717676326825355648e+00 -1.364273757085206595e+00
1.391399999770108032e+10 2.821467897671161573e+00 -1.151565256395768344e+00
1.391399999767269516e+10 2.535663909274606276e+00 -1.066099281931557119e+00
1.391399999767372513e+10 2.590518474885357136e+00 -7.715080075273847982e-01
1.391399999765353775e+10 2.811018037394716895e+00 -9.734152027368712101e-01
1.391399999792573738e+10 2.797479827766505167e+00 -1.097986325367714233e+00
1.391399999763826180e+10 2.881787945761972392e+00 -1.091317649289414549e+00
1.391399999774511528e+10 3.158954913375806584e+00 -1.130748718972922617e+00
1.391399999773909187e+10 3.157959939998817855e+00 -1.430343168768699602e+00
1.391399999753255081e+10 2.941321859953586415e+00 -1.416091345949743507e+00
1.391399999736918259e+10 2.733968283833073887e+00 -1.274284624092814067e+00
1.391399999750913429e+10 2.859790335014945839e+00 -1.507472430268696817e+00
1.391399999754126167e+10 2.596795308272093816e+00 -1.647456547283126627e+00
1.391399999764752388e+10 2.776047871027073732e+00 -1.862795704535343155e+00
1.391399999739548111e+10 2.914961540179608068e+00 -1.779298872215351990e+00
1.391399999748848724e+10 3.191447800168799809e+00 -1.710747331028907414e+00
1.391399999757156754e+10 3.423770138453952061e+00 -1.880800301979199673e+00
1.391399999752780151e+10 3.720155261921556100e+00 -1.874929696199177931e+00
1.391399999752017784e+10 3.724807850748042881e+00 -2.174453216259389254e+00
1.391399999757798576e+10 3.953238797852315578e+00 -1.989327455834815295e+00
1.391399999757651901e+10 3.952887461411040082e+00 -1.689674607750297763e+00
1.391399999759202957e+10 3.978876343447745878e+00 -1.987798898471640818e+00
1.391399999758358192e+10 4.271006425591838962e+00 -1.921596479322668749e+00
1.391399999778969574e+10 4.323155401193604419e+00 -1.710429228984700734e+00
1.391399999782938004e+10 4.513113410596673702e+00 -1.482097874864753084e+00
1.391399999786184120e+10 4.502918143219735825e+00 -1.184379195370043991e+00
1.391399999783542824e+10 4.268031084091323812e+00 -1.000193120320531204e+00
1.391399999786137390e+10 4.330919382136836582e+00 -7.083609819932668028e-01
1.391399999785602570e+10 4.304102302101880717e+00 -1.006767316001736301e+00
1.391399999765838242e+10 4.228789503878298106e+00 -1.219038359536180893e+00
1.391399999787179375e+10 4.248397331261066334e+00 -1.428478370238782880e+00
1.391399999780970573e+10 4.531342965425857017e+00 -1.351790646441043409e+00
1.391399999755491447e+10 4.382271954732346764e+00 -1.403297034398211851e+00
1.391399999749935532e+10 4.480927441361950869e+00 -1.680739545499162046e+00
1.391399999753006363e+10 4.191168784808278147e+00 -1.610803784189894117e+00
1.391399999738362885e+10 3.930833210411750933e+00 -1.634816453015573989e+00
1.391399999754555321e+10 3.767839886168911523e+00 -1.827190895144499727e+00
1.391399999736511421e+10 3.879986676929720879e+00 -1.615864471911706568e+00
1.391399999755177116e+10 3.934669651350854558e+00 -1.387910305327507476e+00
1.391399999744289780e+10 4.115481075897492680e+00 -1.600626030912628339e+00
1.391399999745049858e+10 4.094177326237483427e+00 -1.899427792385290470e+00
1.391399999760112953e+10 4.346787223359613428e+00 -1.956811629146156362e+00
1.391399999782053947e+10 4.492160722668463890e+00 -2.100059319077701492e+00
1.391399999796649361e+10 4.599501557181741696e+00 -1.861376995563015280e+00
1.391399999801449203e+10 4.567924370377610011e+00 -1.567279956483199399e+00
1.391399999800126076e+10 4.439760973101969377e+00 -1.296737569265372647e+00
1.391399999799147606e+10 4.179948570136566843e+00 -1.147754743741076666e+00
1.391399999821121788e+10 3.986423054177374858e+00 -1.084073634036266665e+00
1.391399999832685089e+10 3.743424930317658994e+00 -9.522599114845037294e-01
1.391399999833829498e+10 3.655666474971251745e+00 -1.238549287928081499e+00
1.391399999815769005e+10 3.804326051024257360e+00 -1.425836228798137428e+00
1.391399999802206230e+10 3.542563236483943001e+00 -1.479495065303379153e+00
1.391399999780761909e+10 3.380978819898341481e+00 -1.346458666047879893e+00
1.391399999788697624e+10 3.524754318628112060e+00 -1.597108101521332646e+00
1.391399999814369202e+10 3.627115771343536466e+00 -1.481293320238671551e+00
1.391399999826182747e+10 3.819806366897372740e+00 -1.678038369865366919e+00
1.391399999830603981e+10 3.845843245292032364e+00 -1.382807288138303337e+00
1.391399999829663467e+10 3.588945589542271275e+00 -1.536785387524306934e+00
1.391399999830480576e+10 3.594908832842011126e+00 -1.836271244067888109e+00
1.391399999838676643e+10 3.610683978672049488e+00 -1.548473127956710549e+00
1.391399999858716393e+10 3.726649736536747692e+00 -1.358244053027979126e+00
1.391399999872231102e+10 3.564556689490583796e+00 -1.570977138394221706e+00
1.391399999901877594e+10 3.527212158116094454e+00 -1.548425916039843031e+00
1.391399999896826172e+10 3.667111659354450381e+00 -1.288290103416833254e+00
1.391399999911683464e+10 3.664309766653647937e+00 -1.548506485468668314e+00
1.391399999924522209e+10 3.517996603215136187e+00 -1.776329557809902981e+00
1.391399999936849976e+10 3.591103553098014434e+00 -2.039487086140603367e+00
1.391399999915196609e+10 3.789196478950684455e+00 -2.100039723431672112e+00
1.391399999931384850e+10 3.784768491369526533e+00 -2.352168034820469877e+00
1.391399999919968033e+10 3.561046684625546188e+00 -2.188741078517459471e+00
1.391399999914496994e+10 3.622204600840480015e+00 -1.900538603038629093e+00
1.391399999914858818e+10 3.625043960461659331e+00 -2.200159947604274802e+00
1.391399999914721870e+10 3.625357858447035397e+00 -1.900506601491017244e+00
1.391399999913302422e+10 3.708392799368443793e+00 -2.188078918564295261e+00
1.391399999885696030e+10 3.618980919341073577e+00 -2.262832431761436336e+00
1.391399999901664925e+10 3.853064605184672864e+00 -2.360292319438314745e+00
1.391399999918055916e+10 4.032967949868118573e+00 -2.185471724413226013e+00
1.391399999929199028e+10 3.890608248154395099e+00 -1.946493165803279801e+00
1.391399999933691025e+10 4.084291922970823663e+00 -1.722299201735718599e+00
1.391399999937325859e+10 3.945038452354108216e+00 -1.459465735959309729e+00
1.391399999937687683e+10 3.828565731549222306e+00 -1.735536599914630829e+00
1.391399999929762268e+10 3.705856037584319917e+00 -1.997175927610226775e+00
1.391399999924664116e+10 3.714544857974278358e+00 -1.702015707093476493e+00
1.391399999905048943e+10 3.750825764595598244e+00 -1.925627934855736356e+00
1.391399999915932465e+10 3.824997641567053019e+00 -2.194788893965734289e+00
1.391399999903509712e+10 3.562099370094167217e+00 -2.122359686860902706e+00
1.391399999895244026e+10 3.654564424312475523e+00 -2.395145621780412792e+00
1.391399999878886032e+10 3.689729120630852677e+00 -2.146551287918946560e+00
1.391399999886920547e+10 3.848622406945673369e+00 -2.387573573316629005e+00
1.391399999899922943e+10 4.100049678902225381e+00 -2.485921967877592120e+00
1.391399999872435951e+10 3.996999762525303090e+00 -2.425742596225660463e+00
1.391399999849130630e+10 3.884825602512271825e+00 -2.577061133336806087e+00
1.391399999827302742e+10 3.923733317106457452e+00 -2.375480082515351032e+00
1.391399999851721954e+10 4.081053421113184143e+00 -2.301893410820653241e+00
1.391399999850285721e+10 4.225633963890514266e+00 -2.563970285932831494e+00
1.391399999872083282e+10 4.088961921643448960e+00 -2.717597658933913252e+00
1.391399999899215317e+10 4.216134664860290648e+00 -2.715103965403788067e+00
1.391399999904462051e+10 4.340082175693326327e+00 -2.982832126713754750e+00
1.391399999895780182e+10 4.600376624204590925e+00 -3.103261753868516326e+00
1.391399999901573372e+10 4.576406520493890184e+00 -2.810237277523986332e+00
1.391399999923410606e+10 4.373037120914554876e+00 -2.837601998478593845e+00
1.391399999943058777e+10 4.234602746551741959e+00 -3.016556977418798358e+00
1.391399999940549469e+10 4.216001277507515077e+00 -2.718532820466745381e+00
1.391399999930919456e+10 4.044238054213587397e+00 -2.944403638262830025e+00
1.391399999933647919e+10 4.067121618809265371e+00 -2.646870379078539059e+00
1.391399999933293343e+10 3.770026552432493627e+00 -2.607933796223868228e+00
1.391399999935524750e+10 3.953096278490856541e+00 -2.371752404933780589e+00
1.391399999918363953e+10 3.707990137681218545e+00 -2.355393720762217313e+00
1.391399999894667053e+10 3.525769444314307943e+00 -2.334521893810489690e+00
1.391399999894969559e+10 3.408911933099978420e+00 -2.610437238488799938e+00
1.391399999886789703e+10 3.594807642620510890e+00 -2.390105813563613513e+00
1.391399999879836845e+10 3.679002202985783399e+00 -2.111051624667169335e+00
1.391399999889470673e+10 3.878280431659624217e+00 -2.313045011830668685e+00
1.391399999892439079e+10 3.642535171144276163e+00 -2.130460279790388878e+00
1.391399999897764397e+10 3.718489423500581204e+00 -1.845523171698058684e+00
1.391399999918505287e+10 3.789410134567733124e+00 -1.641205436786431271e+00
1.391399999947798729e+10 3.811448182060189982e+00 -1.582063030973222206e+00
1.391399999960066032e+10 4.025413742881858603e+00 -1.411874202534589173e+00
1.391399999976195335e+10 3.950757921491525604e+00 -1.653132308136797457e+00
1.391399999978859138e+10 4.016887230040834034e+00 -1.362079942083439299e+00
1.391399999978530312e+10 3.746903513497482852e+00 -1.492049474560021238e+00
1.391399999957001877e+10 3.818219305760611526e+00 -1.687907844362725118e+00
1.391399999961159897e+10 3.853148301856299085e+00 -1.982602865181540830e+00
1.391399999944911003e+10 3.833659344637784905e+00 -2.233624108749684201e+00
1.391399999920840454e+10 4.008555954291683321e+00 -2.198038578589115222e+00
1.391399999945081902e+10 3.836020091695109269e+00 -2.162531043751229731e+00
1.391399999968349075e+10 3.650170161150451342e+00 -2.195957692723509158e+00
1.391399999971790504e+10 3.452497015635859423e+00 -2.418522548419154816e+00
1.391399999960496902e+10 3.220118939204930530e+00 -2.266732561735407270e+00
1.391399999978138161e+10 3.261990778198605501e+00 -2.028154189408245323e+00
1.391399999989141846e+10 3.208634481726825971e+00 -2.301721357856048922e+00
1.391399999997930145e+10 3.210307430900578129e+00 -2.015246584321984447e+00
1.391400000021525192e+10 3.252000811285814308e+00 -1.835292538970272336e+00
