2.087100000000000000e+10 0.000000000000000000e+00 0.000000000000000000e+00
2.087099999994819260e+10 5.079277403831256033e-02 3.076827608411242809e-01
2.087100000007339478e+10 5.746067027924844917e-02 5.978760794745781038e-01
2.087099999994582748e+10 -2.108988803917299926e-01 4.899744919013865330e-01
2.087099999983419418e+10 1.685524441449343103e-02 6.786506053053948939e-01
2.087099999985306168e+10 2.529419776292768929e-01 4.692713129310326359e-01
2.087099999984812546e+10 5.201657024846678690e-01 3.004525786998466508e-01
2.087099999984614563e+10 5.915902624974811452e-01 6.083929640823966256e-01
2.087099999971996307e+10 5.224854553652916733e-01 8.898811441507501474e-01
2.087099999948414612e+10 3.568368075129587647e-01 1.019821164897219301e+00
2.087099999921259308e+10 4.432838041249140826e-01 1.156635508040283034e+00
2.087099999952470779e+10 4.043844577601778401e-01 1.124946175869955489e+00
2.087099999938827133e+10 3.261402625867166893e-01 1.399164241582921075e+00
2.087099999937662125e+10 4.395930424073385412e-01 1.693995393490578039e+00
2.087099999926169586e+10 2.937714452107752505e-01 1.438142038751368368e+00
2.087099999939342499e+10 1.622981056403933753e-01 1.693671084269457339e+00
2.087099999958929062e+10 3.961331804215264540e-01 1.776682070285083404e+00
2.087099999982851791e+10 1.955729771394863759e-01 1.726904503800211321e+00
2.087100000002580261e+10 -2.594331400079097349e-02 1.836180668784161973e+00
2.087099999991404343e+10 5.423140766627679299e-02 2.120811750453953426e+00
2.087099999991707611e+10 4.511474245707700059e-02 1.804836528643285032e+00
2.087100000007134247e+10 4.832817029580797896e-02 1.528929276260307502e+00
2.087100000027887726e+10 2.859714854907045023e-01 1.548606837072122655e+00
