5.565600000000000000e+10 0.000000000000000000e+00 0.000000000000000000e+00
5.565599999996054077e+10 1.185678124321704885e-01 -7.892455142493417508e-01
5.565599999951687622e+10 6.152114608912744032e-02 -1.271047470939529189e-01
5.565599999885268402e+10 -1.232802915197140220e-01 -5.311143230465666942e-01
5.565599999881653595e+10 -3.805702516954368453e-01 -1.286772275357146000e+00
5.565599999889686584e+10 2.112560875089538048e-01 -7.559116561016828717e-01
5.565599999821424866e+10 -1.905980129390314470e-01 -6.506948215742922592e-01
5.565599999820932007e+10 -4.589753683214702895e-01 -1.403338909979028770e+00
5.565599999777074432e+10 -9.460265529650313532e-01 -1.860456992402933940e+00
5.565599999776396942e+10 -1.199676357420900397e+00 -1.102736911988937862e+00
5.565599999791105652e+10 -6.607487679228681854e-01 -5.313813167808388860e-01
5.565599999808675385e+10 -4.009137823138275714e-03 -1.114436672523949068e-01
5.565599999770276642e+10 -4.569246298534702655e-01 4.232961675200002660e-01
5.565599999843268585e+10 -6.219714673870574417e-01 1.431166367936820283e-01
5.565599999816313171e+10 -7.405584682800334662e-01 8.859489537245101021e-01
5.565599999869910431e+10 -1.118378390686510793e+00 4.293226375177665033e-01
5.565599999800411224e+10 -1.444734768939043290e+00 6.506884029418886772e-01
5.565599999782232666e+10 -6.670385431231937723e-01 6.248728176833836523e-01
5.565599999784920502e+10 -6.248521512902305286e-01 1.422382594862491745e+00
5.565599999707164764e+10 -4.741129129641049600e-01 1.528267399834993601e+00
5.565599999719306946e+10 -2.884446117256123099e-01 2.295931031831199398e+00
5.565599999703941345e+10 -2.603515087983190313e-01 3.079591594851338154e+00
5.565599999714227295e+10 -4.230950296060422278e-01 2.304053851286543608e+00
5.565599999787304688e+10 -1.495310899807579808e-01 2.476256259289038475e+00
5.565599999852310181e+10 -1.838719162669347762e-01 2.939696139678151798e+00
5.565599999828748322e+10 -3.933551793472538360e-01 3.673946130499374796e+00
5.565599999830544281e+10 -4.019275177106595431e-01 2.875117069874705056e+00
5.565599999844418335e+10 -3.836929660820818655e-01 2.088388158036404985e+00
5.565599999915520477e+10 -6.479159679643016201e-01 1.837082049160409403e+00
5.565599999972367859e+10 -2.244648787234952980e-01 1.468227190014352646e+00
5.565600000003553772e+10 5.108927911874556749e-01 1.490953295066834272e+00
5.565599999935516357e+10 3.942132890662559119e-01 1.893440104322573925e+00
5.565599999878916168e+10 1.223893774576103599e-01 2.387688288774598266e+00
5.565599999888877106e+10 -3.652879673230606805e-01 1.762569851030064250e+00
5.565599999951555634e+10 -3.456949007339308322e-01 1.267312312483129366e+00
5.565599999954450989e+10 -2.801448135000169648e-01 2.063169579464732895e+00
5.565599999977349091e+10 2.538101233652249045e-01 1.514550717212227227e+00
5.565600000019887543e+10 3.162187027170637044e-01 8.409938091005871863e-01
