4.869900000000000000e+10 0.000000000000000000e+00 0.000000000000000000e+00
4.869899999947199249e+10 -4.476314974948582964e-02 1.933113899640140354e-01
4.869899999899875641e+10 2.364375197202482626e-01 7.027714692100667238e-02
4.869899999863086700e+10 3.084895588190584848e-01 -3.511837828481291779e-01
4.869899999863165283e+10 3.062959923638687298e-01 -9.152370907357640917e-01
4.869899999883369446e+10 3.295030475968618866e-01 -3.891171000378487177e-01
4.869899999844409943e+10 4.533882646512705783e-01 -7.777393272873938113e-01
4.869899999829199982e+10 2.634586809201990842e-01 -1.286614773528045763e+00
4.869899999849581909e+10 1.753358157472867385e-02 -8.217059138533336915e-01
4.869899999813866425e+10 -4.185759282671903669e-01 -8.419582573044163132e-01
4.869899999793070984e+10 -6.807799324369093741e-01 -3.879020665351056718e-01
4.869899999770666504e+10 -1.077251236432069437e+00 -7.207335373836721848e-01
4.869899999789321899e+10 -5.910398843781858869e-01 -9.374292947795099806e-01
4.869899999814882660e+10 -4.429730501349029570e-01 -4.569054025479223902e-01
4.869899999817037964e+10 -7.104633075591483271e-01 -9.530365538312302043e-01
4.869899999798202515e+10 -8.340827479305878978e-01 -1.470145242092102844e+00
4.869899999777655029e+10 -6.755736245261183548e-01 -9.693299432698797569e-01
4.869899999796170807e+10 -5.116041047131690833e-01 -4.623857988237923822e-01
4.869899999756062317e+10 -7.266683064466156194e-01 -1.291591162613971444e-01
4.869899999713447571e+10 -8.342175838243437447e-01 2.243886056990623823e-01
4.869899999763065338e+10 -1.032261061521611900e+00 4.053438066607865098e-01
4.869899999742724609e+10 -1.343425241307550033e+00 -1.887796690589971238e-02
4.869899999787047577e+10 -9.945543945031314337e-01 -1.767825083174822190e-02
4.869899999783641052e+10 -4.423108718460766475e-01 9.199448714129973559e-02
4.869899999763981628e+10 8.578098236665421261e-02 1.171187521579727386e-01
4.869899999761407471e+10 6.427830865170484076e-01 2.022516120858092736e-01
4.869899999781288147e+10 1.077271533651144253e+00 5.020116714592669505e-01
4.869899999802507782e+10 1.270870227072931291e+00 9.874523428239293521e-01
4.869899999806884003e+10 1.050456356521206169e+00 4.700894001018210977e-01
4.869899999798458099e+10 1.607652699995777201e+00 4.457007307403658691e-01
4.869899999804512787e+10 1.050458387819837913e+00 3.822176967950696169e-01
4.869899999843940735e+10 1.170028335413090703e+00 -3.019336075563539001e-03
4.869899999817698669e+10 9.373252305895518610e-01 -4.447750014944381047e-01
4.869899999798451996e+10 1.059465681560182393e+00 -9.607199410251927585e-01
4.869899999779061890e+10 9.740613111827789439e-01 -4.379685555035462974e-01
4.869899999821070099e+10 1.336912589892542025e+00 -3.377980624029994772e-01
4.869899999834981537e+10 1.574244324771381764e+00 1.546262120804319795e-01
4.869899999821726227e+10 2.102697893827063069e+00 8.583398339544884292e-03
4.869899999859874725e+10 2.409800491778590903e+00 -2.712729963162414659e-01
4.869899999805275726e+10 2.470738405683970740e+00 -1.434238472397784403e-01
4.869899999776898956e+10 2.499659409426174150e+00 3.431978736829915944e-01
4.869899999749407959e+10 2.678441209386785093e+00 -1.157376121225247023e-01
4.869899999744836426e+10 3.206816748244266435e+00 -3.078073699243696892e-01
4.869899999732843781e+10 3.477716482996768832e+00 1.721850520013159525e-01
4.869899999733170319e+10 3.474384924412027509e+00 7.362238873314466137e-01
4.869899999721337128e+10 3.919052801797956231e+00 4.099894750468834337e-01
4.869899999689671326e+10 3.855351745557337839e+00 -5.243206771104963471e-02
4.869899999694068146e+10 4.168809003138999714e+00 -5.193074175826427608e-01
4.869899999638845825e+10 4.059070068866800440e+00 -5.534512560595797881e-01
4.869899999615306091e+10 4.078269025009338300e+00 -4.121906839883660023e-02
4.869899999666842651e+10 4.142151743486732762e+00 1.789549517027011760e-01
4.869899999634734344e+10 4.184447414004035970e+00 6.407778127605132656e-01
4.869899999667683411e+10 4.101005924995575924e+00 1.906297108517427397e-01
4.869899999680126190e+10 4.646290207490324065e+00 1.175240648628723544e-01
4.869899999672319031e+10 4.160905367878553029e+00 3.940533688586493333e-01
4.869899999684621429e+10 3.820526642375553728e+00 8.266836883952044523e-01
4.869899999682785797e+10 3.904457232026126157e+00 2.692070705512502604e-01
4.869899999676925659e+10 4.038411491938724396e+00 8.139853536138798029e-01
4.869899999733185577e+10 4.054343065891522713e+00 8.512490608615543852e-01
4.869899999765151978e+10 3.806329914960928651e+00 1.244270786158073960e+00
4.869899999764517212e+10 3.788244759914244142e+00 6.805383818315009492e-01
4.869899999791525269e+10 3.810560195198105848e+00 1.858476210838316267e-01
4.869899999786563110e+10 3.588419880693401343e+00 7.019416170174133107e-01
4.869899999773902893e+10 3.489225462831420987e+00 1.242584613253843173e+00
4.869899999798834991e+10 3.565263352126682772e+00 1.742801717953029961e+00
4.869899999808684540e+10 3.209206668157460474e+00 1.316557724856094014e+00
4.869899999771464539e+10 2.931953447338164764e+00 1.637115458636715370e+00
4.869899999819042206e+10 2.635434477893861871e+00 1.699356440957527470e+00
4.869899999869586945e+10 2.385148553325143528e+00 1.705497654634239080e+00
4.869899999873043823e+10 2.397192466365328123e+00 1.142628542340806019e+00
4.869899999871559906e+10 2.310289753965366621e+00 1.699754444112462348e+00
4.869899999863499451e+10 2.244581341763183246e+00 1.145365350416629457e+00
4.869899999838488770e+10 1.994655455532794219e+00 7.058829924193258387e-01
4.869899999818986511e+10 1.953684230423681223e+00 1.233564537226882862e+00
4.869899999852467346e+10 1.696873098108014677e+00 8.592508462505555888e-01
4.869899999868716431e+10 2.012158677794477324e+00 1.297831899442592363e+00
4.869899999921195984e+10 1.824088569811020299e+00 1.383721672977657136e+00
4.869899999883101654e+10 1.447709079605739246e+00 1.206566499457423447e+00
4.869899999888974762e+10 1.941145755704771547e+00 9.396724465847772212e-01
4.869899999895178986e+10 1.948692827042807219e+00 3.790879924515396793e-01
4.869899999930774689e+10 2.167795838867661917e+00 7.578385568630034985e-01
4.869899999930924225e+10 2.205487891765002928e+00 1.320633923138323507e+00
4.869899999898870087e+10 2.388910230539736723e+00 8.942857122901202160e-01
4.869899999885071564e+10 2.924819818197942567e+00 7.850992558388997233e-01
4.869899999892970276e+10 2.556193210473580280e+00 1.204667043207534149e+00
4.869899999894104767e+10 2.942416080790657862e+00 1.615598544142881288e+00
4.869899999896480560e+10 3.203631105263831103e+00 1.116235006973381516e+00
4.869899999869257355e+10 2.865738826556230467e+00 7.558458767164204506e-01
4.869899999851979828e+10 3.274813128514557192e+00 1.103650290869668371e+00
4.869899999870992279e+10 3.380572874625304092e+00 5.832385605421103181e-01
4.869899999825946045e+10 3.500593755876194813e+00 2.656811710150753791e-01
4.869899999805568695e+10 3.293581949709555534e+00 -2.178309613659840105e-01
4.869899999809243011e+10 3.856429989289130944e+00 -2.141816634440829037e-01
4.869899999804083252e+10 3.745628343777738678e+00 -7.648376568350800930e-01
4.869899999828022766e+10 3.719668659023731561e+00 -2.547598960759256403e-01
4.869899999868537140e+10 4.084711259172252085e+00 -1.106692826040918121e-01
4.869899999895401001e+10 3.594816044100281882e+00 -1.881255035691747624e-01
4.869899999939144897e+10 3.647332926473382031e+00 1.640817416362428671e-01
4.869899999929659271e+10 3.727837391501724884e+00 -3.860848488748302998e-01
4.869899999892092133e+10 4.120091769817261884e+00 -5.382992358074603079e-01
4.869899999873753357e+10 4.620757097193674667e+00 -3.542778930883760946e-01
4.869899999884306335e+10 4.581424857173466592e+00 1.984224495471886840e-01
4.869899999862769318e+10 4.075369355781153224e+00 7.317751212325868115e-02
4.869899999895854950e+10 4.504194846672940677e+00 -8.430930968329850006e-02
4.869899999874133301e+10 4.008745439280964717e+00 7.540074288686893222e-02
4.869899999926386261e+10 4.118269129689672070e+00 -1.066098714386031487e-01
4.869899999933326721e+10 4.059782763544159678e+00 4.500986274692008182e-01
4.869899999931773376e+10 4.620706421026152810e+00 3.927838096952462332e-01
4.869899999928987885e+10 4.551010780245302811e+00 9.518259296347917342e-01
4.869899999904332733e+10 4.379553951955212909e+00 4.743581097516145206e-01
4.869899999959449768e+10 4.394071114410702528e+00 5.933517746988886676e-01
4.869899999940887451e+10 4.758077007587567131e+00 2.045023216420759904e-01
4.869899999945758057e+10 4.197874696019425755e+00 1.602040532179211663e-01
4.869899999932364655e+10 4.679669010482441216e+00 4.211582130610327379e-01
4.869899999919585419e+10 4.897712643816950262e+00 -8.311144538108683477e-02
4.869899999938769531e+10 5.396537585237964230e+00 -2.634817580778174850e-01
4.869899999894694519e+10 5.315508672033465665e+00 -6.060288899689941777e-01
4.869899999849607086e+10 5.246390471663615607e+00 -2.742176592426607828e-01
4.869899999842405701e+10 5.235156705666014432e+00 2.851119816662390227e-01
4.869899999842237854e+10 5.141612380015044614e+00 -2.711327388141586137e-01
4.869899999852202606e+10 5.498588848798077855e+00 -6.963378034071616707e-01
4.869899999881256866e+10 5.420886840951496310e+00 -1.173527069740819773e+00
4.869899999892949677e+10 5.243620425129595475e+00 -1.696083468966819385e+00
4.869899999903793335e+10 4.872497921541720345e+00 -2.106780049501529639e+00
4.869899999905849457e+10 4.921592874490658964e+00 -2.668321314189025628e+00
4.869899999944577789e+10 5.209132121973694574e+00 -2.960711598039322379e+00
4.869899999937124634e+10 5.620824485234132695e+00 -3.339018747277157306e+00
4.869899999915168762e+10 5.671593557832762755e+00 -2.821933601327535346e+00
4.869899999923490143e+10 6.131039479952966609e+00 -2.505473662574792648e+00
4.869899999910502625e+10 6.005785859272708471e+00 -1.971052731961780546e+00
4.869899999945401001e+10 5.808683554906059143e+00 -1.574159201053765944e+00
4.869899999981877899e+10 5.400638017615976949e+00 -1.437754273118662995e+00
4.869899999965381622e+10 5.210413054602693883e+00 -9.330127602327246139e-01
4.869899999994020081e+10 5.510366454888868226e+00 -1.315339172844826932e+00
4.869899999972779083e+10 5.760080366040961408e+00 -8.563348391388463376e-01
4.869900000007531738e+10 5.791517466794837254e+00 -1.299504162610073621e+00
4.869899999962857819e+10 6.122008255088244866e+00 -1.396267228013104766e+00
4.869899999993434906e+10 6.044174882109337510e+00 -9.287121473487587320e-01
4.869899999979285431e+10 5.981208537405188430e+00 -3.863316708546509215e-01
4.869899999960572052e+10 5.570334908506602289e+00 -4.821089193837124753e-02
4.869899999967443085e+10 5.702752484228853724e+00 4.957614596595190104e-01
4.869899999959841919e+10 5.308673266745631558e+00 9.942201535306349758e-02
4.869900000014832306e+10 5.222035720362911526e+00 8.547544575471632822e-03
