4.869900000000000000e+10 0.000000000000000000e+00 0.000000000000000000e+00
4.869899999946063995e+10 -7.001870417903238719e-02 -1.495080571238872613e-01
4.869899999930365753e+10 1.633037491617304604e-01 -6.384645629605472106e-01
4.869899999932429504e+10 1.264181012566602813e-01 -7.599211561710816909e-02
4.869899999895021820e+10 3.951549261170909100e-01 2.495981039008324798e-01
4.869899999914353180e+10 8.493324430066755415e-01 5.225725981233221296e-01
4.869899999911295319e+10 1.368280635024299752e+00 3.036675791244637379e-01
4.869899999858540344e+10 1.489319984667810237e+00 4.624129002217703954e-01
4.869899999812240601e+10 1.753577441269196902e+00 2.781217193460687742e-01
4.869899999821907043e+10 1.814987593659957987e+00 8.304315146414651405e-01
4.869899999765889740e+10 1.789600958195023406e+00 7.694107754081889183e-01
4.869899999745963287e+10 1.903824692633739213e+00 2.542340155522224698e-01
4.869899999794306183e+10 1.916633654065557080e+00 -3.610287415219837204e-02
4.869899999775036621e+10 2.055608209138674702e+00 -5.476856834032249877e-01
4.869899999774430084e+10 1.993563310050465720e+00 1.291685960675603706e-02
4.869899999748657990e+10 1.745621585398046127e+00 4.491132577692186212e-01
4.869899999771506500e+10 1.857276346543286216e+00 9.525902616219767971e-01
4.869899999823692322e+10 2.053691191647579739e+00 8.674629937763219667e-01
4.869899999820686340e+10 2.035559337725894924e+00 3.044985016790006105e-01
4.869899999775016022e+10 1.794789621131398283e+00 7.730955482493473419e-02
4.869899999734641266e+10 1.867043937166122491e+00 4.645134680859402398e-01
4.869899999736874390e+10 1.872058222925404136e+00 -9.908018360931764024e-02
4.869899999729092407e+10 2.372547751493035761e+00 1.491441709468489529e-01
4.869899999705224609e+10 2.578410759990787504e+00 -3.186326447579752030e-01
4.869899999759619141e+10 2.432115444126965897e+00 -2.889903739380805803e-01
4.869899999782855988e+10 2.467435562081154110e+00 -8.017483010740560356e-01
4.869899999800337219e+10 2.168344576254908951e+00 -1.246883742342262957e+00
4.869899999801914215e+10 1.608791086556121241e+00 -1.177509291581972040e+00
4.869899999782946777e+10 1.297323667364608690e+00 -7.471902860511943079e-01
4.869899999765498352e+10 1.284233362823796298e+00 -1.283424163018910935e+00
4.869899999769251251e+10 7.339625346669402806e-01 -1.401554990349090257e+00
4.869899999768869019e+10 7.339971167509017347e-01 -1.965600166944944549e+00
4.869899999755192566e+10 1.023231836624396651e+00 -2.430142377904971784e+00
4.869899999793975830e+10 1.324864206843843206e+00 -2.707210302640199018e+00
4.869899999800756836e+10 8.280917807747700810e-01 -2.448790729103590635e+00
4.869899999815216827e+10 7.115172002761087633e-01 -1.916190104344579481e+00
4.869899999825731659e+10 8.768357437046112590e-01 -2.445127633098762132e+00
4.869899999829773712e+10 7.518242143269241451e-01 -2.993670860428432334e+00
4.869899999866272736e+10 9.730209646182532701e-01 -2.624868221396984502e+00
4.869899999893992615e+10 1.413327236489795968e+00 -2.842706327508043529e+00
4.869899999861827850e+10 9.589474896284528871e-01 -2.751911195651417508e+00
4.869899999852919006e+10 4.254079616532366881e-01 -2.592034433789424774e+00
4.869899999848439026e+10 3.976487002480906252e-01 -3.153624848310835560e+00
4.869899999835323334e+10 4.852315549278211071e-01 -2.612063730599555988e+00
4.869899999850198364e+10 8.195496699653553874e-01 -3.041325336616160779e+00
4.869899999794567108e+10 8.835209730064850220e-01 -2.973629603824177181e+00
4.869899999741837311e+10 7.764561132404492749e-01 -3.142914502349618999e+00
4.869899999786808014e+10 8.687039944831745908e-01 -2.815168247406526714e+00
4.869899999738397980e+10 8.013874704270150806e-01 -3.096724850425579323e+00
4.869899999779351044e+10 4.395189801932675167e-01 -2.957096671807767585e+00
4.869899999784439087e+10 2.824838029891474367e-01 -3.496460121049931757e+00
4.869899999789897919e+10 2.570995255905516030e-01 -2.935624122586021123e+00
4.869899999775875854e+10 7.991352178401036621e-01 -3.004155160392770529e+00
4.869899999767056274e+10 9.037357267626273671e-01 -3.551368355536866694e+00
4.869899999761641693e+10 5.038506630349881554e-01 -3.945477612462234607e+00
4.869899999784162140e+10 9.091738601131078568e-01 -3.624297664738955316e+00
4.869899999820152283e+10 4.759696301721331735e-01 -3.593184119310424141e+00
4.869899999861193085e+10 6.597009302813481302e-01 -3.252645203788928630e+00
4.869899999855722046e+10 8.267294904909552322e-01 -3.788620757782286574e+00
4.869899999872339630e+10 1.365102008619803797e+00 -3.762107962007762207e+00
4.869899999838755798e+10 1.463246390335269709e+00 -4.204536306420699532e+00
4.869899999878153229e+10 1.331784041857612344e+00 -4.586198815539881402e+00
4.869899999875778198e+10 1.234404573449318532e+00 -4.031118048836731305e+00
4.869899999851259613e+10 7.377623442092573480e-01 -4.137853193304006361e+00
4.869899999862335968e+10 1.281136658886027124e+00 -4.034719262514470550e+00
4.869899999864360809e+10 9.516614546640135286e-01 -4.492100698971800199e+00
4.869899999886065674e+10 1.284159961918090342e+00 -4.892722149371671492e+00
4.869899999852554321e+10 1.631509423599677655e+00 -4.600815591326091969e+00
4.869899999898628235e+10 1.440400362798773815e+00 -4.337459751407582331e+00
4.869899999939342499e+10 1.821387453431006165e+00 -4.252342673672986351e+00
4.869899999920845032e+10 2.080553313482792266e+00 -3.786747201996194079e+00
4.869899999969111633e+10 1.803396886554282652e+00 -3.695221738078732443e+00
4.869899999967881012e+10 2.102973820182090670e+00 -3.217452154522476793e+00
4.869899999950193024e+10 1.816746391049653075e+00 -3.670165823609275346e+00
4.869899999957509613e+10 1.730049183611937380e+00 -4.222698563715515441e+00
4.869899999917290497e+10 1.573569359756875397e+00 -4.585905199207304328e+00
4.869899999902242279e+10 1.031322581284705553e+00 -4.547361365281813228e+00
4.869899999897263336e+10 1.333724711928982343e+00 -4.073825945773013935e+00
4.869899999942687225e+10 1.623272158349983174e+00 -3.906528626400016080e+00
4.869899999963649750e+10 1.542240023357716927e+00 -3.389176054962690809e+00
4.869899999987303925e+10 1.171676211309756965e+00 -3.035774467101613361e+00
4.869899999955722809e+10 7.057793105003895562e-01 -3.072742830191680152e+00
4.869899999979313660e+10 5.462706809164592503e-01 -2.585848611366994287e+00
4.869900000009506989e+10 9.855400655610542238e-01 -2.401351459799959898e+00
4.869900000026271057e+10 6.176325080319264860e-01 -2.008029650217461715e+00
