4.174200000000000000e+10 0.000000000000000000e+00 0.000000000000000000e+00
4.174199999975900269e+10 -2.868147585763898832e-01 -2.483860681213705124e-01
4.174199999963852692e+10 -2.509377669614446527e-01 -6.799356690697397898e-01
4.174199999954793549e+10 1.750113350094794074e-01 -7.912747486765063787e-01
4.174199999954392242e+10 3.203503702460123170e-01 -1.216594380937956910e+00
4.174199999928498840e+10 6.775787582359811267e-01 -1.130705033336514065e+00
4.174199999917548370e+10 2.488481413138653453e-01 -1.209668266273136394e+00
4.174199999912862396e+10 5.605659370686739695e-01 -8.892421953175063676e-01
4.174199999910291290e+10 5.589125634903614470e-01 -4.404968229492024490e-01
4.174199999944072723e+10 7.906229815067737920e-01 -6.255033225618825687e-01
4.174199999959681702e+10 7.997773648298809324e-01 -2.040905176158714363e-01
4.174199999948128510e+10 1.129028914925529259e+00 7.925107284544419262e-02
4.174199999956605530e+10 1.462562926119003404e+00 -2.098942928298988542e-01
4.174199999971234894e+10 1.463448770995287251e+00 -6.349044191457249298e-01
4.174199999926518250e+10 1.435671724338269506e+00 -6.710929685493571828e-01
4.174199999887369537e+10 1.636603137686678755e+00 -7.627363966168745346e-01
4.174199999865808105e+10 1.637464860820100787e+00 -3.683447700254851576e-01
4.174199999882908630e+10 1.917892476546834812e+00 -6.150038721023470822e-02
4.174199999900212860e+10 1.874700653580968490e+00 -4.740873580120817388e-01
4.174199999870990753e+10 1.539552052545989813e+00 -5.398176902127094223e-01
4.174199999894898987e+10 1.853851545622982266e+00 -7.545097111057605943e-01
4.174199999889949799e+10 1.554369774072087873e+00 -4.230011645670213594e-01
4.174199999885435486e+10 1.734908362762865197e+00 -1.385052283054721833e-02
4.174199999851152802e+10 1.505219147960668469e+00 -1.920366965508154833e-01
4.174199999835224152e+10 1.233977645138665924e+00 -5.131179873218173482e-01
4.174199999834980774e+10 1.232667959320598472e+00 -9.625940151627179198e-01
4.174199999852605438e+10 1.523280590763109732e+00 -1.256732130582559837e+00
4.174199999823779297e+10 1.200904993846579005e+00 -1.134188184417856959e+00
4.174199999844142151e+10 1.372797325881466524e+00 -1.496161390560812432e+00
4.174199999838007355e+10 1.584496431830878960e+00 -1.887896478673588563e+00
4.174199999797565460e+10 1.664221762033015528e+00 -1.708661990620530924e+00
4.174199999809958649e+10 1.624401895912760185e+00 -1.278439030278257338e+00
4.174199999819579315e+10 1.311017181815456123e+00 -1.585962889661343578e+00
4.174199999831475067e+10 1.579880410347302755e+00 -1.245965845063586430e+00
4.174199999833391571e+10 1.217815443694039823e+00 -1.511631258253827381e+00
4.174199999877102661e+10 1.118382945099482884e+00 -1.544563667210112845e+00
4.174199999904558563e+10 1.047066085309062977e+00 -1.893229411077479440e+00
4.174199999931365967e+10 1.285330771655218696e+00 -1.622303399613385766e+00
4.174199999955259705e+10 1.574478924043705819e+00 -1.869972017114352125e+00
4.174199999947579193e+10 1.601313438977358228e+00 -1.427911181190045120e+00
4.174199999921746826e+10 1.423458321219702283e+00 -1.105927988513652593e+00
4.174199999964575958e+10 1.295431689515907703e+00 -1.152933841608613896e+00
4.174199999968025208e+10 1.632945456758199576e+00 -8.580934858682500721e-01
4.174199999938443756e+10 1.949297526324246466e+00 -7.378817148810469240e-01
4.174199999937934875e+10 2.330400858220108784e+00 -9.761477863768679430e-01
4.174199999942938995e+10 2.297391300732316566e+00 -5.306790560733164464e-01
4.174199999899657440e+10 2.239503720378903662e+00 -4.241135872446552546e-01
4.174199999931151581e+10 2.225195553403874538e+00 -1.037323093684793252e-01
4.174199999967432404e+10 2.120920195037566458e+00 -3.477208850619244451e-01
4.174199999954809570e+10 1.931631566662393773e+00 -7.353711037457423272e-01
4.174199999988214874e+10 2.031758012282548265e+00 -4.517842345725092690e-01
4.174199999985732269e+10 2.015991665918730913e+00 -9.003055739663818891e-01
4.174199999982111359e+10 1.981783862645312144e+00 -4.535896012089711826e-01
4.174199999969741058e+10 2.397406656115858681e+00 -3.353021951892067309e-01
4.174199999964705658e+10 1.959349251587280349e+00 -2.480869230196905972e-01
4.174200000001236725e+10 1.767293208792704018e+00 -7.004911268560956583e-02
4.174200000025617981e+10 1.906581328799731967e+00 2.809345444973349037e-01
