6.957000000000000000e+09 0.000000000000000000e+00 0.000000000000000000e+00
6.956999999982525826e+09 -1.357260787939161273e-01 2.563348837794817703e-01
6.956999999943263054e+09 -9.489388580850900701e-02 -2.866628198631709923e-02
6.956999999994066238e+09 1.508749780650947003e-01 -1.751284538442020589e-01
6.956999999869038582e+09 4.023702969941189145e-01 -1.006125090326586285e-01
6.956999999633976936e+09 2.317472926830679014e-01 -9.235734938315325049e-02
6.956999999383523941e+09 3.044960760100202113e-01 3.576581769780302900e-02
6.956999999159704208e+09 4.118853580535795644e-01 -1.152535649252745403e-01
6.956999999199318886e+09 3.775093693619641089e-01 1.705496106199037021e-01
6.956999999331100464e+09 5.744986961837075246e-01 3.386666601740364602e-01
6.956999999182580948e+09 6.441911514466992505e-01 9.883443679628250989e-02
6.956999999170670509e+09 7.859989238008889822e-01 3.521784543432037728e-01
6.956999998928740501e+09 6.321234076094588428e-01 3.993682063749052213e-01
6.956999999115336418e+09 8.546164336109483006e-01 4.100096132058130283e-01
6.956999999105921745e+09 8.741423302710970011e-01 6.997760616934562972e-01
6.956999999126220703e+09 8.751319876417252841e-01 4.099114734542652072e-01
6.956999999056730270e+09 8.200680429151506745e-01 6.866306492521272453e-01
6.956999999309312820e+09 9.154382302988940401e-01 7.940591712391320556e-01
6.956999999406655312e+09 7.845607113372026209e-01 1.034537788252273049e+00
6.956999999523289680e+09 7.308555185592222614e-01 7.738719816312127353e-01
6.956999999320210457e+09 5.275264726565469520e-01 8.168917062406710894e-01
6.956999999343243599e+09 2.401190708351556014e-01 7.808227739908900622e-01
6.956999999165018082e+09 4.691862465762056678e-01 7.667347310575977071e-01
6.956999999052914619e+09 5.016209800856940015e-01 5.006231419915787573e-01
6.956999999239877701e+09 7.213379006889100165e-01 4.659292572694816448e-01
6.956999999340780258e+09 9.029957395451149171e-01 6.690388749498816789e-01
6.956999999103421211e+09 9.718981998993712068e-01 5.162399128939725301e-01
6.956999999001919746e+09 1.006444850098100918e+00 7.863111749109508164e-01
6.956999998913340569e+09 1.162373566619147924e+00 1.014947210426049740e+00
6.956999999114264488e+09 9.603269414662647385e-01 9.580138196569523146e-01
6.956999999017601967e+09 1.025756876179153565e+00 1.224114980530262464e+00
6.956999999046767235e+09 1.282477933780404644e+00 1.091155685623275806e+00
6.956999999141575813e+09 1.269419563823276809e+00 1.365519240106568555e+00
6.956999999201741219e+09 1.259540007241940041e+00 1.081411767584210537e+00
6.956999999417866707e+09 1.252759080017928017e+00 1.275520979916273667e+00
6.956999999686643600e+09 1.362755829637286809e+00 1.265816968113284258e+00
6.956999999502429008e+09 1.344141342198473588e+00 1.489765284530691236e+00
6.956999999621157646e+09 1.573816062900412316e+00 1.622383386258218652e+00
6.956999999603959084e+09 1.863232916015395091e+00 1.641789229650277404e+00
6.956999999725025177e+09 1.610924590294241066e+00 1.720006305263350521e+00
6.956999999851491928e+09 1.349364279250543586e+00 1.725181858575012939e+00
6.956999999600884438e+09 1.367924372506600372e+00 1.871078880046014303e+00
6.956999999847798347e+09 1.360791425568506074e+00 2.024105353407556152e+00
6.956999999837967873e+09 1.298993776841039560e+00 2.307863895560223977e+00
6.956999999792055130e+09 1.158112422722090029e+00 2.057906046470626915e+00
6.957000000058607101e+09 1.136045691366972088e+00 2.171474620025729774e+00
6.957000000033612251e+09 1.157715746950693347e+00 2.460161612543876331e+00
6.956999999934487343e+09 1.215201085473521125e+00 2.727190042935300429e+00
6.957000000141462326e+09 1.245022452635322185e+00 2.525431326104946361e+00
