2.087100000000000000e+10 0.000000000000000000e+00 0.000000000000000000e+00
2.087099999980006027e+10 4.578547671883224229e-02 2.405421124599333160e-01
2.087099999981493759e+10 -4.638124792265963664e-02 -6.147879336166553466e-02
2.087099999964163589e+10 9.909161581457220924e-02 1.592867547835944142e-01
2.087099999950736618e+10 -1.591205142082859347e-01 3.587549801604900113e-02
2.087099999939970779e+10 -3.741205018110598246e-01 2.411013298877954236e-01
2.087099999941686630e+10 -3.879851276729510690e-01 5.564518618910481162e-01
2.087099999938852692e+10 -4.133366233152937497e-01 2.426257758259132702e-01
2.087099999963406372e+10 -3.888641166753060707e-01 4.402252368487299394e-01
2.087099999954158020e+10 -6.307507550022274367e-01 6.215270783220652184e-01
2.087099999926647186e+10 -4.779104047837615665e-01 6.513256333167645185e-01
2.087099999935737991e+10 -5.049606321339749071e-01 9.528830765803200098e-01
2.087099999957043839e+10 -2.715559909207574396e-01 9.606583241631730941e-01
2.087099999936216354e+10 -5.019133410368404880e-01 1.019727075510292069e+00
2.087099999930695724e+10 -5.098007596638894912e-01 1.330890370029012448e+00
2.087099999943177032e+10 -7.830425205906033082e-01 1.429345515910461328e+00
2.087099999942354584e+10 -7.779366350578612588e-01 1.113372505642114874e+00
2.087099999925372314e+10 -6.244787702355755199e-01 8.953280090844593087e-01
2.087099999929888535e+10 -6.382896921844480875e-01 5.827542319852361263e-01
2.087099999903461838e+10 -4.772692682521222363e-01 6.473117282724918375e-01
2.087099999907007599e+10 -3.894573327230269055e-01 9.489150225165290387e-01
2.087099999911355591e+10 -3.621093517728600220e-01 6.369949493109028360e-01
2.087099999888283157e+10 -5.650399050136726276e-01 7.112785032388515560e-01
2.087099999907976913e+10 -5.337517329793161069e-01 9.565741931566509315e-01
2.087099999912260056e+10 -5.100847673129939031e-01 6.442633494957498153e-01
2.087099999913996506e+10 -5.087931238858202088e-01 3.286220632151065080e-01
2.087099999923040390e+10 -5.845222005891348438e-01 6.219116954439168898e-01
2.087099999917416382e+10 -4.020164104560791651e-01 8.738270628287851949e-01
2.087099999888885880e+10 -3.244500231989045358e-01 9.857083198062752682e-01
2.087099999887804413e+10 -3.828260508732354017e-01 6.752119926898199065e-01
2.087099999866655731e+10 -4.589342883311718357e-01 8.975053186144111850e-01
2.087099999845261002e+10 -5.095339486093541925e-01 1.124657656023160923e+00
2.087099999835380936e+10 -7.091630062957317016e-01 9.003378704169081592e-01
2.087099999829386520e+10 -5.843387883006609940e-01 6.161576751982086320e-01
2.087099999824874496e+10 -5.800064647802352091e-01 9.290123167578547836e-01
2.087099999811286926e+10 -4.964626386989966500e-01 6.560815162804176648e-01
2.087099999840445328e+10 -6.064848335675045998e-01 7.090554424351155349e-01
2.087099999838288879e+10 -4.329721632068345150e-01 9.724200598387211514e-01
2.087099999838196945e+10 -1.395410649993457097e-01 1.090021096308628534e+00
2.087099999847669983e+10 -2.528910298040318860e-01 8.105388248449402200e-01
2.087099999850701904e+10 -8.342867509908347134e-02 1.075672622404127532e+00
2.087099999852645493e+10 -1.913965306370349340e-01 1.372148294971421212e+00
2.087099999836289597e+10 -1.869738062609257179e-01 1.642631779151546123e+00
2.087099999811656570e+10 -3.633044641545239428e-01 1.732977170208043205e+00
2.087099999810606003e+10 -3.448855390693197354e-01 1.417567847956151095e+00
2.087099999829724503e+10 -5.345122581966322839e-01 1.251971245118023379e+00
2.087099999828090668e+10 -5.090981495213268149e-01 1.566645526297183677e+00
2.087099999801279449e+10 -4.105196822897856368e-01 1.702035907194429321e+00
2.087099999786452103e+10 -6.531504296787529196e-01 1.840157140141450265e+00
2.087099999817673874e+10 -6.128739753587273409e-01 1.811334053088417884e+00
2.087099999809556580e+10 -6.368131057261681160e-01 2.115916926143096788e+00
2.087099999786676788e+10 -6.109897186781245715e-01 2.332522693696973626e+00
2.087099999799443054e+10 -5.580384421035279319e-01 2.048215156112865643e+00
2.087099999799275589e+10 -5.310638065083007620e-01 1.733251304706564966e+00
2.087099999799195099e+10 -2.855229363353642968e-01 1.932353529770767908e+00
2.087099999778416443e+10 -4.809360456683220431e-02 1.912722113943598812e+00
2.087099999770379257e+10 -3.534726968297406402e-01 1.927438267774432834e+00
2.087099999794345474e+10 -1.508352993736286896e-01 1.965286616814776455e+00
2.087099999782235336e+10 1.405349068575073301e-01 1.946029072480934818e+00
2.087099999788740540e+10 3.690125611410516870e-01 1.737464986334964934e+00
2.087099999819363022e+10 4.154912848145959625e-01 1.800708438500142394e+00
2.087099999819194412e+10 6.164744689489962681e-01 1.556709293015257511e+00
2.087099999845672607e+10 6.758057483268516963e-01 1.394526813418249800e+00
2.087099999851631165e+10 7.996359786772686551e-01 1.109837097248505655e+00
2.087099999834513855e+10 8.719513600717356816e-01 8.540976273637701510e-01
2.087099999861575699e+10 1.029092677225264651e+00 8.093147755825056411e-01
2.087099999864029312e+10 9.722299521740765949e-01 1.119310491873840574e+00
2.087099999871735764e+10 7.964506790389750401e-01 1.370498964471885683e+00
2.087099999848534012e+10 6.410009882776871448e-01 1.518609722408955864e+00
2.087099999840266800e+10 6.176848309469824549e-01 1.822837252144887454e+00
2.087099999843452072e+10 5.815936879325489528e-01 1.510402392768199320e+00
2.087099999824578094e+10 7.635958055979870096e-01 1.686997353551714873e+00
2.087099999811092758e+10 5.107482201820024992e-01 1.820472457585827764e+00
2.087099999809473801e+10 5.158932453756043257e-01 2.136137011247190465e+00
2.087099999809571075e+10 5.146544120170660763e-01 2.452254360526323396e+00
2.087099999786979294e+10 6.685540371881877331e-01 2.293484043434970143e+00
2.087099999763512802e+10 6.767157260854891332e-01 2.081829734500613593e+00
2.087099999746179962e+10 4.596654057216353895e-01 1.930900174225375299e+00
2.087099999741567612e+10 2.282428574841300628e-01 1.720545646093376346e+00
2.087099999760395432e+10 1.213447434710680645e-01 1.490205703293398409e+00
2.087099999766420746e+10 -6.512804814966181854e-02 1.738258263217627775e+00
2.087099999764642334e+10 -9.573391028249229884e-02 2.052391468325834634e+00
2.087099999755303955e+10 -3.724391953854663817e-02 2.348687266881048785e+00
2.087099999762968445e+10 -1.389224256745646979e-01 2.059343924632758949e+00
2.087099999757607269e+10 -2.050094410914855558e-01 2.363795840477991739e+00
2.087099999760070419e+10 -3.067561829117816941e-01 2.662080265291294712e+00
2.087099999780398941e+10 -2.313788843089946146e-01 2.432023239702675088e+00
2.087099999773708725e+10 -1.046081768461162020e-01 2.713778756286053362e+00
2.087099999756915283e+10 -1.933670408032410748e-01 2.461087404853674609e+00
2.087099999760219193e+10 -5.030559457395494816e-01 2.515253270213481329e+00
2.087099999770900726e+10 -2.755398071982131381e-01 2.323525933215973449e+00
2.087099999764978409e+10 -4.233226955939617397e-01 2.596628995766182335e+00
2.087099999761071014e+10 -3.856631849969676673e-01 2.285200408676498540e+00
2.087099999752361679e+10 -6.396384566677373318e-01 2.452064550152489808e+00
2.087099999739243698e+10 -9.223495459233883587e-01 2.504968729859515797e+00
2.087099999737782288e+10 -1.098162343147089937e+00 2.242654211629196315e+00
2.087099999747436142e+10 -9.002874849478249564e-01 2.469499067276790250e+00
2.087099999741550446e+10 -1.097759063721013728e+00 2.229762385628745402e+00
2.087099999756919479e+10 -1.056657662971151268e+00 2.502934110999162964e+00
2.087099999766260910e+10 -1.356175212784736184e+00 2.464264521011846565e+00
2.087099999740285492e+10 -1.533389449691438866e+00 2.431777817551712406e+00
2.087099999734646606e+10 -1.688280006290201474e+00 2.701521520541624088e+00
2.087099999703309631e+10 -1.663865818730095425e+00 2.735242187413116532e+00
2.087099999703407288e+10 -1.646679935187315591e+00 3.050894453792264649e+00
2.087099999723947144e+10 -1.596251780250085073e+00 2.815945346147577411e+00
2.087099999737449265e+10 -1.723157876319832305e+00 2.559825992397751548e+00
2.087099999727108002e+10 -1.596164049439519284e+00 2.289435941097210492e+00
2.087099999724924088e+10 -1.290483390176911715e+00 2.366992428606308874e+00
2.087099999696810150e+10 -1.237155468429023131e+00 2.232642895850680542e+00
2.087099999675333023e+10 -1.015844727073804243e+00 2.163167606193153514e+00
2.087099999705851746e+10 -9.373350288566543176e-01 2.138092093048084230e+00
2.087099999701727676e+10 -1.146321048371783169e+00 2.371665698045738679e+00
2.087099999685703659e+10 -1.095515708274924060e+00 2.103943757210788856e+00
2.087099999684319305e+10 -1.185164938323020278e+00 2.406770466568053823e+00
2.087099999681431580e+10 -1.059345734310730425e+00 2.695332914468272278e+00
2.087099999654629135e+10 -9.583901074114975494e-01 2.829135607223237869e+00
2.087099999649796295e+10 -8.011263749167969461e-01 2.559200187340077814e+00
2.087099999628274918e+10 -8.156772759633226233e-01 2.328105647060187078e+00
2.087099999614763641e+10 -6.163093939422024103e-01 2.123339011319014702e+00
2.087099999622972870e+10 -6.227030411937771737e-01 2.428548330268133437e+00
2.087099999598096848e+10 -8.172113116263826083e-01 2.443300367444747323e+00
2.087099999596519852e+10 -8.063469228832996771e-01 2.127759613051209087e+00
2.087099999597387695e+10 -8.362245255429452406e-01 1.813173063427903742e+00
2.087099999586680603e+10 -1.131178948299730314e+00 1.851523227347632528e+00
2.087099999586672211e+10 -1.134844285196117797e+00 1.535423212525477421e+00
2.087099999586241913e+10 -1.328899734985400816e+00 1.784936002116469078e+00
2.087099999567873764e+10 -1.154643464444333301e+00 1.974219382617019569e+00
2.087099999554404449e+10 -1.252741003543373921e+00 2.242858346971589256e+00
2.087099999536257935e+10 -1.201302201377225654e+00 1.989171608207734643e+00
2.087099999536962891e+10 -9.787889848913540192e-01 2.213606043432307047e+00
2.087099999561402512e+10 -7.819863217809651657e-01 2.251973149283550857e+00
2.087099999533137894e+10 -8.753769112830982468e-01 2.145568923638051739e+00
2.087099999550579453e+10 -1.139002154649345844e+00 2.141872245824142595e+00
2.087099999541096878e+10 -8.484875638460254166e-01 2.060987478955063956e+00
2.087099999552599716e+10 -1.068484907318408617e+00 1.865277044480218249e+00
2.087099999540079117e+10 -9.418255439208325086e-01 1.604099726190307829e+00
2.087099999535558701e+10 -1.221607759260642467e+00 1.464059673917220472e+00
2.087099999526694107e+10 -1.387777417650269074e+00 1.717953550153298981e+00
2.087099999526638794e+10 -1.411585866624166963e+00 2.033176510240719104e+00
2.087099999517355728e+10 -1.694796188546233040e+00 1.927788142076215516e+00
2.087099999528783417e+10 -1.987414695221803695e+00 1.892463587086489651e+00
2.087099999522278976e+10 -1.916099421526413327e+00 1.591438406630501845e+00
2.087099999502568054e+10 -1.671748980277496521e+00 1.628500761497371663e+00
2.087099999504710770e+10 -1.617267715500865455e+00 1.939153728252647202e+00
2.087099999494424820e+10 -1.471226581433898062e+00 1.678337882697679806e+00
2.087099999515467834e+10 -1.301028217436668744e+00 1.514984692870184890e+00
2.087099999490158844e+10 -1.431485563210470158e+00 1.652315189561844422e+00
2.087099999499858856e+10 -1.374464612044387746e+00 1.947733344478072226e+00
2.087099999479056549e+10 -1.171151842185581105e+00 1.823944667676798970e+00
2.087099999477899551e+10 -1.424110316654145558e+00 1.634707177561859126e+00
2.087099999499586487e+10 -1.639220073407349654e+00 1.553290177567892005e+00
2.087099999480187607e+10 -1.740904837828867846e+00 1.325340684765747401e+00
2.087099999496983719e+10 -1.632113777657617115e+00 1.080623557616793962e+00
2.087099999498224640e+10 -1.794191439423019618e+00 8.094972160073572454e-01
2.087099999485016632e+10 -1.737304175338387768e+00 5.279813501716780211e-01
2.087099999489137650e+10 -1.758658240111361737e+00 8.406764611079438065e-01
2.087099999482684326e+10 -1.503975825885826456e+00 1.016475023175454684e+00
2.087099999489242172e+10 -1.636981564914772536e+00 7.372947388881778696e-01
2.087099999460938644e+10 -1.663459061371346914e+00 5.990063746926107546e-01
2.087099999461169434e+10 -1.462411387451673539e+00 3.550654579762095864e-01
2.087099999460681915e+10 -1.403197286346302031e+00 6.655531206331344318e-01
2.087099999491847992e+10 -1.356899699263994119e+00 6.911707128946789069e-01
2.087099999510814285e+10 -1.335946270121833201e+00 9.432060046159880251e-01
2.087099999513074493e+10 -1.021284274279806725e+00 9.229655570422120592e-01
2.087099999531813812e+10 -8.604526517838002597e-01 7.256088958391038179e-01
2.087099999554683304e+10 -9.878432231956707499e-01 5.484025128938462279e-01
2.087099999581278992e+10 -8.172698513747618243e-01 5.586514806204273542e-01
2.087099999563936234e+10 -1.063402249391251164e+00 6.549531584367218606e-01
2.087099999588412857e+10 -9.023517688413246196e-01 7.736316348926748354e-01
2.087099999583167267e+10 -1.169999015024832278e+00 9.334623297648960705e-01
2.087099999578992844e+10 -1.294379647729188676e+00 1.221072138709099253e+00
2.087099999587689209e+10 -1.340510610154683535e+00 1.521475496129226279e+00
2.087099999588943481e+10 -1.036110743085720820e+00 1.605832067356917303e+00
2.087099999620516205e+10 -1.022078758437822588e+00 1.613088286662192061e+00
2.087099999611136627e+10 -7.215745355293594621e-01 1.641941533602417014e+00
2.087099999611626434e+10 -9.585535825394229104e-01 1.851105569428973086e+00
2.087099999600098801e+10 -1.069874156504697194e+00 2.123596563414629212e+00
2.087099999592866516e+10 -9.169376089283793885e-01 2.390640900890231180e+00
2.087099999580711746e+10 -1.197297106272070533e+00 2.471620131998280900e+00
2.087099999604968643e+10 -1.126947507923935055e+00 2.281506841120580997e+00
2.087099999601665878e+10 -1.107915819672129931e+00 1.967692019671367420e+00
2.087099999605231857e+10 -1.419547707990165719e+00 1.928365963466719402e+00
2.087099999607987595e+10 -1.433225322059354934e+00 2.242986670725765741e+00
2.087099999587691879e+10 -1.639733682291522054e+00 2.116116462596792314e+00
2.087099999606654739e+10 -1.413261782808263645e+00 2.228740333400742735e+00
2.087099999590307999e+10 -1.336709935581204656e+00 1.969219418102641228e+00
2.087099999563753510e+10 -1.219805744295329397e+00 2.094724407028151880e+00
2.087099999549356842e+10 -9.690132750225997071e-01 2.222432488878735679e+00
2.087099999520159531e+10 -9.768792534441848030e-01 2.343355873134148393e+00
2.087099999516528320e+10 -1.171150746094052897e+00 2.096631766548422870e+00
2.087099999519242477e+10 -8.611722989822929719e-01 2.040869226151550642e+00
2.087099999535748291e+10 -1.013365377686910263e+00 1.818325300628510055e+00
2.087099999564084625e+10 -1.136586938761713572e+00 1.885065014009239315e+00
2.087099999561581802e+10 -1.034733592335753682e+00 1.586850204771802275e+00
2.087099999568735504e+10 -1.291135238499845794e+00 1.757359481410014190e+00
2.087099999568373871e+10 -1.268322282795862233e+00 2.072635781844350600e+00
2.087099999596001816e+10 -1.418840218756016736e+00 2.041881148755721576e+00
2.087099999587525177e+10 -1.513246548336026898e+00 1.752338917145201957e+00
2.087099999608504486e+10 -1.279415012472630897e+00 1.717083577768069969e+00
2.087099999615773010e+10 -1.007814347304500258e+00 1.572575111407740200e+00
2.087099999614200592e+10 -7.440104511369158846e-01 1.399102015789736031e+00
2.087099999619132614e+10 -7.605415701438807963e-01 1.710914494098314309e+00
2.087099999618799973e+10 -7.641414077170602948e-01 2.026997769923335913e+00
2.087099999617252731e+10 -4.596098354709691747e-01 2.110387111650865677e+00
2.087099999593366241e+10 -6.665806379473881993e-01 2.116660806271541961e+00
2.087099999581709671e+10 -9.178380322650920853e-01 2.269026329803781383e+00
2.087099999584933853e+10 -9.215049072826009269e-01 2.583477645113788856e+00
2.087099999556550217e+10 -8.202296373881188263e-01 2.488012476946745988e+00
2.087099999574404526e+10 -1.078665147777514211e+00 2.523585909979585207e+00
2.087099999591843796e+10 -8.610721499206530627e-01 2.672492448742395332e+00
2.087099999590508652e+10 -1.088730721964142223e+00 2.453572465108513789e+00
2.087099999592804337e+10 -1.394043661813529233e+00 2.532246986671669031e+00
2.087099999618907166e+10 -1.531565941443240542e+00 2.418740461040485901e+00
2.087099999623544693e+10 -1.810647672077592141e+00 2.277689587891093215e+00
2.087099999642364883e+10 -2.063367723430185041e+00 2.303083118124293005e+00
2.087099999638432693e+10 -2.111584279905921679e+00 1.993144835559947481e+00
2.087099999640694809e+10 -2.173967792652651720e+00 1.684066731399115113e+00
2.087099999639227676e+10 -2.185644888205652503e+00 1.368502136009468462e+00
2.087099999629394913e+10 -1.921785955987458161e+00 1.512178393574820312e+00
2.087099999652343750e+10 -1.917538901641170801e+00 1.294808637412721453e+00
2.087099999648947144e+10 -2.215637842181911843e+00 1.195229547313825691e+00
2.087099999659712219e+10 -2.037934075233402975e+00 1.433484919975634320e+00
2.087099999654450607e+10 -2.062867825611609529e+00 1.744197622666876057e+00
2.087099999680023193e+10 -2.030667256314181213e+00 1.561164875507643934e+00
2.087099999658534622e+10 -2.100641103598431148e+00 1.340120148629517782e+00
2.087099999660655594e+10 -1.974355917282952344e+00 1.629144206635528391e+00
2.087099999679656601e+10 -1.966848886418627762e+00 1.881675405379996224e+00
2.087099999708552933e+10 -2.085876785258340416e+00 1.834070507027126595e+00
2.087099999691159439e+10 -2.187820556040150688e+00 2.077558623682726591e+00
2.087099999695066833e+10 -2.417241771305098208e+00 2.291501771356267092e+00
2.087099999697520065e+10 -2.398690900702013629e+00 1.976880182503165884e+00
2.087099999699979782e+10 -2.185577571438470201e+00 1.744694350592274734e+00
2.087099999701905060e+10 -2.176477525625355902e+00 1.429291083107962157e+00
2.087099999727867508e+10 -2.019062607948928001e+00 1.341265339247015964e+00
2.087099999723929977e+10 -1.707669712762521996e+00 1.303625231979075982e+00
2.087099999694598007e+10 -1.823859953428245584e+00 1.283718403558749221e+00
2.087099999699708557e+10 -1.872945226948931952e+00 9.756413266756962521e-01
2.087099999682879639e+10 -2.078618603611257498e+00 8.044387364052193456e-01
2.087099999678006363e+10 -2.383627747454743151e+00 8.717230219146012704e-01
2.087099999697775650e+10 -2.324934232509508369e+00 1.111317378634878006e+00
2.087099999690013504e+10 -2.573444820121660648e+00 1.290621350173035475e+00
2.087099999672914886e+10 -2.767697155824098587e+00 1.109066175516723263e+00
2.087099999688527298e+10 -2.593331421207937915e+00 8.965692157299409715e-01
2.087099999684160995e+10 -2.564232061534993612e+00 5.848330943248094549e-01
2.087099999692638397e+10 -2.492376811459458441e+00 8.807770475926007814e-01
2.087099999695379257e+10 -2.476819957212934131e+00 5.662305278637334016e-01
2.087099999700083542e+10 -2.213704199195460021e+00 3.974419060045518703e-01
2.087099999694033813e+10 -2.205539033320291775e+00 7.076131593825502053e-01
2.087099999688853073e+10 -1.909209734212758747e+00 6.104658119017614126e-01
2.087099999687426376e+10 -1.887979580227495457e+00 9.255506220853916277e-01
2.087099999661986923e+10 -1.928656040783100822e+00 1.108747076792770514e+00
2.087099999641378403e+10 -1.844887102434698001e+00 8.841477980890062316e-01
2.087099999620917892e+10 -1.603959279688427886e+00 8.792830712499517531e-01
2.087099999595275497e+10 -1.526887291055091689e+00 7.112398735556565432e-01
2.087099999598276520e+10 -1.642464672398029180e+00 1.003940993180382879e+00
2.087099999608419418e+10 -1.653477905090536604e+00 1.303146119948873416e+00
2.087099999618800354e+10 -1.649065208395950055e+00 1.004587960686360582e+00
2.087099999612006760e+10 -1.646756760014871368e+00 1.313314417138480072e+00
2.087099999580633926e+10 -1.651838244570341674e+00 1.274837606824041014e+00
2.087099999601387787e+10 -1.872812752878351139e+00 1.364447712679187186e+00
2.087099999606584167e+10 -1.902410897724473804e+00 1.054034221769269308e+00
2.087099999615436935e+10 -1.599029014800727122e+00 1.061462062622585023e+00
2.087099999603900909e+10 -1.647589908831185390e+00 7.711753650694979090e-01
2.087099999603387833e+10 -1.472664126833635345e+00 5.079125892203788517e-01
2.087099999591837692e+10 -1.762375834547003750e+00 5.594812695938659042e-01
2.087099999597428894e+10 -1.947699188372215673e+00 8.094051189546197511e-01
2.087099999592997360e+10 -1.805238778174472536e+00 1.088105192002976063e+00
2.087099999590828705e+10 -1.973527841148097206e+00 1.354828109132947267e+00
2.087099999603110123e+10 -1.837161816448951379e+00 1.097429453090201346e+00
2.087099999572588730e+10 -1.895787754161592842e+00 1.155225558781765471e+00
2.087099999589139175e+10 -2.059299430018126653e+00 9.412051511954309113e-01
2.087099999561887741e+10 -2.092361323746531276e+00 1.097972048193912364e+00
2.087099999590859604e+10 -2.024155148614041444e+00 9.914636708376178831e-01
2.087099999592687607e+10 -1.993782458385215728e+00 1.305591108864619487e+00
2.087099999590019989e+10 -2.221406352871306389e+00 1.087856318457543825e+00
2.087099999571666718e+10 -2.049828286989352044e+00 1.279713532189979297e+00
2.087099999573311996e+10 -2.350923222920795919e+00 1.374601731450221020e+00
2.087099999582354736e+10 -2.460565062075461107e+00 1.656974702173277914e+00
2.087099999568925095e+10 -2.175632606027045668e+00 1.630322456533874309e+00
2.087099999562876511e+10 -1.895163899625359027e+00 1.497614680088614314e+00
2.087099999584244537e+10 -2.000900818597863839e+00 1.705203296536561108e+00
2.087099999586865234e+10 -1.931871045141500431e+00 2.012580499769392794e+00
2.087099999610015106e+10 -1.882409865850569464e+00 1.803068913698613329e+00
2.087099999613026428e+10 -1.600049606039131822e+00 1.941987922104160935e+00
2.087099999643212509e+10 -1.511916937881773837e+00 1.974325996345778655e+00
2.087099999634112167e+10 -1.800875410674668942e+00 2.064625868034168032e+00
2.087099999625244522e+10 -2.102019514886143803e+00 2.101792444465573784e+00
2.087099999613469315e+10 -2.112330276481416469e+00 2.394982803819265538e+00
2.087099999593995667e+10 -2.023437642040911477e+00 2.627596195107032351e+00
2.087099999625337219e+10 -1.983740688497183768e+00 2.638839007826081051e+00
2.087099999607117844e+10 -2.161358772811915685e+00 2.451248161910133394e+00
2.087099999609599304e+10 -2.225940613667908963e+00 2.759705787807047006e+00
2.087099999595002747e+10 -2.014497860813270425e+00 2.575535742384502669e+00
2.087099999601419830e+10 -1.715490391792549918e+00 2.655594086020254707e+00
2.087099999620376205e+10 -1.472461520691460413e+00 2.585338392563511611e+00
2.087099999606227112e+10 -1.749474150701945341e+00 2.641703867298256458e+00
2.087099999596572876e+10 -1.892599887859976127e+00 2.906519527899332989e+00
2.087099999607651138e+10 -1.608313608634798886e+00 2.989232136034901899e+00
2.087099999585698318e+10 -1.798651766515791728e+00 3.113777780624090941e+00
2.087099999572090912e+10 -2.081307908241789573e+00 3.152792945000667313e+00
2.087099999583764267e+10 -2.335023368822781720e+00 3.004691688216515111e+00
2.087099999572201538e+10 -2.098352433333670941e+00 3.179476847708947229e+00
2.087099999571513748e+10 -2.305186903534187870e+00 3.418443048757324743e+00
2.087099999579658508e+10 -2.069328560320629951e+00 3.224355181927188507e+00
2.087099999607949829e+10 -1.934379199180890296e+00 3.265368617298972431e+00
2.087099999635013962e+10 -1.794563420772429252e+00 3.180886065721602929e+00
2.087099999605501938e+10 -1.753472708648197154e+00 3.075298595209909003e+00
2.087099999610224152e+10 -1.933471664486040353e+00 3.330843177772193631e+00
2.087099999637696457e+10 -1.823161751280791831e+00 3.219975555155418778e+00
2.087099999623341751e+10 -1.987289114525516043e+00 2.991088409477898669e+00
2.087099999609447479e+10 -1.716052276720595682e+00 2.907075067613194896e+00
2.087099999611824799e+10 -1.407402904393975973e+00 2.971130422341321964e+00
2.087099999606587601e+10 -1.488249014403063120e+00 3.272218153428422482e+00
2.087099999618756866e+10 -1.355342764166657554e+00 3.531948507590858100e+00
2.087099999631267548e+10 -1.282446717159969829e+00 3.250937854796417614e+00
2.087099999644337845e+10 -1.570076413114668945e+00 3.261813370677190349e+00
2.087099999663448715e+10 -1.752604512530786529e+00 3.088338801228317720e+00
2.087099999674258423e+10 -1.932911108984912252e+00 2.852250852506313716e+00
2.087099999689753723e+10 -2.122502900077782861e+00 3.052195194222730112e+00
2.087099999711156082e+10 -1.993857474717968037e+00 3.246042375085404164e+00
2.087099999731173325e+10 -2.230325607531602472e+00 3.183223903230543161e+00
2.087099999746866226e+10 -2.038010015867326441e+00 3.378981906213955888e+00
2.087099999748767090e+10 -2.144452541857733596e+00 3.081927442795687089e+00
2.087099999775542068e+10 -2.242010766018625478e+00 3.218764594196717344e+00
2.087099999780140305e+10 -2.147829958325078170e+00 2.920522726073402353e+00
2.087099999802692795e+10 -1.944026397523325400e+00 2.833712287395383278e+00
2.087099999786272430e+10 -1.751314803555453326e+00 3.023005840858164817e+00
2.087099999811702728e+10 -1.905136387391955344e+00 3.130711985580511669e+00
2.087099999815649796e+10 -1.970234459714980568e+00 2.823894600376442021e+00
2.087099999806465530e+10 -1.933980005035559113e+00 3.124199603753842869e+00
2.087099999791919327e+10 -1.845562182396254247e+00 3.390575449973612265e+00
2.087099999808477020e+10 -1.576288926971502136e+00 3.393494555409286573e+00
2.087099999806100082e+10 -1.550578852222832538e+00 3.079318390028769947e+00
2.087099999782207870e+10 -1.647314862879998953e+00 2.896311070119539810e+00
2.087099999774650955e+10 -1.953884274576731972e+00 2.911709085904116812e+00
2.087099999784465408e+10 -1.894594130714963631e+00 2.617115557162685402e+00
2.087099999808840942e+10 -1.860023743679877439e+00 2.418821906236695352e+00
2.087099999815575790e+10 -1.781775826349286440e+00 2.120034473083310278e+00
2.087099999840922546e+10 -1.782734663561586386e+00 1.931128518623463686e+00
2.087099999835473633e+10 -1.614272511826391199e+00 2.193014458500975206e+00
2.087099999834413910e+10 -1.792751167781840849e+00 1.932312066560672115e+00
2.087099999836947250e+10 -1.702533231691136129e+00 2.234225151847095692e+00
2.087099999824670029e+10 -1.636494337248532105e+00 1.950503061039427166e+00
2.087099999811079407e+10 -1.380621770353991362e+00 2.076959373315980351e+00
2.087099999827027130e+10 -1.594855410240779481e+00 1.907833221129489054e+00
2.087099999828096390e+10 -1.735843150317898376e+00 1.625095270250123569e+00
2.087099999839669418e+10 -1.905516047221827325e+00 1.384783314005869848e+00
2.087099999847378540e+10 -1.744388586503327065e+00 1.123962580416489221e+00
2.087099999850730896e+10 -1.838347235508456912e+00 8.239949409147465653e-01
2.087099999839472580e+10 -2.094126778878452999e+00 6.762294799890252728e-01
2.087099999812458038e+10 -2.255836321558826629e+00 7.045981502380734840e-01
2.087099999807172394e+10 -2.454577850530282213e+00 4.645135950772152356e-01
2.087099999806841278e+10 -2.567629748874506568e+00 7.597101030998187898e-01
2.087099999829015350e+10 -2.535801997188539492e+00 9.827586956626517267e-01
2.087099999822686386e+10 -2.826250384167248164e+00 8.752088416203968047e-01
2.087099999816252136e+10 -2.868938677603983578e+00 5.686627375990686017e-01
2.087099999814882660e+10 -2.863656059089254580e+00 2.528824424391999948e-01
2.087099999816527557e+10 -2.548438477385636780e+00 2.355638988387529220e-01
2.087099999817947006e+10 -2.501437177916017607e+00 -7.672134211823697370e-02
2.087099999790574646e+10 -2.343808846247316335e+00 -8.939406527193442809e-02
2.087099999799646759e+10 -2.303672497739406744e+00 -3.895467730573533016e-01
2.087099999793603516e+10 -2.473326619236219770e+00 -6.493506100736947673e-01
2.087099999808454132e+10 -2.336108141471496147e+00 -4.063503588234065877e-01
2.087099999796972275e+10 -2.041576315731846947e+00 -4.055494589895733970e-01
2.087099999822166443e+10 -1.862104585741725771e+00 -4.707185175186366921e-01
2.087099999841293716e+10 -1.781769288211775493e+00 -2.321944232910577999e-01
2.087099999871445847e+10 -1.718303157498852984e+00 -3.028263816811790909e-01
2.087099999879141235e+10 -2.020170500775827716e+00 -2.490977470405529304e-01
2.087099999891638565e+10 -2.304835481012674769e+00 -3.063703584510941158e-01
2.087099999886984253e+10 -2.506964817745214180e+00 -6.781197514463219167e-02
2.087099999890317917e+10 -2.429426600639807088e+00 -3.724579446960800677e-01
2.087099999865890121e+10 -2.255418804388582998e+00 -4.723700850055949085e-01
2.087099999888790131e+10 -2.457705094586875028e+00 -5.534414833993331895e-01
2.087099999863636017e+10 -2.461649084929302678e+00 -7.448704602445057610e-01
2.087099999859748077e+10 -2.270869031957515105e+00 -9.939166052301496856e-01
2.087099999840015411e+10 -2.279393189228982930e+00 -7.470924634052367175e-01
2.087099999844688416e+10 -2.301795500102310044e+00 -4.352478403992944278e-01
2.087099999831709671e+10 -2.067958334236764895e+00 -6.037938784348624299e-01
2.087099999834299469e+10 -2.063729918712680078e+00 -2.887635658825985496e-01
2.087099999821224213e+10 -2.351530746388039717e+00 -2.913515650031247572e-01
2.087099999820856094e+10 -2.421658824979969538e+00 -5.995741545489253754e-01
2.087099999801345825e+10 -2.231233510113154850e+00 -4.395575703645806520e-01
2.087099999812140274e+10 -1.954870478943634193e+00 -3.304505357224682416e-01
2.087099999813779831e+10 -1.940739974482566854e+00 -1.507102566726442605e-02
2.087099999814695358e+10 -1.943929843971934357e+00 3.009015817032132389e-01
2.087099999799332428e+10 -2.012468396693347650e+00 5.685455305963460493e-01
2.087099999771665573e+10 -1.903205903505827079e+00 6.755469397719305880e-01
2.087099999771005630e+10 -1.877313595369430210e+00 3.605569658019067703e-01
2.087099999750829697e+10 -1.709384083085880190e+00 1.844147049112542236e-01
2.087099999741501236e+10 -1.673881508127039064e+00 -1.155354408222813434e-01
2.087099999768498230e+10 -1.731907529334541396e+00 -2.694273782819577856e-01
2.087099999771180344e+10 -1.431806297569008679e+00 -1.737582938240204711e-01
2.087099999761236191e+10 -1.271928720891898568e+00 -4.276939668304998166e-01
2.087099999764063263e+10 -1.275980174321091010e+00 -1.128653726437765514e-01
2.087099999764611816e+10 -1.275705262543264329e+00 2.032081819202971040e-01
2.087099999781164932e+10 -1.470895327544438969e+00 1.764870312935426511e-02
2.087099999773530579e+10 -1.660592603710844051e+00 2.587279138030725845e-01
2.087099999788450623e+10 -1.569333942361972989e+00 -4.603545311166967746e-03
2.087099999786276627e+10 -1.761938507044297442e+00 2.451234656867781747e-01
2.087099999817569733e+10 -1.804960119613252978e+00 2.326080519680812364e-01
2.087099999786827850e+10 -1.731373667598698818e+00 2.293775054043949713e-01
2.087099999783739090e+10 -1.432774301452346188e+00 3.284580374573502493e-01
2.087099999789023209e+10 -1.242099968003798294e+00 8.191440602734767484e-02
2.087099999770106888e+10 -1.164145736457371072e+00 -1.590689437074034041e-01
2.087099999756693649e+10 -8.779944015812206626e-01 -1.514260160417344736e-01
2.087099999780173874e+10 -1.016053426637307133e+00 9.014465458018788846e-03
2.087099999778305817e+10 -8.214826062814847285e-01 2.574614175261620286e-01
2.087099999789748001e+10 -5.861144425870369323e-01 8.014131231040436121e-02
2.087099999771553421e+10 -3.627305231609224134e-01 -4.996660473213185294e-02
2.087099999761977005e+10 -2.144158975715900473e-01 -3.121965748927869599e-01
2.087099999757378006e+10 -4.535612155471561158e-01 -5.137586183280931085e-01
2.087099999773676300e+10 -3.710470448170868352e-01 -2.557654930739030053e-01
2.087099999743897247e+10 -2.659222797509921965e-01 -2.415734500601469936e-01
2.087099999770165253e+10 -1.185723872865675488e-01 -1.455529639390439889e-01
2.087099999771581650e+10 -4.308211364981292535e-01 -1.928051988257374894e-01
2.087099999773840332e+10 -4.179201489632083932e-01 1.222442241032374866e-01
2.087099999771800232e+10 -3.137491595403727462e-01 4.200106378451009537e-01
2.087099999785378265e+10 -1.527009993527986831e-01 1.842995021098065844e-01
2.087099999790864944e+10 -1.992891083199115898e-01 -1.235183476093155985e-01
2.087099999798668671e+10 -9.779352506583945115e-02 1.655176020936082459e-01
2.087099999789400864e+10 -4.766422879851322375e-02 4.635615656391341988e-01
2.087099999804384995e+10 -2.720504122748091391e-01 6.282757060028709706e-01
2.087099999795707321e+10 -3.248276318060179246e-01 3.289143112377674871e-01
2.087099999795711517e+10 -4.789325053096370466e-01 5.289918934292936470e-02
2.087099999785072327e+10 -3.763754692280609215e-01 -2.265558148369396507e-01
2.087099999767552185e+10 -5.613053366460681870e-01 -3.937291996637690139e-02
2.087099999765321350e+10 -5.290183100361991464e-01 -3.530489148265348875e-01
2.087099999776454926e+10 -6.829049508006921343e-01 -1.003512908192246700e-01
2.087099999806712341e+10 -6.577417830349888694e-01 -1.232773865028369276e-02
2.087099999812134552e+10 -3.848907030182806555e-01 1.378214724722330586e-01
2.087099999817101288e+10 -3.577563850851901428e-01 -1.731925468555523262e-01
2.087099999811074066e+10 -2.895269534673693412e-01 -4.759210278823738927e-01
2.087099999806177139e+10 -3.194893816774504458e-01 -7.867858956821200955e-01
2.087099999806241989e+10 -4.897867676943817306e-01 -1.053114714456611090e+00
2.087099999806466675e+10 -4.574711002727834264e-01 -1.367571879701977133e+00
2.087099999812832260e+10 -1.799438272040811415e-01 -1.230243196142884576e+00
2.087099999823085022e+10 8.565235761324929697e-02 -1.092840479779727758e+00
2.087099999801302338e+10 3.047677580163090649e-01 -1.159713843157580193e+00
2.087099999780457687e+10 9.363533795873399401e-02 -1.050598447893425824e+00
2.087099999781194305e+10 7.522527761994871054e-02 -1.366097197519765549e+00
2.087099999770021439e+10 2.695854368594025052e-01 -1.143221022114248697e+00
2.087099999769458389e+10 2.181422877957113760e-01 -1.455077638896040693e+00
2.087099999781716537e+10 4.246838958860359448e-01 -1.660617650258420230e+00
2.087099999772249603e+10 3.490089187134935433e-01 -1.952583247051002946e+00
2.087099999781473923e+10 4.962460965030506266e-01 -1.688489846319704668e+00
2.087099999764125824e+10 3.218783715374180510e-01 -1.489911505936276859e+00
2.087099999763159180e+10 3.690793706295384946e-01 -1.177483512457470294e+00
2.087099999767318726e+10 5.377497599092277980e-01 -1.441591101026716393e+00
2.087099999765501022e+10 5.269506750135187767e-01 -1.126177649148352611e+00
2.087099999766259766e+10 5.373294793743227382e-01 -8.103179009628312945e-01
2.087099999767298508e+10 5.660478157753298101e-01 -4.956752356908551427e-01
2.087099999737913513e+10 4.977060763426723322e-01 -5.900949555811840774e-01
2.087099999714088440e+10 5.140949055984266325e-01 -7.972209878194633781e-01
2.087099999743476486e+10 5.442012429093839865e-01 -9.097373250321435512e-01
2.087099999738080215e+10 5.321257017253114840e-01 -5.984900001326054486e-01
2.087099999717214203e+10 6.491100277705514898e-01 -3.918289890334484271e-01
2.087099999744826889e+10 4.961311998195309103e-01 -3.749627923363423321e-01
2.087099999747388840e+10 4.217541679927019893e-01 -6.811399446128705293e-01
2.087099999745914841e+10 1.725541647166290438e-01 -4.871948116882292568e-01
2.087099999714400482e+10 1.484516457377942356e-01 -4.812377864127001525e-01
2.087099999721703339e+10 3.247998823312565619e-01 -7.332316746847153954e-01
2.087099999743761444e+10 1.167668088680017258e-01 -8.226672739181171146e-01
2.087099999734187698e+10 1.102667521727427186e-01 -5.214617306041605671e-01
2.087099999725443268e+10 1.445601292856704689e-01 -2.196171188929922913e-01
2.087099999723079300e+10 1.137054874253625031e-01 -5.333397530717458590e-01
2.087099999712576675e+10 2.801029376787081415e-02 -2.477553997124824492e-01
2.087099999722602844e+10 8.727856964375581977e-03 5.142447992228393883e-02
2.087099999728501892e+10 2.330698881158496660e-02 3.616508304696374188e-01
2.087099999726752472e+10 1.247603233586069421e-01 6.605384582625937195e-01
2.087099999728813553e+10 -1.842565798909526764e-01 5.971636161750033533e-01
2.087099999741150665e+10 -3.204967373415773535e-03 8.250502878899853565e-01
2.087099999758892441e+10 2.147153192297395485e-01 9.698479038773819561e-01
2.087099999754637146e+10 4.171426448276142618e-01 1.208898254287269713e+00
2.087099999749274063e+10 2.930801624274778083e-01 9.231272104551315749e-01
2.087099999743804932e+10 1.968374897903357734e-03 1.033560957049759699e+00
2.087099999753379440e+10 4.238984722484659406e-02 7.350119752257582295e-01
2.087099999748564529e+10 -2.420126543858192314e-01 8.643549178543472600e-01
2.087099999725691223e+10 -2.563484023611140028e-02 8.361631869217502899e-01
2.087099999729460526e+10 2.874798275656382796e-01 8.578698371245579990e-01
2.087099999715268707e+10 3.270124303624040718e-01 5.781754071515455840e-01
2.087099999718692017e+10 5.320303693895455099e-01 8.163527579703064863e-01
2.087099999744141006e+10 3.625677850522898704e-01 8.966631802373387083e-01
2.087099999760858154e+10 3.002267514302767726e-01 6.357045359333984846e-01
2.087099999782966995e+10 4.037179850471576126e-01 4.348489628448350963e-01
2.087099999787945175e+10 4.115363245080553845e-01 1.227701435006467445e-01
2.087099999792747116e+10 5.788147609342184641e-01 -1.411328902094631799e-01
2.087099999818647003e+10 3.981026177833477675e-01 -1.271277690197565868e-01
2.087099999811397552e+10 4.164572627070256550e-01 1.800205921849195589e-01
2.087099999806169510e+10 4.154278447058013524e-01 -1.317456364374414157e-01
2.087099999792038345e+10 3.009197119047801183e-01 1.268109825012680991e-01
2.087099999794696045e+10 2.544664499001484392e-01 -1.847472079376603626e-01
2.087099999781441116e+10 9.066979861894258752e-02 -4.204031936352073950e-01
2.087099999776217651e+10 1.867465839282930473e-01 -1.237999408313008587e-01
2.087099999774016190e+10 1.117085162718758490e-01 -4.300960351307946961e-01
2.087099999770299530e+10 -2.019545751492484165e-01 -4.430150228043121530e-01
2.087099999773025131e+10 -2.172743992901658427e-01 -1.284437984445723213e-01
2.087099999758790970e+10 -4.774178594963858768e-01 -2.379726461462163267e-01
2.087099999765405273e+10 -4.369025201550904569e-01 -5.444304179695604873e-01
2.087099999765815353e+10 -1.325416009094180780e-01 -6.297549301498477359e-01
2.087099999760113525e+10 1.435316726230103090e-01 -7.728112112054675853e-01
2.087099999756079483e+10 9.495194157638769950e-02 -1.082561657447589809e+00
2.087099999776025009e+10 2.593931940947977743e-01 -9.006038052182129272e-01
2.087099999755671692e+10 1.323185982126806326e-01 -1.106418127101548077e+00
2.087099999775650024e+10 3.771749210953572740e-01 -1.098354005461403160e+00
2.087099999762842941e+10 3.152301543915957405e-01 -8.160542207849386109e-01
2.087099999767327499e+10 2.577602701053122169e-02 -9.349570626302178278e-01
2.087099999754145050e+10 2.062037937200725257e-01 -7.113481902793747924e-01
2.087099999784887314e+10 2.469047288030080667e-01 -7.727291859738968371e-01
2.087099999786960983e+10 1.604590167857483096e-01 -1.076093336289555724e+00
2.087099999788758469e+10 2.284246624800949643e-01 -7.678884671677139728e-01
2.087099999814815521e+10 2.602065172563644557e-01 -9.440298276876711858e-01
2.087099999790208054e+10 1.750211725006243224e-01 -7.647991570528021033e-01
2.087099999803957367e+10 2.491842898464323719e-01 -1.039622716196036301e+00
2.087099999785310745e+10 9.170438480438777851e-02 -1.240526909339286998e+00
2.087099999793760681e+10 2.295074099432602710e-01 -9.688604666120390618e-01
2.087099999769013596e+10 8.959057371109660495e-02 -8.306098515299098484e-01
2.087099999757103729e+10 2.597320161024099239e-01 -5.922815751333804224e-01
2.087099999780441666e+10 2.461512413914472008e-01 -8.050790292138526594e-01
2.087099999755648041e+10 8.782253559968219991e-02 -6.893575986946335332e-01
2.087099999777185059e+10 -1.405920537767454404e-01 -7.264308590989198011e-01
2.087099999764439011e+10 6.332510710988295544e-02 -9.316235746205336898e-01
2.087099999736763763e+10 1.332442811421942208e-01 -7.957872949856814593e-01
2.087099999733967590e+10 9.273702167038880284e-02 -4.835213211867179228e-01
2.087099999741857529e+10 -1.924968901448334546e-02 -1.986241507621964164e-01
2.087099999733518982e+10 2.855258718746996882e-01 -2.081842122958645069e-01
2.087099999743482590e+10 5.152820657501797630e-01 -1.526566041956453623e-02
2.087099999749150848e+10 6.430578829749492575e-01 -2.988021985457662844e-01
2.087099999750910187e+10 9.168139404872148734e-01 -4.559031719713448338e-01
2.087099999758945847e+10 6.721879992342759680e-01 -6.392972559879435135e-01
2.087099999772002792e+10 9.523236414691960139e-01 -7.056887030184666454e-01
2.087099999783707809e+10 1.176022722276256705e+00 -5.154496948268191270e-01
2.087099999780665588e+10 1.110723477215735944e+00 -2.076459919858051340e-01
2.087099999787985229e+10 1.093313849134109228e+00 -5.146828667461731399e-01
2.087099999763026810e+10 9.012751380536792034e-01 -5.422938284228641104e-01
2.087099999776686478e+10 1.159630879144582849e+00 -4.217701089643955403e-01
2.087099999766777039e+10 1.159169129754863192e+00 -1.215821884963049770e-01
2.087099999759186554e+10 1.248057153653808315e+00 -4.152999235525677291e-01
2.087099999741196442e+10 1.032126411796663756e+00 -5.600143944019688735e-01
2.087099999735681915e+10 9.036256415557922805e-01 -2.765022033044446381e-01
2.087099999722948837e+10 6.167431696986762635e-01 -2.388521582614550332e-01
2.087099999732707596e+10 9.162118095761713210e-01 -2.118727216153411530e-01
2.087099999728866959e+10 7.781683750423641355e-01 -4.936556494164584530e-01
2.087099999704943466e+10 9.656962232439086913e-01 -5.804447004861142956e-01
2.087099999706483078e+10 1.275432368151476092e+00 -5.191329519770873091e-01
2.087099999689738846e+10 1.510399315616524740e+00 -3.899594406031134941e-01
2.087099999687071991e+10 1.206641933151942681e+00 -3.065755025836167658e-01
2.087099999700699615e+10 1.481900049595628266e+00 -3.813739155214923571e-01
2.087099999726827240e+10 1.658673185082265578e+00 -4.018434088296482520e-01
2.087099999734791183e+10 1.695275739329705100e+00 -9.811543322702170888e-02
2.087099999752028275e+10 1.436062403636964913e+00 -1.531580888757385350e-01
2.087099999723854828e+10 1.527476909093194557e+00 -4.269777923468022485e-02
2.087099999742015457e+10 1.309446475712116031e+00 9.663911834635292852e-02
2.087099999736978149e+10 1.310676275715894734e+00 4.087188482735502060e-01
2.087099999733344269e+10 1.055598137460263874e+00 2.255597674017358889e-01
2.087099999733430099e+10 1.054639294430401941e+00 -9.055889162290609029e-02
2.087099999762146759e+10 1.020990706999553188e+00 3.725468262009901110e-02
2.087099999742961884e+10 1.066591684308872079e+00 2.843316087219599497e-01
2.087099999721442413e+10 1.297642820925412721e+00 2.688702650176215680e-01
2.087099999703120041e+10 1.384380861382475070e+00 5.114362012911194411e-01
2.087099999686711502e+10 1.345643908359094088e+00 2.440264029941885959e-01
2.087099999697677612e+10 1.300081267556397302e+00 -4.894254011086657252e-02
2.087099999728729248e+10 1.241413144685916459e+00 -4.055976351194411772e-02
2.087099999732769012e+10 9.974182831782349989e-01 -2.374538170781617941e-01
2.087099999728074265e+10 1.063378526044642447e+00 6.812392025525473849e-02
2.087099999717056274e+10 9.314655810199481412e-01 -1.971912415658329254e-01
2.087099999721860123e+10 7.184590271490153279e-01 -4.257806093807929848e-01
2.087099999714605331e+10 9.190849340344072749e-01 -6.590588832045786161e-01
2.087099999716321564e+10 9.031104737279717076e-01 -3.438083542696007133e-01
2.087099999684873581e+10 9.023382657175698096e-01 -3.759808349004675754e-01
2.087099999668381882e+10 6.364509862644811555e-01 -3.308236068263387675e-01
2.087099999665053558e+10 6.307488914825366555e-01 -1.651116512945338677e-02
2.087099999668150711e+10 4.690721851195072123e-01 -2.863888774637837198e-01
2.087099999675720596e+10 7.440073688554235121e-01 -4.228177454944138658e-01
2.087099999680356216e+10 8.263822874684606523e-01 -1.211584933751747029e-01
2.087099999658425903e+10 7.633824468368628491e-01 -3.399503332524402843e-01
2.087099999673421860e+10 9.979502086608409428e-01 -4.896911815133686563e-01
2.087099999694788742e+10 1.047163174973902988e+00 -2.619711501382326890e-01
2.087099999687748718e+10 1.067810048902276598e+00 -5.694612875459093004e-01
2.087099999675071335e+10 8.510390711978954581e-01 -7.614805247141078759e-01
2.087099999666041946e+10 5.836144185406217932e-01 -6.191303885937431417e-01
2.087099999667693710e+10 2.724456874866616474e-01 -5.658961124426362677e-01
2.087099999648629379e+10 2.558854107663348088e-01 -8.175188290524463275e-01
2.087099999664385986e+10 -7.347492571530001015e-03 -7.412701326942623403e-01
2.087099999669226837e+10 2.495770176800302109e-01 -5.635653318663329525e-01
2.087099999672674179e+10 4.244887710946324555e-01 -8.246211302065979964e-01
2.087099999672270584e+10 4.493155167989170695e-01 -5.095020744478817587e-01
2.087099999686119843e+10 5.844143711159119903e-01 -2.595008299817289643e-01
2.087099999686647034e+10 5.831887812094623813e-01 5.657411603943524048e-02
2.087099999717893600e+10 5.385573846015354604e-01 7.409367630663600546e-02
2.087099999732809448e+10 7.136995674254308364e-01 2.909105862892774619e-01
2.087099999713244247e+10 6.550522073354388963e-01 4.963619687182180273e-02
2.087099999690950775e+10 4.875374608533102894e-01 -9.926371219788732159e-02
2.087099999683401489e+10 4.649978290194557440e-01 -4.054102366237263277e-01
2.087099999685707855e+10 4.459750544483875867e-01 -9.070591509129344310e-02
2.087099999666636658e+10 4.424464196023245033e-01 1.613848403489867578e-01
2.087099999665887070e+10 5.910792086754868002e-01 -1.175143638293632553e-01
2.087099999667159653e+10 6.446592121165540812e-01 -4.288018155536098552e-01
2.087099999687925339e+10 8.827096207565744423e-01 -4.167983901706979188e-01
2.087099999679363251e+10 8.856323175188034469e-01 -1.125071955550493996e-01
2.087099999689861679e+10 5.960848201409998381e-01 -4.127953883444848704e-02
2.087099999685469818e+10 4.981319533166518876e-01 -3.386162024766578016e-01
2.087099999682038879e+10 3.671260157945817060e-01 -5.297138188583222496e-02
2.087099999690008926e+10 2.097599475119787671e-01 2.093580229324438213e-01
2.087099999687227631e+10 3.410563064319729887e-02 -5.199353670296730234e-02
2.087099999687098312e+10 -1.297881844944985541e-02 -3.645859881463157648e-01
2.087099999695767212e+10 1.873046761290352857e-01 -5.932869951687604892e-01
2.087099999692471695e+10 1.452091463361234458e-01 -9.048551314878614527e-01
2.087099999719125748e+10 1.254098984185912091e-01 -1.073662813590198883e+00
2.087099999738243866e+10 -8.217201132313120548e-02 -1.216114421181586192e+00
2.087099999712409210e+10 -2.238428798543632692e-01 -1.101577318059832944e+00
2.087099999740214157e+10 -1.716350304801536331e-01 -9.605248153293679536e-01
2.087099999756953430e+10 -7.740139262924292107e-02 -7.094614304185586917e-01
2.087099999781925964e+10 -3.581533464736454814e-02 -5.201476072825690355e-01
2.087099999777436829e+10 -1.434434603807481501e-01 -2.263217040644615596e-01
2.087099999783736420e+10 -2.892954469243383397e-02 -5.141600843827189848e-01
2.087099999777755737e+10 2.251976218494558257e-01 -6.924164420811204090e-01
2.087099999798203659e+10 1.557903952670589010e-01 -4.615392965740217068e-01
2.087099999810004807e+10 3.042573942774039475e-01 -7.144497003499322707e-01
2.087099999831794357e+10 3.890707380570536111e-01 -5.017025730509513393e-01
2.087099999829301453e+10 3.947880629219999160e-01 -8.167875883233123302e-01
2.087099999857891464e+10 4.304358881449199536e-01 -6.866952705137947532e-01
2.087099999874044800e+10 1.590152061324935917e-01 -6.997514469864866138e-01
2.087099999865406799e+10 6.677883402391467105e-02 -4.099868176680370735e-01
2.087099999841043091e+10 1.645183206419442989e-01 -2.338625215227110310e-01
2.087099999850362396e+10 3.848483872231847069e-01 -2.721662109069991620e-02
2.087099999824963760e+10 5.155893488972996819e-01 1.081721955152536996e-01
2.087099999835203934e+10 7.686147763241373276e-01 2.676239840570897588e-01
2.087099999837099075e+10 8.018347619050236741e-01 -4.617525398880806264e-02
2.087099999830802917e+10 6.040804728096261789e-01 1.922818160880075955e-01
2.087099999836498260e+10 7.632018921039739334e-01 4.594320846641998801e-01
2.087099999860502625e+10 8.084057054672748599e-01 2.587621503957124869e-01
2.087099999859590149e+10 7.126594857965590224e-01 -4.237247817979550302e-02
2.087099999875413513e+10 9.789019960150288080e-01 -1.056903896001140791e-01
2.087099999871954346e+10 1.248328880241651229e+00 -2.673851866450532300e-01
2.087099999872526932e+10 1.487343013367983247e+00 -4.741993515761301903e-01
2.087099999886845398e+10 1.444148570436156076e+00 -1.956942844627937439e-01
2.087099999866365814e+10 1.674069901843976638e+00 -1.240871033405849394e-01
2.087099999874973679e+10 1.946306978438825608e+00 -2.597704656387916367e-01
2.087099999866548538e+10 2.166903980411387209e+00 -4.699402776234494761e-01
2.087099999868006134e+10 2.227795753965690295e+00 -1.600815838118780365e-01
2.087099999864447784e+10 2.207348566402895784e+00 1.533644335046124296e-01
2.087099999871991730e+10 2.205639305808544837e+00 4.603474620025203579e-01
2.087099999848301315e+10 2.342913555807964343e+00 6.183496379599854320e-01
2.087099999851362228e+10 2.642436580313831662e+00 7.146912468663012552e-01
2.087099999874882126e+10 2.686938038672135320e+00 5.082101489341755984e-01
2.087099999847406006e+10 2.627997898544806699e+00 3.634179978808613209e-01
2.087099999844363785e+10 2.344396259073765698e+00 4.997168177520514010e-01
2.087099999820246506e+10 2.548509737213564552e+00 5.100186759704123940e-01
2.087099999811636353e+10 2.642429837966875805e+00 2.207118696673410208e-01
2.087099999795761490e+10 2.912419454314762124e+00 2.635734069124633927e-01
2.087099999792670059e+10 2.604755083311715236e+00 1.978500030415861199e-01
2.087099999784399414e+10 2.573856729985153802e+00 5.013919200840183388e-01
2.087099999759997559e+10 2.402357720007222586e+00 3.966252264706889297e-01
2.087099999756951141e+10 2.200063848911866238e+00 1.556235140297282105e-01
2.087099999784854126e+10 2.295200094564382010e+00 4.150089698324742338e-02
2.087099999810975647e+10 2.473026189033484368e+00 5.031989532517993496e-02
2.087099999822821426e+10 2.556424730069895901e+00 3.312919548274905202e-01
2.087099999846698380e+10 2.560143094934337782e+00 1.241491951931438242e-01
2.087099999824615479e+10 2.711250888645556412e+00 2.924769599915310048e-01
2.087099999825730515e+10 2.726820463369027170e+00 6.080176003229088577e-01
2.087099999818275070e+10 2.998918716666123974e+00 4.654109050964407301e-01
2.087099999833625412e+10 2.822562703116748839e+00 6.781739211326329730e-01
2.087099999829539871e+10 2.758291833661440151e+00 9.849844613412253036e-01
2.087099999847618866e+10 2.543864673083479300e+00 8.391485056551187816e-01
2.087099999865063477e+10 2.360262235351504145e+00 1.028334648436500132e+00
2.087099999868782425e+10 2.141448120505345720e+00 8.032344647880310662e-01
2.087099999894487381e+10 2.216890806762378485e+00 9.710646119686778821e-01
2.087099999922868729e+10 2.279453136220574994e+00 1.095432819975113325e+00
2.087099999934872055e+10 1.996600515733630621e+00 1.169722235541567956e+00
2.087099999915841675e+10 2.129990025525803077e+00 9.554231568391413632e-01
2.087099999915493393e+10 2.260991209088026643e+00 6.677441380521724756e-01
2.087099999924765015e+10 2.430894215877112963e+00 9.176825191150063121e-01
2.087099999945343018e+10 2.636051453938750733e+00 7.931930944766363289e-01
2.087099999976179123e+10 2.704762510387300090e+00 8.043353513801764221e-01
2.087099999964489746e+10 2.423541916241072514e+00 7.195819609144968876e-01
2.087099999984700012e+10 2.366319495970226949e+00 9.558283675993539674e-01
2.087099999955630875e+10 2.383348456735407961e+00 1.078878687041204154e+00
2.087099999962620544e+10 2.338737391418040712e+00 1.383931062894118824e+00
2.087099999989439774e+10 2.362493131529187274e+00 1.218274808259757647e+00
2.087100000000492859e+10 2.350919178346391636e+00 9.223326445032034027e-01
2.087099999998535156e+10 2.499541034911799464e+00 1.200650641942934360e+00
2.087100000001600647e+10 2.506263962332457851e+00 1.515210209023387211e+00
2.087100000016884232e+10 2.237761540361737467e+00 1.582143806658793173e+00
