6.957000000000000000e+09 0.000000000000000000e+00 0.000000000000000000e+00
6.956999999867288589e+09 -7.554389772226859090e-02 2.472151399328025023e-01
6.956999999920949936e+09 -3.482770815855230628e-01 3.319003083140109056e-01
6.956999999694532394e+09 -1.684369921158377359e-01 3.031410854425341528e-01
6.956999999453167915e+09 -2.291680670355196181e-01 4.531058835476644564e-01
6.956999999717247009e+09 -2.937924095935972590e-01 3.505362317075159106e-01
6.956999999596503258e+09 -2.397884965316653405e-01 6.092619229979143736e-01
6.956999999749096870e+09 -1.357843622862647814e-02 7.091551870011083558e-01
6.956999999578372002e+09 1.304855686994663422e-01 8.949856159744691286e-01
6.956999999738848686e+09 3.045853032961203244e-01 1.063423011947180363e+00
6.956999999866372108e+09 4.572111320486610397e-01 8.515793853274503666e-01
6.957000000001473427e+09 6.582835201029388905e-01 1.012053709436773197e+00
6.957000000221401215e+09 5.088004283454784504e-01 8.949173104920971067e-01
