6.261300000000000000e+10 0.000000000000000000e+00 0.000000000000000000e+00
6.261299999866477203e+10 5.418785877279141960e-01 -4.642812254215987200e-01
6.261299999826185608e+10 -2.295653610783827681e-01 -1.703048903893190413e+00
6.261299999688163757e+10 3.862440136254049472e-01 -1.791333064648005013e+00
6.261299999590524292e+10 -5.293510184091374526e-01 -1.083977530297875802e+00
6.261299999508177948e+10 -7.128426825121405574e-01 -2.341058839033513195e+00
6.261299999631320190e+10 4.918220287912700162e-02 -1.899556971709552844e+00
6.261299999631115723e+10 3.639191846467462188e-01 -3.380418292876741226e+00
6.261299999620236969e+10 -3.501500416600383803e-01 -4.710938420330483822e+00
6.261299999508757782e+10 2.442522450385743449e-01 -3.876708048845793453e+00
6.261299999430361176e+10 -7.305654206536048578e-01 -4.729431466105678439e+00
6.261299999500067902e+10 -2.057368729344386526e+00 -4.943226919612095926e+00
6.261299999498212433e+10 -2.258618335002884780e+00 -3.442837641361682799e+00
6.261299999501749420e+10 -2.211043529741423708e+00 -4.955616304059924815e+00
6.261299999482250977e+10 -2.227469321447180572e+00 -6.456857456127162997e+00
6.261299999359671021e+10 -3.085710266026552517e+00 -6.686739312418987780e+00
6.261299999461345673e+10 -2.992913742260328025e+00 -7.804604914065015109e+00
6.261299999371862793e+10 -2.739024738484717503e+00 -6.610102347114827026e+00
6.261299999419557953e+10 -4.173256734600386153e+00 -6.523450585510265576e+00
6.261299999472112274e+10 -3.449663954480717720e+00 -7.745018698908385346e+00
6.261299999428152466e+10 -2.077364923551367593e+00 -7.280732834672135390e+00
6.261299999502028656e+10 -1.972337634319593302e+00 -8.598008821857282769e+00
6.261299999470238495e+10 -9.809982427729823096e-01 -7.498827240108326464e+00
6.261299999539224243e+10 -1.095982761142571649e+00 -8.841544051242246738e+00
6.261299999399385834e+10 -6.915060390522262956e-01 -9.257405243786074323e+00
6.261299999460953522e+10 -1.266887806999301702e+00 -1.051513950000651931e+01
6.261299999397567749e+10 -9.126600013559194036e-01 -1.184358261293336412e+01
6.261299999312253571e+10 -1.005586279845021691e+00 -1.309078992529612506e+01
6.261299999366645050e+10 -1.111366558053881404e+00 -1.449968450783804386e+01
6.261299999434167480e+10 -1.939943294650311234e+00 -1.342751667216589517e+01
6.261299999501871490e+10 -7.256444150004555116e-01 -1.282826304797382377e+01
6.261299999467453766e+10 7.150432458020994364e-01 -1.251525373334824209e+01
6.261299999406437683e+10 -5.117477611817096150e-01 -1.187127855978997815e+01
6.261299999450798035e+10 8.620530030011199774e-01 -1.141531339171222648e+01
6.261299999473042297e+10 1.247871135136294107e+00 -9.968358903129166393e+00
6.261299999420127869e+10 1.209020071018212628e+00 -8.550434520546525974e+00
6.261299999409926605e+10 6.769235163031699365e-01 -9.964110628754671239e+00
6.261299999398081970e+10 8.456011800761489283e-01 -1.146395457906654514e+01
6.261299999351812744e+10 6.398391658348545619e-01 -1.003721214728793321e+01
6.261299999374397278e+10 6.977436673463087713e-01 -1.153309167413634917e+01
6.261299999371068573e+10 3.801628293656635904e-01 -1.301297276323774810e+01
6.261299999263156128e+10 1.312979060255008434e+00 -1.250567160764647845e+01
6.261299999395005035e+10 1.966310889993405864e+00 -1.214963563425959236e+01
6.261299999402560425e+10 1.944955426281406163e+00 -1.063773293633644457e+01
6.261299999352049255e+10 2.016905264045265600e+00 -1.206311007660681511e+01
6.261299999298760986e+10 3.394107239818047184e+00 -1.239682533441837897e+01
6.261299999253128815e+10 4.357874152811413992e+00 -1.347150514383575270e+01
6.261299999158369446e+10 3.292626882803790789e+00 -1.296226817002094833e+01
6.261299999088936615e+10 4.237682457902211652e+00 -1.200477580948652445e+01
6.261299998994806671e+10 5.417980718920656358e+00 -1.189137858344806986e+01
6.261299998876563263e+10 4.926749885681631191e+00 -1.269919050891011558e+01
6.261299998784054565e+10 3.754485899300584517e+00 -1.294823481354155170e+01
6.261299998660171509e+10 3.044274179840077199e+00 -1.345113808939467148e+01
6.261299998610491180e+10 2.910971567029061013e+00 -1.202725853054107752e+01
6.261299998590512085e+10 4.331646601460573009e+00 -1.154375016490599926e+01
6.261299998613945007e+10 3.586628249684579828e+00 -1.024681156111604885e+01
6.261299998683325195e+10 3.102718222600811870e+00 -8.991231519406865047e+00
6.261299998532598114e+10 2.980854236910659427e+00 -8.918499090710078292e+00
6.261299998531848907e+10 2.980150965732450974e+00 -1.043242020149653371e+01
6.261299998432569885e+10 1.948235431166811304e+00 -9.940968401824351375e+00
6.261299998552986908e+10 2.606688861452782113e+00 -9.301884812551813653e+00
6.261299998513520813e+10 3.906524035879826329e+00 -9.970229921145719487e+00
6.261299998556710052e+10 4.513343170768498780e+00 -8.652181497487617889e+00
6.261299998693106842e+10 4.262530474511271983e+00 -8.044984081289795697e+00
6.261299998670870209e+10 4.653774700562236966e+00 -9.490492548285091701e+00
6.261299998673136902e+10 4.521987473550804104e+00 -7.982470011914020169e+00
6.261299998723392487e+10 4.095397392442085227e+00 -6.619579995895339408e+00
6.261299998821187592e+10 3.566667374783660804e+00 -5.591927074605804293e+00
6.261299998819881439e+10 4.780607927764842557e+00 -6.496466491933626131e+00
6.261299998942602539e+10 5.645259504023412589e+00 -6.692262569432385177e+00
6.261299999041397858e+10 5.667340428736630464e+00 -5.545320806080474618e+00
6.261299999042944336e+10 5.609971300736498634e+00 -7.058094217097939271e+00
6.261299999069087219e+10 5.845783577469308767e+00 -5.585660438982147369e+00
6.261299998991837311e+10 6.338114909160231569e+00 -6.791009567400037916e+00
6.261299998894497681e+10 6.212525137130463726e+00 -5.638299979738221168e+00
6.261299998924365234e+10 5.471910052459616480e+00 -4.352104880403891762e+00
6.261299998963802338e+10 6.698717439744486413e+00 -5.146730133422803277e+00
6.261299998870810699e+10 7.817024460154235577e+00 -4.726423109480774265e+00
6.261299998893455505e+10 6.361236780636223997e+00 -5.074871156050498655e+00
6.261299998833404541e+10 5.197142042086888125e+00 -4.315736363216280402e+00
6.261299998893661499e+10 6.036682598018813017e+00 -5.422125040317790301e+00
6.261299998922805023e+10 5.525757513461189596e+00 -4.027121875977914378e+00
6.261299999002310181e+10 6.762677174060858221e+00 -4.387585872377285590e+00
6.261299998985653687e+10 5.999745062570593035e+00 -3.090587597650851670e+00
6.261299998928082275e+10 6.363659172235058392e+00 -4.442673630375240101e+00
6.261299999004299164e+10 5.281444215183041635e+00 -5.177471268717891206e+00
6.261299999026440430e+10 6.742983929299688484e+00 -4.850526434059753811e+00
6.261299998994159698e+10 6.914896286155684635e+00 -3.381425582422644460e+00
6.261299999016132355e+10 5.424846574019938750e+00 -3.534676603196328148e+00
6.261299998903991699e+10 5.446290569487231892e+00 -2.517819088490025781e+00
6.261299998922959900e+10 5.312452723218202166e+00 -4.013854062735900285e+00
6.261299998976647186e+10 4.681696883813591725e+00 -5.281106376433299943e+00
6.261299999000263214e+10 5.071896151464799551e+00 -3.837504473302414176e+00
6.261299999024234772e+10 5.454343098767245657e+00 -5.282593811589448407e+00
6.261299999174473572e+10 5.324760249491005126e+00 -5.148270739610826929e+00
6.261299999140953064e+10 5.478946187391903422e+00 -6.616561628531970385e+00
6.261299999149679565e+10 5.276558895306880714e+00 -8.114372513024687095e+00
6.261299999102660370e+10 5.609820273156636006e+00 -6.714419485990683611e+00
6.261299999137814331e+10 5.735194908294095839e+00 -8.181631994476550318e+00
6.261299999142355347e+10 6.465895032854273694e+00 -9.506784570071504348e+00
6.261299999095551300e+10 6.286630422456286560e+00 -1.093535530193871175e+01
6.261299998978318787e+10 6.006819232640824957e+00 -1.185152723811682840e+01
6.261299998965316772e+10 6.157548519796896436e+00 -1.335232337605060771e+01
6.261299998994895935e+10 5.943138500687137338e+00 -1.482152330902335535e+01
6.261299999111948395e+10 6.884779884035132191e+00 -1.463389388135405689e+01
6.261299999087688446e+10 6.725043383129979624e+00 -1.611970840198079813e+01
6.261299999061881256e+10 5.233349751024166885e+00 -1.610355332142818341e+01
6.261299999212834167e+10 5.243151650348858439e+00 -1.598848083567525080e+01
6.261299999304480743e+10 4.782675580565173945e+00 -1.710206601427423934e+01
6.261299999331242371e+10 5.094807472128302095e+00 -1.564502476021435839e+01
6.261299999456088257e+10 5.563130743712936699e+00 -1.636199511195882650e+01
6.261299999434744263e+10 5.405605951593947189e+00 -1.487147742953739105e+01
6.261299999442609406e+10 5.223768285927287813e+00 -1.637239823551379203e+01
6.261299999443119049e+10 5.102593297087046231e+00 -1.486332419093544033e+01
6.261299999422858429e+10 5.233372848859426441e+00 -1.336871348230133449e+01
6.261299999395087433e+10 4.713636376887586188e+00 -1.476326184769809480e+01
6.261299999466561127e+10 5.267033646371627853e+00 -1.354880146405613850e+01
6.261299999470417023e+10 5.316873260370868159e+00 -1.506142938890222105e+01
6.261299999401148224e+10 5.214405714231189926e+00 -1.640370143053858243e+01
6.261299999283410645e+10 6.162265937482090727e+00 -1.631785376790821829e+01
6.261299999162144470e+10 6.754625607487178662e+00 -1.700383488198986370e+01
6.261299999146035767e+10 7.329691867932647931e+00 -1.839500855234408050e+01
6.261299999221470642e+10 6.400241418681383188e+00 -1.932188190646364845e+01
6.261299999223143005e+10 6.363527572773861607e+00 -1.780847973273123230e+01
6.261299999233564758e+10 7.841833081548537088e+00 -1.749902094705571542e+01
6.261299999174431610e+10 8.874583973157250227e+00 -1.656319866439111976e+01
6.261299999233953094e+10 8.085504380606483465e+00 -1.541642602806108719e+01
6.261299999231636047e+10 6.671636779556735064e+00 -1.595721749900787501e+01
6.261299999283853912e+10 6.819615882568410115e+00 -1.737052779135850500e+01
6.261299999221828461e+10 7.309678939702505929e+00 -1.607935042924902191e+01
6.261299999255596924e+10 8.209039063876419462e+00 -1.724945141482970357e+01
6.261299999231950378e+10 8.614131509094187678e+00 -1.581000827577318013e+01
6.261299999259239197e+10 9.605470542202896311e+00 -1.469879650272857496e+01
6.261299999205039978e+10 9.472807445626427736e+00 -1.610615507303382188e+01
6.261299999111174011e+10 9.239762714860860982e+00 -1.494141374683950829e+01
6.261299999169853973e+10 8.848690965030469258e+00 -1.628109423803243061e+01
6.261299999052511597e+10 8.430704302936629091e+00 -1.714154318700158441e+01
6.261299998907727814e+10 7.989788537658427003e+00 -1.717846676272339579e+01
6.261299998861217499e+10 6.878822891335181211e+00 -1.809577271997945047e+01
6.261299998985678101e+10 7.643847686977800926e+00 -1.849290100430703987e+01
6.261299999009381866e+10 8.541874943977935786e+00 -1.729733701958457459e+01
6.261299998955812073e+10 7.836590927669133677e+00 -1.606948695900935320e+01
6.261299998814017487e+10 8.291849497752986409e+00 -1.579714062245110995e+01
6.261299998960365295e+10 7.957303101189013184e+00 -1.560137841245268220e+01
6.261299998878250122e+10 7.511511579795257632e+00 -1.679259435120628297e+01
6.261299998896054840e+10 8.864295982381825922e+00 -1.744855764798558795e+01
6.261299998781587982e+10 9.555015311101023201e+00 -1.815894781953829806e+01
6.261299998637573242e+10 9.629726716454944935e+00 -1.861982743528512074e+01
6.261299998592959595e+10 9.768425121636171937e+00 -1.717978013612922084e+01
6.261299998572431183e+10 1.125988236404232445e+01 -1.733924118311360729e+01
6.261299998485717010e+10 1.162255289187322660e+01 -1.852606596619172308e+01
6.261299998516589355e+10 1.165099471720168900e+01 -1.704421098903751641e+01
6.261299998518522644e+10 1.210260130146146373e+01 -1.559932636832581920e+01
6.261299998558218384e+10 1.104562482401536450e+01 -1.459074387545313911e+01
6.261299998558399200e+10 1.104298977395827919e+01 -1.307680742602215496e+01
6.261299998583057404e+10 1.020785197410658718e+01 -1.183835885784029784e+01
6.261299998535408020e+10 1.142911213128462045e+01 -1.259565021615106417e+01
6.261299998548072052e+10 9.921270998349198678e+00 -1.264455886543600016e+01
6.261299998415512085e+10 9.593496952867351268e+00 -1.329828181424962708e+01
6.261299998458451843e+10 1.008622504370941897e+01 -1.466387767155091382e+01
6.261299998309574127e+10 1.012608595132853750e+01 -1.493586086026569326e+01
6.261299998382073975e+10 1.082939267345746615e+01 -1.380814338532457874e+01
6.261299998305852509e+10 1.011887533747360557e+01 -1.270986746532649825e+01
6.261299998456462860e+10 1.022345727249309455e+01 -1.282272439128266051e+01
6.261299998606855774e+10 1.012561343488781596e+01 -1.267910264433652934e+01
6.261299998748188782e+10 1.062218509125778354e+01 -1.289804664188109484e+01
6.261299998701519012e+10 1.103894358618769367e+01 -1.151945387143836186e+01
6.261299998553346252e+10 1.077100895138651282e+01 -1.167665248358165542e+01
6.261299998697182465e+10 1.031175613102442945e+01 -1.178718462458793148e+01
6.261299998843623352e+10 1.069583337076849006e+01 -1.178527609930722519e+01
6.261299998970230865e+10 9.966699759746733278e+00 -1.218204848261901496e+01
6.261299999020473480e+10 9.459051022449651569e+00 -1.351691628216155294e+01
6.261299998876261902e+10 9.831500744392220881e+00 -1.324562939758865276e+01
6.261299998890032196e+10 1.028100324124938325e+01 -1.180653273086368316e+01
6.261299998889789581e+10 1.029227940072066794e+01 -1.332042862271493711e+01
6.261299998821878052e+10 9.760313915859290645e+00 -1.207631204340179210e+01
6.261299998841157532e+10 9.703257439628460546e+00 -1.057578259815945110e+01
6.261299998826538086e+10 8.508745131767929237e+00 -1.149435811151321829e+01
6.261299998887361145e+10 8.439114433906819812e+00 -1.287899626956889954e+01
6.261299998782344055e+10 7.966523609859259558e+00 -1.189623863057996189e+01
6.261299998915300751e+10 7.882167671842259082e+00 -1.117710803540609454e+01
6.261299998877822113e+10 9.293771741703595879e+00 -1.157575857561001698e+01
6.261299998867896271e+10 8.986618706574031279e+00 -1.009663111770435684e+01
6.261299998803498077e+10 9.643221554941396434e+00 -1.129920262691435440e+01
6.261299998786443329e+10 1.067809240037641771e+01 -1.020742896658345700e+01
6.261299998856221771e+10 1.167755148626067019e+01 -9.309546435650416285e+00
6.261299998851048279e+10 1.162900867235110880e+01 -7.797269592960351048e+00
6.261299998756163025e+10 1.098852915122181351e+01 -6.806574070265049237e+00
6.261299998813231659e+10 1.146917033451241430e+01 -8.123886469996579152e+00
6.261299998784685516e+10 1.126382594501418843e+01 -6.651351593996020384e+00
6.261299998818154907e+10 1.208440254119539681e+01 -7.878808049588775120e+00
6.261299998733383179e+10 1.084072019154897504e+01 -7.715584183179628575e+00
6.261299998832562256e+10 9.920140228084120437e+00 -7.036691428260420267e+00
6.261299998942082214e+10 9.010733065749608528e+00 -7.551987299982729773e+00
6.261299998943369293e+10 9.011894959633565350e+00 -9.065871974843092929e+00
6.261299998981370544e+10 9.508903618965932836e+00 -1.044449027844153477e+01
6.261299998918161774e+10 8.675030419862071795e+00 -1.153862477064726733e+01
6.261299998992147827e+10 9.667782782500879080e+00 -1.066738515201710946e+01
6.261299999099687958e+10 8.785120924591941716e+00 -1.007037089861980839e+01
6.261299999161307526e+10 9.588339685570190341e+00 -8.944690686883760122e+00
6.261299999168685150e+10 9.830521536321631615e+00 -1.043731196908710146e+01
6.261299999268488312e+10 9.194018530547534596e+00 -9.493483919643036728e+00
6.261299999303809357e+10 1.006627901650067258e+01 -1.067940794670377613e+01
6.261299999351674652e+10 1.054256459525618972e+01 -9.324395612329084315e+00
6.261299999471618652e+10 1.139822385437320307e+01 -9.672544053832972111e+00
6.261299999449817657e+10 1.167504037476043699e+01 -8.200178957763178289e+00
6.261299999539939880e+10 1.204313841334825064e+01 -9.359627038661091802e+00
6.261299999566050720e+10 1.235307281609702734e+01 -7.900936736871676302e+00
6.261299999589620972e+10 1.195255492704613509e+01 -9.341784764324536638e+00
6.261299999609000397e+10 1.183219748115976522e+01 -7.845131352147104664e+00
6.261299999495947266e+10 1.277340661397758659e+01 -7.487306340429380036e+00
6.261299999487421417e+10 1.164681791480286854e+01 -8.495047430366058805e+00
6.261299999539756775e+10 1.266213451910433285e+01 -9.488650811135730834e+00
6.261299999515913391e+10 1.351093261639828214e+01 -1.071938406355537410e+01
6.261299999553903961e+10 1.497525272188722312e+01 -1.077812517037378370e+01
6.261299999518279266e+10 1.351256594663798083e+01 -1.061796370424476343e+01
6.261299999519317627e+10 1.349319711761427243e+01 -9.104183380556891692e+00
6.261299999511756134e+10 1.346578421419949656e+01 -7.592381518501175819e+00
6.261299999515104675e+10 1.345940808513232412e+01 -9.105937477008851033e+00
6.261299999568669128e+10 1.223419537963282977e+01 -9.815834241861953302e+00
6.261299999574377441e+10 1.232802014070986729e+01 -8.305883227222441434e+00
6.261299999596220398e+10 1.372115038724698266e+01 -7.754983279052272138e+00
6.261299999447797394e+10 1.395704624658122661e+01 -7.572170833347914076e+00
6.261299999442114258e+10 1.546404745286578120e+01 -7.439010332894768318e+00
6.261299999440787506e+10 1.547974330668568221e+01 -8.952810629499900585e+00
6.261299999400386047e+10 1.551151958461809777e+01 -7.494121274790198406e+00
6.261299999417218781e+10 1.598800969116544302e+01 -6.067013273327257039e+00
6.261299999423859406e+10 1.514022155673199066e+01 -7.319554548203734079e+00
6.261299999568297577e+10 1.488216019685178360e+01 -7.692618888979217751e+00
6.261299999447652435e+10 1.419706530526433319e+01 -8.298537353908406189e+00
6.261299999577864838e+10 1.375609251419905554e+01 -7.664481138726483955e+00
6.261299999682788086e+10 1.364601326674912229e+01 -6.578661227501804376e+00
6.261299999557630157e+10 1.322452090510819644e+01 -7.318870923860606226e+00
6.261299999595324707e+10 1.416897254121823302e+01 -6.197293236807203343e+00
6.261299999717350769e+10 1.328211379397688674e+01 -6.069005711957998095e+00
6.261299999709440613e+10 1.232490783124075762e+01 -4.898743426735050477e+00
6.261299999752414703e+10 1.281541495112699458e+01 -3.532456008275190129e+00
6.261299999893432617e+10 1.311135284308382687e+01 -3.067878695076780904e+00
6.261299999756165314e+10 1.248701090828885185e+01 -3.202000475545274671e+00
6.261299999781504822e+10 1.234460590909342947e+01 -4.687774587863088982e+00
6.261299999781448364e+10 1.346237401615775120e+01 -5.708856341869946505e+00
6.261299999785340881e+10 1.210340118131871989e+01 -5.042754702011593260e+00
6.261299999682562256e+10 1.318774431079621579e+01 -5.287437725364082297e+00
6.261299999735248566e+10 1.193444080607903146e+01 -4.621359522221070826e+00
6.261299999788282013e+10 1.277069845686278704e+01 -5.766535616251322161e+00
6.261299999863050079e+10 1.340241649165006521e+01 -6.921488805877239692e+00
6.261299999805815125e+10 1.385073375715101740e+01 -8.249434954524041075e+00
6.261299999916856384e+10 1.456049780943778771e+01 -7.504290274673914851e+00
6.261299999958609009e+10 1.338115926669468259e+01 -8.356843252241496600e+00
6.261300000055465698e+10 1.405184214162478717e+01 -9.307670837744405290e+00
