6.261300000000000000e+10 0.000000000000000000e+00 0.000000000000000000e+00
6.261299999908855438e+10 -5.912702149972426380e-01 -1.054359319444669429e+00
6.261299999975245667e+10 2.801330234052823442e-01 -9.419597077344521452e-03
6.261299999886463928e+10 4.439542489674157544e-01 1.205881653585110680e+00
6.261299999920388794e+10 3.846672578152090516e-01 2.680129502730007385e+00
6.261299999891188812e+10 -1.094062700286192014e+00 2.538335727787673690e+00
6.261299999991607666e+10 -1.390725001375392456e+00 3.631774863551294530e+00
6.261299999903320312e+10 -2.620567517865782126e+00 3.638212860570979146e+00
6.261299999921920776e+10 -1.917330338016127733e+00 4.965945353861854983e+00
6.261299999959135437e+10 -4.962592742048661520e-01 5.332114650647432619e+00
6.261300000035503387e+10 -1.638372312532734743e+00 5.968027980977675284e+00
