2.087100000000000000e+10 0.000000000000000000e+00 0.000000000000000000e+00
2.087099999978056717e+10 -1.893104815398148899e-01 -1.262677770907310870e-01
2.087099999974516678e+10 -1.222749869671980599e-01 -4.331646710866319250e-01
2.087099999992366409e+10 -3.063860165887731801e-01 -2.483008169545660171e-01
2.087099999966284180e+10 -2.193018620965268006e-01 -9.234671303402863796e-02
2.087099999984502792e+10 -5.343532127895347927e-02 -2.904097749890495184e-01
2.087099999996983337e+10 7.289474227006018103e-02 -2.888219212671222502e-02
2.087099999978263092e+10 -1.725671732627196975e-01 -9.697071762704327635e-02
2.087100000005197525e+10 -3.014394127776073296e-01 6.846940923094652076e-03
2.087100000022356033e+10 -2.798006007973111720e-01 2.714649603940603173e-01
