2.782800000000000000e+10 0.000000000000000000e+00 0.000000000000000000e+00
2.782799999984163666e+10 -2.783623164068881883e-01 -1.213162851641015616e-01
2.782799999989596558e+10 -5.738598182247017787e-01 4.303632608816881921e-02
2.782799999984061050e+10 -6.042503072458247360e-01 -2.935557885829637170e-01
2.782799999969646835e+10 -8.599846024128598998e-01 -4.699236195631335544e-01
2.782799999982960129e+10 -8.975824170433297500e-01 -1.566442069849056096e-01
2.782799999984725571e+10 -1.217189323481800756e+00 -3.489912040568206308e-02
2.782799999983811951e+10 -1.098141207747640902e+00 2.860776743545556666e-01
2.782799999950259399e+10 -1.053744168710721629e+00 2.337946942503398295e-01
2.782799999935124588e+10 -1.081901944801068494e+00 -7.211855570448771902e-02
2.782799999944710922e+10 -7.877095298312641880e-01 7.465673520800061858e-02
2.782799999944978333e+10 -7.930967435812300570e-01 -2.677551357165161017e-01
2.782799999939609146e+10 -9.848195348209458633e-01 -5.463975980288178214e-01
2.782799999969670868e+10 -1.131826413975449253e+00 -6.191940632504455699e-01
2.782799999963691711e+10 -1.025177040076186374e+00 -9.390896129961401329e-01
2.782799999963337326e+10 -1.334904421476978520e+00 -7.930127406644149612e-01
2.782799999984528351e+10 -1.512978359457456179e+00 -9.946692413026894108e-01
2.782800000007871246e+10 -1.551348857960487715e+00 -1.242298959172498884e+00
2.782800000019507217e+10 -1.774807731867003691e+00 -1.474266416607071140e+00
