2.087100000000000000e+10 0.000000000000000000e+00 0.000000000000000000e+00
2.087100000002139664e+10 -7.775286831308511615e-02 -3.056620599725426435e-01
2.087099999976504135e+10 -1.521618517012451322e-01 -4.750061539618053441e-01
2.087099999963709641e+10 -1.521320127435378811e-01 -1.859343861921823327e-01
2.087099999964511108e+10 -1.309331345042138162e-01 1.293734925227824628e-01
2.087099999934897995e+10 -5.540318569078998834e-02 4.854218963949456789e-02
2.087099999942403793e+10 -5.465612915879461409e-02 3.556222994881472754e-01
2.087099999925935745e+10 2.023157937033897846e-01 4.379537129311312782e-01
2.087099999946892166e+10 4.096578913301922586e-01 3.238279237255489162e-01
2.087099999946041489e+10 6.995042164644938998e-01 4.497224501662580032e-01
2.087099999939418793e+10 7.814963813284580008e-01 1.516893013535655088e-01
2.087099999924840546e+10 8.574012443559712038e-01 -1.183445109603181167e-01
2.087099999902027893e+10 1.065358879152810356e+00 -5.018904837787503681e-02
2.087099999873487091e+10 9.911746576581136337e-01 6.369958087904334376e-02
2.087099999873076248e+10 1.004838242045699825e+00 3.794987242068776911e-01
2.087099999856368256e+10 7.916730456385308035e-01 2.164723095015072263e-01
2.087099999843199539e+10 5.090171508091974051e-01 1.645396514766559182e-01
2.087099999850230789e+10 2.171900313202008714e-01 2.636640674589911804e-01
2.087099999843418884e+10 4.328249246012724205e-01 4.845575541078825932e-01
2.087099999838165665e+10 5.052638361831589542e-01 7.877500944460389398e-01
2.087099999831945419e+10 4.955489800695431213e-01 1.097538932025329483e+00
2.087099999836830902e+10 7.357534758883566006e-01 1.297157966318179811e+00
2.087099999828307343e+10 7.705786489917377802e-01 1.599572940289934575e+00
2.087099999820096207e+10 7.916081980069048507e-01 1.295026969654714311e+00
2.087099999793153763e+10 8.075354576102165005e-01 1.459617575411071844e+00
2.087099999777211761e+10 1.032096795024560310e+00 1.304407977983595979e+00
2.087099999767614365e+10 9.380983261299077336e-01 1.590564553425573457e+00
2.087099999768049622e+10 8.260287685556395587e-01 1.886121856491035143e+00
2.087099999768103790e+10 8.300921143860570117e-01 2.202216553025631018e+00
2.087099999744001389e+10 8.462208856107894528e-01 1.998304983229093779e+00
2.087099999747996521e+10 7.802356469494411417e-01 2.304870789656229491e+00
2.087099999762089539e+10 8.298442454442427341e-01 2.026283735814999432e+00
2.087099999738919830e+10 1.022260408340198490e+00 2.122332363021692370e+00
2.087099999763615036e+10 8.559802585640927663e-01 2.016037631087163273e+00
2.087099999758791351e+10 8.796157841630848351e-01 1.704513629474806446e+00
2.087099999728285217e+10 9.206845332663595727e-01 1.776508110350743852e+00
2.087099999706376266e+10 9.038581570239748730e-01 1.549245062822136365e+00
2.087099999737073135e+10 9.789901275987589191e-01 1.556791784235665999e+00
2.087099999741009521e+10 9.375474078493607477e-01 1.867702954127721249e+00
2.087099999714916229e+10 9.516824903300504790e-01 1.689809314965396325e+00
2.087099999708447266e+10 1.192172588869346850e+00 1.884520610129583273e+00
2.087099999727049255e+10 1.046288643645281624e+00 1.674646144870526099e+00
2.087099999721389771e+10 1.203734674356971901e+00 1.942863169915582278e+00
2.087099999703581619e+10 1.103930929808200290e+00 1.701493766192869739e+00
2.087099999709386063e+10 1.390409034504199504e+00 1.821883941056153366e+00
2.087099999715120697e+10 1.595485125254832326e+00 2.055524618943751047e+00
2.087099999729357910e+10 1.370111472355230342e+00 1.885612958194161637e+00
2.087099999723666000e+10 1.676076170229305884e+00 1.941096146089053676e+00
2.087099999723340607e+10 1.690656309347018604e+00 2.256864253591534197e+00
2.087099999735567474e+10 1.400110354279097580e+00 2.233063487216320198e+00
2.087099999729500580e+10 1.182976181120049430e+00 2.011467516329172867e+00
2.087099999705798340e+10 1.372176215847713765e+00 1.922272027004457762e+00
2.087099999685435486e+10 1.594048838019315850e+00 2.018403528646126155e+00
2.087099999714312363e+10 1.479843191635138888e+00 1.959223348280443089e+00
2.087099999691194534e+10 1.512376096085359833e+00 2.172367404317457673e+00
2.087099999715134811e+10 1.452469873828354574e+00 2.369927539090348922e+00
2.087099999717591095e+10 1.243154288409193953e+00 2.605546364787149738e+00
2.087099999722802734e+10 1.247993849061122207e+00 2.917304793929886841e+00
2.087099999727812195e+10 1.230703266572906962e+00 2.605657480746893739e+00
2.087099999723949814e+10 1.312327006629513626e+00 2.302708165433105858e+00
2.087099999697742844e+10 1.462765534566820902e+00 2.209865612750940400e+00
2.087099999724673462e+10 1.620739439274940352e+00 2.160353307666427192e+00
2.087099999714405060e+10 1.366819566004034758e+00 2.002514141676280168e+00
2.087099999718626404e+10 1.062227794361370048e+00 2.075825147869562404e+00
2.087099999741584396e+10 1.102471484141193114e+00 1.862269078431510128e+00
2.087099999758536148e+10 8.617071278252025346e-01 1.977284981709588774e+00
2.087099999738636398e+10 8.588800437918397979e-01 1.731673382663597272e+00
2.087099999738181686e+10 8.613670542864890756e-01 1.415594583922968219e+00
2.087099999741212463e+10 8.404229689700678518e-01 1.101627226324959130e+00
2.087099999732914734e+10 8.127776102261228264e-01 7.978456842388499393e-01
2.087099999745552444e+10 5.380464217899514345e-01 7.057333636718905456e-01
2.087099999773659897e+10 5.206297426858973454e-01 5.621135335701922253e-01
2.087099999803297043e+10 5.488791907364671818e-01 6.684066507757868703e-01
2.087099999807752609e+10 5.261589122452493550e-01 3.562667079727349084e-01
2.087099999803417206e+10 7.029509498284336466e-01 6.147189306482983007e-01
2.087099999822942734e+10 6.495954261618344106e-01 3.719008886163180927e-01
2.087099999824469376e+10 6.049382466966377603e-01 6.844794529012485640e-01
2.087099999797591400e+10 6.375031505370249985e-01 5.212925408934276916e-01
2.087099999801701736e+10 6.183762328388281437e-01 8.341460475113265938e-01
2.087099999796240616e+10 5.725117150155495382e-01 5.261739231712101450e-01
2.087099999788909531e+10 5.499581190116173968e-01 2.194990056848605264e-01
2.087099999790043640e+10 6.411891922937500432e-01 -8.295915605646314583e-02
2.087099999793244934e+10 3.522846656784335284e-01 4.130714631149584593e-02
2.087099999781714630e+10 3.693959834114021734e-01 -2.525384978000786429e-01
2.087099999770260620e+10 5.009193910634106572e-01 1.111807158452315925e-02
2.087099999767754745e+10 3.944152610431077011e-01 -2.854650918862176590e-01
2.087099999782534409e+10 1.661041109557175599e-01 -1.243347202861708189e-01
2.087099999784130096e+10 -2.489448355966064619e-02 -3.757258882950465506e-01
2.087099999783381271e+10 -1.252917487011859232e-01 -7.606449412376820041e-02
2.087099999777084351e+10 -3.427865653157489145e-01 1.445333327802960643e-01
2.087099999776267242e+10 -8.095882948627258768e-02 -3.241908494476164471e-02
2.087099999767668915e+10 8.754452837974519008e-03 2.582546138119342638e-01
2.087099999771969986e+10 1.045480903025525488e-01 -3.991713073301972337e-02
2.087099999777949905e+10 3.737537383723330553e-01 1.146306513535310934e-01
2.087099999791658783e+10 1.484002981121139431e-01 2.888575717076988236e-01
2.087099999801926041e+10 2.023188593774218058e-01 5.829382018273779886e-01
2.087099999783900070e+10 2.315402375880042107e-01 3.248962262498188425e-01
2.087099999778090286e+10 2.352151404230084231e-01 1.418138890559261789e-02
2.087099999780514908e+10 2.302863087056382652e-01 3.293328471216578901e-01
2.087099999783502197e+10 5.393390131986602887e-01 2.699466897434640300e-01
2.087099999797086716e+10 7.122271325784979012e-01 4.281479748795280482e-02
2.087099999789147568e+10 6.722942493544468157e-01 3.461871463387641290e-01
2.087099999780251312e+10 3.849505496143841854e-01 2.489648821266376433e-01
2.087099999793381882e+10 4.503400550223932708e-01 5.289929902168539755e-01
2.087099999791772842e+10 4.372342260446961393e-01 2.135535920484626371e-01
2.087099999806387711e+10 1.824073779442981769e-01 9.677582730962350221e-02
2.087099999799820709e+10 4.146970518709690579e-01 -1.073363544577335682e-01
2.087099999817203903e+10 2.736980914248194896e-01 1.159009516675459650e-01
2.087099999837482452e+10 3.350817245988648163e-01 3.505124669380355051e-01
2.087099999859049606e+10 4.700709352494246707e-01 1.629060238767372215e-01
2.087099999880327606e+10 2.914376381936880644e-01 1.208091049480314316e-02
2.087099999870391083e+10 -1.638546822571584904e-03 7.662386836885552721e-02
2.087099999871192551e+10 -4.240112778087556933e-03 -2.393850422205883177e-01
2.087099999865282059e+10 2.262266330684132853e-01 -3.124031769244114964e-02
2.087099999890808868e+10 3.809999451138947335e-01 7.275645235308372816e-02
2.087099999867892456e+10 4.550251871500710643e-01 2.775431220606210392e-01
2.087099999872850037e+10 7.095534862593420034e-01 9.673866900030983484e-02
2.087099999872125244e+10 7.187858688463937273e-01 -2.191646262276006618e-01
2.087099999878728104e+10 5.002214549748555950e-01 -4.378019370546012423e-01
2.087099999891681290e+10 7.270718966132672101e-01 -6.158283709605976153e-01
2.087099999887528992e+10 7.614652015783616168e-01 -9.273175809979425921e-01
2.087099999900144958e+10 7.637774762565395781e-01 -1.217163849558161370e+00
2.087099999906015015e+10 5.594950061176806599e-01 -9.831651846722639920e-01
2.087099999904948044e+10 5.397453424183088488e-01 -6.678419404973208184e-01
2.087099999902331924e+10 6.487028271951763569e-01 -9.634371671519940117e-01
2.087099999893404388e+10 6.466834546843731601e-01 -6.601910068092691208e-01
2.087099999891889954e+10 6.570542121590741136e-01 -9.757789154783383934e-01
2.087099999886029053e+10 9.548437771744728852e-01 -1.064204402219490087e+00
2.087099999887392807e+10 9.285070446109858766e-01 -1.378931363728540305e+00
2.087099999877813339e+10 8.595461048060738518e-01 -1.672189564302309028e+00
2.087099999893809128e+10 1.034273789180712999e+00 -1.462865144407782481e+00
2.087099999893124771e+10 9.557915798290136378e-01 -1.156717518732833572e+00
2.087099999893580627e+10 9.898104994934664447e-01 -8.424650568848158771e-01
2.087099999866853714e+10 1.142161890106688338e+00 -9.151923350781218103e-01
2.087099999853964996e+10 1.367150611725521880e+00 -7.343596533518723657e-01
2.087099999866292191e+10 1.223540112668143998e+00 -9.875636535542247074e-01
2.087099999865593338e+10 1.120286702102302190e+00 -6.888621739414917400e-01
2.087099999886512756e+10 1.137833122656035201e+00 -9.252132847573237839e-01
2.087099999882886887e+10 1.420911208767408951e+00 -7.892549513090248992e-01
2.087099999914151764e+10 1.391759165284844890e+00 -7.527514431572714937e-01
2.087099999938743591e+10 1.458283070153944427e+00 -9.399179712107482709e-01
2.087099999937781143e+10 1.462112973877574218e+00 -6.239664937070197315e-01
2.087099999927415848e+10 1.560899767181598286e+00 -9.057994446271846467e-01
2.087099999933835220e+10 1.258519100112225342e+00 -9.719651524380189533e-01
2.087099999913669205e+10 1.250903580211621291e+00 -7.286372980307019853e-01
2.087099999927753830e+10 1.330144494632102825e+00 -4.569456456885471196e-01
2.087099999929813766e+10 1.365263407978481780e+00 -7.704340418094632881e-01
2.087099999928265762e+10 1.375636546943091121e+00 -4.548623875995617682e-01
2.087099999945209122e+10 1.359511085914773432e+00 -7.212551893780385637e-01
2.087099999944184875e+10 1.249260641186934029e+00 -4.251596585401569151e-01
2.087099999934947968e+10 1.102185102261503680e+00 -1.610210878939736800e-01
2.087099999935995483e+10 1.094659150211383380e+00 -4.768790761184133475e-01
2.087099999938845825e+10 1.093882705551262768e+00 -1.620463994304039423e-01
2.087099999945141220e+10 1.024983883370595317e+00 -4.640766437321687810e-01
2.087099999973769760e+10 9.218591827256366056e-01 -5.497370196964281863e-01
2.087099999953172684e+10 1.139421066860774268e+00 -6.506105347860314803e-01
2.087099999958534241e+10 1.076537137490908735e+00 -3.454815339881102676e-01
2.087099999934027863e+10 1.047132546256499097e+00 -1.479655394968061033e-01
2.087099999927815628e+10 1.157129030520576141e+00 -4.377484779694293948e-01
2.087099999908754349e+10 1.197266359443799333e+00 -1.887736507140883591e-01
2.087099999908899689e+10 1.081997986112535060e+00 1.055794635727486108e-01
2.087099999898659134e+10 1.185193667632923331e+00 -1.751268869083656976e-01
2.087099999878281784e+10 1.275861358182622141e+00 -3.991535510509177653e-01
2.087099999881099319e+10 1.298977653722490855e+00 -8.514018980222182176e-02
2.087099999906516266e+10 1.401254728037024888e+00 7.255998294030849283e-02
2.087099999919366837e+10 1.541430262471389145e+00 -1.799658297340720747e-01
2.087099999931875229e+10 1.775889417944483517e+00 -3.511832319181084072e-01
2.087099999929620743e+10 1.650842765581877813e+00 -6.172205020641446938e-02
2.087099999929766464e+10 1.342530072168228727e+00 8.090719454830627710e-03
2.087099999914634705e+10 1.065254508541486178e+00 2.049851077911371555e-02
2.087099999923479080e+10 1.031533043432959706e+00 -2.811186176549848037e-01
2.087099999936212540e+10 8.737958343997189736e-01 -3.855319805820109358e-02
2.087099999936251831e+10 8.737279097507074654e-01 2.775678287802957334e-01
2.087099999937326813e+10 9.005093693158188195e-01 -3.723344322260657702e-02
2.087099999919439697e+10 6.687190183025659707e-01 8.197453280236359496e-02
2.087099999891464615e+10 8.145822960621543762e-01 6.209507273923155213e-02
2.087099999889073563e+10 8.576621171649851938e-01 3.743532045162582533e-01
2.087099999897577667e+10 9.507399474692613817e-01 8.446169172387646418e-02
2.087099999901778412e+10 7.589549793466895400e-01 -1.633016184128361914e-01
2.087099999907914734e+10 8.068870379921273539e-01 1.430802803870167561e-01
2.087099999884377670e+10 8.089769073364450058e-01 -6.793673793785071080e-02
2.087099999876363373e+10 5.416799898922384227e-01 -2.164708234206313697e-01
2.087099999873546219e+10 5.866213567993170397e-01 -5.281106686588485921e-01
2.087099999886687851e+10 5.112290285837119974e-01 -8.055602234660983463e-01
2.087099999891149902e+10 3.753605368408708953e-01 -5.236358101033231627e-01
2.087099999893984604e+10 6.632451101915645131e-01 -6.511177658058195927e-01
2.087099999919272232e+10 5.963565096277538835e-01 -8.286336096167069565e-01
2.087099999905319214e+10 8.391190336489717794e-01 -9.753666406492225160e-01
2.087099999881124115e+10 9.665193300531293996e-01 -8.167424383870346416e-01
2.087099999903728867e+10 1.086189708482624861e+00 -6.309642987884644949e-01
2.087099999917990494e+10 9.602669093420931334e-01 -8.834247658152096783e-01
2.087099999936540985e+10 1.022415693607077181e+00 -6.351140503709797880e-01
2.087099999954094315e+10 1.200462915745939663e+00 -4.416734029253691629e-01
2.087099999947539902e+10 8.932954811515873006e-01 -4.775169112385181935e-01
2.087099999918034363e+10 9.995317982439581028e-01 -5.173792561241161714e-01
2.087099999900899506e+10 1.160897276240687281e+00 -7.284096056270041863e-01
2.087099999891417694e+10 8.621121257759982726e-01 -7.692716161748915926e-01
2.087099999893451691e+10 7.573259780159655730e-01 -4.717169643998290196e-01
2.087099999895818710e+10 9.065487552193528531e-01 -7.493947562077356572e-01
2.087099999870685577e+10 8.129572742407350505e-01 -9.167458576552716121e-01
2.087099999874759674e+10 5.281742842391670134e-01 -7.857063594716916510e-01
2.087099999895691681e+10 5.613753232484932632e-01 -5.511537438762896812e-01
2.087099999916258621e+10 3.572752190426139451e-01 -6.775501549889372255e-01
2.087099999907215500e+10 5.212232108631765781e-01 -9.322579160011614796e-01
2.087099999906696701e+10 5.121488763836824498e-01 -1.248206360455935471e+00
2.087099999927549744e+10 5.286437517160826882e-01 -1.011191662535628311e+00
2.087099999926288986e+10 4.675991392954088610e-01 -1.321106524140187144e+00
2.087099999927026749e+10 4.416078849298665787e-01 -1.636071135019487865e+00
2.087099999919337463e+10 7.480373354695517563e-01 -1.647076890481965705e+00
2.087099999926135254e+10 8.907737023018185152e-01 -1.920825367280310836e+00
2.087099999947322083e+10 9.990021609671582148e-01 -1.712662606749461913e+00
2.087099999946452332e+10 1.047985165626557524e+00 -1.400480516514254425e+00
2.087099999921002197e+10 8.819164799797196697e-01 -1.487560307698719608e+00
2.087099999919441605e+10 5.736167039092263664e-01 -1.555680596261892035e+00
2.087099999919287491e+10 5.806168234534839767e-01 -1.871720601371038795e+00
2.087099999913700485e+10 4.891086264323326604e-01 -1.574336033362158105e+00
2.087099999929687119e+10 5.717579589785266592e-01 -1.314443747242219462e+00
2.087099999902390671e+10 5.998851394867205089e-01 -1.157499253545065221e+00
2.087099999901818085e+10 7.150692615698399646e-01 -8.631652548796870938e-01
2.087099999907355499e+10 9.915486595546481041e-01 -1.006082984605098485e+00
2.087099999892675400e+10 8.757625925553002011e-01 -1.260985234124601506e+00
2.087099999921980667e+10 7.993615234865050212e-01 -1.351630800257735521e+00
2.087099999900759125e+10 6.644575947060032961e-01 -1.543196975314958586e+00
2.087099999882174301e+10 8.396000057300304631e-01 -1.356868642598615615e+00
2.087099999860304260e+10 7.782597247006871610e-01 -1.576733506505556326e+00
2.087099999857120132e+10 6.041239752095238780e-01 -1.314825928289052204e+00
2.087099999827525711e+10 6.020571764622875133e-01 -1.425937316321826520e+00
2.087099999854526520e+10 6.763646326545308396e-01 -1.572590289454961932e+00
2.087099999843798447e+10 7.004479455927269393e-01 -1.276205985810457966e+00
2.087099999869919205e+10 8.595096066776890531e-01 -1.356218844488099373e+00
2.087099999882671356e+10 1.125118044461691058e+00 -1.241664587237009787e+00
2.087099999906724548e+10 9.204053016706238433e-01 -1.228616294702696177e+00
2.087099999896884918e+10 1.136605006524254335e+00 -1.020028638662696219e+00
2.087099999919810486e+10 1.143681906801777837e+00 -8.024888704774473247e-01
2.087099999929890060e+10 8.923121939719842466e-01 -9.655418313267563057e-01
2.087099999926055145e+10 1.020768268420818581e+00 -6.792533236392719331e-01
2.087099999941051483e+10 1.153080158081573714e+00 -9.240732670170035412e-01
2.087099999937123871e+10 1.062537903929685390e+00 -1.224393170272901177e+00
2.087099999963584137e+10 1.056000759311876092e+00 -1.051548533210881819e+00
2.087099999971640778e+10 1.197687715853636536e+00 -7.806859652032698271e-01
2.087100000003128052e+10 1.198593242911855095e+00 -8.087224296340093099e-01
2.087100000011693192e+10 1.146998918488282948e+00 -5.088315049232359222e-01
