2.087100000000000000e+10 0.000000000000000000e+00 0.000000000000000000e+00
2.087100000001881790e+10 2.156956472336681863e-01 2.303343449602900939e-01
2.087099999985077286e+10 -1.658226351847566504e-02 3.635297179643746657e-01
2.087099999988076019e+10 4.642668705930986378e-03 6.775088560865238918e-01
2.087099999995363235e+10 2.627293264655297667e-01 5.101359166040752013e-01
2.087099999990905380e+10 2.310139289026481302e-01 1.987848147901864482e-01
2.087100000007567978e+10 -2.064926368156075331e-02 2.927718254314206625e-01
2.087100000007595444e+10 -1.849251619208313810e-02 6.088856243932979639e-01
2.087100000004569626e+10 -2.202346996252251832e-01 3.673961642015461937e-01
2.087099999986745834e+10 -1.754032908469627672e-01 6.246005501412726924e-01
2.087099999982957077e+10 -4.341435970507834252e-02 9.093392265814232989e-01
2.087099999967819977e+10 -2.912792437729052608e-01 1.034169284953837753e+00
2.087099999980852509e+10 -4.554254792649801153e-01 1.270821524300949523e+00
2.087099999983618927e+10 -4.132220290134188678e-01 9.587538149734955439e-01
2.087100000007537460e+10 -3.227410892674371645e-01 7.729166755515599618e-01
2.087099999995137405e+10 -3.483539388212362198e-01 1.062572325988632382e+00
2.087099999985870743e+10 -3.593261883936075263e-01 1.364607709337189556e+00
2.087099999976960373e+10 -4.706500435638091839e-01 1.082473012266340850e+00
2.087099999977221680e+10 -4.663968976698646962e-01 7.663911602855095762e-01
2.087099999948571396e+10 -4.114471578832096244e-01 6.446159043215337059e-01
2.087099999933806992e+10 -6.824049217281624724e-01 5.759431284862251976e-01
2.087099999937298584e+10 -7.257792760458793291e-01 8.871219720652603336e-01
2.087099999941487122e+10 -9.865404945012716809e-01 1.060850805850684253e+00
2.087099999943643951e+10 -1.057420209998064520e+00 7.535342065556471791e-01
2.087099999942741013e+10 -1.060367217442600651e+00 1.069512724580505392e+00
2.087099999931971359e+10 -9.068017966076049596e-01 8.150488597834406601e-01
2.087099999947638702e+10 -1.018306292120062739e+00 1.065953237323724379e+00
2.087099999946795273e+10 -1.015215460404460757e+00 7.499596479724369713e-01
2.087099999959201813e+10 -9.285128541730875984e-01 4.724292258077585349e-01
2.087099999945857239e+10 -1.072095143844967957e+00 2.244193924877598834e-01
2.087099999931057739e+10 -9.847705115326218506e-01 -4.091900905258338828e-02
2.087099999918111038e+10 -1.273141437916129659e+00 -3.725052498214687785e-02
2.087099999929089737e+10 -1.302000040262719205e+00 -3.322869871468053238e-01
2.087099999927499008e+10 -1.063781891077123065e+00 -1.250873343584574526e-01
2.087099999945905685e+10 -9.956464374579617749e-01 -3.728967309925091955e-01
2.087099999942734146e+10 -1.308616512244471952e+00 -3.416463698947399541e-01
2.087099999938889313e+10 -1.396968321344365993e+00 -6.427248174966798677e-01
2.087099999931508255e+10 -1.443298451922696568e+00 -9.465965919109091686e-01
2.087099999923482513e+10 -1.641154126844211580e+00 -7.134768953579982975e-01
2.087099999937020111e+10 -1.580598964375386828e+00 -9.926530205812005292e-01
2.087099999951316833e+10 -1.802704285231986336e+00 -8.189803367860661876e-01
2.087099999963949966e+10 -1.611510234316008372e+00 -6.012231075759095766e-01
2.087099999957989120e+10 -1.438538388980293181e+00 -8.590221782572214915e-01
2.087099999950347900e+10 -1.420490285389019336e+00 -5.528063956210400587e-01
2.087099999945388031e+10 -1.732514407231912745e+00 -5.634651962654637636e-01
2.087099999936581421e+10 -1.429064051965399651e+00 -5.731924066658712347e-01
2.087099999915118408e+10 -1.384087950344065288e+00 -3.455017237885720238e-01
2.087099999945172882e+10 -1.367119563815553995e+00 -2.489759191075968103e-01
2.087099999953308487e+10 -1.428049182926221183e+00 -5.483107517950092102e-01
2.087099999947501755e+10 -1.730295692132446383e+00 -6.204756646631036654e-01
2.087099999932811737e+10 -1.728402497484017308e+00 -9.003848897516131267e-01
2.087099999934659195e+10 -1.722173617003843749e+00 -1.215904390383003575e+00
2.087099999941030121e+10 -1.717247827412885286e+00 -9.063087201004504934e-01
2.087099999970274734e+10 -1.753985738534728389e+00 -1.020585764639585058e+00
2.087099999968048096e+10 -1.671738730424822572e+00 -1.325007051813243519e+00
2.087099999962474823e+10 -1.664210652244294764e+00 -1.636085536991993550e+00
2.087099999949962234e+10 -1.445245316048173745e+00 -1.445480636696332644e+00
2.087099999979453659e+10 -1.332659276354412059e+00 -1.462289584070074477e+00
2.087099999949518585e+10 -1.301172478082043504e+00 -1.365697215899901895e+00
2.087099999947451782e+10 -1.266969030184659006e+00 -1.679282366326148690e+00
2.087099999963955688e+10 -1.218441323940191667e+00 -1.944499623760835849e+00
2.087099999953453064e+10 -1.504015285269087565e+00 -2.030231950917331663e+00
2.087099999953304291e+10 -1.617359080323689247e+00 -1.735132582451822003e+00
2.087099999960036850e+10 -1.406220192432462879e+00 -1.509698538460360506e+00
2.087099999960122299e+10 -1.495834482000016896e+00 -1.812850664507357656e+00
2.087099999985448837e+10 -1.414717587206004712e+00 -1.641944084162713313e+00
2.087100000010215759e+10 -1.521533490133156974e+00 -1.806814370886683951e+00
