2.782800000000000000e+10 0.000000000000000000e+00 0.000000000000000000e+00
2.782800000004349518e+10 -4.858373947811405608e-02 3.361989121059070773e-01
2.782800000008086777e+10 -1.511263068763258888e-01 6.608070606721194729e-01
2.782799999986142731e+10 -4.139668469196639000e-01 6.542916736977253400e-01
2.782799999956540298e+10 -4.658579745212982348e-01 4.901025875727818004e-01
2.782799999957793427e+10 -6.682183596043628215e-01 2.141039103830775781e-01
2.782799999930973053e+10 -8.760525804369216907e-01 1.676968272635280810e-01
2.782799999910972977e+10 -9.713907281048419495e-01 -9.343852277878272883e-02
2.782799999910933685e+10 -9.714569019790194604e-01 2.490259244430106378e-01
2.782799999881388855e+10 -1.052400823288196730e+00 9.592652223446490600e-02
2.782799999886016464e+10 -8.343683484520177940e-01 -1.640782578674949699e-01
2.782799999910861206e+10 -1.007476124963148090e+00 -3.240467497097421212e-01
2.782799999897532272e+10 -9.447271521716757992e-01 -6.332053185870343270e-01
2.782799999893223190e+10 -9.670030607464787931e-01 -9.722169143976795436e-01
2.782799999875790405e+10 -8.041900802033024043e-01 -1.217947782189861439e+00
2.782799999877795410e+10 -7.511036281057585917e-01 -8.802172458452941495e-01
2.782799999878981781e+10 -7.400313753178690002e-01 -1.222297241678903523e+00
2.782799999879708862e+10 -7.437947370861562879e-01 -8.799304261851746967e-01
2.782799999856378555e+10 -9.009266628874768035e-01 -1.075281356760835916e+00
2.782799999844232941e+10 -9.884391075413831995e-01 -1.383295108662054407e+00
2.782799999811426544e+10 -1.080290279090337036e+00 -1.418218589842365596e+00
2.782799999801675034e+10 -1.004175232701771892e+00 -1.098876225181091959e+00
2.782799999793383026e+10 -7.854738779634087287e-01 -1.349027934684195129e+00
2.782799999793165207e+10 -8.000790113849838292e-01 -1.691174112907241067e+00
2.782799999804887772e+10 -6.863287652831697727e-01 -1.390173677109676875e+00
2.782799999796367264e+10 -7.804027106198702102e-01 -1.072097982894812729e+00
2.782799999776834488e+10 -6.979193982797166074e-01 -1.341033422846174883e+00
2.782799999804149628e+10 -7.721697210725989580e-01 -1.533796330274973974e+00
2.782799999813043976e+10 -6.978376304481170855e-01 -1.211545148911874925e+00
2.782799999789252853e+10 -9.054357558061902900e-01 -1.344145043229253655e+00
2.782799999788019562e+10 -7.894867566275005633e-01 -1.666147773436847501e+00
2.782799999788055801e+10 -7.921440547274843924e-01 -1.323693598230214930e+00
2.782799999759236145e+10 -8.783832098505842678e-01 -1.487362855219810820e+00
2.782799999753954697e+10 -8.164114743650704442e-01 -1.154718692973532690e+00
2.782799999782443237e+10 -8.408533409461111940e-01 -9.662408630578561697e-01
2.782799999761783218e+10 -1.089220138222772638e+00 -8.526105112978022982e-01
2.782799999775632858e+10 -1.391549381658926166e+00 -9.344530529055159462e-01
2.782799999771737671e+10 -1.375686915923080900e+00 -5.945806913394815485e-01
2.782799999781491852e+10 -1.072424553591169838e+00 -4.688848961520156733e-01
2.782799999771417236e+10 -1.079590920358946216e+00 -7.961170606200335120e-01
2.782799999764544296e+10 -1.206802404624940372e+00 -4.856731062902109319e-01
2.782799999757658005e+10 -1.519148776228875120e+00 -6.080654743844554622e-01
2.782799999752397156e+10 -1.458508957815090712e+00 -9.409876766430340655e-01
2.782799999727087402e+10 -1.387721526892555790e+00 -1.160561919042019108e+00
2.782799999737771606e+10 -1.649047017929600401e+00 -9.667180445872836092e-01
2.782799999728079224e+10 -1.932558275461584874e+00 -8.008593357254554235e-01
2.782799999745906448e+10 -2.140814879645815516e+00 -5.956043319635577760e-01
2.782799999725378036e+10 -2.331323444308025294e+00 -3.985080727245948751e-01
2.782799999701075745e+10 -2.285918260648085010e+00 -1.615277716402189201e-01
2.782799999687219620e+10 -2.545765658665835485e+00 1.329370956405176440e-02
2.782799999676337051e+10 -2.330462522247396695e+00 2.563640656172401222e-01
2.782799999684403229e+10 -1.998633111890290470e+00 2.305828268021318239e-01
2.782799999681992340e+10 -1.659172465248669237e+00 1.922767243936348014e-01
2.782799999666793442e+10 -1.589323665617187631e+00 -1.065585440447052723e-01
2.782799999649616623e+10 -1.299077400949504080e+00 -4.710151068707734562e-02
2.782799999615699005e+10 -1.345909472220676362e+00 -4.011698861080449652e-02
2.782799999645142365e+10 -1.504486283468861263e+00 3.367524751000433580e-02
2.782799999648883057e+10 -1.300195991079398983e+00 -2.386264600794734680e-01
2.782799999656113815e+10 -1.048150930303630046e+00 -1.833792173564258166e-02
2.782799999652712631e+10 -1.120405473786227235e+00 3.146853031087630259e-01
2.782799999662567139e+10 -1.443140769472142537e+00 3.731017822168916087e-01
2.782799999663954544e+10 -1.425895182481175860e+00 7.148505098408550751e-01
2.782799999669506836e+10 -1.421070775656156693e+00 3.769511706074769597e-01
2.782799999669552231e+10 -1.362586789369447882e+00 3.951751541451697936e-02
2.782799999679483414e+10 -1.165794131599819705e+00 -2.225744252907155274e-01
2.782799999682535934e+10 -1.125992371375007073e+00 1.161968897552604352e-01
2.782799999695073700e+10 -1.389934323995624554e+00 -6.239950336756167060e-02
2.782799999717591858e+10 -1.505968579557534159e+00 1.680594787350265240e-01
2.782799999718358231e+10 -1.359778435479798819e+00 -1.415398843786271899e-01
2.782799999721461868e+10 -1.040181320804450582e+00 -2.606051759395383582e-01
2.782799999709000397e+10 -7.657719552271669006e-01 -4.232484188638192535e-01
2.782799999701469421e+10 -6.599644621478871764e-01 -1.063647213433788208e-01
2.782799999706124496e+10 -5.588528303065384284e-01 -4.302341902160133347e-01
2.782799999709046936e+10 -5.684841336894183028e-01 -7.713137434646455404e-01
2.782799999734403229e+10 -4.528259736821402814e-01 -9.703399721406924527e-01
2.782799999745297241e+10 -5.447021782937966350e-01 -1.281745054342399159e+00
2.782799999761599350e+10 -5.412287548524695735e-01 -1.582900434978704585e+00
2.782799999738018417e+10 -4.537755812208528194e-01 -1.815340241655550191e+00
2.782799999754421997e+10 -7.517795380776122194e-01 -1.854943021627661004e+00
2.782799999731006622e+10 -9.984910795874465395e-01 -1.894790561907156778e+00
2.782799999739910889e+10 -9.518754196032543913e-01 -2.222174783107078611e+00
2.782799999735826111e+10 -1.111061938184629616e+00 -2.522629922532123814e+00
2.782799999701651764e+10 -1.124804006736466411e+00 -2.505157317209427692e+00
2.782799999700410461e+10 -1.127542903498577775e+00 -2.162928659017888222e+00
2.782799999676811218e+10 -1.232197335285070805e+00 -1.937903614408349462e+00
2.782799999687402725e+10 -1.435490087472448772e+00 -2.192336483414935255e+00
2.782799999670298767e+10 -1.634130471295835330e+00 -1.971952143904782018e+00
2.782799999657514954e+10 -1.865524171392944242e+00 -1.754244634447874596e+00
2.782799999669713974e+10 -1.584484354910997705e+00 -1.907270546216564000e+00
2.782799999644335175e+10 -1.711354396467402506e+00 -2.099047003949241041e+00
2.782799999612135315e+10 -1.817380311143343752e+00 -2.050503196480463863e+00
2.782799999588796997e+10 -1.569482342138621478e+00 -2.087389391584326237e+00
2.782799999604710007e+10 -1.865119466737828358e+00 -2.019877664622124147e+00
2.782799999629148865e+10 -2.104397887028100378e+00 -2.002496371815754017e+00
2.782799999657994080e+10 -2.052076533914639622e+00 -2.179530107563600438e+00
2.782799999647578812e+10 -2.201615519805558918e+00 -1.889578324420233546e+00
2.782799999624523544e+10 -2.380937921171759175e+00 -1.710775749746027863e+00
2.782799999634990311e+10 -2.272871325548871724e+00 -2.018425705463880782e+00
2.782799999650823593e+10 -2.158456187689261174e+00 -2.299713006179050723e+00
2.782799999634754181e+10 -2.095975268708505368e+00 -2.595611978747242699e+00
2.782799999635081482e+10 -1.843179807404464299e+00 -2.364601579294427491e+00
2.782799999654229736e+10 -1.745509932701552858e+00 -2.097999054756628290e+00
2.782799999654418182e+10 -1.743650354468774255e+00 -2.440453507277489997e+00
2.782799999639516449e+10 -1.965331527608688678e+00 -2.654773258503692723e+00
2.782799999656247711e+10 -1.793603073004289339e+00 -2.410237514297159489e+00
2.782799999633727646e+10 -1.609081851570109523e+00 -2.590565937601165380e+00
2.782799999627915192e+10 -1.414780788830708236e+00 -2.314612004005074386e+00
2.782799999632235336e+10 -1.348292306798758000e+00 -2.647770882105804802e+00
2.782799999621825790e+10 -1.108706258925156174e+00 -2.426310807383948998e+00
2.782799999595765686e+10 -1.149237794296821269e+00 -2.644772673705878763e+00
2.782799999580961609e+10 -1.453147835552406564e+00 -2.589958337405099176e+00
2.782799999568797302e+10 -1.155042556099167284e+00 -2.473261911370798760e+00
2.782799999571385956e+10 -1.041351586969268661e+00 -2.151258408741558270e+00
2.782799999545733261e+10 -1.267809579167184175e+00 -2.137351931779528869e+00
2.782799999528157043e+10 -1.506971368920009047e+00 -1.966498590298704219e+00
2.782799999535274506e+10 -1.488357754106288455e+00 -1.632029504194085323e+00
2.782799999508627701e+10 -1.703352797782788031e+00 -1.624666918988187270e+00
2.782799999509311295e+10 -1.701872841157984206e+00 -1.967060193340932184e+00
2.782799999508101654e+10 -1.672221522795253490e+00 -2.308024271023807916e+00
2.782799999538660049e+10 -1.649730521406269412e+00 -2.155067724795588280e+00
2.782799999515607834e+10 -1.496001295346728099e+00 -2.356335685716897999e+00
2.782799999534957504e+10 -1.473004135288559890e+00 -2.074710622859502251e+00
2.782799999526291275e+10 -1.804238793108851713e+00 -2.082162599686716575e+00
2.782799999503017807e+10 -2.014185670643912296e+00 -2.220143124103719501e+00
2.782799999499082184e+10 -1.973380354859263885e+00 -2.557882821578648880e+00
2.782799999525786972e+10 -2.153698859118493569e+00 -2.441893048024801782e+00
2.782799999502535248e+10 -1.961917349244721054e+00 -2.604488490965435776e+00
2.782799999496324539e+10 -2.012495151941038785e+00 -2.271521790992137468e+00
2.782799999481922913e+10 -1.963321863190718108e+00 -1.964726698930402193e+00
2.782799999460454178e+10 -2.230133947324574262e+00 -1.963055152464076469e+00
2.782799999469873047e+10 -2.531097773242731996e+00 -2.096590020035414170e+00
2.782799999441240311e+10 -2.534247970529619476e+00 -1.908737319101793561e+00
2.782799999441227341e+10 -2.539876520311320718e+00 -1.566318924009008295e+00
2.782799999449027252e+10 -2.252462715584112818e+00 -1.397228556474909622e+00
2.782799999467005920e+10 -2.068635103279615972e+00 -1.171028495879871567e+00
2.782799999457239532e+10 -1.759756643410886667e+00 -1.282104767642565202e+00
2.782799999460953140e+10 -1.721773972349603943e+00 -9.437847855501053651e-01
2.782799999448560715e+10 -1.651251942555980179e+00 -1.255154900290430087e+00
2.782799999417164230e+10 -1.744520095570878171e+00 -1.355202438206760895e+00
2.782799999436829758e+10 -1.524595708845125630e+00 -1.181301816521352688e+00
2.782799999422658539e+10 -1.537601581938688122e+00 -1.492799237791455624e+00
2.782799999411338425e+10 -1.553622710591759937e+00 -1.169981698126691505e+00
2.782799999383767319e+10 -1.588721120590844471e+00 -9.698956836756973399e-01
2.782799999365279770e+10 -1.834747326981889470e+00 -1.120141992398770769e+00
2.782799999378980255e+10 -1.521442309394752002e+00 -1.138893191592984522e+00
2.782799999388040161e+10 -1.349005627331161472e+00 -1.420565980606874446e+00
2.782799999376555634e+10 -1.380107129750594908e+00 -1.099434922008986959e+00
2.782799999349445724e+10 -1.202891864127099808e+00 -9.881600139429325136e-01
2.782799999350407028e+10 -1.032475370342153642e+00 -6.912629523572175749e-01
2.782799999359518433e+10 -1.184232204287925194e+00 -9.844351093804857289e-01
2.782799999330471802e+10 -1.352812088048557682e+00 -1.051459957871136552e+00
2.782799999356590271e+10 -1.427895100270440754e+00 -1.259851814277294313e+00
2.782799999362101364e+10 -1.525052735524613734e+00 -9.361156849656159240e-01
2.782799999352713776e+10 -1.663990667717391680e+00 -6.375099764852844020e-01
2.782799999372137833e+10 -1.765273440133898752e+00 -3.742707638949809845e-01
2.782799999349208832e+10 -1.628660150594138711e+00 -1.596898563958029371e-01
2.782799999382959366e+10 -1.639338902774592599e+00 -1.025991688555990822e-01
2.782799999375142288e+10 -1.600659050683757467e+00 2.285734015536068642e-01
2.782799999358638382e+10 -1.427790175514298099e+00 -1.670361857331226219e-02
2.782799999368895340e+10 -1.610628589444653480e+00 2.540942311312883728e-01
2.782799999345168304e+10 -1.849540734560309430e+00 3.165895953486300707e-01
2.782799999370748138e+10 -1.648540779358767194e+00 4.235821081774174823e-01
2.782799999359203720e+10 -1.345335901064802275e+00 5.332229514311367380e-01
2.782799999368012238e+10 -1.578511039849223696e+00 7.680680319862979166e-01
2.782799999385870743e+10 -1.286313034708555847e+00 7.712380156832622236e-01
2.782799999372041321e+10 -1.151897319918582463e+00 1.054237752237248138e+00
2.782799999359188843e+10 -1.103689807050893146e+00 1.367988589536918598e+00
2.782799999365389633e+10 -1.406880334306421343e+00 1.221316537602862295e+00
2.782799999390118408e+10 -1.440156572470202123e+00 1.455887723303361581e+00
2.782799999424068451e+10 -1.481997298693594090e+00 1.472353110584283975e+00
2.782799999399739075e+10 -1.552512157685975724e+00 1.241879589427781205e+00
2.782799999411657333e+10 -1.437893665702172807e+00 9.419795749031243393e-01
2.782799999443455887e+10 -1.551805537353525777e+00 8.854892401197775875e-01
2.782799999464973831e+10 -1.761679160027603164e+00 7.213761195221464195e-01
2.782799999470623016e+10 -1.778371699158625141e+00 3.840157993214270427e-01
2.782799999495884705e+10 -1.671737198246560085e+00 1.788422727166275317e-01
2.782799999517266083e+10 -1.541188389154001470e+00 4.123423895617517876e-01
2.782799999514091492e+10 -1.613221465870893212e+00 7.456372381784261982e-01
2.782799999525037384e+10 -1.349701215782272756e+00 5.562749050911182103e-01
2.782799999501024246e+10 -1.204385371414267603e+00 3.600532961792760611e-01
2.782799999531130219e+10 -1.319626927414248252e+00 4.756566889641992146e-01
2.782799999556998825e+10 -1.141260465074312336e+00 6.118538843523823045e-01
2.782799999573580933e+10 -1.000119464823827187e+00 3.475353195542513762e-01
2.782799999588222504e+10 -8.857451403458068695e-01 5.985051370017507866e-02
2.782799999587455750e+10 -8.843004823819951010e-01 -2.825252436989212357e-01
2.782799999613817596e+10 -1.098618444265375027e+00 -3.256059375207110418e-01
2.782799999626495743e+10 -1.307845506791292856e+00 -8.595436391746932858e-02
2.782799999643946457e+10 -1.143536385572849756e+00 1.586516686101596130e-01
2.782799999655308533e+10 -8.278904094392802726e-01 2.275015528152845579e-01
2.782799999632341385e+10 -9.957268124377954832e-01 3.680946976589372088e-02
2.782799999657660294e+10 -1.035674231688705760e+00 -1.903049075960801251e-01
2.782799999671828461e+10 -1.347453701793866587e+00 -1.890565378602106772e-01
2.782799999694649124e+10 -1.384729718461705561e+00 -4.416725027153211025e-01
2.782799999703402328e+10 -1.539930093772600150e+00 -7.341333187600098675e-01
2.782799999722316742e+10 -1.293069778764186051e+00 -8.775438962185083680e-01
2.782799999746172333e+10 -1.255965928097120488e+00 -6.346516150421416258e-01
2.782799999740903473e+10 -1.074265009954795236e+00 -9.201171038010698133e-01
2.782799999772401428e+10 -1.163115242971122898e+00 -1.020986681321405687e+00
2.782799999783592987e+10 -1.221449141264640215e+00 -1.339348775191155028e+00
2.782799999776457214e+10 -9.877165876992978211e-01 -1.099433904417913332e+00
2.782799999775976181e+10 -9.479052572995056991e-01 -7.593251311711952667e-01
2.782799999767101288e+10 -1.223538260967556690e+00 -5.764810194705385360e-01
2.782799999776282120e+10 -1.542424744952971993e+00 -4.918355409433765035e-01
2.782799999808599472e+10 -1.554448002648809668e+00 -3.791627830885544448e-01
2.782799999821849442e+10 -1.732237682564235381e+00 -6.401545466784116512e-01
2.782799999830933762e+10 -1.403986039371008854e+00 -6.759379677008259257e-01
2.782799999840787506e+10 -1.443619139098392790e+00 -1.001517105259354556e+00
2.782799999847477341e+10 -1.454985767096063753e+00 -6.658428357137928799e-01
2.782799999862987137e+10 -1.385241025425136385e+00 -3.685854279902693875e-01
2.782799999863391876e+10 -1.686275497089999575e+00 -2.053557530966593769e-01
2.782799999850896454e+10 -1.952443207941130687e+00 -3.809222564972246650e-01
2.782799999872214508e+10 -2.132272292556066429e+00 -5.796641604828727257e-01
2.782799999861838913e+10 -1.932371305259306560e+00 -3.216794732446155991e-01
2.782799999854003906e+10 -2.092409921760707725e+00 -6.141362560380612123e-01
2.782799999883135605e+10 -1.929633304486223944e+00 -6.910806737923337328e-01
2.782799999905622482e+10 -2.011087941144779734e+00 -4.459661085753818255e-01
2.782799999890729904e+10 -2.288768714788869119e+00 -3.118169802366816956e-01
2.782799999883269119e+10 -2.030854383069387037e+00 -9.922349489356285801e-02
2.782799999914622498e+10 -1.926613538832564032e+00 -1.892888050343110862e-01
2.782799999906605530e+10 -1.939789306233094646e+00 -5.219764244936286879e-01
2.782799999913815308e+10 -1.664458010320367443e+00 -7.124405573405404590e-01
2.782799999917847061e+10 -1.574949995055757057e+00 -1.040533463240840284e+00
2.782799999901826859e+10 -1.785731326337135938e+00 -1.257763883992611742e+00
2.782799999904100037e+10 -1.880147453677673219e+00 -9.293573534699234306e-01
2.782799999896382523e+10 -1.807471153852930446e+00 -1.255001355416458075e+00
2.782799999900352478e+10 -1.975946348127033847e+00 -9.594979941637402643e-01
2.782799999875962448e+10 -1.739341597516073756e+00 -9.169164317549166610e-01
2.782799999868349075e+10 -1.737886523434695407e+00 -1.250808070899130264e+00
2.782799999874433899e+10 -1.671561599859532787e+00 -9.203829450042847471e-01
2.782799999898660278e+10 -1.724162079829798744e+00 -6.841141825958184652e-01
2.782799999897764587e+10 -1.749845947454023776e+00 -3.427314461661206679e-01
2.782799999897922897e+10 -1.749116487592143665e+00 -6.851916953459997739e-01
2.782799999928911972e+10 -1.664820018959036307e+00 -8.041158903993081974e-01
2.782799999925662994e+10 -1.544323226400967419e+00 -1.123031344670204490e+00
2.782799999927318573e+10 -1.274848017249934795e+00 -9.123393318197261515e-01
2.782799999908961868e+10 -1.526428803075843721e+00 -1.054790356136381391e+00
2.782799999938098526e+10 -1.437969155196655580e+00 -1.211515999618303807e+00
2.782799999953652191e+10 -1.714145180285422843e+00 -1.081833071414572744e+00
2.782799999939011383e+10 -1.578752474395637373e+00 -8.034175683454721772e-01
2.782799999961038589e+10 -1.316636380400099560e+00 -8.109520330576232006e-01
2.782799999965145493e+10 -1.234819944048324514e+00 -1.140954334105888535e+00
2.782799999954964828e+10 -1.187357534220895516e+00 -1.464474243892783356e+00
2.782799999969359970e+10 -1.085833868018537318e+00 -1.170785954825678932e+00
2.782799999957828140e+10 -1.384799690766442826e+00 -1.291630000976278225e+00
2.782799999976427460e+10 -1.385082308982849675e+00 -1.004073704941196965e+00
2.782799999972098160e+10 -1.389272150061214850e+00 -1.343764833523206637e+00
2.782799999964190674e+10 -1.364003480272115265e+00 -1.676015445007146720e+00
2.782799999948702240e+10 -1.127251793576646621e+00 -1.868994717059827559e+00
2.782799999966706085e+10 -1.129197628252177399e+00 -2.160309510037373482e+00
2.782799999994158936e+10 -9.251275326683272571e-01 -2.143815680968326198e+00
2.782800000009727097e+10 -6.391336225789590042e-01 -2.037736749979783379e+00
2.782800000030702972e+10 -7.094950803475675860e-01 -2.299141651643100026e+00
