4.174200000000000000e+10 0.000000000000000000e+00 0.000000000000000000e+00
4.174199999976697540e+10 1.039329188407444732e-01 -3.700446463788333307e-01
4.174199999943289185e+10 1.198270060159149358e-01 -6.975758321858765987e-02
4.174199999924507141e+10 1.048036338022413638e-01 -4.778437634322226790e-01
4.174199999912519073e+10 4.273781129708139614e-01 -7.669991620438149083e-01
4.174199999909537506e+10 4.562415978324182997e-01 -1.214564224876622855e+00
4.174199999899642181e+10 5.397663389212654650e-01 -7.841368840950756480e-01
4.174199999932855225e+10 2.476388971993416788e-01 -8.640599269298836482e-01
4.174199999932858276e+10 2.472204177393471369e-01 -1.313544266513774872e+00
4.174199999966895294e+10 1.569172793292290258e-01 -1.034209863602642443e+00
4.174199999930542755e+10 2.988385241059291486e-01 -1.257239966375499174e+00
4.174199999905394745e+10 -1.184080601973147573e-02 -1.051638098752822215e+00
4.174199999902181244e+10 7.095465335913921090e-02 -6.110150246418859510e-01
4.174199999926880646e+10 9.008756318584124068e-02 -9.860670306712420174e-01
4.174199999940647888e+10 -6.353155607652982706e-02 -5.867136686678082746e-01
4.174199999947943878e+10 -3.143098820543819838e-01 -2.208954173438686941e-01
4.174199999966033936e+10 -4.360449127573641226e-01 1.721575146335416195e-01
4.174200000001084900e+10 -5.718279821773019078e-01 -7.430242916269569342e-02
4.174199999985457611e+10 -9.806252454541897201e-01 2.816138857617146718e-02
4.174199999961494446e+10 -9.404013559548153323e-01 4.063076416178871830e-01
4.174199999941545105e+10 -6.611762770377018761e-01 1.160108573555678757e-01
4.174199999919574738e+10 -3.139333352405556110e-01 2.981862910330981276e-01
4.174199999876388550e+10 -3.032806562403249639e-01 1.740254059810744658e-01
4.174199999898050690e+10 -2.595362004067330863e-02 4.536680832439686228e-01
4.174199999911729431e+10 -2.240357535848420956e-01 7.407884793122948563e-02
4.174199999922569275e+10 -6.079307987904933874e-01 2.812274196352555489e-01
4.174199999889203644e+10 -4.694145024852808268e-01 1.379109916141169068e-02
4.174199999892253113e+10 -3.176736560440016066e-01 4.357877962796294358e-01
4.174199999874291229e+10 -1.992781330615838176e-01 4.112709832398903087e-02
4.174199999915695953e+10 -3.936461022744555671e-02 1.120235974694125808e-01
4.174199999916580963e+10 1.842972998174454702e-01 5.018099024420452636e-01
4.174199999900874329e+10 -1.434579236439087468e-01 2.373415202575924754e-01
4.174199999874388123e+10 -1.292414118441642668e-01 6.002193490921331476e-01
4.174199999889466095e+10 5.621455522910290270e-02 2.195523553007345807e-01
4.174199999857321167e+10 2.520766676795109795e-01 4.652080956861650574e-01
4.174199999889860535e+10 5.478231629724785723e-01 5.584296281718921229e-01
4.174199999879285431e+10 2.849730071648577945e-01 9.073752720216953227e-01
4.174199999892640686e+10 4.748748764197758820e-01 5.224892187506503527e-01
4.174199999892358398e+10 4.966458026540265802e-01 9.714373531024471653e-01
4.174199999900093079e+10 7.672516097424963988e-02 1.111865321372849102e+00
4.174199999890406799e+10 4.610355131808985818e-01 8.998301901932116431e-01
4.174199999915431213e+10 8.788156872288416244e-02 9.128329338904340728e-01
4.174199999904929352e+10 1.368019370851043526e-01 1.347130064609471933e+00
4.174199999892729950e+10 4.866456863228880714e-01 1.601614614526415181e+00
4.174199999925857544e+10 3.882442020005327787e-01 1.314194318573395304e+00
4.174199999929341125e+10 2.672595979492594087e-01 8.827021392478231476e-01
4.174199999907313538e+10 6.510003377482665998e-01 9.618145692329400642e-01
4.174199999879426575e+10 3.121009253228319014e-01 8.647886710488333906e-01
4.174199999907790375e+10 6.601942782807246335e-01 8.852394795669655814e-01
4.174199999868188477e+10 4.586683373988509893e-01 8.174698636553330289e-01
4.174199999867987823e+10 6.847299008091475292e-01 1.205965015603022383e+00
4.174199999843813324e+10 5.135253888265449707e-01 8.679025926911866362e-01
4.174199999850153351e+10 3.997501240357972385e-01 1.298102241005080870e+00
4.174199999834000397e+10 8.096873821140664340e-01 1.209237296039041176e+00
4.174199999872734070e+10 6.450489272503152627e-01 1.051440780817651577e+00
4.174199999901646423e+10 3.009851858792003676e-01 1.043431476363111177e+00
4.174199999901180267e+10 5.064237859236642159e-02 6.701446359727833979e-01
4.174199999898744965e+10 3.115371018713889995e-01 3.049359382751056780e-01
4.174199999892922974e+10 4.011126184130668904e-01 -1.316682971607871511e-01
4.174199999917637634e+10 7.217401747156576564e-01 -3.269913304254497555e-01
4.174199999946456909e+10 6.493517547681492141e-01 1.026695507216440761e-02
4.174199999984926605e+10 4.188761016295680650e-01 4.065430946003838891e-02
4.174199999987052155e+10 1.505472150067808101e-01 -3.193237138125746277e-01
4.174199999983466339e+10 5.804016197606682859e-01 -1.929275669308604113e-01
4.174199999976765442e+10 4.890776645026361780e-01 -6.279057395034693956e-01
4.174199999959712219e+10 7.343010559623397437e-02 -6.417313341899896217e-01
4.174199999970439148e+10 4.810918900816176236e-01 -7.977484238397749561e-01
4.174199999934595490e+10 2.718515905555263235e-01 -6.251841161684785764e-01
4.174199999940877533e+10 4.398563552602238191e-01 -1.037330322816288231e+00
4.174199999933901978e+10 5.584469142482336723e-01 -1.465240000566805811e+00
4.174199999932874298e+10 5.367519549238346510e-01 -1.016396948370650311e+00
4.174199999914056396e+10 5.266972476046524188e-01 -1.424469945190676601e+00
4.174199999952996826e+10 3.159226174112156338e-01 -1.501771139102081598e+00
4.174199999953646851e+10 2.012146220977303335e-01 -1.067218285787865373e+00
4.174199999954972839e+10 3.665218151376007372e-01 -6.494455606193141328e-01
4.174199999961933899e+10 5.298297782575969173e-01 -2.365034429553384276e-01
4.174199999973480225e+10 6.418160958737861854e-01 1.832153516424872564e-01
4.174200000012719727e+10 7.220221971676159534e-01 3.872436678165980806e-01
