3.478500000000000000e+10 0.000000000000000000e+00 0.000000000000000000e+00
3.478499999985892487e+10 -1.880232110181882244e-01 -3.030889789126529621e-01
3.478499999964605713e+10 -2.729192156671034764e-01 4.477213916065314603e-03
3.478499999964017487e+10 -2.825231278554261594e-01 3.878721649524912718e-01
3.478499999969178009e+10 9.058137139979122177e-02 4.603168713811511270e-01
3.478499999961831665e+10 1.671357711979896410e-01 8.289102638791068234e-01
3.478499999986955261e+10 4.447844524034392233e-01 7.457739156159592930e-01
3.478499999993228912e+10 3.994047808758701135e-01 1.121438168599714791e+00
3.478499999991627502e+10 6.425969880310002935e-01 1.417613134056421087e+00
3.478500000018389130e+10 7.307152480367897773e-01 1.677872755802676252e+00
