2.087100000000000000e+10 0.000000000000000000e+00 0.000000000000000000e+00
2.087099999976802444e+10 2.101169119032485488e-01 4.439523276200507684e-02
2.087099999966117096e+10 -5.472957103598047324e-02 1.799359185566355157e-01
2.087099999942205048e+10 -2.418486244170376387e-01 9.195145922447929554e-02
2.087099999932045746e+10 -2.868792884945547961e-01 -2.039935424252585783e-01
2.087099999903909683e+10 -2.311319082497737543e-01 -3.368884547885740988e-01
2.087099999885412216e+10 -9.896523000270443515e-02 -1.172328967342724793e-01
2.087099999872443390e+10 -1.204715769393053665e-01 -4.047231781289226671e-01
2.087099999881411362e+10 -2.950300178410629748e-01 -6.525524733577914294e-01
2.087099999905979156e+10 -4.916949924518461135e-01 -6.825096663587614243e-01
2.087099999892264938e+10 -7.319892092251434335e-01 -8.354251703398540840e-01
2.087099999890438843e+10 -1.045806095031780680e+00 -8.019866605275133287e-01
2.087099999920929337e+10 -1.125409919398236092e+00 -8.270644546790482110e-01
2.087099999916300964e+10 -1.115030759514517245e+00 -5.145221033004004907e-01
2.087099999927195740e+10 -8.703403155319082707e-01 -3.466255831501439122e-01
2.087099999935707855e+10 -8.153167745448056669e-01 -4.719412247455689879e-02
2.087099999905888748e+10 -7.329626135936940790e-01 1.787209328683045384e-02
2.087099999926727295e+10 -6.005213636418181844e-01 -1.795281042961794360e-01
2.087099999934778595e+10 -9.010970915525517988e-01 -2.352474582058138586e-01
2.087099999943169403e+10 -6.563492041261222987e-01 -4.168806703719309392e-01
2.087099999945045090e+10 -3.790715891628614331e-01 -5.675391511031215863e-01
2.087099999970093536e+10 -5.244354270672603180e-01 -6.942633691794314332e-01
2.087099999978243637e+10 -7.898020434447641236e-01 -5.430333129334494746e-01
2.087099999992345047e+10 -6.637542182183088224e-01 -7.963307325718598229e-01
2.087099999995037460e+10 -7.145544734346856997e-01 -1.107179544690255923e+00
2.087100000003412247e+10 -8.215896011469123739e-01 -1.392595875261555038e+00
2.087100000013135910e+10 -7.812536447981859311e-01 -1.094517189289808456e+00
