4.174200000000000000e+10 0.000000000000000000e+00 0.000000000000000000e+00
4.174200000003172302e+10 4.387725756895548002e-01 9.224277284780489639e-02
4.174199999970865631e+10 1.270520338217964729e-01 7.005112869146233601e-02
4.174199999962818909e+10 -2.462717466982637937e-01 -1.669937282162448633e-01
4.174199999966588593e+10 -1.527191755591573719e-01 -6.050159267713203226e-01
4.174199999927564240e+10 -2.686739841951055752e-01 -7.955425398372892865e-01
4.174199999919559479e+10 -9.562490316261368362e-02 -1.202583320702115488e+00
4.174199999938331604e+10 -4.704266063017870092e-02 -1.608092204283555926e+00
4.174199999978902435e+10 -2.350216429097567727e-01 -1.653962066927552987e+00
4.174199999983026123e+10 4.171187059416661680e-02 -1.302174441687656614e+00
4.174200000002033234e+10 2.877129519630740040e-01 -1.626814924590815226e+00
4.174199999979055023e+10 -6.446260505769896287e-02 -1.468045212917881148e+00
4.174199999958689880e+10 -9.363790833902624344e-02 -1.068406532559677657e+00
4.174199999976775360e+10 -9.965790404182561790e-02 -1.479858772616423623e+00
4.174199999976994324e+10 -9.925470058193168466e-02 -1.929337792437117560e+00
4.174199999967252350e+10 -3.412997976282641233e-01 -2.295342629107042232e+00
4.174199999982556152e+10 -7.072885418206813490e-01 -2.083994737026300115e+00
4.174199999938825989e+10 -7.344900779815011216e-01 -2.184307020840011493e+00
4.174199999954636383e+10 -1.132825868695826577e+00 -2.319833547710095534e+00
4.174199999957266998e+10 -9.992487150089239822e-01 -2.748204378639814038e+00
4.174199999936206818e+10 -9.185528984448769751e-01 -2.359395247728485856e+00
4.174199999937545776e+10 -1.021180344133179485e+00 -1.921988601451521061e+00
4.174199999954996490e+10 -1.424736235810151630e+00 -1.828569075882045203e+00
4.174199999973431396e+10 -1.074254492599469923e+00 -2.041208138266812355e+00
4.174199999990659332e+10 -1.051188820431302240e+00 -2.455726342195957201e+00
4.174200000013674164e+10 -7.429346292907574867e-01 -2.688203909566782457e+00
