6.261300000000000000e+10 0.000000000000000000e+00 0.000000000000000000e+00
6.261299999934397125e+10 8.525197518951478370e-01 1.065292864606827594e+00
6.261299999916741180e+10 9.915146110126527024e-01 -4.318782856774687762e-01
6.261299999815421295e+10 1.296835028295874714e+00 6.508126615983820251e-01
6.261299999857511139e+10 -9.490271450092846450e-02 1.072625823112475230e+00
6.261299999772143555e+10 8.896608749376440084e-01 1.843264405885141510e+00
6.261299999900384521e+10 1.239337270832096882e+00 1.118587398328418914e+00
6.261299999889562225e+10 1.454719325354969506e+00 2.613215209206655842e+00
6.261299999889616394e+10 1.455551808371934985e+00 1.099275706270908648e+00
6.261299999856034851e+10 1.964885045858691726e+00 2.484852341202267390e+00
6.261299999737380219e+10 2.478840486011953725e+00 3.272238655261568763e+00
6.261299999712978363e+10 1.000733197206362890e+00 3.053905541065644158e+00
6.261299999713304901e+10 4.247537092835401706e-01 4.453995105239872743e+00
6.261299999644013214e+10 5.516493642767535954e-01 5.794059562079303838e+00
6.261299999699884796e+10 -8.382419624073801367e-01 5.574843829474806611e+00
6.261299999666780853e+10 -2.221846972597347758e+00 6.092591631332102686e+00
6.261299999663574982e+10 -2.320888211724843941e+00 4.582235108385058986e+00
6.261299999776751709e+10 -2.104587757594233555e+00 5.564239862486076937e+00
6.261299999778498077e+10 -1.698268550627978879e+00 4.105948537265506459e+00
6.261299999628328705e+10 -1.559796108179946295e+00 3.972661368378051172e+00
6.261299999547042084e+10 -1.044996031785716095e+00 2.803799568320080482e+00
6.261299999662126160e+10 -8.753845016393974054e-01 1.834881167284240888e+00
6.261299999661647797e+10 -1.140483237805742789e-01 5.263101334020643396e-01
6.261299999546771240e+10 2.545340570493911936e-02 1.502473511970104258e+00
6.261299999497931671e+10 -8.736797101111538622e-01 3.866589717599719922e-01
6.261299999477354431e+10 -1.149639200345318857e+00 -1.087626279379752647e+00
6.261299999534226990e+10 -1.843681564107636506e+00 1.317479632592932770e-01
6.261299999633222198e+10 -7.019689692501180911e-01 3.955693517775403512e-02
6.261299999643054199e+10 -2.219438358192749594e-01 1.472010433821508313e+00
6.261299999535871124e+10 -8.171784491766618252e-01 2.360202256264750886e+00
6.261299999454700470e+10 -1.732743041770740344e+00 1.468638872445237720e+00
6.261299999410417175e+10 -3.159896065569324897e+00 1.711845374799170871e+00
6.261299999331141663e+10 -3.494537218918519983e+00 4.662274455290316144e-01
6.261299999346064758e+10 -4.998230129212640094e+00 5.592458943659729398e-01
6.261299999359849548e+10 -5.400808516553426308e+00 2.012153846025378723e+00
6.261299999467046356e+10 -4.819075963609813940e+00 1.115225502946731062e+00
6.261299999552665710e+10 -4.589305613795271910e+00 -1.120283359330289663e-01
6.261299999418054199e+10 -4.820299943968743506e+00 -7.651899764517006153e-01
6.261299999513356781e+10 -5.962842087156061233e+00 -4.852837925098245075e-01
6.261299999404436493e+10 -6.279319136516746447e+00 5.174608062780206019e-01
6.261299999405392456e+10 -6.253800426324328754e+00 -9.962337664675080529e-01
6.261299999454028320e+10 -6.417388774530083495e+00 -2.420560636026872103e+00
6.261299999480952454e+10 -6.704839661973537090e+00 -3.882372615268362637e+00
6.261299999626818085e+10 -6.468204575529541422e+00 -3.553233915161175815e+00
6.261299999622670746e+10 -7.980016261461775784e+00 -3.621929688897005839e+00
6.261299999683576202e+10 -7.119396239056228204e+00 -4.708390542774298915e+00
6.261299999550476074e+10 -6.987174756600063930e+00 -3.999195323336250940e+00
6.261299999692265320e+10 -7.412501459914904167e+00 -4.316530116958381846e+00
6.261299999572193909e+10 -6.540426026203064680e+00 -4.016903116369485716e+00
6.261299999446591187e+10 -7.382195232222716896e+00 -4.093274289539206912e+00
6.261299999501622009e+10 -7.325859657059409891e+00 -2.684020252846032850e+00
6.261299999499311066e+10 -8.560740505566279523e+00 -1.808492383722894337e+00
6.261299999644903564e+10 -8.627491678126148145e+00 -1.398815330972763116e+00
6.261299999518498230e+10 -7.849770491768456537e+00 -1.697701875090194434e+00
6.261299999619653320e+10 -8.332020096162729317e+00 -6.797578045460561658e-01
6.261299999717918396e+10 -8.975368041504260930e+00 2.754998513224091727e-01
6.261299999709504700e+10 -9.031819791195122349e+00 1.786045534225940479e+00
6.261299999583758545e+10 -8.219546975973448966e+00 2.011896838612488470e+00
6.261299999455716705e+10 -7.953357305477451789e+00 1.249209795710316317e+00
6.261299999340628052e+10 -8.883873923349758783e+00 1.567986260057088188e+00
6.261299999260501862e+10 -7.767296943127873554e+00 2.203007636170481565e+00
6.261299999370641327e+10 -8.026222724240424711e+00 1.197075701412381843e+00
6.261299999349139404e+10 -6.528673821755713647e+00 1.253009400844370846e+00
6.261299999297317505e+10 -5.227830527963863716e+00 1.828567552095234028e+00
6.261299999345607758e+10 -5.478713765939465574e+00 4.158134770816324099e-01
6.261299999323799133e+10 -5.760442889978688363e+00 1.887235388485695164e+00
6.261299999446021271e+10 -6.538549738775234488e+00 2.326263755779356845e+00
6.261299999345195770e+10 -6.515629745870164413e+00 1.197141930238486474e+00
6.261299999370217133e+10 -5.116171683713812257e+00 1.717644269585217653e+00
6.261299999321720123e+10 -4.325080746877496551e+00 2.913886902724434069e+00
6.261299999330115509e+10 -3.688944382585054527e+00 1.542647857549606316e+00
6.261299999353420258e+10 -2.464982271503297184e+00 2.402659046648700780e+00
6.261299999394412994e+10 -2.104476566739653443e+00 9.905658535681667320e-01
6.261299999429080200e+10 -2.999831734074692946e+00 2.161109299781586834e+00
6.261299999540926361e+10 -4.018460690640003108e+00 2.219808599969968377e+00
6.261299999511975098e+10 -3.494652892382240417e+00 3.610427572441977428e+00
6.261299999577470398e+10 -3.725534912948374799e+00 4.955696196867986458e+00
6.261299999660094452e+10 -2.704064046125967735e+00 5.707982506130011124e+00
6.261299999700661469e+10 -2.813033524427195342e+00 4.253482713307896290e+00
6.261299999686770630e+10 -2.880352493422164262e+00 5.759532517361664716e+00
6.261299999720992279e+10 -2.368775137055615154e+00 4.376350501910094337e+00
6.261299999721238708e+10 -2.615238726008281667e+00 5.870091924999802480e+00
6.261299999700424957e+10 -2.562223277931001686e+00 7.368718224226097568e+00
6.261299999838954926e+10 -2.876937261596322237e+00 7.892077223477325987e+00
6.261299999908099365e+10 -2.665145350667587731e+00 6.562017297410506877e+00
6.261299999823645020e+10 -2.404245788890888136e+00 7.791119763112057228e+00
6.261299999873464203e+10 -9.754198265105538113e-01 7.743435764727121473e+00
6.261299999748914337e+10 -7.160468605202776615e-01 6.922787790987340095e+00
6.261299999892815399e+10 -3.916223525870129452e-01 6.582196721761739866e+00
6.261299999861850739e+10 2.825226610975968278e-01 7.901917020051890006e+00
6.261299999772978210e+10 -6.586394198050673499e-01 8.687027417320884126e+00
6.261299999687285614e+10 -5.097188464972912669e-02 7.596873212239611206e+00
6.261299999792952728e+10 8.877554927915898286e-01 8.139318882446069381e+00
6.261299999718744659e+10 2.207338174577452072e+00 8.144543063172134723e+00
6.261299999594875336e+10 3.060278316460750769e+00 8.318168038281461563e+00
6.261299999602894592e+10 2.787523110431055606e+00 6.831161690540362486e+00
6.261299999572898865e+10 2.658125382482625643e+00 8.309435679073695624e+00
6.261299999436680603e+10 2.160933857281053694e+00 7.874386336971330280e+00
6.261299999335535431e+10 1.041706993215392396e+00 7.746647149892496920e+00
6.261299999413063812e+10 1.693183312314625155e+00 8.872048036431564810e+00
6.261299999492951965e+10 2.382780138837685691e+00 9.957525538119172737e+00
6.261299999342169952e+10 2.442471518802102448e+00 9.835322614733723157e+00
6.261299999337847900e+10 2.404013739761898805e+00 8.322488645528846263e+00
6.261299999348703003e+10 2.798732738488077132e+00 9.780030378560075732e+00
6.261299999300256348e+10 2.625271582583329710e+00 8.356227682766164122e+00
6.261299999390674591e+10 1.868749407448442534e+00 7.406418508582820692e+00
6.261299999438242340e+10 1.435158878260530235e+00 6.036109834840754473e+00
6.261299999510446167e+10 1.442797498680448154e-01 5.713149937288693359e+00
6.261299999531715393e+10 5.992060922930851907e-01 4.284927995955118973e+00
6.261299999430300140e+10 -5.040740784539791131e-01 4.069814141112967576e+00
6.261299999419314575e+10 -1.310401148261986393e+00 5.346443579925395539e+00
6.261299999484162903e+10 -2.081272600205302581e+00 4.216293424158464198e+00
6.261299999340859222e+10 -1.838761036221070455e+00 4.640086774973645412e+00
6.261299999362793732e+10 -4.379271758167719852e-01 4.109458537856369276e+00
6.261299999392395020e+10 -5.219104536559966423e-01 5.591800971716399005e+00
6.261299999357485199e+10 2.558597861321610933e-01 4.340713873786126165e+00
6.261299999489962769e+10 -3.507228012802736661e-01 3.929580223327580946e+00
6.261299999440221405e+10 -1.696624611793036808e+00 4.412426851019217722e+00
6.261299999582121277e+10 -2.187890404120773624e+00 4.605077759247000913e+00
6.261299999515618134e+10 -1.017421079215712121e+00 5.297717385603304407e+00
6.261299999509927368e+10 -1.048787550117130207e+00 3.785172812333823966e+00
6.261299999469812775e+10 -2.189053344375646581e-02 2.747591001959970747e+00
6.261299999521035767e+10 -1.121685626191871732e+00 3.653177620374785661e+00
6.261299999596001434e+10 -1.858308040205311151e+00 2.563490102626739819e+00
6.261299999517573547e+10 -1.331729784340743850e+00 3.746551068388645156e+00
6.261299999414934540e+10 -2.311872966875153423e+00 3.219434844450796085e+00
6.261299999455995941e+10 -9.850620676396872888e-01 2.616952192907383345e+00
6.261299999478402710e+10 -1.136822881803165597e+00 1.127397020051871479e+00
6.261299999448458862e+10 3.442424079067611942e-01 1.221172656143453938e+00
6.261299999425169373e+10 -3.990942440336738839e-01 2.519335073872588371e+00
6.261299999310009766e+10 -3.707304295016815576e-01 1.536973253243016035e+00
6.261299999168269348e+10 -2.819846295435521899e-01 1.012462618258573199e+00
6.261299999052820587e+10 -7.489402781830789557e-01 1.515741118861424486e-01
6.261299999107247162e+10 -1.920857475806474701e+00 -6.373474181085782009e-01
6.261299999209589386e+10 -2.880961629841724658e+00 -6.917344607427056147e-02
6.261299999083258057e+10 -3.095023639509511870e+00 -8.755398445639758220e-01
6.261299999074757385e+10 -3.119218721386461723e+00 -2.386897646711928278e+00
6.261299998993983459e+10 -2.558638724688289123e+00 -3.538121822690596829e+00
6.261299999117249298e+10 -1.970478440001719012e+00 -4.191294241741680082e+00
6.261299999205275726e+10 -3.202198965595000502e+00 -4.187905825977094487e+00
6.261299999112799072e+10 -4.274187490526800026e+00 -3.651565717192256422e+00
6.261299998978916931e+10 -3.659374654114515124e+00 -3.302895079192750050e+00
6.261299999062141418e+10 -4.676559242509720882e+00 -4.054371492218033168e+00
6.261299998930593109e+10 -5.332710518745997774e+00 -4.416301143771608650e+00
6.261299998994059753e+10 -5.722281418766788086e+00 -3.098178325185053872e+00
6.261299999088703156e+10 -4.731175569812143600e+00 -2.454760561595706214e+00
6.261299999124576569e+10 -4.794004712385020461e+00 -3.924242783851946914e+00
6.261299999023426819e+10 -5.766283979324496656e+00 -3.355416016907025067e+00
6.261299999059588623e+10 -6.083924873822653900e+00 -1.920023962135537721e+00
6.261299999075540161e+10 -4.921177338202999074e+00 -2.876363860825742691e+00
6.261299999154639435e+10 -5.782953903845900356e+00 -1.915281193835049134e+00
6.261299999096312714e+10 -6.155980415091147684e+00 -3.261632736947980504e+00
6.261299999153720093e+10 -6.213201694751948168e+00 -4.661340381652890663e+00
6.261299999252129364e+10 -7.273578752074586262e+00 -5.107626749938195765e+00
6.261299999278882599e+10 -8.436558216098593022e+00 -6.039249312815587523e+00
6.261299999214069366e+10 -8.737600730857138842e+00 -4.704590254673691518e+00
6.261299999243826294e+10 -1.014313016716136495e+01 -4.227145365724414461e+00
6.261299999199622345e+10 -1.113245568759090531e+01 -5.284430141250341606e+00
6.261299999199237061e+10 -1.112898567289237839e+01 -3.770499196852139967e+00
6.261299999186873627e+10 -1.247368776397163259e+01 -3.086025463949660264e+00
6.261299999297344971e+10 -1.226263977656246418e+01 -4.099476392291200533e+00
6.261299999277030182e+10 -1.239424321853394773e+01 -5.593941638149092732e+00
6.261299999339894867e+10 -1.116268379102776542e+01 -4.977436109002534081e+00
6.261299999387202454e+10 -1.179251209478541185e+01 -6.270313186744146172e+00
6.261299999485694122e+10 -1.222545742680144798e+01 -5.205179226984704144e+00
6.261299999578469086e+10 -1.118609768527018211e+01 -4.612706926467366131e+00
6.261299999559249115e+10 -1.176725928463939574e+01 -3.228032098454637122e+00
6.261299999414349365e+10 -1.215368225143089553e+01 -3.435647350135866418e+00
6.261299999396878052e+10 -1.230258390124529555e+01 -1.939212582748641056e+00
6.261299999425666809e+10 -1.134502838397131086e+01 -3.075972748636034204e+00
6.261299999493839264e+10 -1.188969860151865454e+01 -4.313146331341974893e+00
6.261299999368141174e+10 -1.223762995560501388e+01 -3.544414843644241753e+00
6.261299999367448425e+10 -1.205140718694232760e+01 -2.041987834835989002e+00
6.261299999368301392e+10 -1.232255104788065303e+01 -5.525510319201860643e-01
6.261299999425667572e+10 -1.103380633706312075e+01 -2.952091437394166462e-03
6.261299999451691437e+10 -1.212078066535300636e+01 1.018212033848657549e+00
6.261299999539684296e+10 -1.108015454517906129e+01 1.677631644704364433e+00
6.261299999511891937e+10 -9.793223754328845843e+00 2.425015350684738280e+00
6.261299999389291382e+10 -9.576585980600016867e+00 1.563629292697875872e+00
6.261299999400311279e+10 -1.012021018469989819e+01 1.549621987211320384e-01
6.261299999431543732e+10 -8.766574586151314463e+00 -4.468184544555678928e-01
6.261299999474156189e+10 -7.361059145080415256e+00 -7.945353322865195134e-02
6.261299999557660675e+10 -7.999511652873670720e+00 -1.168992912959325059e+00
6.261299999654897308e+10 -8.101196190414873044e+00 -2.324926803623918126e+00
6.261299999512641907e+10 -8.112577002427780570e+00 -2.842830882323144515e+00
6.261299999524263000e+10 -8.424125207664237891e+00 -1.365858641493597370e+00
6.261299999422117615e+10 -9.160106575114769001e+00 -2.206682313434040310e+00
6.261299999322772217e+10 -1.025459477202320002e+01 -1.879320135514657597e+00
6.261299999242974854e+10 -1.100714991669490672e+01 -2.922828020060048715e+00
6.261299999319215393e+10 -1.222291040068157209e+01 -3.405196243769744058e+00
6.261299999374919128e+10 -1.230584287744047778e+01 -1.999903596872477651e+00
6.261299999521598816e+10 -1.264882294334595336e+01 -2.151211845806950684e+00
6.261299999475982666e+10 -1.359476105745664398e+01 -3.241685658027716244e+00
6.261299999446098328e+10 -1.225376590239564045e+01 -3.877639770437832922e+00
6.261299999419675446e+10 -1.207153829325570804e+01 -2.398115761784771927e+00
6.261299999377295685e+10 -1.257010834887161899e+01 -1.032891338880914223e+00
6.261299999372678375e+10 -1.254645852412935447e+01 -2.545942182245349628e+00
6.261299999488854980e+10 -1.184358347353663099e+01 -3.215481243346766771e+00
6.261299999471881866e+10 -1.178842394070544408e+01 -1.712097115778332901e+00
6.261299999589177704e+10 -1.263651892977290458e+01 -2.155852477433609860e+00
6.261299999609218597e+10 -1.264004343878432657e+01 -3.656465276216436688e+00
6.261299999523117065e+10 -1.273742876665027879e+01 -2.415019611825861112e+00
6.261299999525625610e+10 -1.249510919606577630e+01 -9.208088473099416138e-01
6.261299999635703278e+10 -1.150447298853782208e+01 -6.062474602123235634e-01
6.261299999624157715e+10 -1.156168594724728216e+01 9.021989744377565401e-01
6.261299999605789948e+10 -1.182727549863128225e+01 -5.769018043888844982e-01
6.261299999541445160e+10 -1.318003067486056956e+01 -7.960971735096746826e-01
6.261299999536910248e+10 -1.314709339046239300e+01 -2.308999159891563568e+00
6.261299999601698303e+10 -1.230173422257588456e+01 -1.233064057727719876e+00
6.261299999608387756e+10 -1.179143450514350988e+01 1.907102601402044240e-01
6.261299999608712769e+10 -1.181924558903336653e+01 1.704391127974320685e+00
6.261299999524471283e+10 -1.167279958723427846e+01 2.953750729273525888e+00
6.261299999539463806e+10 -1.243981622151557076e+01 4.250369837938856143e+00
6.261299999666828156e+10 -1.167215659072050471e+01 3.966554283179322571e+00
6.261299999536984253e+10 -1.143907717895449316e+01 4.709354908202209700e+00
6.261299999490802002e+10 -1.204004976152486961e+01 3.398794843709627145e+00
6.261299999385267639e+10 -1.296703659617618065e+01 3.963562198095176292e+00
6.261299999526602173e+10 -1.263602084591051522e+01 4.393562561021085777e+00
6.261299999625669861e+10 -1.280482401177545171e+01 3.261270817262249988e+00
6.261299999674477386e+10 -1.270166836849554670e+01 4.690661071739406829e+00
6.261299999794639587e+10 -1.195457824195458407e+01 5.229147534781359852e+00
6.261299999805201721e+10 -1.212972610067338231e+01 3.729087264251227385e+00
6.261299999832904053e+10 -1.268951252820281006e+01 5.108184797924091747e+00
6.261299999868901062e+10 -1.240027205306908442e+01 6.549980220221199190e+00
6.261299999839199829e+10 -1.350889389862959966e+01 7.537276368595247966e+00
6.261299999910230255e+10 -1.366460983114752104e+01 8.865143594446738717e+00
6.261299999977565002e+10 -1.419980571478592601e+01 1.011100990061430593e+01
6.261299999957800293e+10 -1.378256297197197888e+01 8.669185798479126959e+00
6.261299999996922302e+10 -1.318191242140176911e+01 7.335702010458902578e+00
6.261299999851921844e+10 -1.281861437307148677e+01 7.095901825630427595e+00
6.261299999850054932e+10 -1.329873603707989105e+01 5.660231806724699055e+00
6.261299999953871918e+10 -1.353893097499725862e+01 4.584815607476236288e+00
6.261300000096498871e+10 -1.305611933033163830e+01 4.427808556728193956e+00
