5.565600000000000000e+10 0.000000000000000000e+00 0.000000000000000000e+00
5.565599999962230682e+10 1.389067266605720392e-02 7.040450724414876182e-01
5.565599999907675934e+10 4.829962637847349249e-01 3.564251915901809342e-01
5.565599999887669373e+10 9.533911149566078880e-01 9.706117691975437722e-01
5.565599999881906891e+10 9.215789015483716318e-01 1.742503199497713595e-01
5.565599999948700714e+10 1.119967059516956631e+00 -2.169348018099404585e-01
5.565599999872470093e+10 8.922140856232896322e-01 -1.424950464598434552e-01
5.565599999913413239e+10 7.974006332579235412e-01 5.371393118206324591e-01
5.565599999888259125e+10 8.872683328218547993e-01 -2.159712442464367665e-01
5.565599999944425201e+10 4.620401981870426722e-01 -5.931168940893241093e-01
5.565599999944328308e+10 4.634602464326773585e-01 2.059581210257324102e-01
5.565599999961311340e+10 1.033699061946298903e+00 7.393521989847472442e-01
5.565600000028996277e+10 1.373893409241221608e+00 9.936562468702749840e-01
