3.478500000000000000e+10 0.000000000000000000e+00 0.000000000000000000e+00
3.478499999965279388e+10 -8.735983348749871980e-02 1.375970770668366594e-01
3.478499999964915466e+10 -9.007907884172630664e-02 -2.459363805821411231e-01
3.478499999991946411e+10 -3.281361013074536315e-01 -3.777737700633223006e-01
3.478499999986090851e+10 4.455867564052978791e-02 -3.085767206323705159e-01
3.478499999986788177e+10 3.949644268454972906e-02 7.488675644258524500e-02
3.478499999999520874e+10 6.224649260697338871e-02 4.359796454879266703e-01
3.478499999989060211e+10 7.465662710880036079e-02 8.047905674062856285e-01
3.478500000007118988e+10 1.168960656568846235e-01 4.690502402030253815e-01
3.478500000036457825e+10 3.555812854528273559e-01 4.052529552044469852e-01
