4.869900000000000000e+10 0.000000000000000000e+00 0.000000000000000000e+00
4.869899999972866821e+10 -4.143092020439561596e-01 -2.699752092041012852e-01
4.869899999965744781e+10 -8.390120985162996536e-02 1.815994554521749849e-01
4.869899999909797668e+10 -4.147727757648943941e-02 1.236521967288615742e-01
4.869899999891129303e+10 4.201262914916855662e-01 3.886652142185432757e-01
4.869899999888796997e+10 4.339503018321547168e-01 -1.747408644789052445e-01
4.869899999933080292e+10 5.074289813962502560e-01 -5.162948975732620793e-01
4.869899999967565918e+10 1.207906148886934705e-01 -7.393331977713107905e-01
4.869899999981590271e+10 -1.501741615228059379e-01 -1.213750242724846551e+00
4.869899999977352905e+10 -1.332741416827746828e-01 -1.775960309133825188e+00
4.869899999945585632e+10 3.147340060565146924e-01 -1.904541629302343608e+00
4.869899999993355560e+10 4.917730470794836606e-01 -1.662419116490828186e+00
4.869899999963667297e+10 4.942329726794175704e-01 -2.142017668906745609e+00
4.869899999967911530e+10 2.384410279503860752e-01 -1.641087983623141788e+00
4.869899999956330109e+10 -9.861175399412652753e-02 -1.203887659921233144e+00
4.869899999971413422e+10 -1.021568193343858760e-01 -1.747392252066432672e+00
4.869899999956430817e+10 -1.722201496275313493e-02 -1.210271358249299212e+00
4.869899999972248840e+10 -6.239636154221454845e-04 -6.691013712040283501e-01
4.869899999924491119e+10 -2.994109907383585290e-01 -6.406635636940420930e-01
4.869899999976624298e+10 -2.152575623137753524e-01 -8.388804932615578913e-01
4.869899999990057373e+10 1.930217692320558842e-01 -4.736071717726692554e-01
4.869900000030532074e+10 2.835407121426664068e-02 -8.302968257238421135e-01
