4.869900000000000000e+10 0.000000000000000000e+00 0.000000000000000000e+00
4.869899999972299194e+10 1.162581471648215237e-01 4.774035909114751064e-01
4.869899999974378204e+10 4.465599776805339594e-01 9.341639481345795915e-01
4.869899999947555542e+10 3.237857228984478697e-01 1.414938671734309095e+00
4.869899999902697754e+10 5.621899827656530180e-01 1.169779710324543309e+00
4.869899999852845764e+10 8.256382572821714394e-01 1.185101259406425855e+00
4.869899999848612976e+10 1.095127193152311218e+00 1.678807066879943743e+00
4.869899999883663940e+10 1.006909899722362223e+00 1.245768438971842418e+00
4.869899999860650635e+10 1.245395534619045286e+00 1.702194644522257549e+00
4.869899999852807617e+10 1.065054918570387255e+00 2.230860893450910876e+00
4.869899999863771057e+10 1.529967855095893503e+00 2.530858055640368587e+00
4.869899999834302521e+10 1.051554580022117324e+00 2.580299473962476497e+00
4.869899999831360626e+10 1.059806914683511181e+00 3.143529540408932288e+00
4.869899999807900238e+10 1.033428110806936973e+00 3.655806939374093290e+00
4.869899999840206909e+10 1.120833165261325259e+00 4.109842687636324321e+00
4.869899999826349640e+10 1.663221683952468055e+00 4.178943021623860332e+00
4.869899999811772919e+10 2.088156875071307539e+00 4.520035071317854758e+00
4.869899999817208862e+10 2.576730429202203076e+00 4.243444948119929450e+00
4.869899999805918121e+10 2.655178390663754495e+00 3.696399451562494942e+00
4.869899999751017761e+10 2.555523504011567582e+00 3.778994245046349398e+00
4.869899999735014343e+10 2.115899574218387258e+00 4.094082286801675075e+00
4.869899999742716980e+10 1.616211280482250823e+00 4.344161852105205668e+00
4.869899999696653748e+10 1.821132624659864696e+00 4.597120216769342349e+00
4.869899999715917969e+10 2.117959373704849657e+00 5.036374390863793238e+00
4.869899999731415558e+10 2.133923469495950354e+00 5.578490125066498884e+00
4.869899999713838196e+10 1.724733873652328997e+00 5.232327420154667230e+00
4.869899999722816467e+10 2.239723913553175016e+00 5.020465070815634867e+00
4.869899999719960022e+10 2.477995718888714283e+00 4.510002541439000368e+00
4.869899999723612213e+10 2.609708272624077008e+00 5.057249674151063523e+00
4.869899999779138947e+10 2.526698824677721777e+00 5.111517397181775557e+00
4.869899999779850769e+10 2.506678313693560423e+00 4.547859633111248634e+00
4.869899999805117798e+10 2.003091204675821135e+00 4.521027377079992249e+00
4.869899999826007843e+10 2.308081921629034916e+00 4.947058132116480600e+00
4.869899999804634094e+10 2.035008357159923342e+00 5.391926460832633161e+00
4.869899999850996399e+10 1.950307759008497621e+00 5.082026082117065968e+00
4.869899999884796143e+10 1.655852167370075678e+00 5.424390627675347076e+00
4.869899999881036377e+10 1.582965399958374597e+00 5.982454680187678342e+00
4.869899999881670380e+10 1.747799198877676874e+00 5.443055784236972450e+00
4.869899999880471039e+10 1.831121581148634103e+00 4.885314791924416866e+00
4.869899999915055847e+10 2.252210826613659123e+00 5.031030713764990558e+00
4.869899999915099335e+10 2.004828058631792587e+00 4.524115401374178447e+00
4.869899999903303528e+10 2.381070371850743328e+00 4.927462632786205887e+00
4.869899999947193909e+10 2.726846223605643438e+00 5.004698178711602274e+00
4.869899999997158813e+10 2.721130234706015116e+00 5.266380243337807521e+00
4.869899999990036011e+10 2.594024856560774861e+00 5.811295207650975847e+00
4.869899999969932556e+10 2.767261397229822784e+00 6.309024417968566389e+00
4.869899999980740356e+10 2.677478622886219739e+00 6.855302427890641148e+00
4.869899999931568909e+10 2.544653821090948842e+00 7.097661388136222271e+00
4.869899999976580048e+10 2.804816330094120236e+00 6.878855801732279396e+00
4.869899999940885925e+10 2.903885402773411784e+00 6.453483054526446772e+00
4.869899999929756165e+10 3.162913800147046484e+00 5.964935449910174547e+00
4.869899999951406860e+10 3.426079697576605909e+00 6.414412182783753025e+00
4.869899999951183319e+10 3.206633817318331747e+00 6.934027488151464524e+00
4.869899999932530975e+10 3.493218217081890842e+00 7.382625696929938641e+00
4.869899999935446930e+10 4.053724518153414280e+00 7.438695134776907025e+00
4.869899999934849548e+10 4.085747401650421828e+00 8.001811861463714592e+00
4.869899999952164459e+10 3.549573848764123962e+00 7.975389327732624878e+00
4.869899999976037598e+10 3.192700089257581197e+00 8.341190754850520861e+00
4.869900000007144928e+10 3.229038487989597694e+00 7.872067816847589050e+00
4.869900000057409668e+10 3.390496626370778088e+00 7.673477299541398011e+00
