6.957000000000000000e+09 0.000000000000000000e+00 0.000000000000000000e+00
6.956999999843396187e+09 -2.445055273986627975e-01 -1.125785629230421567e-02
6.956999999685801506e+09 -4.744846244060412221e-01 -9.316034106637176293e-02
6.956999999439717293e+09 -3.397820215213088191e-01 -1.745015104983496657e-02
6.956999999298084259e+09 -4.592803698204189766e-01 -2.412687275095097561e-01
6.956999999525668144e+09 -4.383151053179735190e-01 -4.207142121699538606e-01
6.956999999464446068e+09 -4.273013235377106089e-01 -7.045540027266103955e-01
6.956999999445767403e+09 -3.642347780417271030e-01 -9.875879715284477944e-01
6.956999999364401817e+09 -5.772703209744652897e-01 -8.075045673827803139e-01
6.956999999429075241e+09 -7.321961078227762210e-01 -5.703341664622048057e-01
6.956999999542947769e+09 -8.045047782415387649e-01 -8.277035094442883878e-01
6.956999999324276924e+09 -7.413063145937800469e-01 -1.008323523203435990e+00
6.956999999541802406e+09 -5.542500513278298957e-01 -9.622029533336133866e-01
6.956999999360469818e+09 -5.501169484212508065e-01 -7.351878799510745965e-01
6.956999999446848869e+09 -5.638427844746111139e-01 -4.580873312544788689e-01
6.956999999486575127e+09 -5.715623404597898194e-01 -7.458315001824811219e-01
6.956999999308447838e+09 -6.388703270782375432e-01 -5.263438131855942004e-01
6.956999999306099892e+09 -6.408128232955013770e-01 -2.357836471271279044e-01
6.956999999156385422e+09 -6.600440774152817047e-01 1.251101636873969136e-02
6.956999998902045250e+09 -7.987186911730748129e-01 3.520156459626740120e-02
6.956999998687248230e+09 -9.869430723519532211e-01 -1.835348451775102585e-02
6.956999998579120636e+09 -1.055358401901161036e+00 2.425338909082256911e-01
6.956999998578879356e+09 -1.061590088489433814e+00 -4.797532697746220709e-02
6.956999998631894112e+09 -1.208477491292563766e+00 -2.930222742531062852e-01
6.956999998670228004e+09 -1.215566052454798873e+00 -5.073083141872769541e-03
6.956999998959326744e+09 -1.200637384798552532e+00 -3.023903008994173469e-02
6.956999999053761482e+09 -1.203470594926932424e+00 -3.050271121066779334e-01
6.956999999185395241e+09 -1.385850776021842590e+00 -1.210581056436718927e-01
6.956999999072692871e+09 -1.646739145488755440e+00 -1.816381347669599466e-01
6.956999999117471695e+09 -1.839243131650780239e+00 3.136785146145057435e-02
6.956999999096912384e+09 -1.951847953952658532e+00 2.984482856160832753e-01
6.956999999298666954e+09 -1.742978196122811907e+00 2.883064139515684743e-01
6.956999999288058281e+09 -1.768476659975418253e+00 5.775671686903447455e-01
6.956999999569181442e+09 -1.696017205897717650e+00 5.899716877153902139e-01
6.956999999617843628e+09 -1.682137473720033416e+00 8.761077774414931518e-01
6.956999999901674271e+09 -1.731653063188627550e+00 9.138320748161741225e-01
6.956999999854085922e+09 -1.651152753139925489e+00 1.188949327012799984e+00
6.956999999856828690e+09 -1.363204184388591145e+00 1.227841457230053779e+00
6.957000000049414635e+09 -1.203812251213600693e+00 1.079722638954820679e+00
6.957000000117260933e+09 -1.485822817619750102e+00 1.062361273350690860e+00
