2.087100000000000000e+10 0.000000000000000000e+00 0.000000000000000000e+00
2.087099999985617065e+10 4.998050058965352455e-02 -2.770329363233076658e-01
2.087100000007369995e+10 2.356218260936439046e-01 -1.423102225672593646e-01
2.087099999996468353e+10 4.049057354318458257e-02 -3.658536548106513520e-01
2.087099999984338760e+10 3.152221018421776377e-01 -2.671484381672723507e-01
2.087099999982452774e+10 3.206793622959166479e-01 -5.826593777760779025e-01
2.087099999976016617e+10 4.581748527706677176e-01 -8.599413618187734532e-01
2.087099999983970642e+10 7.137596758300166488e-01 -6.917668904986690182e-01
2.087099999999403381e+10 7.713871064683217593e-01 -4.219612199672997388e-01
2.087100000027643585e+10 9.103835220203118084e-01 -4.513189940113616072e-01
