1.391400000000000000e+10 0.000000000000000000e+00 0.000000000000000000e+00
1.391399999984732246e+10 -2.571681209152573699e-01 -1.865337031239596224e-02
1.391399999986323166e+10 -7.060258436390648429e-02 2.153002373793624913e-01
1.391399999971541405e+10 1.447099448515671016e-01 6.838330890595212264e-02
1.391399999959223175e+10 2.100793051582658388e-01 -1.968469130652588661e-01
1.391399999951675224e+10 2.042889920439297236e-01 9.309001978200664995e-02
1.391399999923056602e+10 2.848347513202600378e-01 1.305627113257060434e-01
1.391399999896612740e+10 1.439209784964456951e-01 1.337293997870186435e-01
1.391399999884609222e+10 4.956979914500751760e-02 3.915732726557452636e-01
1.391399999857739067e+10 1.616098598630933414e-01 4.625672568781503124e-01
1.391399999861736870e+10 4.482961226554375012e-01 3.850634564336199439e-01
1.391399999882926559e+10 2.485797119004630185e-01 4.558247487121787067e-01
1.391399999899351692e+10 2.001504008264205214e-01 2.099183342546077913e-01
1.391399999893523979e+10 7.276300727611956232e-03 4.317231727639365690e-01
1.391399999916124535e+10 1.332286375595292116e-01 5.828916468189979661e-01
1.391399999929071045e+10 -6.072033752143968233e-02 3.946985184612596953e-01
1.391399999916146851e+10 8.287663590824267956e-02 6.237627211168830232e-01
1.391399999902324486e+10 -1.995103423100383355e-02 8.689454370595044441e-01
1.391399999877735710e+10 -1.304069311627468752e-01 9.998372167468638771e-01
1.391399999860915756e+10 -3.352829874307134417e-01 8.600912905146071985e-01
1.391399999852753830e+10 -1.260582436878362189e-01 6.617044404701456495e-01
1.391399999845599174e+10 -3.835651935233549414e-01 5.261859226875199580e-01
1.391399999833310509e+10 -5.593069244262488526e-01 7.354894946683773194e-01
1.391399999826537704e+10 -7.026082719593360615e-01 4.811830835836937714e-01
1.391399999824884987e+10 -6.906365873907357456e-01 7.801440582513216038e-01
1.391399999795932198e+10 -6.896408278529893021e-01 7.029024036734377034e-01
1.391399999824621582e+10 -7.723899871932613515e-01 6.776346127400572072e-01
1.391399999848504829e+10 -9.137042617508364106e-01 7.907000594033396501e-01
1.391399999846785927e+10 -1.062136286171393440e+00 5.309567547343607696e-01
1.391399999848254967e+10 -9.858132951825473445e-01 2.415554833871138563e-01
1.391399999838205338e+10 -8.997091033122689430e-01 -2.729551324034090731e-02
1.391399999853491974e+10 -6.451799689778759950e-01 -6.780581008941471977e-02
1.391399999853480148e+10 -6.456147659051802989e-01 -3.674621156029137525e-01
1.391399999853812790e+10 -8.412934856975797793e-01 -5.943825513902165625e-01
1.391399999827982521e+10 -9.137583205312276302e-01 -4.608797576847551980e-01
1.391399999816700935e+10 -1.187131557833404960e+00 -4.125710924757325371e-01
1.391399999793030357e+10 -1.003440685111938180e+00 -4.172997362624334405e-01
1.391399999801411438e+10 -1.178381330017776785e+00 -1.889016439564119021e-01
1.391399999798505783e+10 -8.805186198849455081e-01 -2.039874811207867678e-01
1.391399999804320908e+10 -1.100407900471457090e+00 -8.894657117331838947e-03
1.391399999797919655e+10 -1.160446155506893007e+00 -2.954114269824624772e-01
1.391399999771398735e+10 -1.030395552783963442e+00 -3.458562611428474542e-01
1.391399999772369576e+10 -1.032485863209010590e+00 -6.453483270993414234e-01
1.391399999770223236e+10 -9.174128929601459426e-01 -3.695012468594969790e-01
1.391399999770584106e+10 -8.323813042183068056e-01 -6.568176334117634685e-01
1.391399999751482964e+10 -9.712604766513892596e-01 -4.723682057748941343e-01
1.391399999741845131e+10 -8.441275713950167070e-01 -2.187097722925566701e-01
1.391399999769119072e+10 -7.409425653536867440e-01 -1.497150003581006195e-01
1.391399999773463058e+10 -7.913226183216166554e-01 1.424646516712437527e-01
1.391399999781414413e+10 -1.001391594246204386e+00 3.408145344833702906e-01
1.391399999779468346e+10 -1.279123457588782875e+00 2.299974420212392290e-01
1.391399999772024155e+10 -1.012556696527366462e+00 1.151295770467970769e-01
1.391399999772925949e+10 -7.150108628489426632e-01 1.494698623864273435e-01
1.391399999784579849e+10 -6.225024635991479593e-01 4.095752769190948994e-01
1.391399999794569969e+10 -5.422335365991068912e-01 1.387051586540235526e-01
1.391399999809963799e+10 -3.906249283835183661e-01 3.463386782413153120e-01
1.391399999829437256e+10 -1.818220942902001314e-01 4.372986339978663373e-01
1.391399999849116325e+10 -9.459762225539808389e-02 6.457681523312304162e-01
1.391399999854423332e+10 -1.282451378563230493e-02 9.291244543839288772e-01
1.391399999834311295e+10 7.326528872032106454e-02 1.133900338687850340e+00
1.391399999827428627e+10 2.409774115041243836e-01 8.953011364994062360e-01
1.391399999812745857e+10 1.318797260231511781e-01 6.579546111451414214e-01
1.391399999809033012e+10 1.564080792621914962e-02 9.316408387522792101e-01
1.391399999783569145e+10 1.310102915323746176e-01 1.039544332892363254e+00
1.391399999791399384e+10 1.102964270250002682e-01 1.328047191611936295e+00
1.391399999805753136e+10 -1.407343495857681370e-01 1.249468897606174078e+00
1.391399999778757095e+10 -6.843805197906197013e-02 1.141353237708184976e+00
1.391399999771800232e+10 -1.829034315341851458e-01 1.409405668556939384e+00
1.391399999765849495e+10 -2.955590266187400061e-01 1.680628065563883666e+00
1.391399999764185524e+10 -3.400584398099634198e-01 1.384761479952959506e+00
1.391399999772149277e+10 -2.154133221520377339e-01 1.645367608216003363e+00
1.391399999745484924e+10 -2.940306759736348030e-01 1.757235991026844468e+00
1.391399999751378822e+10 -5.133669618660610112e-01 1.561757226584448377e+00
1.391399999723551369e+10 -4.541291372216714195e-01 1.655820780822081284e+00
1.391399999735517883e+10 -7.248107910684526978e-01 1.702787384798323922e+00
1.391399999740333557e+10 -7.573846577349405695e-01 1.408824950671369258e+00
1.391399999761643600e+10 -5.825177714211927649e-01 1.291333886292382660e+00
1.391399999745954132e+10 -8.372888107011584591e-01 1.274901408560903615e+00
1.391399999754782486e+10 -7.756024329106865345e-01 9.952676994772768904e-01
1.391399999759070015e+10 -1.038934696301808458e+00 8.588422859687387945e-01
1.391399999741051483e+10 -1.268301322093929207e+00 7.901534250276952553e-01
1.391399999742060852e+10 -1.257993003332069204e+00 4.908442750223913076e-01
1.391399999759289932e+10 -1.204500091240815918e+00 7.301105273348402758e-01
1.391399999755853462e+10 -1.359271677446041160e+00 9.843917328671081268e-01
1.391399999774938202e+10 -1.505131381132941648e+00 1.163546007678246896e+00
1.391399999781815910e+10 -1.651082515618480517e+00 9.110342460076443771e-01
1.391399999766389084e+10 -1.529292468758638002e+00 6.848423196085169362e-01
1.391399999781416702e+10 -1.385711574942154245e+00 9.007024984777771692e-01
1.391399999792472267e+10 -1.112537551766478394e+00 9.549935884658732332e-01
1.391399999762978363e+10 -1.067624795580408348e+00 9.269193356223376368e-01
1.391399999774742126e+10 -1.341715738479337894e+00 9.557246653751175769e-01
1.391399999776445007e+10 -1.318660368243748326e+00 6.574419919566172332e-01
1.391399999786802292e+10 -1.045331043874490939e+00 7.234546521476443726e-01
1.391399999797179413e+10 -1.253234459555268465e+00 9.126682420570361165e-01
1.391399999794541550e+10 -1.245859736244137705e+00 1.211070505962990262e+00
1.391399999801109695e+10 -1.033622612382142147e+00 1.412156421599940925e+00
1.391399999826199341e+10 -9.965841817968246197e-01 1.571758805436036743e+00
1.391399999807246208e+10 -9.907538413350471806e-01 1.339729362097190180e+00
1.391399999796177673e+10 -1.093927943479691356e+00 1.598375956697640987e+00
1.391399999799525833e+10 -1.081796858688779173e+00 1.895909104865223016e+00
1.391399999770715141e+10 -1.141471305831867511e+00 1.952724469919243200e+00
1.391399999758774376e+10 -8.780745569140165907e-01 2.031197755509605241e+00
1.391399999774734497e+10 -1.030451131622353245e+00 1.828459609234040606e+00
1.391399999786573601e+10 -9.652409569984857773e-01 1.561017436138900205e+00
1.391399999801332283e+10 -1.215862576037586074e+00 1.488899693656093426e+00
1.391399999819453430e+10 -1.405795179579502951e+00 1.633406687368890386e+00
1.391399999835849953e+10 -1.308465329389747023e+00 1.402243077521071024e+00
1.391399999832379150e+10 -1.147868009513518306e+00 1.151647897618031102e+00
1.391399999818766785e+10 -1.368908849081869050e+00 1.001963980752549777e+00
1.391399999814905548e+10 -1.597073287999640323e+00 1.192342956428378953e+00
1.391399999804338264e+10 -1.877436620915179599e+00 1.187462443286817271e+00
1.391399999793819618e+10 -1.970499035747018901e+00 1.452168609917186437e+00
1.391399999784635735e+10 -1.995702470473974088e+00 1.736289426251982349e+00
1.391399999793537712e+10 -1.865173051005174276e+00 1.481668847385456456e+00
1.391399999806415367e+10 -1.838983231994012257e+00 1.750972789306058042e+00
1.391399999808494186e+10 -1.607433283333957741e+00 1.940040398351153383e+00
1.391399999834032059e+10 -1.478435241336812256e+00 2.029122540686560505e+00
1.391399999838858414e+10 -1.773946317262824257e+00 2.040868210626486601e+00
1.391399999832478142e+10 -1.761606132150932646e+00 1.748343071383644531e+00
1.391399999830902672e+10 -1.544827039880403818e+00 1.954626205754579349e+00
1.391399999804894066e+10 -1.653797204772581075e+00 1.853263042703057195e+00
1.391399999830681419e+10 -1.510799183395906464e+00 1.799910447696113636e+00
1.391399999820128059e+10 -1.716385372927578201e+00 1.990675401945048328e+00
1.391399999807344818e+10 -1.982643761711733621e+00 1.940083273666560082e+00
1.391399999834703255e+10 -2.104864398954035209e+00 1.937287467748998404e+00
1.391399999828055000e+10 -1.868376524235859426e+00 1.765684522427398706e+00
1.391399999835478210e+10 -1.841177980703892159e+00 2.054724419850161965e+00
1.391399999809635925e+10 -1.907157301811229111e+00 1.918129008465744745e+00
1.391399999803537750e+10 -1.826619260253114385e+00 2.200244159781335807e+00
1.391399999811504745e+10 -2.078784106400815457e+00 2.059319469068888964e+00
1.391399999800667763e+10 -1.817557690859407771e+00 1.960270652296650651e+00
1.391399999806015587e+10 -1.874200338693615686e+00 2.249624804464195993e+00
1.391399999781011009e+10 -1.744697697535070757e+00 2.352094443021399695e+00
1.391399999780734444e+10 -1.714845997241274844e+00 2.053941234365491475e+00
1.391399999786373711e+10 -1.901737700612186721e+00 2.281285667015310992e+00
1.391399999792583275e+10 -1.921800670701572678e+00 1.988820887877404076e+00
1.391399999799040985e+10 -2.096533389514725343e+00 1.754103413286121516e+00
1.391399999809646416e+10 -2.276148233005827581e+00 1.538964094161133112e+00
1.391399999824854851e+10 -2.338815022810563082e+00 1.288490417156541445e+00
1.391399999817530441e+10 -2.587957812381399769e+00 1.138967166908523954e+00
1.391399999813999939e+10 -2.561361470552693920e+00 8.425885813223001897e-01
1.391399999805474091e+10 -2.546944823612982134e+00 1.129498360417213298e+00
1.391399999826799393e+10 -2.580118323065481611e+00 9.216126889661142574e-01
1.391399999806340599e+10 -2.733864869827250299e+00 1.077496043943150239e+00
1.391399999833722687e+10 -2.717871722163808457e+00 9.568277365123347700e-01
1.391399999827875328e+10 -2.983626653955106178e+00 1.082324222979530681e+00
1.391399999824598122e+10 -2.710881125037785999e+00 9.626164040902369656e-01
1.391399999850599098e+10 -2.592738346666284333e+00 1.053345055483260406e+00
1.391399999838432693e+10 -2.554354356896397338e+00 1.324488195049532635e+00
1.391399999817078972e+10 -2.526618397328871168e+00 1.116097024332591170e+00
1.391399999822486877e+10 -2.606101625895095530e+00 8.322803449878293236e-01
1.391399999809840012e+10 -2.869176805726207480e+00 7.645216971844073228e-01
1.391399999809236336e+10 -2.939163076935872088e+00 1.055828383790134328e+00
1.391399999807975960e+10 -2.860641509656835613e+00 7.669173110879026201e-01
1.391399999802618217e+10 -3.155463431470749036e+00 7.688076853115639597e-01
1.391399999832252121e+10 -3.126713258663501360e+00 8.027310534682642329e-01
1.391399999847438431e+10 -3.346747802944348926e+00 9.380686972095073628e-01
1.391399999820579720e+10 -3.413709235899338168e+00 8.233030177856904830e-01
1.391399999797839546e+10 -3.426116467733196558e+00 6.285493323870786631e-01
1.391399999805945969e+10 -3.267025483861347723e+00 3.878988078061251787e-01
1.391399999809973717e+10 -3.219338749315592274e+00 9.481558206196977201e-02
1.391399999813390160e+10 -3.215437104290113091e+00 3.924927122686709402e-01
1.391399999832650566e+10 -3.218622151021405475e+00 1.629547902293620454e-01
1.391399999841565323e+10 -3.426954068169187018e+00 -3.311809192579662220e-02
1.391399999832867813e+10 -3.513701283103773942e+00 2.402030294769726404e-01
1.391399999807844734e+10 -3.608743035531074561e+00 3.749093965142246132e-01
1.391399999832764626e+10 -3.749474237112331743e+00 2.860923822054616261e-01
1.391399999857042313e+10 -3.829501252734241579e+00 4.424545869287533906e-01
1.391399999853977585e+10 -3.726226228941918794e+00 7.220776738959729935e-01
1.391399999853246307e+10 -3.719958932624218839e+00 4.225758492089737306e-01
1.391399999849932098e+10 -3.675055350515489927e+00 1.281622873930551854e-01
1.391399999822103882e+10 -3.580069690765792956e+00 1.858737846677463446e-01
1.391399999832691002e+10 -3.489085501141558687e+00 -7.928124868234243117e-02
1.391399999817089653e+10 -3.685138403012517383e+00 8.508816611414893316e-02
1.391399999801551247e+10 -3.547614125294221488e+00 3.012756934951769106e-01
1.391399999774176979e+10 -3.578018848957533748e+00 1.832314404769299077e-01
1.391399999746135139e+10 -3.578869709659469489e+00 2.888664866716842416e-01
1.391399999745272827e+10 -3.761102678017908651e+00 5.114628516718103257e-02
1.391399999764582062e+10 -3.532422879645158886e+00 6.581733497655192777e-02
1.391399999761927032e+10 -3.525044043346276190e+00 3.642042555436215689e-01
1.391399999753929710e+10 -3.567830277849612486e+00 6.498051423596910015e-01
1.391399999761772919e+10 -3.648293658296220432e+00 3.720138117206640560e-01
1.391399999790009499e+10 -3.565828262799814130e+00 4.291358738230475200e-01
1.391399999785494423e+10 -3.748914197254335612e+00 1.962517058448424168e-01
1.391399999789213181e+10 -3.775573806601300042e+00 4.923942943432406127e-01
1.391399999797758293e+10 -3.632635901107885701e+00 2.432737916859788463e-01
1.391399999786695099e+10 -3.584540061337490258e+00 -3.102824561911582402e-02
1.391399999792242622e+10 -3.569552001426586685e+00 2.630670761642065481e-01
1.391399999785976028e+10 -3.509659819745593268e+00 5.499121223436977957e-01
1.391399999788909912e+10 -3.619941270287621471e+00 8.269885769988586377e-01
1.391399999774587250e+10 -3.867978080604101532e+00 7.389090019535194953e-01
1.391399999772063828e+10 -3.832242649502860754e+00 1.035355074531691066e+00
1.391399999777518272e+10 -3.956705351968695439e+00 1.302428096437436400e+00
1.391399999763912964e+10 -4.093013824749058394e+00 1.532001103438322076e+00
1.391399999756558800e+10 -4.092821562789471734e+00 1.241508963089238637e+00
1.391399999768181038e+10 -3.853117958265016796e+00 1.104290795514392354e+00
1.391399999753433609e+10 -3.646049896160798109e+00 9.456465328190578612e-01
1.391399999753834343e+10 -3.534071788316483165e+00 6.677275615568707412e-01
1.391399999737413025e+10 -3.373889403892794014e+00 4.749331875090470056e-01
1.391399999709586334e+10 -3.482030007894755030e+00 4.491010163818092704e-01
1.391399999689997482e+10 -3.432322863392129886e+00 2.278522983437689386e-01
1.391399999680775833e+10 -3.529469916478761515e+00 4.959057820745026435e-01
1.391399999703436279e+10 -3.547857219275680762e+00 6.911136606602017451e-01
1.391399999708871269e+10 -3.497480241324536721e+00 9.814624756905598879e-01
1.391399999710545921e+10 -3.587843796808420915e+00 1.266678386579291438e+00
1.391399999728758049e+10 -3.594414666890024090e+00 1.028806486958623978e+00
1.391399999734630203e+10 -3.884089790699703393e+00 9.794698811000138727e-01
1.391399999705842018e+10 -3.891706871395473666e+00 1.062292753765692765e+00
1.391399999685468674e+10 -3.953488118995375000e+00 1.273171757618578814e+00
1.391399999709600830e+10 -4.019045161832067947e+00 1.108066128853275822e+00
1.391399999706222534e+10 -4.031680614607667579e+00 8.105881982375137129e-01
1.391399999707031631e+10 -4.033824265661979602e+00 1.110127933446003468e+00
1.391399999715395164e+10 -3.753665884427799693e+00 1.044473345920180929e+00
1.391399999708179283e+10 -3.466437550565777403e+00 9.987872492378218059e-01
1.391399999715367699e+10 -3.749273173925403047e+00 1.066837285538939861e+00
1.391399999717316055e+10 -3.707247965560146685e+00 1.362891921935699191e+00
1.391399999730827713e+10 -3.760054005076423067e+00 1.100691183739663348e+00
1.391399999715684700e+10 -3.977241616195232421e+00 1.241020464824336811e+00
1.391399999704706383e+10 -3.984276087389873489e+00 1.519753929401692627e+00
1.391399999674856377e+10 -3.967012963682239768e+00 1.499905995833458849e+00
1.391399999673446274e+10 -4.036893507331392961e+00 1.790959195397514581e+00
1.391399999677000999e+10 -3.815086886261525922e+00 1.592635279030736317e+00
1.391399999663815498e+10 -3.546014811616311491e+00 1.595542785859058510e+00
1.391399999668433189e+10 -3.785030519481057620e+00 1.770280623086821103e+00
1.391399999639506531e+10 -3.842222628718826360e+00 1.716915427581751974e+00
1.391399999627172852e+10 -3.772140258752279429e+00 1.452963647968963157e+00
1.391399999601884460e+10 -3.919289976844600787e+00 1.388226523092840337e+00
1.391399999600635338e+10 -4.009826777324019709e+00 1.673605487962884997e+00
1.391399999616021538e+10 -4.147673872287555241e+00 1.456537562838648103e+00
1.391399999642433167e+10 -4.173308228886788207e+00 1.317327656054622986e+00
1.391399999633718681e+10 -3.888824815554937864e+00 1.281704732866190355e+00
1.391399999625126839e+10 -3.687584467263698151e+00 1.486435018285840570e+00
1.391399999608349800e+10 -3.759780548066455008e+00 1.248874270868545189e+00
1.391399999633846664e+10 -3.664167465106334287e+00 1.373945375770785127e+00
1.391399999660656166e+10 -3.670682061020176690e+00 1.240241578791065002e+00
1.391399999660895729e+10 -3.658607558868797849e+00 9.408378887112290867e-01
1.391399999690360069e+10 -3.630646583164853780e+00 8.939599459634717249e-01
1.391399999700750542e+10 -3.816481746273891140e+00 6.830969263651494039e-01
1.391399999705336380e+10 -3.928801521400616448e+00 9.570957829181145904e-01
1.391399999706518173e+10 -4.087232608155337843e+00 1.211170611351011228e+00
1.391399999700442505e+10 -4.091498054491228942e+00 1.504572232400332332e+00
1.391399999689456749e+10 -3.904325286851059396e+00 1.297952298612032651e+00
1.391399999678518677e+10 -3.772540335255369026e+00 1.543844301134730479e+00
1.391399999702407837e+10 -3.936229639641941613e+00 1.466835183742788651e+00
1.391399999732298470e+10 -3.915212798719663656e+00 1.464058843106595287e+00
1.391399999724793434e+10 -3.862968543449611492e+00 1.178695557366427060e+00
1.391399999725530243e+10 -3.736100610899529162e+00 9.073206390622645667e-01
1.391399999741413498e+10 -3.570047128727174002e+00 1.099654698569527911e+00
1.391399999741326141e+10 -3.576245535245028417e+00 1.399245955184392765e+00
1.391399999746831703e+10 -3.282120222348327232e+00 1.383329694672931431e+00
1.391399999732845879e+10 -3.476996555650530674e+00 1.203727766827474621e+00
1.391399999741051865e+10 -3.515404511355354700e+00 1.489358700325699836e+00
1.391399999752091599e+10 -3.756819997837860026e+00 1.350343234296549122e+00
1.391399999759443665e+10 -4.011391527095432785e+00 1.490279832418794692e+00
1.391399999748801613e+10 -4.012068047873286858e+00 1.210157512453747142e+00
1.391399999764741135e+10 -4.018463277209216145e+00 9.564917387315934327e-01
1.391399999791671944e+10 -4.137170684703083801e+00 9.001391949221708710e-01
1.391399999789703941e+10 -4.181057212036394688e+00 6.043676452216664163e-01
1.391399999796771049e+10 -4.454336181376669757e+00 7.049577683164836017e-01
1.391399999794656754e+10 -4.339038143488554766e+00 4.291798181086259878e-01
1.391399999775330925e+10 -4.170801951544462760e+00 5.845568694241334295e-01
1.391399999778187752e+10 -4.379211991288658901e+00 7.979655110560113229e-01
1.391399999798343849e+10 -4.322319340945994348e+00 5.836506335438113036e-01
1.391399999778727341e+10 -4.414177313721442175e+00 3.765872500070198137e-01
1.391399999805628204e+10 -4.282161827580600821e+00 3.758972089258096339e-01
1.391399999818246269e+10 -4.097397061233188253e+00 1.765620738831328029e-01
1.391399999817525864e+10 -3.999968494547974984e+00 -1.067220020793861746e-01
1.391399999807740211e+10 -4.029949988084681856e+00 -3.883591243409151295e-01
1.391399999816041183e+10 -4.050229722197135729e+00 -6.755734602589620330e-01
1.391399999807634354e+10 -4.335618694194596223e+00 -7.113479100768383967e-01
1.391399999788536072e+10 -4.332595366375226575e+00 -4.804565646597651618e-01
1.391399999774660873e+10 -4.311064775585400355e+00 -7.451800326732589408e-01
1.391399999797479630e+10 -4.194249828225376397e+00 -5.900067678467978416e-01
1.391399999817582893e+10 -4.146527707671188168e+00 -3.729750335458031363e-01
1.391399999829110718e+10 -4.152804910582086784e+00 -6.494993796687389409e-01
1.391399999825211525e+10 -3.878036451277240726e+00 -7.625302876693368370e-01
1.391399999826437187e+10 -3.831324068112789583e+00 -1.058269785505380867e+00
1.391399999800940895e+10 -3.905025536373828654e+00 -1.197394324399962517e+00
1.391399999796555138e+10 -3.987056340266191157e+00 -9.125405993039257257e-01
1.391399999822423744e+10 -3.941749836520742623e+00 -1.056842506161224771e+00
1.391399999852308464e+10 -3.919947623999739506e+00 -1.059810290380801767e+00
1.391399999842704391e+10 -3.677488477104231990e+00 -9.122170263194580020e-01
1.391399999843562508e+10 -3.680969625270755774e+00 -1.211730530073462431e+00
1.391399999840001678e+10 -3.975417330559551932e+00 -1.254469756494327903e+00
1.391399999855460739e+10 -4.044957179181434270e+00 -1.501573242260813235e+00
1.391399999845797157e+10 -4.177669411833343283e+00 -1.752258591422214185e+00
1.391399999862004852e+10 -4.409848912964820400e+00 -1.850329447868883204e+00
1.391399999835048294e+10 -4.461397627886158901e+00 -1.730034232188367271e+00
1.391399999831109428e+10 -4.587098683595995041e+00 -1.999184464955863660e+00
1.391399999826720238e+10 -4.599495892638286954e+00 -2.295349935131213215e+00
1.391399999825795937e+10 -4.708188272923182538e+00 -2.016253836977673242e+00
1.391399999821586227e+10 -4.430081752017004604e+00 -1.912916105674612011e+00
1.391399999830476189e+10 -4.176425139482513593e+00 -1.780441973100353570e+00
1.391399999825310516e+10 -4.312325642228968192e+00 -2.042466420233536972e+00
1.391399999811469841e+10 -4.366119413034991403e+00 -2.302743321140933830e+00
1.391399999811240768e+10 -4.503272931063602158e+00 -2.569159848086202569e+00
1.391399999831657028e+10 -4.284095850188148091e+00 -2.560617821667720673e+00
1.391399999828296471e+10 -4.351595812543089359e+00 -2.270603069376575522e+00
1.391399999815733719e+10 -4.542074964199854570e+00 -2.464843798742571757e+00
1.391399999815037727e+10 -4.608956983946992381e+00 -2.172829299932748981e+00
1.391399999799976921e+10 -4.862829253328678547e+00 -2.121249805238675012e+00
1.391399999795698357e+10 -4.667375195462853732e+00 -1.898177442341750787e+00
1.391399999810802269e+10 -4.412055180262450804e+00 -1.940523988907558950e+00
1.391399999789480019e+10 -4.201514625801995528e+00 -1.942187985371467862e+00
1.391399999767325783e+10 -4.386504217327193977e+00 -2.022760716361911904e+00
1.391399999785290146e+10 -4.300492819211023665e+00 -1.798876838976026793e+00
1.391399999802652359e+10 -4.242773354241527350e+00 -1.561563007347241072e+00
1.391399999790606880e+10 -4.269445824664130029e+00 -1.834644514338221288e+00
1.391399999767087555e+10 -4.109303638268904990e+00 -1.928625224960439200e+00
1.391399999754810715e+10 -3.881753623832160383e+00 -1.777155429212860627e+00
1.391399999741764641e+10 -4.074971300970879895e+00 -1.588898127302627472e+00
1.391399999765947723e+10 -4.122835966410831610e+00 -1.759253536066691659e+00
1.391399999760298538e+10 -4.039798680014317966e+00 -2.041578892120183397e+00
1.391399999746806526e+10 -3.775182525182774196e+00 -2.001971639913830092e+00
1.391399999744621849e+10 -3.789438732698493961e+00 -2.300490688011296747e+00
1.391399999722077751e+10 -3.833548481502030647e+00 -2.108073246748905394e+00
1.391399999731197929e+10 -3.811556603802384480e+00 -2.392665526167317758e+00
1.391399999746230125e+10 -4.059578039543976224e+00 -2.317281942277843676e+00
1.391399999752213860e+10 -4.336763660781304708e+00 -2.414141459923671018e+00
1.391399999761561012e+10 -4.465744915005984694e+00 -2.160328496658038056e+00
1.391399999789404869e+10 -4.386280857390492116e+00 -2.237475040391382120e+00
1.391399999815869522e+10 -4.491178692258809946e+00 -2.331030198384682173e+00
1.391399999827072906e+10 -4.491171986413015738e+00 -2.053104712312325830e+00
1.391399999826271629e+10 -4.495089386341349247e+00 -1.753580811645820692e+00
1.391399999816947556e+10 -4.528046753484991527e+00 -1.470713469309349763e+00
1.391399999831219101e+10 -4.567440097010126543e+00 -1.210186027885780113e+00
1.391399999845144463e+10 -4.444135079438784608e+00 -1.445129768449866514e+00
1.391399999852715111e+10 -4.448570614016188252e+00 -1.735031185031580714e+00
1.391399999857387543e+10 -4.481568798774988593e+00 -1.440885002867850817e+00
1.391399999845908928e+10 -4.570452219918556658e+00 -1.703026540120528898e+00
1.391399999841678429e+10 -4.504859546588127373e+00 -1.992339546960291141e+00
1.391399999851247406e+10 -4.531122949576582570e+00 -2.275090252797131285e+00
1.391399999841151237e+10 -4.559515944098707863e+00 -2.555794402408695376e+00
1.391399999867959404e+10 -4.637610103571950582e+00 -2.664551647927640321e+00
1.391399999881513596e+10 -4.404559381912884319e+00 -2.795356900933397615e+00
1.391399999859780121e+10 -4.210518107254781484e+00 -2.725299646458740011e+00
1.391399999870154953e+10 -4.439402206944279783e+00 -2.888524244241685413e+00
1.391399999843048668e+10 -4.330829413968121600e+00 -2.955836405319343108e+00
1.391399999831665230e+10 -4.498001543955186143e+00 -2.734727585594187271e+00
1.391399999829055405e+10 -4.279314347005811925e+00 -2.531530924011151207e+00
1.391399999827240562e+10 -4.482131040319726090e+00 -2.311689828524810419e+00
1.391399999836472702e+10 -4.700357044065600398e+00 -2.128254942867498833e+00
1.391399999810334778e+10 -4.735028333288322955e+00 -2.270639088966992958e+00
1.391399999794252777e+10 -4.655689367941537427e+00 -2.510714314563069038e+00
1.391399999766727829e+10 -4.556572305002092094e+00 -2.445844100408524291e+00
1.391399999762102318e+10 -4.602935655991300834e+00 -2.738256600386532291e+00
1.391399999756984138e+10 -4.760212736931582533e+00 -2.988133398738832103e+00
1.391399999761306190e+10 -5.052087864495263148e+00 -2.935835583297881080e+00
1.391399999772286987e+10 -4.965137534288008858e+00 -2.670928383629037839e+00
1.391399999747628784e+10 -4.833013947181361125e+00 -2.563526581344015121e+00
1.391399999775563240e+10 -4.779903316285428971e+00 -2.468976876091043327e+00
1.391399999764611053e+10 -5.032653892071567547e+00 -2.586943968487126266e+00
1.391399999772459030e+10 -4.759809115586906003e+00 -2.682812096619921149e+00
1.391399999756083107e+10 -4.967184606377074374e+00 -2.541488976633522689e+00
1.391399999736929131e+10 -4.949952785522980570e+00 -2.311685160213055923e+00
1.391399999737004852e+10 -4.931807438809260091e+00 -2.610790958294162412e+00
1.391399999760291862e+10 -4.981203209922062669e+00 -2.428786970246484600e+00
1.391399999767113304e+10 -5.088399928799667293e+00 -2.157402239772895136e+00
1.391399999767091370e+10 -5.087931678244977718e+00 -2.457058438134625433e+00
1.391399999766799355e+10 -5.055266880541967822e+00 -2.754915086496806609e+00
1.391399999786206245e+10 -5.280994944094487664e+00 -2.789243726524972988e+00
1.391399999775373268e+10 -5.341695859249989908e+00 -2.516527736720292285e+00
1.391399999792749977e+10 -5.256971885661598343e+00 -2.745483997693239697e+00
1.391399999767144394e+10 -5.108744420804196551e+00 -2.697965846388816757e+00
1.391399999759979439e+10 -5.004992479698504582e+00 -2.426127816594521924e+00
1.391399999764693260e+10 -5.223197533744732723e+00 -2.226231258446810912e+00
1.391399999766600990e+10 -5.205769492709755752e+00 -2.524771792134831827e+00
1.391399999756997299e+10 -4.932699685357283315e+00 -2.602255636506289882e+00
1.391399999760316849e+10 -4.805178522558511744e+00 -2.333126371407080679e+00
1.391399999754338264e+10 -4.961608964014692980e+00 -2.084632567272293624e+00
1.391399999771665955e+10 -4.968010434056509439e+00 -1.840238595016885137e+00
1.391399999786988068e+10 -4.927715989488659076e+00 -1.585888485831810968e+00
1.391399999786782837e+10 -4.933222448188802289e+00 -1.286289471462690237e+00
1.391399999795363426e+10 -5.218405738705373942e+00 -1.253093593972602227e+00
1.391399999819592476e+10 -5.057882434079774114e+00 -1.326043110347045584e+00
1.391399999844837570e+10 -5.082984400498708588e+00 -1.166568713256685319e+00
1.391399999859516907e+10 -5.020881276263467363e+00 -9.128191018396998313e-01
1.391399999874701118e+10 -5.229981785583122544e+00 -7.611120195212376371e-01
1.391399999890176582e+10 -5.434973598077243118e+00 -9.154608220538446028e-01
1.391399999910696983e+10 -5.230826939104041173e+00 -8.379418835240981522e-01
1.391399999940529251e+10 -5.258940391158430039e+00 -8.352872845152667924e-01
1.391399999929332352e+10 -5.482027878393055609e+00 -1.001085560022856757e+00
1.391399999921129227e+10 -5.636666325203702144e+00 -1.244296942597585165e+00
1.391399999927236938e+10 -5.869519901472464163e+00 -1.065851212513846624e+00
1.391399999946928596e+10 -5.675796493605085757e+00 -1.181993264485768913e+00
1.391399999957539177e+10 -5.756455420471969120e+00 -1.450377220542444556e+00
1.391399999955235100e+10 -5.908479050512210229e+00 -1.193176752504176319e+00
1.391399999939797020e+10 -5.716372979608977722e+00 -1.022719255640247349e+00
1.391399999912808609e+10 -5.781508223935627910e+00 -9.099617812224611857e-01
1.391399999898110580e+10 -5.904207895410211293e+00 -6.794502800630549677e-01
1.391399999871182823e+10 -6.035657903369897603e+00 -6.772652454405889699e-01
1.391399999878426552e+10 -5.952109152766825062e+00 -9.557729278862168165e-01
1.391399999892539024e+10 -5.798895256091596728e+00 -7.403577956229578927e-01
1.391399999918059158e+10 -5.655046547237251531e+00 -6.773163974650775465e-01
1.391399999945584869e+10 -5.571029756020577928e+00 -5.938349463093312020e-01
1.391399999948090553e+10 -5.543282796288473868e+00 -2.965196052918563363e-01
1.391399999955987740e+10 -5.449558580663934393e+00 -5.699669125704764916e-01
1.391399999964287567e+10 -5.382227220113784405e+00 -2.900169312193541238e-01
1.391399999945545197e+10 -5.284555579076656961e+00 -7.758695006268606642e-02
1.391399999961836433e+10 -5.491775844931992445e+00 6.493842975026314912e-02
1.391399999950492477e+10 -5.488253681415313778e+00 -2.123940291200545616e-01
1.391399999958397484e+10 -5.473749060813783984e+00 -5.010715700035651698e-01
1.391399999946937752e+10 -5.529039997927063688e+00 -7.723732079860756716e-01
1.391399999943420601e+10 -5.531111801867840683e+00 -4.747951164686227132e-01
1.391399999938115311e+10 -5.352933706696509475e+00 -2.397801252657735249e-01
1.391399999962330246e+10 -5.449643565012543434e+00 -3.874454208643942632e-01
1.391399999989731216e+10 -5.557224685151449073e+00 -3.314207489488002478e-01
1.391399999980900002e+10 -5.603668436171489020e+00 -4.886436698069979157e-02
1.391399999961856651e+10 -5.552121167741379537e+00 -2.744122561085656775e-01
1.391399999985955429e+10 -5.711703363037344161e+00 -3.534862361135986952e-01
1.391399999989720535e+10 -5.514632385422996386e+00 -5.760610501783356430e-01
1.391399999977494812e+10 -5.777440856492158439e+00 -6.520811150327370243e-01
1.391400000005145264e+10 -5.794415246745126424e+00 -7.663253365792662697e-01
1.391400000000995255e+10 -5.768455802567839186e+00 -1.061956745218200826e+00
1.391400000022490311e+10 -5.844597290604077067e+00 -1.256360726357288904e+00
