4.869900000000000000e+10 0.000000000000000000e+00 0.000000000000000000e+00
4.869899999997739410e+10 -9.240948397033721395e-02 -5.559774115330038402e-01
4.869899999968054962e+10 3.771849596994527598e-01 -4.583682822678837865e-01
4.869899999953865051e+10 5.397404046425372526e-01 6.278529325907217240e-02
4.869899999961516571e+10 9.644628414244175163e-01 4.259909325497001631e-01
4.869899999984532166e+10 1.371867530076898323e+00 7.409696687657246761e-01
4.869899999938126373e+10 1.057651137828421017e+00 8.048677500746586055e-01
4.869899999923871613e+10 1.107954525346294350e+00 2.614428808929092352e-01
4.869899999890019226e+10 1.236774229193199570e+00 -1.709556173965190440e-01
4.869899999905745697e+10 1.245811607446432934e+00 3.706605776041549949e-01
4.869899999948580170e+10 1.570926622888860091e+00 2.004168657377847218e-01
4.869899999947682953e+10 1.558691825966791678e+00 -3.634371792172720328e-01
4.869899999942665863e+10 1.353192174414960203e+00 -8.863272523479752696e-01
4.869899999900351715e+10 1.668611072696233322e+00 -1.085387517307364602e+00
4.869899999863671875e+10 1.903529881910934085e+00 -7.270143131656270352e-01
4.869899999871922302e+10 1.367422500046462375e+00 -5.722765093961303950e-01
4.869899999871463776e+10 1.303667436765777232e+00 -1.132701202377394356e+00
4.869899999890980530e+10 1.423277449343185674e+00 -6.171781685720620914e-01
4.869899999876039886e+10 1.385391538449794346e+00 -7.458908963131494207e-02
4.869899999910508728e+10 1.295606210346492038e+00 3.627754112409734000e-01
4.869899999908015442e+10 1.253625502586855234e+00 -1.991654490490942231e-01
4.869899999894448853e+10 1.185263386704591637e+00 3.440495748451636859e-01
4.869899999922995758e+10 1.188095410705965582e+00 -1.424282894083384043e-01
4.869899999899797821e+10 1.660959089038553049e+00 5.943003362388890598e-02
4.869899999888517761e+10 1.280330064391260736e+00 -3.412685266729087452e-01
4.869899999881136322e+10 1.278112582536188535e+00 -9.004717127178066827e-01
4.869899999898214722e+10 1.102506941052233902e+00 -3.923812815834792911e-01
4.869899999897888947e+10 5.604600954820473380e-01 -2.363807580496255223e-01
4.869899999898659515e+10 4.338586695248015657e-01 -7.859936217624695631e-01
4.869899999887812805e+10 5.009091434270368515e-01 -1.335448928593826246e+00
4.869899999852972412e+10 1.097939102418533097e-01 -1.544740042052502149e+00
4.869899999811167145e+10 -5.791882238684098461e-03 -1.184140354808759454e+00
4.869899999792927551e+10 -4.041147792670250483e-01 -8.288501818321358794e-01
4.869899999759202576e+10 -8.562047217032341395e-01 -8.227008570630920392e-01
4.869899999717000580e+10 -5.438678276084063512e-01 -6.165280111261747242e-01
4.869899999693965149e+10 -8.641408746870891111e-01 -1.019670112962328012e+00
4.869899999709259033e+10 -3.531172110094001892e-01 -1.203041972820036332e+00
4.869899999732346344e+10 -1.781419470686323170e-01 -1.687026728862725644e+00
4.869899999747493744e+10 -7.155661879427993588e-01 -1.607081523826257463e+00
4.869899999721083069e+10 -8.948800995272878644e-01 -2.072115309086755452e+00
4.869899999769248199e+10 -6.013296458926848942e-01 -2.073119938010535623e+00
4.869899999714622498e+10 -6.372861605996757994e-01 -2.209021151776571212e+00
4.869899999675357056e+10 -7.708915270868353931e-01 -2.591294184834318504e+00
4.869899999719335175e+10 -9.883992660128193553e-01 -2.312999975623827531e+00
4.869899999754010010e+10 -1.100300587253305373e+00 -2.743586580370357186e+00
4.869899999782076263e+10 -6.681579064801020928e-01 -2.973030108128729587e+00
4.869899999787007904e+10 -8.588730029040672065e-01 -3.501572579100788118e+00
4.869899999834208679e+10 -1.104684064506319174e+00 -3.688505275201139355e+00
4.869899999824298096e+10 -1.136182704408988942e+00 -4.242894045584483464e+00
4.869899999830461884e+10 -1.412966503977193700e+00 -3.755294447527097290e+00
4.869899999830736542e+10 -1.844845712745222022e+00 -3.392479931256156434e+00
4.869899999834950256e+10 -1.928697962878626715e+00 -2.836282926720115505e+00
4.869899999825778961e+10 -2.076785894146777167e+00 -2.299793835924961893e+00
4.869899999848683929e+10 -2.293954420842799546e+00 -2.767271232046920826e+00
4.869899999811544037e+10 -2.157296334042548835e+00 -2.365341147739260741e+00
4.869899999845298004e+10 -2.327027319162799479e+00 -1.946507706876075661e+00
4.869899999802999115e+10 -2.242705755962209224e+00 -1.583012526725665614e+00
4.869899999759980774e+10 -1.926473272370470280e+00 -1.764953054133741039e+00
4.869899999763773346e+10 -1.733595504447679625e+00 -1.236255288794271268e+00
4.869899999750761414e+10 -1.217526847979621074e+00 -1.423081401930003542e+00
4.869899999783228302e+10 -7.600078288712410757e-01 -1.481614650032071268e+00
4.869899999734733582e+10 -9.079831546749725923e-01 -1.728782200944938507e+00
4.869899999720210266e+10 -5.658879551787213691e-01 -2.153092853591120903e+00
4.869899999763513184e+10 -8.910241961749143513e-01 -1.995199077784277186e+00
4.869899999754408264e+10 -7.724660504007652140e-01 -2.539087888521327052e+00
4.869899999755302429e+10 -7.571780039620874536e-01 -1.975307932036374670e+00
4.869899999779772949e+10 -9.555590756229010996e-01 -2.443203477699516846e+00
4.869899999730998993e+10 -6.819524128416303288e-01 -2.516768172451499197e+00
4.869899999772624969e+10 -7.050398242019522144e-01 -2.136824247806559551e+00
4.869899999788874817e+10 -6.445967922223021507e-01 -2.673577097938996783e+00
4.869899999749154663e+10 -8.393485120651684728e-01 -2.323628453125741178e+00
4.869899999792595673e+10 -1.003138089903658159e+00 -2.643976512967453729e+00
4.869899999841792297e+10 -7.352309905023596270e-01 -2.577995623382323132e+00
4.869899999817710114e+10 -1.145198330799198194e+00 -2.881462355952454590e+00
4.869899999838437653e+10 -7.712852789558225508e-01 -2.513512693022625033e+00
4.869899999830361938e+10 -6.031047983817573455e-01 -3.045823493248860370e+00
4.869899999802114105e+10 -1.282427301634975203e-01 -3.159292744436148048e+00
4.869899999819410706e+10 -3.064540882848600933e-01 -2.652849873008785053e+00
4.869899999793453217e+10 -6.817944226980141575e-01 -2.984362239676658035e+00
4.869899999775817871e+10 -1.200147318842356814e+00 -3.119907822087585103e+00
4.869899999787495422e+10 -1.264571662301214650e+00 -2.571843812635497439e+00
4.869899999817443085e+10 -8.224778794942007032e-01 -2.390103590924204102e+00
4.869899999803843689e+10 -1.352284950557075760e+00 -2.252363359951850441e+00
4.869899999822035980e+10 -1.458419425099027222e+00 -1.729102609210894315e+00
4.869899999825827026e+10 -1.427066652944705361e+00 -1.167193917358285926e+00
4.869899999804377747e+10 -1.514310764772551554e+00 -6.528569783568085594e-01
4.869899999808366394e+10 -1.538608919276622355e+00 -9.073556348470257493e-02
4.869899999817832947e+10 -1.225887743201741431e+00 3.690530316988271387e-01
4.869899999797589111e+10 -1.436962210167629372e+00 -1.132628172548604262e-01
4.869899999742455292e+10 -1.387549432109625114e+00 -4.864446733610139351e-03
4.869899999723757935e+10 -1.358968834344810084e+00 -5.362652369518794426e-01
4.869899999726073456e+10 -1.670441014127048707e+00 -1.005957309196315874e+00
4.869899999718434906e+10 -1.808696402253537894e+00 -4.644664900079619185e-01
4.869899999683358765e+10 -1.625773720868930017e+00 -6.238577576599335650e-02
4.869899999685469818e+10 -1.495116567484459313e+00 4.859249839253628744e-01
4.869899999687611389e+10 -1.340228918475435238e+00 1.027877804339175860e+00
4.869899999684860229e+10 -1.362529644652392236e+00 4.649324614535522704e-01
4.869899999724063873e+10 -9.839800655379871142e-01 6.104227768425172229e-01
4.869899999750694275e+10 -4.960570455214151631e-01 7.062176667599682212e-01
4.869899999774085236e+10 -4.922813097539542881e-01 1.929615734759737578e-01
4.869899999784554291e+10 -3.271913495532660088e-01 -3.361380303736175579e-01
4.869899999769142151e+10 1.950044489062134900e-01 -4.835105119299673015e-01
4.869899999796625519e+10 6.863455551094219675e-01 -4.486946154290606392e-01
4.869899999833036041e+10 3.751951466180906691e-01 -1.507409461922380456e-01
4.869899999852648163e+10 9.038553514603868688e-01 -1.360258273729945955e-01
4.869899999837174225e+10 9.089744905571039979e-01 4.063679415614858126e-01
4.869899999831334686e+10 9.879034398582002829e-01 9.618149481159075087e-01
4.869899999836164856e+10 1.458659533423369847e+00 1.268762943067958782e+00
4.869899999855169678e+10 1.753354818465659326e+00 8.269515650280868657e-01
4.869899999856295776e+10 2.085931054832181442e+00 1.282393947970295045e+00
4.869899999855499268e+10 2.089756239454032993e+00 1.846382865359308845e+00
4.869899999855001831e+10 2.579022377395510102e+00 2.127016898942073908e+00
4.869899999881103516e+10 2.641111502570076208e+00 1.630853669042284348e+00
4.869899999901608276e+10 2.704149213188123735e+00 1.109181168102678416e+00
4.869899999900753021e+10 2.692531851102766716e+00 5.453076038448595453e-01
4.869899999936520386e+10 2.256989101431644329e+00 5.221505989969710271e-01
4.869899999987900543e+10 2.046394916739376235e+00 6.212445792213777684e-01
4.869899999985012054e+10 2.358996883812353840e+00 1.526219427907113957e-01
4.869899999965715027e+10 2.321013669691832426e+00 -3.760384226253119522e-01
4.869900000011454773e+10 2.110124512231503768e+00 -1.221253052594751809e-01
