6.261300000000000000e+10 0.000000000000000000e+00 0.000000000000000000e+00
6.261299999863345337e+10 5.153412900586311629e-01 -3.987436295736053182e-01
6.261299999833874512e+10 9.974514971749153247e-01 -1.803282259557674960e+00
6.261299999853862762e+10 8.648570561146567970e-01 -3.084648345522844615e-01
6.261299999895866394e+10 2.885025088732046106e-01 -1.643904934012774710e+00
6.261299999877126312e+10 5.004662319376663726e-01 -1.566371217374020741e-01
6.261299999903765869e+10 9.325646746638598383e-01 1.269665183810191555e+00
6.261299999964233398e+10 7.889578709401938728e-01 -1.108283755178243180e-01
6.261299999990136719e+10 -5.483643417847521295e-01 5.498420829562754575e-01
6.261300000035373688e+10 1.526562194300057351e-01 -7.134663409083285002e-01
