2.087100000000000000e+10 0.000000000000000000e+00 0.000000000000000000e+00
2.087099999972677612e+10 -7.351439325319709950e-02 1.409822753439005094e-01
2.087099999993564606e+10 -8.991432646658910344e-02 3.777026134407485136e-01
2.087099999984454727e+10 -6.874256399069500478e-02 6.796723044165569050e-01
2.087100000009169388e+10 -2.104445606469966534e-01 8.166815841652912411e-01
2.087099999996844482e+10 -3.244666026007370085e-02 5.863365118260519537e-01
2.087099999999629974e+10 1.036441157258871648e-03 2.732300431699970500e-01
2.087100000004085541e+10 2.033683803620560948e-01 5.119959127114874775e-01
2.087099999996960068e+10 4.709486873832360310e-01 6.644958256324793311e-01
2.087099999974602890e+10 3.102250761878079244e-01 5.091994303777713782e-01
2.087099999966745377e+10 1.846249775601861709e-01 7.884538263760187959e-01
2.087099999981403732e+10 -6.366436573630185336e-02 6.588462695786456713e-01
2.087099999976600647e+10 9.147509144214846510e-02 9.300610594367196837e-01
2.087099999978053665e+10 1.342997735626315636e-01 6.171911825380795857e-01
2.087099999963119507e+10 -1.405740823895005320e-01 5.716448285182950118e-01
2.087099999994264603e+10 -1.926042753407350427e-01 5.866357625491892547e-01
2.087100000005804062e+10 -1.323749670848589632e-02 8.199686714701519552e-01
2.087100000031111145e+10 5.069172493383412859e-02 9.982987671920050543e-01
