4.174200000000000000e+10 0.000000000000000000e+00 0.000000000000000000e+00
4.174199999956323242e+10 8.617178683130835570e-02 6.198955279534466151e-02
4.174199999967961121e+10 4.261416255277282739e-01 -2.080333939703731538e-01
4.174199999964579010e+10 4.757876792086652706e-01 -6.534856813804481579e-01
4.174199999976165009e+10 3.677710302951157639e-01 -2.328376199212576214e-01
4.174199999947821808e+10 7.162407073348160402e-01 -2.163895809822844185e-01
4.174199999907616425e+10 7.138519369858814523e-01 -4.173429983856825065e-01
4.174199999885258484e+10 3.636576975939736500e-01 -2.458459536290525660e-01
4.174199999874633789e+10 1.454275934875097764e-01 -6.241631706487938969e-01
4.174199999866448975e+10 -2.020123989310002033e-02 -2.144013881224670071e-01
4.174199999862120056e+10 -1.454935476091988034e-01 2.150916626439849932e-01
4.174199999829980469e+10 1.199151439376304196e-01 3.833150075651258204e-01
4.174199999824828339e+10 1.591691687246030718e-01 -6.147787901340545647e-02
4.174199999826611328e+10 2.811137942165606862e-01 3.707813446523918199e-01
4.174199999799376678e+10 2.989621709417364936e-01 7.279150491232938558e-01
4.174199999799370575e+10 2.991117238236944975e-01 2.784305421186285545e-01
4.174199999798480225e+10 2.881044402588714415e-01 -1.708309245258270992e-01
4.174199999763198853e+10 6.606189511036547612e-02 -2.730551830545102643e-03
4.174199999766312408e+10 9.142117233381336083e-02 -4.504176790648452000e-01
4.174199999783102417e+10 1.829340328973960705e-01 -4.363666242914615578e-02
4.174199999749074554e+10 -9.873994246650430462e-02 3.947917009324411475e-02
4.174199999750405121e+10 -4.794673113914631191e-02 -4.069280205188133825e-01
4.174199999732421875e+10 3.477680715494533836e-01 -5.214165254287475015e-01
4.174199999740308380e+10 7.520681950569410024e-01 -7.012986174087324498e-01
4.174199999766571808e+10 7.754645076279743643e-01 -3.372743867489970682e-01
4.174199999775153351e+10 3.401743172391469283e-01 -2.652059358023956537e-01
4.174199999766698456e+10 1.143598987954120849e-01 -6.445425303327971811e-01
4.174199999741835785e+10 4.723251197626535669e-01 -7.544528428184186231e-01
4.174199999740322113e+10 3.845318654672364445e-01 -3.138854218117911321e-01
4.174199999725762939e+10 1.237498554243182114e-01 2.202059216679619347e-02
4.174199999751086426e+10 3.766074597146535363e-01 2.940005813254673583e-01
4.174199999756723022e+10 8.146103695892965568e-01 3.777429252862281039e-01
4.174199999784006500e+10 1.143365333610955270e+00 5.174439451606376306e-01
4.174199999790061951e+10 1.139522543674405863e+00 7.207360449039179606e-02
4.174199999793731689e+10 1.284193792019694191e+00 4.960549076823937975e-01
4.174199999790151215e+10 1.246268607907220716e+00 4.960680564955927130e-02
4.174199999768653870e+10 1.306736048262113092e+00 -3.404779941396486320e-01
4.174199999808724213e+10 1.119730297412517617e+00 -4.211218537561275954e-01
4.174199999837570190e+10 8.742474675777986981e-01 -1.791185714161307452e-01
4.174199999807104492e+10 1.199938858770924544e+00 -1.230275333171789442e-01
4.174199999786668396e+10 1.270308192625483334e+00 2.710795857251605545e-01
4.174199999758467865e+10 1.125210893267184487e+00 -4.744148715911034042e-02
4.174199999737401581e+10 1.376786835387670660e+00 -3.546331561824391798e-01
4.174199999763719177e+10 1.380254093703758400e+00 9.735286561500910985e-03
4.174199999762075806e+10 1.404238418923966281e+00 -4.388079336831655630e-01
4.174199999741834259e+10 1.706254372974568501e+00 -1.745178464143196662e-01
4.174199999755442047e+10 1.336104982308860212e+00 -3.901742691647190897e-01
4.174199999756455994e+10 1.429584135701230663e+00 4.936553520063380329e-02
4.174199999748644257e+10 1.643338881417080177e+00 -3.382460019303448195e-01
4.174199999712473297e+10 1.910075235765826607e+00 -3.309099714469240783e-01
4.174199999742291260e+10 2.061522553598309049e+00 -6.312283484037494175e-01
4.174199999699089050e+10 2.139023283766051886e+00 -5.343291060493966516e-01
4.174199999697009277e+10 2.158814758522397792e+00 -8.576221552697588235e-02
4.174199999688182831e+10 1.777975090709138062e+00 -3.075880899062334861e-01
4.174199999684142303e+10 1.874938404740543296e+00 -7.446260308408931827e-01
4.174199999665028381e+10 1.470935147257458331e+00 -7.924003934255352544e-01
4.174199999652919769e+10 1.782100028374629330e+00 -1.093317742886589006e+00
4.174199999656423187e+10 1.777583948670632186e+00 -1.541412243515517089e+00
4.174199999626372528e+10 2.069308514539546451e+00 -1.378225414003068972e+00
4.174199999603463745e+10 2.166377050044999031e+00 -1.752567442412921839e+00
4.174199999643974304e+10 1.989054684400230810e+00 -1.672062416554460196e+00
4.174199999659036255e+10 1.649392688848796418e+00 -1.925002630356421829e+00
4.174199999646192932e+10 1.894674762109957555e+00 -2.279090686692485601e+00
4.174199999646318054e+10 1.887298256121475948e+00 -1.829668426701139161e+00
4.174199999659304810e+10 1.458842573079822458e+00 -1.789715024074379768e+00
4.174199999640227509e+10 1.153897522655112251e+00 -2.059253560379531223e+00
4.174199999684741211e+10 1.100463237469796907e+00 -2.027131309027442985e+00
4.174199999711897278e+10 1.084780057442255696e+00 -1.669295682873434217e+00
4.174199999735266113e+10 1.004850150374752449e+00 -2.044846401141757308e+00
4.174199999719722748e+10 7.188523210098316518e-01 -2.354818718781412468e+00
4.174199999690190125e+10 5.427133587353402122e-01 -2.065346162903960003e+00
4.174199999723408508e+10 2.484329401268626780e-01 -1.994013337964863464e+00
4.174199999766124725e+10 3.012215805913440736e-01 -1.864466558637246640e+00
4.174199999744070435e+10 5.232965062132108880e-01 -1.541854520020629282e+00
4.174199999768765259e+10 2.524657449634885586e-01 -1.802052067194192198e+00
4.174199999752732849e+10 2.330595935566773247e-02 -2.153929031396935478e+00
4.174199999780245972e+10 -2.546203201475247258e-02 -1.801850931854000359e+00
4.174199999808234406e+10 5.005320079633397701e-02 -1.458342201459034371e+00
4.174199999836106873e+10 2.938266746218922559e-02 -1.810368788997837708e+00
4.174199999851255798e+10 -2.317604699858285267e-01 -1.477366016043888397e+00
4.174199999820858002e+10 -1.595647079051956407e-01 -1.800511677767729024e+00
4.174199999863103485e+10 -1.271009623925251075e-02 -1.755757267887291473e+00
4.174199999847444153e+10 -2.282965211734052646e-01 -2.117747620628261274e+00
4.174199999805884552e+10 -3.794310825907794005e-01 -2.037272109681061316e+00
4.174199999802787018e+10 6.809523902198072465e-02 -2.065505258428361302e+00
4.174199999805960846e+10 2.076317102119410174e-01 -2.491602147538343637e+00
4.174199999833514404e+10 2.809523792650238661e-01 -2.839080055789303891e+00
4.174199999833893585e+10 -1.485697657409096317e-01 -2.971491190938996496e+00
4.174199999846168518e+10 -2.786225289710016484e-01 -3.383867868563883885e+00
4.174199999885333252e+10 -3.204342275572548138e-01 -3.600431304837234947e+00
4.174199999876265717e+10 -4.834629828578723698e-02 -3.946527197064357395e+00
4.174199999908525085e+10 1.991222835280814507e-01 -4.138179290080995720e+00
4.174199999906364441e+10 1.303791367385125632e-01 -4.581850211846884235e+00
4.174199999866524506e+10 3.371299001762624314e-01 -4.605697077304628628e+00
4.174199999862387085e+10 2.388538297257151721e-01 -5.042350940318289787e+00
4.174199999892736816e+10 5.237786562186569350e-01 -5.211891590004963604e+00
4.174199999919950867e+10 2.977726413106338565e-01 -5.489195454492491244e+00
4.174199999901069641e+10 2.210949975027770575e-01 -5.088563987860096560e+00
4.174199999924996185e+10 -4.327512456263593599e-02 -4.814891160681506577e+00
4.174199999922795868e+10 -5.676924601895829564e-02 -4.366148521571307839e+00
4.174199999895034027e+10 -5.325065782341491250e-02 -4.012665400983524755e+00
4.174199999900856018e+10 -1.729479041200088218e-01 -3.583340655186981305e+00
4.174199999900362396e+10 -1.704068889803126707e-01 -4.032790867595047679e+00
4.174199999926751709e+10 -5.337344306139660821e-01 -4.052502459750149555e+00
4.174199999933833313e+10 -4.619621150950707911e-01 -4.490532224401166950e+00
4.174199999942559052e+10 -4.970145827200256883e-01 -4.930069857828699220e+00
4.174199999943006134e+10 -5.440213187178435383e-01 -4.483072385244494029e+00
4.174199999932310486e+10 -6.492213032240780057e-01 -4.059362087027848176e+00
4.174199999913038635e+10 -7.062276419140252059e-01 -3.657308161824204262e+00
4.174199999954187012e+10 -6.017964087649074756e-01 -3.509623666400683462e+00
4.174199999947357178e+10 -8.762017152454006919e-01 -3.859013391976147123e+00
4.174199999980438232e+10 -9.218329817510597657e-01 -3.558152613307224765e+00
4.174199999977703857e+10 -5.236636248178592190e-01 -3.351392468279929648e+00
4.174199999981206512e+10 -9.717703899556379143e-01 -3.348228525953047541e+00
4.174200000009582520e+10 -1.205759130470543505e+00 -3.606618195189921661e+00
4.174199999995322418e+10 -1.290895063101509255e+00 -3.188942964957322879e+00
4.174200000011583710e+10 -1.196874469320660106e+00 -2.780589088741445281e+00
