6.957000000000000000e+09 0.000000000000000000e+00 0.000000000000000000e+00
6.956999999924383163e+09 4.906644281389140744e-02 -2.762409326305585444e-01
6.956999999875113487e+09 1.357457533197706234e-01 -5.491761871841853715e-01
6.956999999868567467e+09 1.975035092271996140e-01 -8.330381724265718546e-01
6.956999999820346832e+09 4.745678689764951108e-01 -9.061448529631120907e-01
6.956999999926946640e+09 7.434936327418006918e-01 -8.787590161305138814e-01
6.957000000066989899e+09 8.012577163412535342e-01 -6.307957362779399446e-01
6.956999999892799377e+09 9.453449058118282844e-01 -8.133640045385597261e-01
6.957000000048081398e+09 7.470779743757662850e-01 -9.583204207169717659e-01
6.956999999882667542e+09 9.778133576430843021e-01 -1.020238195535878356e+00
6.956999999700589180e+09 1.181625950994504404e+00 -9.215351381924181684e-01
6.956999999666466713e+09 1.121372860021762952e+00 -6.393300740352491074e-01
6.956999999501036644e+09 1.308996552088702803e+00 -7.871973970018741884e-01
6.956999999542510033e+09 1.217378449601424828e+00 -1.059815429157906497e+00
6.956999999705547333e+09 1.268457302290878941e+00 -8.247744541566197629e-01
6.956999999605809212e+09 1.377646696193519649e+00 -5.746456803901757171e-01
6.956999999608634949e+09 1.379964719050325472e+00 -8.651988436918643943e-01
6.956999999612200737e+09 1.293279593163148888e+00 -1.142520804688200275e+00
6.956999999573081017e+09 1.548729557274334701e+00 -1.275372076474017291e+00
6.956999999651424408e+09 1.711714629159246437e+00 -1.047923921082301257e+00
6.956999999513595581e+09 1.583726631287862396e+00 -1.269411723631783451e+00
6.956999999279079437e+09 1.725229520254525140e+00 -1.172387933075257349e+00
6.956999999223502159e+09 1.914069576709190867e+00 -1.386128618370635168e+00
6.956999999044914246e+09 2.138773021144527497e+00 -1.431396605228347996e+00
6.956999999022955894e+09 1.869750711315187885e+00 -1.323789355539194412e+00
6.956999998972167969e+09 1.790626616331861820e+00 -1.598733804534256953e+00
6.956999998817020416e+09 1.923721575136152273e+00 -1.392216683283888923e+00
6.956999998802450180e+09 1.855407650492599814e+00 -1.110160993673881880e+00
6.956999998902460098e+09 1.883510374397448173e+00 -1.381532865608274818e+00
6.956999998843004227e+09 1.877130358847550973e+00 -1.665889646786119505e+00
6.956999998950348854e+09 1.933394040833364746e+00 -1.929984284370964254e+00
6.956999998718255997e+09 1.992208998115631680e+00 -1.765338804924347915e+00
6.956999998680176735e+09 2.276773781783950845e+00 -1.720535367330372711e+00
6.956999998959005356e+09 2.357594788747738423e+00 -1.733057650917957826e+00
6.956999998965271950e+09 2.351564917796551413e+00 -2.023503622533354473e+00
6.956999999245759010e+09 2.289448570013343343e+00 -1.979876462947447679e+00
6.956999999234436035e+09 2.276365108581968943e+00 -2.269937010256250609e+00
6.956999999014966011e+09 2.464156381199789525e+00 -2.238286860426567770e+00
6.956999999062478065e+09 2.417737533454957344e+00 -2.521169232909673319e+00
6.956999998872226715e+09 2.628571541537269241e+00 -2.459623287697403349e+00
6.956999998687522888e+09 2.794748913410165958e+00 -2.610301690068365321e+00
6.956999998878379822e+09 2.994281335704866542e+00 -2.519776721035854816e+00
6.956999998747118950e+09 3.215638933776156616e+00 -2.384847864612084312e+00
6.956999998728965759e+09 3.347801795797966218e+00 -2.642991083848725609e+00
6.956999998604659081e+09 3.594346111156041079e+00 -2.552446829847561993e+00
6.956999998338417053e+09 3.523385606309218154e+00 -2.460172840902023594e+00
6.956999998434449196e+09 3.390281348171701570e+00 -2.220390443822265691e+00
6.956999998391054153e+09 3.379791766317049362e+00 -1.933264512795473733e+00
6.956999998504746437e+09 3.647145859155990877e+00 -1.938779644021784376e+00
6.956999998604951859e+09 3.404770371632163339e+00 -2.063869362803552487e+00
6.956999998724505424e+09 3.610485646267477033e+00 -1.897067908553561777e+00
6.956999998991691589e+09 3.496329532742815882e+00 -1.900853477083314980e+00
6.956999998971385956e+09 3.384339533417921597e+00 -2.168211671325685153e+00
6.956999998981451988e+09 3.285468385501302713e+00 -2.441264161872332306e+00
6.956999998709000587e+09 3.297568551925716296e+00 -2.340974278319043478e+00
6.956999998977051735e+09 3.372863654191699645e+00 -2.257826240763922243e+00
6.956999999237174988e+09 3.273164345016855936e+00 -2.340472292178092495e+00
6.956999999340896606e+09 3.483689571985672195e+00 -2.169138005921213974e+00
6.956999999472385406e+09 3.570787935135138369e+00 -2.413185229638520113e+00
6.956999999453213692e+09 3.613303569723201658e+00 -2.699994168836957087e+00
6.956999999537467003e+09 3.689045767643152729e+00 -2.967574027636088463e+00
6.956999999433531761e+09 3.542115590528542857e+00 -2.739443411802561901e+00
6.956999999577926636e+09 3.786556427333469976e+00 -2.677529886414774296e+00
6.956999999450228691e+09 3.802986629946626618e+00 -2.938025279769781672e+00
6.956999999463656425e+09 4.078364750168749886e+00 -3.029791740260089572e+00
6.956999999386627197e+09 3.865176775344492555e+00 -2.847989874848450675e+00
6.956999999533994675e+09 4.083947132567923077e+00 -2.726100624451206933e+00
6.956999999518069267e+09 4.124709299507678395e+00 -2.438838848726760045e+00
6.956999999498682976e+09 4.085239670712166316e+00 -2.151609271304558924e+00
6.956999999545578003e+09 4.055225994112558574e+00 -1.866417219798017779e+00
6.956999999553243637e+09 4.062237107337093533e+00 -2.156807611885385612e+00
6.956999999417107582e+09 3.949749410822738227e+00 -2.387562943033318952e+00
6.956999999157019615e+09 3.940852043519362802e+00 -2.516828614801419395e+00
6.956999999024974823e+09 4.095152125796810871e+00 -2.724650816744057735e+00
6.956999999054615974e+09 4.239920410498195125e+00 -2.974846836673860295e+00
6.956999998808303833e+09 4.382175634408020493e+00 -3.034245052239866958e+00
6.956999998857230186e+09 4.351156003923883020e+00 -2.749502270160235629e+00
6.956999998572669983e+09 4.343832616800744617e+00 -2.691140238676883900e+00
6.956999998774975777e+09 4.160676874613017162e+00 -2.790944248944774220e+00
6.956999998616891861e+09 4.343997536464840437e+00 -2.951684444899181248e+00
6.956999998331017494e+09 4.395140129072045987e+00 -2.941936332761603712e+00
6.956999998236166000e+09 4.304482225111695648e+00 -3.201202180870198699e+00
6.956999998264920235e+09 4.291262101624950809e+00 -2.912354652954312062e+00
6.956999998523828506e+09 4.179023288889936794e+00 -2.981662576763090655e+00
6.956999998614943504e+09 4.108092504196523720e+00 -2.715014225444935203e+00
6.956999998758151054e+09 4.184242298214690514e+00 -2.956110444815008176e+00
6.956999998779268265e+09 4.162226324508996989e+00 -3.245080771195647529e+00
6.956999999005439758e+09 4.227514047129329100e+00 -3.074732126892209205e+00
6.956999998872751236e+09 4.292693472529199639e+00 -3.324891873715657642e+00
6.956999998626520157e+09 4.399176655786411594e+00 -3.213241085505003980e+00
6.956999998834189415e+09 4.577460451333058344e+00 -3.115656401067287806e+00
6.956999998797001839e+09 4.289529124500417900e+00 -3.127787422977824416e+00
6.956999998718170166e+09 4.009885109665479952e+00 -3.132177677217341749e+00
6.956999998859053612e+09 3.892379810857057532e+00 -2.906836118092323229e+00
6.956999998944928169e+09 3.824529707328175210e+00 -2.637658740221427767e+00
6.956999998736306190e+09 3.622645584221588333e+00 -2.650080130001663647e+00
6.956999998714674950e+09 3.407018665657491674e+00 -2.843655974046370716e+00
6.956999998685338974e+09 3.601828974266052086e+00 -2.630060905205456656e+00
6.956999998758660316e+09 3.594112403966321700e+00 -2.348993433460782931e+00
6.956999998719190598e+09 3.614208124096239150e+00 -2.636174223898620106e+00
6.956999998819112778e+09 3.771450412948002207e+00 -2.859164993984103731e+00
6.956999998663301468e+09 3.752484267189748923e+00 -3.103700400854249697e+00
6.956999998429454803e+09 3.924875012520117501e+00 -3.109339917618360705e+00
6.956999998461977005e+09 4.035724250409378655e+00 -2.842714258447607723e+00
6.956999998673269272e+09 3.853400757791669129e+00 -2.923635567747262964e+00
6.956999998812364578e+09 3.598960057905491450e+00 -2.942259904215627220e+00
6.956999998795801163e+09 3.309335465890371530e+00 -2.958925751207044819e+00
6.956999998762593269e+09 3.442606064898839247e+00 -2.702858001467117965e+00
6.956999998734678268e+09 3.459971329616596591e+00 -2.414147602250411584e+00
6.956999998772790909e+09 3.435765728268521446e+00 -2.701194608884885717e+00
6.956999998871514320e+09 3.492427452161416035e+00 -2.433841700268414510e+00
6.956999998907533646e+09 3.392203497347211716e+00 -2.704197499907575519e+00
6.956999998662867546e+09 3.292165455049184786e+00 -2.824883705977219162e+00
6.956999998753012657e+09 3.301438678242967217e+00 -3.100967774596857573e+00
6.956999998660438538e+09 3.225568244088325542e+00 -2.836188183422430509e+00
6.956999998397583961e+09 3.341636075149989615e+00 -2.879431660613156918e+00
6.956999998110357285e+09 3.303439400136225945e+00 -2.901263236018108760e+00
6.956999998101008415e+09 3.238112793363812525e+00 -3.184246495504389429e+00
6.956999997917053223e+09 3.122469372848951430e+00 -3.377175047729102264e+00
6.956999997937708855e+09 2.987976289760406523e+00 -3.120427241745109548e+00
6.956999997653351784e+09 2.974358294886822573e+00 -3.062200779934185046e+00
6.956999997646344185e+09 3.260532851778682240e+00 -3.112095828179264778e+00
6.956999997586255074e+09 3.544828015056407544e+00 -3.112039566779976951e+00
6.956999997790440559e+09 3.744071109900513949e+00 -3.056859830347452345e+00
6.956999997634871483e+09 3.587358725328411158e+00 -2.867984376978584216e+00
6.956999997804130554e+09 3.640074722149324593e+00 -3.098216854399326703e+00
6.956999997831560135e+09 3.589531497442989494e+00 -2.813387967107554566e+00
6.956999997764479637e+09 3.669673761969743264e+00 -2.542257043734662325e+00
6.956999997749403000e+09 3.928645644450640351e+00 -2.673179780542554784e+00
6.956999997939815521e+09 4.147439171302439220e+00 -2.690698572271204458e+00
6.956999997877883911e+09 4.159732345697041644e+00 -2.974331966071668276e+00
6.956999997891748428e+09 4.170649930747945433e+00 -2.684292193193580367e+00
6.956999997884267807e+09 4.125156327681313684e+00 -2.971187415182826808e+00
6.956999997781786919e+09 4.084300240737977816e+00 -2.702369780790201403e+00
6.956999997781296730e+09 4.081376281764326208e+00 -2.992930803161177877e+00
6.956999998014840126e+09 3.974437824378143969e+00 -3.128784004158914556e+00
6.956999997915366173e+09 4.178369758641752085e+00 -2.947259259995961500e+00
6.956999997862426758e+09 4.120237205845091566e+00 -3.226995850624810203e+00
6.956999997630231857e+09 3.948819678857771631e+00 -3.193288229350794261e+00
6.956999997498065948e+09 3.752395764593613237e+00 -3.024811536261726275e+00
6.956999997283454895e+09 3.923218693351871789e+00 -2.928914802568655773e+00
6.956999997103298187e+09 3.987936166876095534e+00 -2.710306572925769153e+00
6.956999997391648293e+09 4.020113066795130585e+00 -2.726226034459477976e+00
6.956999997473217010e+09 4.257863640575602737e+00 -2.580432880328184631e+00
6.956999997638899803e+09 4.476096451677513244e+00 -2.677170937783654558e+00
6.956999997671969414e+09 4.468489605434711187e+00 -2.388582977875694624e+00
6.956999997493636131e+09 4.436901533488194715e+00 -2.161352140295195401e+00
6.956999997454773903e+09 4.522048102844780537e+00 -2.436441792931590022e+00
6.956999997474711418e+09 4.450357004635229430e+00 -2.717328551079245536e+00
6.956999997576487541e+09 4.475196576137431492e+00 -2.446294990759978916e+00
6.956999997657057762e+09 4.742071622146267096e+00 -2.364315738379079157e+00
6.956999997760369301e+09 5.011022162900766297e+00 -2.326542292103848997e+00
6.956999997989493370e+09 5.063164514827979801e+00 -2.155609406918957749e+00
6.956999998053969383e+09 5.344536195890898789e+00 -2.188885774530987316e+00
6.956999998011599541e+09 5.157909435217308491e+00 -2.407540094504257766e+00
6.956999998170071602e+09 4.977304951038497016e+00 -2.570951128693499843e+00
6.956999998244188309e+09 5.053359939789522137e+00 -2.300475960405876208e+00
6.956999998067977905e+09 5.263818762697613174e+00 -2.395825732868895219e+00
6.956999997961030006e+09 5.132684426023947921e+00 -2.159604383449257536e+00
6.956999997849613190e+09 5.111945400019660468e+00 -2.427168790013516375e+00
6.956999998094256401e+09 5.171384755978031933e+00 -2.282077859089211458e+00
6.956999998377014160e+09 5.108799672850727447e+00 -2.305856675542073297e+00
6.956999998415216446e+09 4.911102308115927961e+00 -2.515358005403316444e+00
6.956999998619469643e+09 4.710569938327522799e+00 -2.465340576232459835e+00
6.956999998621091843e+09 4.721866172941991735e+00 -2.174988616749854664e+00
6.956999998576218605e+09 4.636831083228752703e+00 -1.900780740708454708e+00
6.956999998503399849e+09 4.552088812693217967e+00 -2.169016859524091512e+00
6.956999998564063072e+09 4.617319483542913439e+00 -2.445602250809668199e+00
6.956999998445718765e+09 4.727150795872730349e+00 -2.687193219082441686e+00
6.956999998466794014e+09 4.687191130253927973e+00 -2.974236029453882324e+00
6.956999998534878731e+09 4.969068541825902408e+00 -2.955687202356490406e+00
6.956999998618191719e+09 5.094650720265253341e+00 -3.204127586057307742e+00
6.956999998678556442e+09 5.363057156827903960e+00 -3.110593936250463543e+00
6.956999998520971298e+09 5.573209141825424595e+00 -2.986345765522611106e+00
6.956999998652095795e+09 5.644165077772725247e+00 -3.235757295822990542e+00
6.956999998897969246e+09 5.708401438419918428e+00 -3.094851065331398310e+00
6.956999999080995560e+09 5.779150233970148598e+00 -2.880537242598804504e+00
6.956999999243775368e+09 5.817598640104338692e+00 -3.118148342172132104e+00
6.956999999277061462e+09 5.556144513457751621e+00 -3.240493310917371694e+00
6.956999999417500496e+09 5.779571893692212470e+00 -3.362113995468535066e+00
6.956999999507167816e+09 5.800114469080901891e+00 -3.637744607990040180e+00
6.956999999557737350e+09 5.688917474604370028e+00 -3.374092392710537958e+00
6.956999999740417480e+09 5.588278899612022954e+00 -3.576414998564554359e+00
6.956999999474697113e+09 5.553412517454568764e+00 -3.688716923606230491e+00
6.956999999528153419e+09 5.698148765671616545e+00 -3.442488789155930373e+00
6.956999999447504997e+09 5.428305492700287616e+00 -3.370970260615424152e+00
6.956999999485469818e+09 5.388734473313649964e+00 -3.085615584669177291e+00
6.956999999340661049e+09 5.405765981707285839e+00 -2.834269502549770614e+00
6.956999999135358810e+09 5.379175344524186109e+00 -3.038177786761170118e+00
6.956999998984685898e+09 5.131375842884403404e+00 -3.056278073565614761e+00
6.956999999217406273e+09 5.037574312086782413e+00 -3.202828134035972329e+00
6.956999999244762421e+09 5.326853436446310042e+00 -3.200892949692464295e+00
6.956999999015954971e+09 5.458113503277066236e+00 -3.322763010729921529e+00
6.956999998835262299e+09 5.291643520984406379e+00 -3.167609906285150156e+00
6.956999998799093246e+09 5.311666161483085347e+00 -2.879989666200176046e+00
6.956999999044296265e+09 5.236193037334081701e+00 -2.743556578976382276e+00
6.956999999009643555e+09 5.165950724904752711e+00 -3.023377448212126062e+00
6.956999999106453896e+09 5.018332946115059201e+00 -2.792571941067925057e+00
6.956999999110270500e+09 5.024875047159886421e+00 -3.083049362896150836e+00
6.956999999206321716e+09 4.864510414479650713e+00 -2.860581581491285608e+00
6.956999999098630905e+09 5.062317110814881005e+00 -3.044183740762094192e+00
6.956999999072224617e+09 5.018244545879106511e+00 -2.758185769513027630e+00
6.956999999211503029e+09 5.108966472535469094e+00 -2.996525033111670844e+00
6.956999999035392761e+09 5.015674284598880206e+00 -2.785063239040155292e+00
6.956999999179321289e+09 4.848054175641477670e+00 -2.973802675811682228e+00
6.956999999182280540e+09 4.858541373019780174e+00 -2.683430918115721209e+00
6.956999999398016930e+09 5.001763634957596238e+00 -2.551599541778685420e+00
6.956999999307514191e+09 4.880374589499246518e+00 -2.303590430640391151e+00
6.956999999481445312e+09 5.030044010550212441e+00 -2.125316468691472949e+00
6.956999999482819557e+09 5.055988427045182476e+00 -1.835904140047739608e+00
6.956999999706757545e+09 5.016877805361009024e+00 -2.016892453835546828e+00
6.956999999852642059e+09 5.034037990658624118e+00 -2.267607178811273272e+00
6.956999999780891418e+09 5.252602060192586464e+00 -2.445134724485239275e+00
6.956999999847108841e+09 5.481415916041053826e+00 -2.278719568868827761e+00
6.956999999850174904e+09 5.559567544782936466e+00 -1.998867069499304261e+00
6.956999999708618164e+09 5.484929567205737655e+00 -1.756327822521492443e+00
6.956999999440562248e+09 5.488595946847994789e+00 -1.868431047028231706e+00
6.956999999431221008e+09 5.613860057693445427e+00 -2.130454217355399749e+00
6.956999999313762665e+09 5.462882160884508842e+00 -1.911722071646978272e+00
6.956999999313517570e+09 5.602801385965871184e+00 -1.657051601809158781e+00
6.956999999165774345e+09 5.353157833305362878e+00 -1.673918325021546361e+00
6.956999999281753540e+09 5.619579999779717561e+00 -1.672334615082740505e+00
6.956999999203201294e+09 5.347718951021169786e+00 -1.738331706805344101e+00
6.956999999448572159e+09 5.493101138434967723e+00 -1.793934500074464422e+00
6.956999999472652435e+09 5.469150155937634317e+00 -1.505350007505102283e+00
6.956999999612630844e+09 5.408429642254398040e+00 -1.752642308509105185e+00
6.956999999549868584e+09 5.521921956310402280e+00 -2.012670989978296188e+00
6.956999999559576988e+09 5.257710953520345676e+00 -2.133223024690075409e+00
6.956999999761047363e+09 5.466403371313806936e+00 -2.116143319865239736e+00
6.956999999691988945e+09 5.492428255639826062e+00 -1.835095146516168896e+00
6.956999999590230942e+09 5.488954642462632094e+00 -1.562941094407677145e+00
6.956999999705935478e+09 5.719879407908946334e+00 -1.429821658550471275e+00
6.956999999544212341e+09 5.877606836844708305e+00 -1.612584681804384523e+00
6.956999999354491234e+09 5.853917649190822914e+00 -1.393771660478456242e+00
6.956999999317174911e+09 5.958235059729065419e+00 -1.662397511491816360e+00
6.956999999384660721e+09 5.853895495510961666e+00 -1.399731449790099447e+00
6.956999999364638329e+09 5.659768908068953941e+00 -1.184444544932123033e+00
6.956999999239346504e+09 5.705915708192619284e+00 -1.442527701578670385e+00
6.956999999028530121e+09 5.653781340871809391e+00 -1.635590180290025231e+00
6.956999999030036926e+09 5.628337806423191481e+00 -1.925046314877114195e+00
6.956999999083192825e+09 5.714104199815042584e+00 -2.197540404123835778e+00
6.956999999123964310e+09 5.827708527252061010e+00 -2.461862705906901816e+00
6.956999999077056885e+09 5.979072500730833184e+00 -2.705426115124417663e+00
6.956999998789234161e+09 6.005886873147769478e+00 -2.734979552415985893e+00
6.956999998716983795e+09 6.125874061727062170e+00 -2.989572306667166668e+00
6.956999998863860130e+09 6.335761448463563816e+00 -3.126718475582514589e+00
6.956999998829097748e+09 6.321244966181102320e+00 -2.838594593257110610e+00
6.956999998547616005e+09 6.392404912884543045e+00 -2.826812908228835575e+00
6.956999998571016312e+09 6.389957406159394004e+00 -2.537190891274078819e+00
6.956999998763917923e+09 6.336714120503322611e+00 -2.326505149019794327e+00
6.956999998827581406e+09 6.338074158865980579e+00 -2.042992163686977225e+00
6.956999998941932678e+09 6.554041891969068168e+00 -2.200205856679019689e+00
6.956999999198283195e+09 6.578050581413314113e+00 -2.065511564623824459e+00
6.956999999242819786e+09 6.687896380385423889e+00 -1.800210133006278079e+00
6.956999999383690834e+09 6.554687396212099948e+00 -2.016647645314944892e+00
6.956999999484110832e+09 6.368854072237385644e+00 -2.216187797426771411e+00
6.956999999565963745e+09 6.133367185011147527e+00 -2.066921173329236083e+00
6.956999999606627464e+09 6.240907326179493175e+00 -2.333784648703988829e+00
6.956999999478442192e+09 6.318649839450674044e+00 -2.582700638853492769e+00
6.956999999197808266e+09 6.387401659641851914e+00 -2.613563874285223410e+00
6.956999999246491432e+09 6.435824381041702402e+00 -2.895910628418697730e+00
6.956999999141075134e+09 6.521740498023998356e+00 -3.152699250261465913e+00
6.956999998854148865e+09 6.535051706850808273e+00 -3.108757531650748529e+00
6.956999998956968307e+09 6.697282976084284911e+00 -3.326802756722717636e+00
6.956999998903711319e+09 6.716793387409498273e+00 -3.041815923134147504e+00
6.956999998862910271e+09 6.433688379497882970e+00 -2.990617167250771313e+00
6.956999998987075806e+09 6.547255715656498332e+00 -3.227513700856107004e+00
6.956999998972237587e+09 6.544766383804565990e+00 -2.937327315082906232e+00
6.956999998995806694e+09 6.596226142307227924e+00 -2.652316971887133334e+00
6.956999998818681717e+09 6.365883715878455362e+00 -2.650411218287549886e+00
6.956999999035543442e+09 6.216458504684079678e+00 -2.773202697646477866e+00
6.956999998915722847e+09 6.480118252625955755e+00 -2.749516952774434753e+00
6.956999998830292702e+09 6.204243762864592782e+00 -2.717433110856479761e+00
6.956999999059212685e+09 6.056338254932748910e+00 -2.616665523458301834e+00
6.956999998987400055e+09 6.152392628585249490e+00 -2.881337119159604665e+00
6.956999999263831139e+09 6.064122879059519633e+00 -2.896467909648056338e+00
6.956999999114824295e+09 5.869230954825928492e+00 -2.740748732157357814e+00
6.956999999070650101e+09 5.710198897641530991e+00 -2.501600306176092747e+00
6.956999999312009811e+09 5.842503418524014336e+00 -2.408458007950786683e+00
6.956999999515479088e+09 5.889317306435049026e+00 -2.206360699351099797e+00
6.956999999595679283e+09 5.938588568920711630e+00 -1.931451945731037068e+00
6.956999999660326004e+09 6.217941602304132509e+00 -1.978538296205044400e+00
6.956999999556882858e+09 6.160647733229573930e+00 -1.713111390599625139e+00
6.956999999568435669e+09 5.874627719542245607e+00 -1.763047068982765753e+00
6.956999999399932861e+09 5.638456273809382857e+00 -1.779303549064948919e+00
6.956999999254136086e+09 5.720077559724519922e+00 -2.017033707481661331e+00
6.956999999488335609e+09 5.781180933702579239e+00 -1.856249807498523419e+00
6.956999999506043434e+09 5.976098285218957251e+00 -2.071024476794024238e+00
6.956999999457981110e+09 6.262660655030447998e+00 -2.073573561990790459e+00
6.956999999682325363e+09 6.413165541773058642e+00 -2.180589887281743966e+00
6.956999999448081017e+09 6.389057720425256548e+00 -2.010346670077087339e+00
6.956999999170814514e+09 6.441362279263117330e+00 -1.940907019155575730e+00
6.956999999180098534e+09 6.348176487500154508e+00 -2.215979216262168983e+00
6.956999999011620522e+09 6.148147035834724328e+00 -2.342620316482773912e+00
6.956999999145961761e+09 6.134009061886395386e+00 -2.085352021518234622e+00
6.956999999172634125e+09 6.131152156485511817e+00 -2.374687293328291648e+00
6.956999999166932106e+09 6.222220176050386797e+00 -2.650565166985304977e+00
6.956999999246674538e+09 6.396095366795425896e+00 -2.869295837250075643e+00
6.956999999151764870e+09 6.603604075815101559e+00 -2.689388252376278210e+00
6.956999998899711609e+09 6.724344225401804209e+00 -2.609856466825748456e+00
6.956999998877844810e+09 6.828841448744627840e+00 -2.880109456740459706e+00
6.956999998894290924e+09 6.907910375146862236e+00 -3.159236887508221070e+00
6.956999998947366714e+09 6.622330525906203746e+00 -3.151390975101489911e+00
6.956999998971474648e+09 6.728957943563169231e+00 -3.420619305904005092e+00
6.956999998950921059e+09 6.717554335010891720e+00 -3.710243181998808204e+00
6.956999998940833092e+09 6.450707213607774548e+00 -3.824809049731773936e+00
6.956999999003525734e+09 6.204107907135295363e+00 -3.684477460708015517e+00
6.956999999029691696e+09 6.185741220269536100e+00 -3.973289685186167652e+00
6.956999999021769524e+09 6.028309337758741115e+00 -3.729185328701973834e+00
6.956999999282552719e+09 6.131972273141116148e+00 -3.804555212468183623e+00
6.956999999205321312e+09 5.865077576992806740e+00 -3.719484396562781736e+00
6.956999999291554451e+09 5.763681197544889834e+00 -3.977780807683739095e+00
6.956999999046861649e+09 5.866755792905737010e+00 -4.095830734353584468e+00
6.956999998809572220e+09 5.787087885555155964e+00 -3.948246369777259623e+00
6.956999998592037201e+09 5.713771343509334244e+00 -3.770095669929039328e+00
6.956999998743316650e+09 5.468995512754652566e+00 -3.729676340987057692e+00
6.956999998689672470e+09 5.337557788914226720e+00 -3.983213085609069282e+00
6.956999998748583794e+09 5.156186353973098768e+00 -4.202458008552222068e+00
6.956999998693973541e+09 5.152690320277631741e+00 -3.917081120890975487e+00
6.956999998964067459e+09 5.188607816460510058e+00 -4.018045455117717601e+00
6.956999999186281204e+09 5.302306222847761319e+00 -4.166800419241216247e+00
6.956999999231358528e+09 5.217389049325805495e+00 -3.892589596018848574e+00
6.956999999369981766e+09 5.431492213864720142e+00 -3.753385093158191133e+00
6.956999999499866486e+09 5.378496168814511869e+00 -3.498913180071216544e+00
6.956999999616533279e+09 5.514430593689717774e+00 -3.270122623575732579e+00
6.956999999360977173e+09 5.647935071301141363e+00 -3.234038476987162181e+00
6.956999999591249466e+09 5.793442592441765626e+00 -3.335214621594744688e+00
6.956999999524618149e+09 5.707122895803086848e+00 -3.065875319946743005e+00
6.956999999465500832e+09 5.704402767894753090e+00 -2.781389369555885782e+00
6.956999999362466812e+09 5.565630353947133457e+00 -3.014971541093936391e+00
6.956999999521039009e+09 5.547027833161973120e+00 -2.772189366308203784e+00
6.956999999648075104e+09 5.308962625314171291e+00 -2.879991230924733081e+00
6.956999999575709343e+09 5.147982198015705002e+00 -3.110822407636797404e+00
6.956999999469829559e+09 4.901370553897162807e+00 -2.999437585285500418e+00
6.956999999520178795e+09 4.714120612835661639e+00 -2.783019211490058265e+00
6.956999999384449005e+09 4.723421520970953580e+00 -2.526259660942180574e+00
6.956999999385398865e+09 4.963895917109121037e+00 -2.689372074395742551e+00
6.956999999546536446e+09 4.738481456785976320e+00 -2.601865247945200466e+00
6.956999999339983940e+09 4.547460894553339905e+00 -2.529190398690279729e+00
6.956999999255054474e+09 4.463881592103304818e+00 -2.264169726519531967e+00
6.956999999456090927e+09 4.427240263395565201e+00 -2.057587567260647177e+00
6.956999999521132469e+09 4.175015823136032367e+00 -2.186378002172566504e+00
6.956999999261432648e+09 4.056095877979930542e+00 -2.133007143754573676e+00
6.956999999414611816e+09 3.898639176568280185e+00 -2.323212354788307454e+00
6.956999999178827286e+09 3.764682204344973915e+00 -2.218829860367496742e+00
6.956999999228442192e+09 3.894534515700856403e+00 -2.473998954106777060e+00
6.956999999403383255e+09 3.932112410669532654e+00 -2.702948648341636950e+00
6.956999999389183044e+09 4.171722427588785642e+00 -2.866716443863842390e+00
6.956999999539287567e+09 4.237074521118555204e+00 -3.106783416648594809e+00
6.956999999575306892e+09 4.294723656830282899e+00 -2.824270240414420208e+00
6.956999999583181381e+09 4.149670656426907023e+00 -2.572611509532704677e+00
6.956999999454300880e+09 3.996582801832942788e+00 -2.783297136370433300e+00
6.956999999627507210e+09 4.001196968428544665e+00 -2.550031616232618870e+00
6.956999999457332611e+09 4.138796182905465137e+00 -2.741189707624438920e+00
6.956999999733038902e+09 4.229726862725954106e+00 -2.728861918554930988e+00
6.956999999663289070e+09 4.212123140780831498e+00 -2.447331176841858191e+00
6.956999999830638885e+09 4.412450138491450957e+00 -2.574993734337350126e+00
6.956999999888114929e+09 4.680754499467277618e+00 -2.670616818372460344e+00
6.956999999882585526e+09 4.581997745701930747e+00 -2.397393419987345009e+00
6.956999999725728035e+09 4.573532514746068145e+00 -2.641849129056714318e+00
6.956999999728632927e+09 4.843744075142932815e+00 -2.535023236999571328e+00
6.956999999745717049e+09 4.978986673181382550e+00 -2.791639837532258195e+00
6.956999999720848083e+09 5.031867213404354722e+00 -2.507000265352811841e+00
6.956999999720488548e+09 5.026475196090987474e+00 -2.797526158425357679e+00
6.956999999469687462e+09 5.157728176649569285e+00 -2.863146923679618983e+00
6.956999999247408867e+09 5.214496738281319210e+00 -3.041483354640798442e+00
6.956999999291930199e+09 5.128534018506544889e+00 -2.767507507477289241e+00
6.956999999060861588e+09 5.067388333252974775e+00 -2.932743658168151413e+00
6.956999998895462036e+09 5.067792712680741829e+00 -2.693834888358375146e+00
6.956999998666897774e+09 4.950537239681972679e+00 -2.558026703501025345e+00
6.956999998627944946e+09 4.706262071319084583e+00 -2.710495743694754545e+00
6.956999998763644218e+09 4.619417585454172581e+00 -2.468672928966625602e+00
6.956999999009269714e+09 4.774524099981102054e+00 -2.462001200992838257e+00
6.956999999051898956e+09 4.521482609499360095e+00 -2.598336124150657067e+00
6.956999999051095009e+09 4.520325129574858991e+00 -2.888908855601631132e+00
6.956999999337445259e+09 4.568924230751636451e+00 -2.880171660365017150e+00
6.956999999334992409e+09 4.568532703766613245e+00 -3.170737195344381032e+00
6.956999999367354393e+09 4.857301090733827209e+00 -3.170655580758967584e+00
6.956999999255922318e+09 4.820452999921394088e+00 -3.436474165654618051e+00
6.956999999422883034e+09 4.636224013733122540e+00 -3.286080077454470061e+00
6.956999999326464653e+09 4.876344177949094139e+00 -3.153866671912837205e+00
6.956999999353483200e+09 4.793711381203172195e+00 -2.876600859206750904e+00
6.956999999148635864e+09 4.735301610041616094e+00 -3.074237759345257448e+00
6.956999999138236046e+09 4.649195001965233942e+00 -3.351567863244647949e+00
6.956999999196173668e+09 4.433710057292679529e+00 -3.537696786904639623e+00
6.956999999314256668e+09 4.693655271447478405e+00 -3.483664750285826450e+00
6.956999999349086761e+09 4.702472287304473753e+00 -3.772011105553283006e+00
6.956999999269668579e+09 4.958124826825896392e+00 -3.659010788828578775e+00
6.956999999522032738e+09 5.081146130452361298e+00 -3.584094259951847494e+00
6.956999999525584221e+09 5.130560734090291675e+00 -3.870415901926373525e+00
6.956999999714704514e+09 5.226833086806864870e+00 -3.671922195895830132e+00
6.956999999482219696e+09 5.277120713205128766e+00 -3.838824271237516683e+00
6.956999999750567436e+09 5.386673798562842563e+00 -3.818275263295380029e+00
6.956999999735877991e+09 5.419358488808981633e+00 -3.529917081273772794e+00
6.956999999737757683e+09 5.421409297313134701e+00 -3.820479914289999890e+00
6.956999999752358437e+09 5.682341617801267120e+00 -3.947506095915878976e+00
6.956999999866954803e+09 5.645737833303555497e+00 -4.212009956593466775e+00
6.956999999834309578e+09 5.862351358318630190e+00 -4.021097974451819823e+00
6.957000000050639153e+09 6.012552384180112064e+00 -3.898314608113445434e+00
6.956999999779997826e+09 6.105297920137374490e+00 -3.949166779410149708e+00
6.956999999811252594e+09 6.231710972980570418e+00 -3.689402708335660641e+00
6.956999999908115387e+09 6.167455679519613376e+00 -3.423088271936851168e+00
6.957000000002779007e+09 6.171521155464152919e+00 -3.148394402034649708e+00
6.956999999756191254e+09 6.289152272974914304e+00 -3.247349062988318380e+00
6.956999999624206543e+09 6.135409049041241403e+00 -3.039076301575637906e+00
6.956999999641204834e+09 6.079087931860852834e+00 -2.754517892150459613e+00
6.956999999663412094e+09 5.977537379109822524e+00 -3.025864187114541526e+00
6.956999999596656799e+09 6.027985238925135825e+00 -3.304132501170277791e+00
6.956999999533451080e+09 6.241130004010055465e+00 -3.491238996010207707e+00
6.956999999391939163e+09 6.475457894636427625e+00 -3.393774947441309031e+00
6.956999999161661148e+09 6.558259789850281685e+00 -3.550460173903744909e+00
6.956999998928716660e+09 6.455653044558768983e+00 -3.690614598943460667e+00
6.956999999073400497e+09 6.528977854186083007e+00 -3.449524003559146568e+00
6.956999999050881386e+09 6.239639955166368601e+00 -3.434998849316934333e+00
6.956999999213365555e+09 6.050982995196891423e+00 -3.285192507221332825e+00
6.956999999329228401e+09 5.957415548389943361e+00 -3.035681945793565539e+00
6.956999999066817284e+09 5.943835289325058113e+00 -2.911624313755811322e+00
6.956999999307089806e+09 5.952160957728179547e+00 -2.748423484864699340e+00
6.956999999422405243e+09 6.128212207450324911e+00 -2.948779960037288816e+00
6.956999999392391205e+09 6.165936528843442233e+00 -2.662230657557786984e+00
6.956999999163949966e+09 6.314501746949339633e+00 -2.561346493682964631e+00
6.956999999271762848e+09 6.396470218376512307e+00 -2.304262588692606251e+00
6.956999999115921974e+09 6.345842188684811980e+00 -2.064294097636089287e+00
6.956999999143972397e+09 6.104938869939191548e+00 -1.904252732848508378e+00
6.956999999369788170e+09 6.284918046026112037e+00 -1.871862697781616180e+00
6.956999999368049622e+09 6.227155262097761046e+00 -1.587090972933280719e+00
6.956999999540791512e+09 6.170290064096076499e+00 -1.813721079467365493e+00
6.956999999585005760e+09 6.103593461033517187e+00 -1.534380423758046508e+00
6.956999999669917107e+09 6.320893149416833445e+00 -1.361159882538954147e+00
6.956999999606311798e+09 6.336930745718438729e+00 -1.078084519879247694e+00
6.956999999553725243e+09 6.260226467798204020e+00 -8.027927222175643696e-01
6.956999999672246933e+09 6.241577956722561993e+00 -1.067442110999745175e+00
6.956999999568280220e+09 6.430215267999084716e+00 -8.724001317094077779e-01
6.956999999370377541e+09 6.249429398416651793e+00 -9.845853897655643117e-01
6.956999999629089355e+09 6.142690923373187672e+00 -9.064219483957263179e-01
6.956999999625970840e+09 6.104908253705334964e+00 -6.183295291261792226e-01
6.956999999557853699e+09 6.181450070202069824e+00 -3.464178853455330831e-01
6.956999999464623451e+09 6.052620799560503251e+00 -5.896167113942989424e-01
6.956999999449402809e+09 6.047870927251432605e+00 -8.797550616541405244e-01
6.956999999408665657e+09 6.036426184861412025e+00 -5.922763415024809852e-01
6.956999999371435165e+09 5.824892993592086121e+00 -7.879856330572884149e-01
6.956999999086396217e+09 5.768619070878656885e+00 -7.834654722025702345e-01
6.956999999133382797e+09 5.800846931773243398e+00 -4.985301975467567037e-01
6.956999998969751358e+09 5.638334627707255464e+00 -6.753042795594449421e-01
6.956999998909389496e+09 5.403776847579413456e+00 -8.358459441562715586e-01
6.956999998864861488e+09 5.540983516567534295e+00 -5.836038735583677362e-01
6.956999998637749672e+09 5.532326931076548604e+00 -4.025516458251683916e-01
6.956999998512554169e+09 5.654654621706645123e+00 -1.706108831722335240e-01
6.956999998256553650e+09 5.525752268075659224e+00 -2.183834774026235936e-01
6.956999998241713524e+09 5.471643598027128519e+00 6.672441668403428228e-02
6.956999998271373749e+09 5.456540801364141657e+00 -2.219392083076550670e-01
6.956999998177907944e+09 5.549435262039914996e+00 -4.809165866822210922e-01
6.956999998094673157e+09 5.827593024857105952e+00 -4.925258304321281644e-01
6.956999998114398003e+09 5.964578782310868021e+00 -2.370256620849952589e-01
6.956999998000959396e+09 5.771885618185099709e+00 -5.145773816307624982e-02
6.956999998210117340e+09 5.907172805278237071e+00 9.815787784667184823e-02
6.956999998439477921e+09 6.050887112722937111e+00 -7.550773720181147564e-03
6.956999998542016983e+09 6.055776540008664277e+00 -2.793895356881767045e-01
6.956999998719655991e+09 5.921940502537303530e+00 -4.663836802979769436e-01
6.956999998638472557e+09 5.935956091044929828e+00 -1.877308725236875864e-01
6.956999998873898506e+09 6.095028152845323177e+00 -1.268619459870479194e-01
6.956999999091236115e+09 6.109617194993161249e+00 -3.191796409818173919e-01
6.956999998981655121e+09 6.056932827833938937e+00 -5.526495928292690651e-02
6.956999999009287834e+09 6.145064603022461824e+00 -3.307712993488139963e-01
6.956999998927606583e+09 6.193482751835661659e+00 -5.614730113480259632e-02
6.956999999044235229e+09 6.459225618187459439e+00 -4.155275198788939417e-02
6.956999999227242470e+09 6.272599749250392875e+00 -1.684927017351913747e-01
6.956999999221720695e+09 6.264737193926121606e+00 1.219245611781579752e-01
6.956999999133886337e+09 6.329833947605821187e+00 -1.473002069221348576e-01
6.956999999296987534e+09 6.089936642075485018e+00 -1.305106758171021841e-01
6.956999999290394783e+09 6.100682390810911571e+00 1.597918653866979288e-01
6.956999999063660622e+09 6.089527398545546255e+00 3.411797199609193920e-01
6.956999999155904770e+09 5.998805437654668005e+00 8.099703209802089354e-02
6.956999998888923645e+09 5.884269617073020875e+00 7.489459050842975363e-02
6.956999998910142899e+09 5.866211033960158083e+00 -2.143425449751627243e-01
6.956999998644553185e+09 5.895270630038042192e+00 -3.285891512130973968e-01
6.956999998787343025e+09 5.642965983864403512e+00 -3.088918654596962687e-01
6.956999998644396782e+09 5.415940321564860049e+00 -4.205174124975511463e-01
6.956999998837005615e+09 5.323070975912965075e+00 -6.172705395950999208e-01
6.956999998845271111e+09 5.194894396086396249e+00 -8.779177093146658395e-01
6.956999998965331078e+09 5.183374574599566742e+00 -6.135553754401039672e-01
6.956999998950932503e+09 5.269003839155186775e+00 -3.362562427153677480e-01
6.956999998669499397e+09 5.198258906075037267e+00 -3.512630359931294133e-01
6.956999998716503143e+09 5.476711190007572228e+00 -2.827835148259341125e-01
6.956999998444400787e+09 5.456065575842413473e+00 -1.829395629496582965e-01
6.956999998663099289e+09 5.460299174034781267e+00 -3.742185970801726880e-01
6.956999998682538033e+09 5.323793833481529347e+00 -1.184395212026336797e-01
6.956999998654322624e+09 5.191315559105865951e+00 -3.755152063338965673e-01
6.956999998868659973e+09 5.081147093096961775e+00 -2.131667483193976920e-01
6.956999998897431374e+09 5.171352581800560344e+00 -4.878841665430361241e-01
6.956999998900355339e+09 5.124791325016621713e+00 -7.746907164631418041e-01
6.956999999122299194e+09 5.282525867810925924e+00 -6.732253783778235912e-01
6.956999999009599686e+09 5.412524996502887653e+00 -9.073911838888720771e-01
6.956999999011636734e+09 5.293011427713288697e+00 -1.172243700574840730e+00
6.956999998828592300e+09 5.338778473522823198e+00 -9.512582060845913290e-01
6.956999998807724953e+09 5.376923598159351059e+00 -1.238562905979847306e+00
6.956999998787306786e+09 5.535318430570433712e+00 -9.958106218522929654e-01
6.956999998856747627e+09 5.786529641971110749e+00 -8.673373509126605096e-01
6.956999998905395508e+09 5.796968207609468848e+00 -5.810526333215557671e-01
6.956999999082094193e+09 5.918933151536890591e+00 -3.852553501221943066e-01
6.956999999140028000e+09 5.852429161587122231e+00 -6.621224709585410428e-01
6.956999999269553185e+09 5.723247246157876056e+00 -8.878871761666013995e-01
6.956999999241982460e+09 5.568806125110587146e+00 -1.132473098468623096e+00
6.956999999075461388e+09 5.470451162769578879e+00 -9.156057049187715791e-01
6.956999999148490906e+09 5.719127059233345634e+00 -7.842228344911466031e-01
6.956999999141425133e+09 5.697618265532166326e+00 -4.945299842598300244e-01
6.956999999195579529e+09 5.708863648843525596e+00 -7.797935370002122557e-01
6.956999999417622566e+09 5.845121907587122578e+00 -9.084994366930658760e-01
6.956999999526297569e+09 5.616496984005808102e+00 -1.051170253508469710e+00
6.956999999756962776e+09 5.655091127866443301e+00 -1.223619186083722443e+00
6.956999999722893715e+09 5.665264502402919788e+00 -9.352266044017956137e-01
6.956999999720448494e+09 5.667895621822077956e+00 -1.225780554072485096e+00
6.956999999692511559e+09 5.803311973607993224e+00 -9.702097542836817246e-01
6.956999999491147041e+09 5.825208126181080637e+00 -1.178554104719295559e+00
6.956999999357612610e+09 6.036946926646097999e+00 -1.031008590662959357e+00
6.956999999371020317e+09 6.087441141435171232e+00 -7.451676082709399740e-01
6.956999999490970612e+09 6.182117588305604095e+00 -9.923168671122108986e-01
6.956999999223361969e+09 6.238874183476719182e+00 -8.943440014972622309e-01
6.956999999383284569e+09 6.329580800364844606e+00 -6.693293027639338755e-01
6.956999999307197571e+09 6.317743056603061902e+00 -3.891415404563632330e-01
6.956999999213144302e+09 6.574621525536335831e+00 -4.871310212917409621e-01
6.956999998983382225e+09 6.736327087809333314e+00 -5.612611958987488991e-01
6.956999998703754425e+09 6.732437161324938302e+00 -6.401782259071729930e-01
6.956999998946012497e+09 6.581448020981131464e+00 -5.858866254843527743e-01
6.956999999052503586e+09 6.567446574615395605e+00 -8.558830804451849072e-01
6.956999998872641563e+09 6.344598283480094025e+00 -9.051065256205708121e-01
6.956999998999035835e+09 6.190278741610289792e+00 -1.116398725451478668e+00
6.956999998997842789e+09 6.460615951687240788e+00 -1.009858272256882072e+00
6.956999998934958458e+09 6.207470971029544593e+00 -1.137911770908016873e+00
6.956999998896155357e+09 6.200557219577466306e+00 -1.425802458729034772e+00
6.956999998989604950e+09 6.175900317543260520e+00 -1.151770005588357737e+00
6.956999999038405418e+09 6.267706980671294836e+00 -8.804315468417928114e-01
6.956999998858488083e+09 6.436640136202892215e+00 -1.033812921803232365e+00
6.956999998714641571e+09 6.583795625395660878e+00 -8.286593732831188941e-01
6.956999998463527679e+09 6.721263171396377523e+00 -7.788677486133634975e-01
6.956999998500892639e+09 6.718092230211139437e+00 -1.067014069982753721e+00
6.956999998614537239e+09 6.712194965201203622e+00 -7.996479579092579115e-01
6.956999998857373238e+09 6.672692216149585853e+00 -6.450364621473090310e-01
6.956999998877673149e+09 6.710764200417328240e+00 -9.323915386338472722e-01
6.956999999008996010e+09 6.827213418218693874e+00 -7.008137662110371924e-01
6.956999998745841980e+09 6.950438396540348229e+00 -7.004055779869058362e-01
6.956999998736349106e+09 7.036936360497479725e+00 -9.776464243665194953e-01
6.956999998808767319e+09 7.255169769818035519e+00 -7.999829738466054385e-01
6.956999998816133499e+09 7.267054672293522088e+00 -1.090222516337835845e+00
6.956999998942860603e+09 7.424925292615615291e+00 -8.817722279792302720e-01
6.956999999189806938e+09 7.275184955650686014e+00 -8.496795197253674825e-01
6.956999999004775047e+09 7.197701769700522334e+00 -1.059903004091065970e+00
6.956999999213810921e+09 7.311632683723420456e+00 -1.226511206898147410e+00
6.956999999178475380e+09 7.266558249914885081e+00 -1.511387010955560051e+00
6.956999999209561348e+09 7.162833124123082484e+00 -1.241740461238297177e+00
6.956999999273018837e+09 7.402474048601152212e+00 -1.090149374477738631e+00
6.956999999190943718e+09 7.500787287894842059e+00 -1.350980265167652572e+00
6.956999999176808357e+09 7.273576216613050427e+00 -1.531562132058420289e+00
6.956999999167820930e+09 7.213870557467226163e+00 -1.815796123378252025e+00
6.956999999339037895e+09 7.174082163477125462e+00 -1.584417369620705784e+00
6.956999999292346954e+09 7.347841096786167370e+00 -1.812589069322281699e+00
6.956999999156831741e+09 7.236383784025566257e+00 -2.044208161591573703e+00
6.956999999202841759e+09 7.367804021328250741e+00 -1.789166445607715650e+00
6.956999999264166832e+09 7.394299348059644394e+00 -2.071959255086569751e+00
6.956999999006754875e+09 7.524588130791601159e+00 -2.106579829993492137e+00
6.956999999112137794e+09 7.256697406894592639e+00 -2.067039133099716874e+00
6.956999999129298210e+09 7.238270431312905373e+00 -2.356522249860921292e+00
6.956999999100119591e+09 7.323527560884717680e+00 -2.632772779163536025e+00
6.956999998920721054e+09 7.372584496269702470e+00 -2.409514744147858156e+00
6.956999998942670822e+09 7.594645223046139648e+00 -2.223391876873772599e+00
6.956999998890654564e+09 7.323182654621077425e+00 -2.313040430742968390e+00
6.956999998974035263e+09 7.250255959262763561e+00 -2.581673713198656461e+00
6.956999999018901825e+09 7.242474652721466732e+00 -2.294687792365294854e+00
6.956999999231880188e+09 7.065428983413624131e+00 -2.382606301050547604e+00
6.956999999382470131e+09 6.923238953223012082e+00 -2.586417645879645288e+00
6.956999999231332779e+09 7.108700308593514983e+00 -2.421505296101608362e+00
6.956999999358271599e+09 7.116332850167792046e+00 -2.160233699431986842e+00
6.956999999296910286e+09 7.109346920153323701e+00 -1.876296296763036331e+00
6.956999999442441940e+09 6.870140294980391360e+00 -1.798609202184971778e+00
6.956999999300195694e+09 6.803011825219543063e+00 -2.042933201527407316e+00
6.956999999096014977e+09 6.673983317406516846e+00 -2.204477161009659625e+00
6.956999999200830460e+09 6.515228765843966485e+00 -1.984829187798483163e+00
6.956999999011023521e+09 6.572868524706604987e+00 -1.772496109199777958e+00
6.956999998903612137e+09 6.331020804574318817e+00 -1.892524782179328291e+00
6.956999998705533981e+09 6.232834536991255447e+00 -2.081096087651301829e+00
6.956999998476409912e+09 6.140740109268092439e+00 -2.234247836503917561e+00
6.956999998413395882e+09 5.899876300928032613e+00 -2.384075470282447817e+00
6.956999998286596298e+09 5.863963017954401558e+00 -2.643047510608950823e+00
6.956999998148689270e+09 5.796145763646050497e+00 -2.396436585751291926e+00
6.956999998066534996e+09 6.059718915773198766e+00 -2.305803173186173893e+00
6.956999998110231400e+09 6.053066740543403768e+00 -2.018608281697639395e+00
6.956999998030039787e+09 6.230598420251539871e+00 -2.234215089126377674e+00
6.956999997978728294e+09 6.336295847129759018e+00 -1.968452556146091936e+00
6.956999997993086815e+09 6.341205239892609313e+00 -1.678272929595642671e+00
6.956999997864157677e+09 6.272225733946381609e+00 -1.929377729071129144e+00
6.956999997847084999e+09 5.982658587865548050e+00 -1.912234221369777165e+00
6.956999997912686348e+09 5.950292789338540445e+00 -2.193451946630302185e+00
6.956999997992034912e+09 5.688112552503870489e+00 -2.290404966664101760e+00
6.956999997717768669e+09 5.752274984694566662e+00 -2.361789307803358717e+00
6.956999997573557854e+09 5.832183159328994115e+00 -2.601064278116506312e+00
6.956999997763020515e+09 5.928460619550443234e+00 -2.402900203028920600e+00
6.956999997569547653e+09 5.747015937781086770e+00 -2.521562521546076407e+00
6.956999997776515961e+09 5.927222750956762098e+00 -2.426041297504141436e+00
6.956999997975872993e+09 5.879180938001258738e+00 -2.631913630157970196e+00
6.956999997871243477e+09 6.049087440112589142e+00 -2.843145663282812041e+00
6.956999997872941971e+09 5.811105352578305627e+00 -3.009867407230551350e+00
6.956999997890447617e+09 6.001637332689053750e+00 -2.791176699508795434e+00
6.956999997942124367e+09 6.100990683225782973e+00 -2.523048120731156807e+00
6.956999997934825897e+09 6.083543902913704393e+00 -2.813008196241827186e+00
6.956999998191926003e+09 5.983170604317289865e+00 -2.903887862264717512e+00
6.956999998191332817e+09 5.990233520238772869e+00 -2.613398170906865214e+00
6.956999998315368652e+09 5.954106676208968274e+00 -2.873675664868735602e+00
6.956999998567007065e+09 5.943067945814118680e+00 -2.728793281564354967e+00
6.956999998416547775e+09 5.760022832215380362e+00 -2.896992171682912787e+00
6.956999998379579544e+09 5.679090854503561658e+00 -2.620373503880191635e+00
6.956999998551157951e+09 5.530192759444956252e+00 -2.801549236036436685e+00
6.956999998263250351e+09 5.528597925705950544e+00 -2.762290404624683227e+00
6.956999998096204758e+09 5.390041524855337940e+00 -2.569074115995214846e+00
6.956999998096045494e+09 5.298928165575979676e+00 -2.293152336961688853e+00
6.956999998356438637e+09 5.423938215563692822e+00 -2.324815471177278159e+00
6.956999998424499512e+09 5.527408207141101038e+00 -2.061953912031470715e+00
6.956999998470338821e+09 5.793048340410668295e+00 -1.953470700445723240e+00
6.956999998757420540e+09 5.834363688878234200e+00 -1.935823264181798065e+00
6.956999998468202591e+09 5.855773724438396499e+00 -1.917678620157480696e+00
6.956999998409308434e+09 5.571535364071253937e+00 -1.930891263948945724e+00
6.956999998237071991e+09 5.413800505603237667e+00 -1.758007139576091227e+00
6.956999998484182358e+09 5.436008969727299522e+00 -1.606753656796604979e+00
6.956999998370978355e+09 5.697430216077181697e+00 -1.549497772430718401e+00
6.956999998333530426e+09 5.531276652527530757e+00 -1.314072337619972553e+00
6.956999998192728043e+09 5.308539589129950720e+00 -1.436536068636683705e+00
6.956999998428460121e+09 5.239217284316580958e+00 -1.281426132610036461e+00
6.956999998449184418e+09 5.291131430838342808e+00 -9.962771711143141307e-01
6.956999998404568672e+09 5.563286345566050173e+00 -1.087795828926667374e+00
6.956999998652211189e+09 5.501186780043947344e+00 -9.490473125788888575e-01
6.956999998763163567e+09 5.769396894533583620e+00 -9.353603522321929375e-01
6.956999998826817513e+09 5.816685688714491320e+00 -6.558135295126924502e-01
6.956999998690073013e+09 5.793419736195129843e+00 -4.004819745320484792e-01
6.956999998726075172e+09 5.780192858693301794e+00 -1.124483369825475254e-01
6.956999998879921913e+09 6.025321651496120978e+00 -8.642054526120000746e-02
6.956999998799957275e+09 6.250024140495531455e+00 7.955803132859524951e-02
6.956999998513264656e+09 6.213127121732472169e+00 1.092343143959233071e-01
6.956999998301528931e+09 6.100862838860710902e+00 -5.508040133647233716e-02
6.956999998589984894e+09 6.135200629195328936e+00 -6.204531482891167266e-02
6.956999998694521904e+09 5.991939734560595809e+00 -2.922253375149048149e-01
6.956999998691221237e+09 5.970676713428310300e+00 -2.447000673493626710e-03
6.956999998574606895e+09 5.984480922302742201e+00 2.633444975126602028e-01
6.956999998568293571e+09 5.983656701435815073e+00 5.538508932849932620e-01
6.956999998303707123e+09 6.086158247369757746e+00 6.164750923601443056e-01
6.956999998417724609e+09 6.228278653520030517e+00 8.428294278787771265e-01
6.956999998629043579e+09 6.368953425875668373e+00 7.014453843055549198e-01
6.956999998489122391e+09 6.334864479132891191e+00 4.490675023998433324e-01
6.956999998488988876e+09 6.371628969343596793e+00 7.373084644227607676e-01
6.956999998750128746e+09 6.354378543908172361e+00 6.110434175183957484e-01
6.956999998621089935e+09 6.582417191380221411e+00 4.854171620662612874e-01
6.956999998807469368e+09 6.805266771605097631e+00 4.794800337810647406e-01
6.956999998810569763e+09 6.850180609301345314e+00 1.924127421865190479e-01
6.956999998573175430e+09 6.922897159830322167e+00 3.433782591169800558e-01
6.956999998584871292e+09 7.202127008069015623e+00 4.229295184138670005e-01
6.956999998701636314e+09 6.936161974928572782e+00 4.149843493535589900e-01
6.956999998882468224e+09 7.147921994773144050e+00 3.319664392444034995e-01
6.956999998807941437e+09 7.428154814235663927e+00 3.506716138073329159e-01
6.956999998921115875e+09 7.692470346895730948e+00 3.086785670426673844e-01
6.956999998876914978e+09 7.733639300727893406e+00 5.929071742329212746e-01
6.956999999160519600e+09 7.792210774008759167e+00 6.168338424006605258e-01
6.956999999097172737e+09 8.048683574983392930e+00 7.378434818321005784e-01
6.956999999092960358e+09 8.053456899602631225e+00 1.028349886107339461e+00
6.956999999125911713e+09 8.165994057062041733e+00 7.624850459258436519e-01
6.956999999081052780e+09 8.194324257633130770e+00 1.048176486779404115e+00
6.956999999072454453e+09 8.192564503886302418e+00 1.338620047647282041e+00
6.956999999291296005e+09 8.322953876173700749e+00 1.198829146137300850e+00
6.956999999044386864e+09 8.179667925593514965e+00 1.253047571503574709e+00
6.956999999003526688e+09 8.053464311018974087e+00 1.511577296488358702e+00
6.956999998960551262e+09 8.130574901607220184e+00 1.234735172842853279e+00
6.956999998906875610e+09 8.238935598649259617e+00 1.498953659522322512e+00
6.956999998917695045e+09 8.143415276397211855e+00 1.224739682452551159e+00
6.956999998828088760e+09 7.961657277877056238e+00 1.016486989185450884e+00
6.956999998980667114e+09 8.019862647014843304e+00 1.256833332408620052e+00
6.956999999109951019e+09 8.231185986395662013e+00 1.408696935298571207e+00
6.956999999119049072e+09 8.233909821388559536e+00 1.699117843283113327e+00
6.956999999085091591e+09 8.062085225823715007e+00 1.930974904571629125e+00
6.956999999117424965e+09 7.923272225732595153e+00 1.677755609304257156e+00
6.956999999400719643e+09 7.987906410995430306e+00 1.676834134425918554e+00
6.956999999482924461e+09 8.152636931022964717e+00 1.901646816996478861e+00
6.956999999756346703e+09 8.093544423736526383e+00 1.823016726725191106e+00
6.956999999870815277e+09 8.358885958270425576e+00 1.792596473256795386e+00
6.956999999857149124e+09 8.350500482740214281e+00 2.082729935834977564e+00
6.956999999873712540e+09 8.449391940977227122e+00 2.355458047465787796e+00
6.956999999966254234e+09 8.523502291098829176e+00 2.620746814262883806e+00
6.956999999823489189e+09 8.588849180104986658e+00 2.865251324328606408e+00
6.956999999871147156e+09 8.812290489345688371e+00 3.044798575076430591e+00
6.957000000075136185e+09 8.606397624722385231e+00 3.065559076649293502e+00
6.957000000199553490e+09 8.602784853634494411e+00 3.328126924545928844e+00
