6.261300000000000000e+10 0.000000000000000000e+00 0.000000000000000000e+00
6.261299999987645721e+10 3.504142448775177804e-02 1.508483726399255653e+00
6.261299999989598083e+10 7.809366863342273590e-02 -4.717895465914834219e-03
6.261299999989193726e+10 -1.038594784247793834e-01 1.498242682336162312e+00
6.261299999841577911e+10 -4.389609021966855984e-01 1.472371029597110192e+00
6.261299999865332031e+10 -3.021236673359940506e-01 -1.654192606778615016e-02
6.261299999835543823e+10 -1.050110355556415520e+00 1.265564452670409734e+00
6.261299999715907288e+10 -1.817477108304174305e+00 1.786983597795437362e+00
6.261299999836457062e+10 -2.527543281422961474e+00 1.208540677501033889e+00
6.261299999975844574e+10 -3.001090018943416649e+00 1.561927466424089417e+00
6.261299999972946167e+10 -2.972283390235010536e+00 3.075315695650915337e+00
6.261299999998682404e+10 -2.268075534788427827e+00 4.390560718244511662e+00
6.261300000046392059e+10 -8.323356323697153059e-01 4.335412212695231915e+00
