2.087100000000000000e+10 0.000000000000000000e+00 0.000000000000000000e+00
2.087099999992131042e+10 1.271903360872323752e-01 2.785017096254441826e-01
2.087099999972923660e+10 2.122385160648355140e-01 4.226771326335715395e-02
2.087099999968714905e+10 -4.577819766604201979e-02 -1.354646774296500156e-01
2.087099999965698242e+10 6.132265226251763790e-02 -4.313566267514030161e-01
2.087099999978219986e+10 -1.791837161938376610e-01 -2.688449880163308325e-01
2.087099999984304810e+10 -6.510553433528273870e-02 -5.573173376505555776e-01
2.087099999994228363e+10 -1.012299011288925743e-01 -8.552770474267914480e-01
2.087099999995466232e+10 -1.378525358848006754e-01 -1.169025717753414018e+00
2.087099999996289825e+10 3.478562665625314909e-02 -1.433715860891500382e+00
2.087099999978117371e+10 2.664977447211434591e-01 -1.318743560283161420e+00
2.087099999946524429e+10 2.571311866411466474e-01 -1.313012554927702968e+00
2.087099999942208862e+10 1.224960441082758866e-01 -1.030269520706360575e+00
2.087099999964417648e+10 3.205172904903156872e-01 -1.137024911230035240e+00
2.087099999962900925e+10 5.363672794697073032e-01 -9.065657594951265219e-01
2.087099999971754456e+10 5.389448374861870450e-01 -1.210025490511707380e+00
2.087099999990195084e+10 3.754552543198315107e-01 -1.408011359288535935e+00
2.087099999995986176e+10 4.801724376600272071e-01 -1.115414072092165920e+00
2.087099999994447327e+10 4.637440739469361195e-01 -8.000951526624788812e-01
2.087100000006565475e+10 5.923858512840172175e-01 -5.379902886112538640e-01
2.087100000025454330e+10 6.932606167705607225e-01 -7.705368739728345462e-01
