5.565600000000000000e+10 0.000000000000000000e+00 0.000000000000000000e+00
5.565599999974991608e+10 -1.568597002789063333e-01 -7.425488199208857276e-01
5.565599999906182861e+10 -2.378742913427734917e-01 -3.444341954938477945e-01
5.565599999939488220e+10 -7.202525867088869216e-01 -8.874894480111978901e-01
5.565599999927939606e+10 -8.283907428283081575e-01 -1.042312760235469815e-01
5.565599999881606293e+10 -1.464742532093651572e+00 -2.417258674089484694e-01
5.565599999931909943e+10 -2.040569703986323979e+00 -4.738956347600613572e-01
5.565599999942804718e+10 -2.738357883867321263e+00 -8.477219091245119520e-01
5.565599999872541809e+10 -2.381851445354644881e+00 -7.145183476002689993e-01
5.565599999849530029e+10 -2.536554004590391376e+00 3.490587995945559907e-02
5.565599999924858856e+10 -2.636784157371184989e+00 2.819644544021708832e-01
5.565599999988377380e+10 -2.466024171838851586e+00 7.357367233465421652e-01
5.565600000009627533e+10 -1.951872488020286678e+00 1.309334509042075823e+00
5.565599999989247131e+10 -2.626073301956375783e+00 9.319222211966826652e-01
5.565599999990821075e+10 -1.917198650445190777e+00 1.300395952825067925e+00
5.565599999918599701e+10 -1.587679747310570155e+00 1.209000054856791850e+00
5.565599999995957947e+10 -1.418666606796844309e+00 1.316348987060028453e+00
5.565599999930214691e+10 -1.429410426367256681e+00 1.770427033050498977e+00
5.565599999859893036e+10 -1.765440330017602699e+00 1.946762491756484970e+00
5.565599999909038544e+10 -2.246682650123101421e+00 1.540062790609468379e+00
5.565599999872043610e+10 -2.330836553641517206e+00 8.367977791902959650e-01
5.565599999897288513e+10 -3.084190834398047976e+00 7.516526394260202304e-01
5.565599999938431549e+10 -2.922284805894901361e+00 8.604521750867621943e-02
5.565599999984872437e+10 -2.275598992806906917e+00 1.786267592119132608e-02
5.565599999958177185e+10 -2.527974696919908393e+00 -6.917611631398906669e-01
5.565599999972258759e+10 -2.665935675695014329e+00 8.261654969790044323e-02
5.565600000042727661e+10 -2.334551851330210148e+00 2.618302631359461508e-01
