2.087100000000000000e+10 0.000000000000000000e+00 0.000000000000000000e+00
2.087100000006709290e+10 -2.911025247343921873e-01 1.033940380441777385e-01
2.087099999999717331e+10 -7.933298999383647798e-02 -1.206536972231642135e-01
2.087100000002394104e+10 -2.677874879157762233e-01 -3.730442226124485727e-01
2.087099999977881622e+10 -7.248983480429607718e-02 -4.143412565044006235e-01
2.087100000004263306e+10 5.435648680774493591e-03 -2.585837483124243108e-01
2.087099999980147934e+10 1.985892198688318233e-01 -1.917350501389912254e-01
2.087099999982460022e+10 1.742014375546668825e-02 6.628780203903417156e-02
2.087100000003816605e+10 -7.077326447499693307e-02 2.820288325720614608e-01
2.087099999995088196e+10 5.391957856255652493e-02 4.962876495953949529e-03
2.087099999999533844e+10 1.445889871308987107e-01 3.045213462720656183e-01
2.087100000014320755e+10 2.194921143699635757e-01 3.534307619294502212e-02
