1.391400000000000000e+10 0.000000000000000000e+00 0.000000000000000000e+00
1.391399999987883568e+10 1.353296313502785619e-01 2.383256037956549833e-01
1.391399999980708313e+10 -1.087678998646893491e-01 3.966357042347143924e-01
1.391399999963680649e+10 -1.380773520296019463e-01 1.518076925291238499e-01
1.391399999956083870e+10 -2.667063855608776679e-01 4.115721318896226055e-01
1.391399999943093491e+10 -8.488241866700227400e-02 2.119241709805300411e-01
1.391399999922585487e+10 -4.755257708910042708e-02 4.271977737402563591e-01
1.391399999929138756e+10 6.287880320863714623e-02 1.564496871253944765e-01
1.391399999918414116e+10 -9.979815100791122884e-02 3.841083701470199285e-01
1.391399999914536667e+10 4.858596428642678045e-02 1.266732243925595691e-01
1.391399999942239761e+10 -5.820768880630840247e-02 1.672113448109824874e-01
1.391399999941257858e+10 -2.821747585851275969e-02 4.652017486753290965e-01
1.391399999943112183e+10 -4.890420285107760501e-02 7.635678488858139712e-01
1.391399999924899864e+10 -2.469185931986681848e-01 6.315992922153155220e-01
1.391399999934509468e+10 -1.044292146950964173e-01 8.770712531252049526e-01
1.391399999924847031e+10 -1.856895192812373641e-01 6.053095393894258880e-01
1.391399999907323647e+10 -4.005124052302597715e-01 4.915640359814288929e-01
1.391399999904636002e+10 -4.203213915534406708e-01 7.893548028213175360e-01
1.391399999925210190e+10 -2.239320549317745102e-01 8.836695591702385943e-01
1.391399999936116409e+10 -1.080087724577701719e-01 1.137562149082027352e+00
1.391399999960448837e+10 -9.652368916736815685e-02 1.312078430238474924e+00
1.391399999941860771e+10 -4.431761832857135375e-02 1.082912311310706865e+00
1.391399999941853523e+10 -1.303554617702312457e-01 7.958729613173891604e-01
1.391399999916546440e+10 -1.498943887403852426e-01 9.551447584689057857e-01
1.391399999914303589e+10 -6.028210448382485820e-02 1.240207320908883304e+00
1.391399999911229897e+10 1.833497878533092706e-02 9.526856833825694260e-01
1.391399999930916786e+10 -2.065140520050597894e-01 9.307857945353897877e-01
1.391399999926589012e+10 -1.167224305366039716e-01 6.481932487353417871e-01
1.391399999931846428e+10 -2.973481235423968139e-01 8.814409685817018447e-01
1.391399999937619400e+10 -3.149133178733472538e-01 1.174959015390868222e+00
1.391399999952893448e+10 -5.717405017370984499e-01 1.152507272630220347e+00
1.391399999957723236e+10 -7.206568023506486620e-01 1.408017422493373028e+00
1.391399999934599113e+10 -6.006464158146815890e-01 1.259966262897952216e+00
1.391399999933573723e+10 -6.049539945043097555e-01 9.605160770744467502e-01
1.391399999932026291e+10 -5.533917457639114801e-01 1.255297347595881075e+00
1.391399999907486534e+10 -5.864319106474347176e-01 1.424064050047457286e+00
1.391399999891538048e+10 -4.495922960172898386e-01 1.210443764104161657e+00
1.391399999884725571e+10 -4.737159405811036117e-01 1.501254936154337472e+00
1.391399999900184250e+10 -2.219068721965725688e-01 1.451365351245424318e+00
1.391399999882267189e+10 -4.067256015747994224e-01 1.604773747723721611e+00
1.391399999908595276e+10 -3.960497493986480100e-01 1.747474573487608263e+00
1.391399999927846909e+10 -3.660096717787677534e-01 1.975135136802041558e+00
1.391399999930191040e+10 -4.327985628610219737e-01 1.683958516882233969e+00
1.391399999937632179e+10 -6.223727941579091372e-01 1.464143251925425604e+00
1.391399999938986015e+10 -7.244883483512523092e-01 1.745538430748008629e+00
1.391399999936063766e+10 -7.762846792987698752e-01 2.039234299059841327e+00
1.391399999942962837e+10 -6.896352250537931550e-01 2.317669583886709628e+00
1.391399999972102356e+10 -7.545294282308118161e-01 2.291747353630751327e+00
1.391399999988543320e+10 -9.930770013010270514e-01 2.215203622141078910e+00
1.391399999986155128e+10 -9.889421082176018674e-01 1.916528769400760668e+00
1.391400000005095673e+10 -9.873367219973133713e-01 2.148729179768892994e+00
1.391400000003017235e+10 -1.262553118587481205e+00 2.265425465303087638e+00
1.391399999975840569e+10 -1.151573138980686917e+00 2.325594196544477743e+00
1.391399999966388702e+10 -1.058122505626783338e+00 2.594159544018631358e+00
1.391399999971570396e+10 -1.327252896886912170e+00 2.715312001218730398e+00
1.391399999972044373e+10 -1.329328839927158112e+00 3.014923951694011173e+00
1.391399999981519127e+10 -1.413513914915450531e+00 3.286456503484463276e+00
1.391399999982387352e+10 -1.623048820416756577e+00 3.072414830964832255e+00
1.391399999979903984e+10 -1.683086486641723667e+00 3.364943265507001069e+00
1.391399999972260284e+10 -1.939356367361380507e+00 3.500137137546110111e+00
1.391399999990017319e+10 -1.756366707321081577e+00 3.657546424801106255e+00
1.391399999981054878e+10 -1.928353001681153200e+00 3.885980878792572035e+00
1.391399999982935905e+10 -2.226922613259879835e+00 3.903199895866224622e+00
1.391399999980347061e+10 -2.173378418929704736e+00 4.196895180788875912e+00
1.391399999983579826e+10 -1.991264870547940991e+00 4.432657001483890191e+00
1.391399999998077583e+10 -1.869420796576484856e+00 4.664884131667965228e+00
1.391400000011402893e+10 -1.923954724760271962e+00 4.402083789789880797e+00
