6.261300000000000000e+10 0.000000000000000000e+00 0.000000000000000000e+00
6.261299999877419281e+10 -6.238586740895740723e-01 -6.326263675802433761e-01
6.261299999876903534e+10 -1.670453272973583925e+00 -1.726530833389750885e+00
6.261299999935852814e+10 -1.264083080460860264e+00 -3.060463933100828093e+00
6.261299999842851257e+10 -2.450092378177302521e+00 -2.917416493791195276e+00
6.261299999848043060e+10 -2.899541793444325499e+00 -1.472662802138855032e+00
6.261299999807128906e+10 -3.212163793775490994e+00 -2.896348974812859023e+00
6.261299999837841797e+10 -3.511276252182881308e+00 -1.444378203312456588e+00
6.261299999807148743e+10 -4.164749478354519141e+00 -1.136723826154473205e-01
6.261299999709355164e+10 -3.066027496368721295e+00 -4.720935125402254129e-01
6.261299999791165161e+10 -1.938824798210958766e+00 1.213194042341007584e-01
6.261299999672507477e+10 -1.152918702314577271e+00 6.374513303692426192e-01
6.261299999535906982e+10 -1.647486075047570164e+00 1.063423868534068450e+00
6.261299999431349182e+10 -5.568696036917650805e-01 1.160040991471468885e+00
6.261299999446467590e+10 -1.393721221029743385e-01 -2.873196001067384042e-01
6.261299999531980133e+10 7.847030935459599066e-01 5.534280134134312856e-01
6.261299999626222229e+10 -3.979097495249778182e-01 4.806920352164774646e-01
6.261299999623979187e+10 -1.679883542537480068e+00 1.285709943825493307e+00
6.261299999550435638e+10 -2.104327595430707909e+00 3.231613950635336963e-02
6.261299999469052887e+10 -1.424944637505604073e+00 -1.048488060620811790e+00
6.261299999431921387e+10 -1.563968640520922326e+00 4.126106251341679076e-01
6.261299999476976013e+10 -1.457591505777387830e+00 -1.028815254335969875e+00
6.261299999342854309e+10 -2.048148964610395417e+00 -6.488303357410356575e-01
6.261299999277100372e+10 -1.460823082764937553e+00 5.819048449593031691e-01
6.261299999330318451e+10 -2.344123627716780955e-01 1.292334376671233853e+00
6.261299999325274658e+10 -1.721114204759847943e-01 -2.194818511431613217e-01
6.261299999193188477e+10 -1.557593270470747915e-01 5.201666529774948700e-01
6.261299999342737579e+10 -8.531883698421902085e-02 7.450021842587074561e-01
6.261299999483693695e+10 -5.757293853353936397e-01 4.907618944710553377e-01
6.261299999484660339e+10 -5.752191246833252558e-01 -1.023146982435448216e+00
6.261299999461843109e+10 -3.204238584943876478e-01 4.516513351854951619e-01
6.261299999600536346e+10 2.207738981600497197e-01 7.264977337454678885e-01
6.261299999600229645e+10 2.258844064204504343e-01 -7.874303692304218671e-01
6.261299999477236176e+10 5.522995927367180258e-01 -1.607631210326025295e+00
6.261299999566296387e+10 6.841861769079804478e-02 -4.830424116692892955e-01
6.261299999560464478e+10 1.520652270777769210e-01 1.027459579168271686e+00
6.261299999544749451e+10 -3.146656527230506928e-03 -4.702811780657545349e-01
6.261299999555350494e+10 -7.667013572513983188e-01 -1.773262477218392252e+00
6.261299999686044312e+10 -1.486487351346891472e+00 -1.516678247035767813e+00
6.261299999671562958e+10 -1.126370229534464196e+00 -5.334015363017519107e-02
6.261299999753373718e+10 -2.180788095271120497e+00 -7.681284885368478976e-01
6.261299999791711426e+10 -1.584428484064704712e+00 -2.105808984923123628e+00
6.261299999900273132e+10 -1.510369399879518904e+00 -3.158410507042875182e+00
6.261299999913094330e+10 -1.384066712660733334e+00 -4.661615090544152906e+00
6.261299999862770081e+10 -1.217130675165154052e+00 -6.079673783374868634e+00
6.261299999882449341e+10 -7.562973928956538971e-01 -7.508280936721561716e+00
6.261299999991197968e+10 -3.396650773006752444e-01 -6.540914197795703267e+00
6.261300000052019501e+10 -8.949209343936428418e-01 -7.811260093729601728e+00
