1.391400000000000000e+10 0.000000000000000000e+00 0.000000000000000000e+00
1.391399999983751297e+10 1.050874835143977143e-01 -2.287982966523453565e-01
1.391399999983098793e+10 1.250861974106530772e-01 7.011904561700704752e-02
1.391399999961321831e+10 9.963297873176255037e-02 2.743800122568992306e-01
1.391399999961835861e+10 3.943313466026786562e-01 2.203378094138074283e-01
1.391399999961144447e+10 3.845523174651187537e-01 -7.907940566327970044e-02
1.391399999983669090e+10 2.237589314364403226e-01 -1.939878489523514382e-01
1.391399999991576004e+10 -6.429148383136479294e-02 -1.701283916853638667e-01
1.391400000009424400e+10 -3.232104258914178518e-02 -4.086987360750569120e-01
1.391400000012709808e+10 -5.630310818205662426e-02 -1.118155569347634160e-01
