6.261300000000000000e+10 0.000000000000000000e+00 0.000000000000000000e+00
6.261299999902017212e+10 4.274870131223188485e-01 1.072012900042059291e+00
6.261299999840843964e+10 9.822083906157714761e-01 2.340901379116028913e+00
6.261299999762857819e+10 2.594744269704433171e-01 3.418622602030997548e+00
6.261299999650527954e+10 -1.392682670993636851e-01 4.352011506966537269e+00
6.261299999721902466e+10 -1.409492029576419336e-01 3.016877746979830910e+00
6.261299999726789093e+10 1.226599977071773040e+00 2.369239368679879831e+00
6.261299999774756622e+10 2.377634650984084885e+00 3.227752784797291330e+00
6.261299999772173309e+10 2.274271441838481955e+00 4.737939064908953668e+00
6.261299999821166992e+10 2.697886358771054649e+00 3.369537168872848376e+00
6.261299999816146088e+10 3.700730167133277959e+00 4.502585044275720705e+00
6.261299999935546875e+10 3.994263367632153283e+00 5.385871066322951428e+00
6.261299999926652527e+10 5.480508546101617640e+00 5.660056990817331268e+00
6.261299999850452423e+10 5.177583227115724718e+00 4.387422321547482795e+00
6.261299999910082245e+10 5.145017829927466479e+00 5.778603191057150923e+00
6.261299999768544769e+10 4.646309487671226535e+00 5.578579312851298155e+00
6.261299999765817261e+10 5.144681136337773353e+00 7.007878352664199006e+00
6.261299999903860474e+10 5.397733323841251263e+00 7.575665261511499438e+00
6.261299999947254181e+10 6.177453924365206461e+00 8.798674464984824084e+00
6.261300000008794403e+10 5.569447877348344456e+00 7.556248040129716514e+00
6.261300000154846954e+10 5.793926386198679168e+00 7.885634389040547809e+00
