2.087100000000000000e+10 0.000000000000000000e+00 0.000000000000000000e+00
2.087099999993699265e+10 -2.213095999129265912e-01 2.167602957567903443e-01
2.087099999966549301e+10 -2.352578464937906955e-01 5.543386683228307410e-02
2.087099999945188522e+10 -1.802674061529455363e-01 2.818871809008436369e-01
2.087099999942259979e+10 -2.329011845404933834e-01 5.922173191147381832e-01
2.087099999939731216e+10 -2.095033610714687744e-01 2.779789276430998934e-01
2.087099999953753281e+10 -8.778283540765118020e-02 2.213653335112403253e-02
2.087099999950853348e+10 1.877036602026984635e-01 -1.301753838499488114e-01
2.087099999932669449e+10 2.518970109699092408e-01 1.203183549742777858e-01
2.087099999954304886e+10 2.243689845437649433e-01 3.491535382552167777e-01
2.087099999951616287e+10 3.038607210522020763e-01 4.437337935072271922e-02
2.087099999940996933e+10 3.807661029400115638e-01 3.320205251574763761e-01
2.087099999939083481e+10 5.285860224818523800e-01 5.324487401412592025e-02
2.087099999914697647e+10 7.202282639155921373e-01 -7.902219836664746422e-03
2.087099999922515869e+10 5.788725058467549811e-01 -2.796356058714806747e-01
2.087099999917375183e+10 5.798164663218685622e-01 -5.915474246341430042e-01
2.087099999917182922e+10 3.052486646882024979e-01 -7.482046659568746261e-01
2.087099999928351212e+10 4.470598693937904988e-02 -6.082852967517053955e-01
2.087099999955729675e+10 1.982286801330294668e-01 -6.457720504599671063e-01
2.087099999943435287e+10 1.537620687906766925e-01 -3.579527136574431334e-01
2.087099999944591904e+10 1.121013175530241046e-01 -6.711032384087828317e-01
2.087099999944587708e+10 1.097520709789873428e-01 -3.549906940997892835e-01
2.087099999958833694e+10 -1.353274609473807677e-01 -2.150822348110803528e-01
2.087099999965829468e+10 1.577683104332846253e-01 -1.195124914750463341e-01
2.087099999957569885e+10 -6.049407269955447974e-02 -3.327538317189208117e-01
2.087099999932109070e+10 -1.737171718869021664e-01 -4.820469895462059506e-01
2.087099999932174683e+10 -1.006162532953643607e-01 -1.744945741496800040e-01
2.087099999953975677e+10 -2.941236813372705705e-01 -5.218338744677621099e-02
2.087099999932878876e+10 -6.515614607225225785e-02 2.586971082162867197e-03
2.087099999939511871e+10 -4.008941081773117338e-02 3.106530597781904102e-01
2.087099999954090881e+10 1.440347202695809736e-01 9.904902079258762204e-02
2.087099999956604004e+10 3.110475171025494090e-01 -1.681732566072519364e-01
2.087099999944637299e+10 4.323785447433260432e-01 9.808018590710240736e-02
2.087099999948366165e+10 4.130292733941380301e-01 -2.152372452743247233e-01
2.087099999960874939e+10 3.533346679182395866e-01 6.887898481907986370e-02
2.087099999931318665e+10 4.253516102797730292e-01 1.548433941878927800e-01
2.087099999918423462e+10 2.748455696134217696e-01 4.011190015483041549e-01
2.087099999940827179e+10 4.411623665908254721e-01 2.525314599411677685e-01
2.087099999932501602e+10 7.453706149283125804e-01 2.739473566113889702e-01
2.087099999944529343e+10 8.801076788399969653e-01 5.333926627399722120e-01
2.087099999963453674e+10 6.301179538987381479e-01 5.736946015340408378e-01
2.087099999933304596e+10 5.705754591447587121e-01 4.995966945959683936e-01
2.087099999923951340e+10 2.826181038622776476e-01 5.905075582523747757e-01
2.087099999923299789e+10 2.731991447309251031e-01 9.064212972242005062e-01
2.087099999904868317e+10 1.931852263694313621e-01 6.623752115847810762e-01
2.087099999896346664e+10 3.186896631587232687e-01 9.397191210045336973e-01
2.087099999895336914e+10 2.834500139308238076e-01 6.257304927727280752e-01
2.087099999879351425e+10 5.203974830058126777e-01 7.607671464730464406e-01
2.087099999880115509e+10 7.105748397165004837e-01 5.083649792510149812e-01
2.087099999877854919e+10 5.101218101953287620e-01 2.649719851409231830e-01
2.087099999867522430e+10 6.555322840013386720e-01 5.259552801077955753e-01
2.087099999881927872e+10 8.489988839404210008e-01 3.216240370322673292e-01
2.087099999901276779e+10 7.185677688536432628e-01 1.083576946583266198e-01
2.087099999905517197e+10 7.853538768115981838e-01 -1.977045359788032197e-01
2.087099999908942413e+10 1.094791394161989118e+00 -2.525492270576694120e-01
2.087099999923984528e+10 1.146300996280866347e+00 -5.257757759511101359e-01
2.087099999915491104e+10 1.053873885603190619e+00 -8.159064373532083358e-01
2.087099999908328247e+10 1.079134376555156205e+00 -1.122767604679234088e+00
2.087099999881287003e+10 1.239857997167211900e+00 -1.154021784695104857e+00
2.087099999859022141e+10 1.163304868664852609e+00 -9.430710316332038268e-01
2.087099999858421707e+10 1.189377703014288246e+00 -1.258058015612323555e+00
2.087099999830575562e+10 1.169846833139373654e+00 -1.109701375362174058e+00
2.087099999843772888e+10 1.279018085744962674e+00 -8.439988613368873960e-01
2.087099999834485245e+10 1.318834455927334393e+00 -1.143533677063221177e+00
2.087099999845565796e+10 1.257104819342550694e+00 -8.539749782129537614e-01
2.087099999855231094e+10 1.405886274480344422e+00 -1.115614050836531757e+00
2.087099999836621857e+10 1.648792707054247852e+00 -1.194976289720833584e+00
2.087099999852936554e+10 1.807592909152743399e+00 -1.414288959857536776e+00
2.087099999861079788e+10 1.539169719379493539e+00 -1.268513127334908619e+00
2.087099999830340958e+10 1.545658054253739255e+00 -1.342016954001032936e+00
2.087099999821209717e+10 1.359435873074165357e+00 -1.580587397448763198e+00
2.087099999802071762e+10 1.353794446925167705e+00 -1.832132862679633600e+00
2.087099999790590286e+10 1.391909663978063705e+00 -2.124190848072311066e+00
2.087099999788122940e+10 1.368257794892426604e+00 -2.438459086650305974e+00
2.087099999786569214e+10 1.370282577926385859e+00 -2.754191804745820260e+00
2.087099999809478760e+10 1.327009808533915480e+00 -2.967675112167552420e+00
2.087099999798597336e+10 1.074670559070218134e+00 -2.811416116696883627e+00
2.087099999819998169e+10 9.009570048694122146e-01 -2.966197282371675126e+00
2.087099999807660675e+10 7.853333294879947246e-01 -3.233297866636763551e+00
2.087099999811211777e+10 4.724003009369301953e-01 -3.206010407241020932e+00
2.087099999816316223e+10 5.646450088655492472e-01 -2.907986604744987602e+00
2.087099999821028900e+10 4.628904207610348154e-01 -2.612423490510068724e+00
2.087099999820818329e+10 4.643642384763777553e-01 -2.296312664340552701e+00
2.087099999823151398e+10 3.927472928761102100e-01 -2.603329632917781744e+00
2.087099999841184235e+10 3.073252500078496041e-01 -2.848518096858925652e+00
2.087099999844724274e+10 3.367183334471276490e-01 -3.161272793558620009e+00
2.087099999853013611e+10 3.250706588206557779e-01 -2.856435166751320143e+00
2.087099999854940796e+10 1.748530471226728000e-02 -2.926809146963516017e+00
2.087099999883440781e+10 6.702479676772599149e-02 -2.799320805519877720e+00
2.087099999889429092e+10 3.048633830558373781e-01 -2.998768960437468323e+00
2.087099999861997604e+10 3.817334600889765728e-01 -3.135789074264559773e+00
2.087099999886499786e+10 2.449087388323438752e-01 -2.990270806834929740e+00
2.087099999873341370e+10 4.943901111317360320e-01 -2.847521934607706751e+00
2.087099999889500427e+10 6.358318940734208891e-01 -2.615541112561347692e+00
2.087099999916998291e+10 6.072545001519952246e-01 -2.462233846317176678e+00
2.087099999919106293e+10 8.803347733781488049e-01 -2.620080034858898621e+00
2.087099999919460678e+10 8.771731039203701785e-01 -2.936165624699812238e+00
2.087099999923314285e+10 8.555574112348915961e-01 -2.623147621824826636e+00
2.087099999907166672e+10 6.407876616383514357e-01 -2.789676527872215761e+00
2.087099999907297516e+10 6.716450829289225544e-01 -3.104285447355360716e+00
2.087099999912463379e+10 4.649079684262384382e-01 -2.870782480899130906e+00
2.087099999941424561e+10 5.639206438681705347e-01 -2.791695334322632061e+00
2.087099999925627518e+10 5.355184296831118074e-01 -2.519351142271645028e+00
2.087099999924372864e+10 5.108425271362991849e-01 -2.834258045261029757e+00
2.087099999909422302e+10 6.701018807990285486e-01 -2.605748194926888139e+00
2.087099999930902481e+10 7.144071549002910526e-01 -2.378086833289798196e+00
2.087099999929379272e+10 9.382083815235636726e-01 -2.600828081258651281e+00
2.087099999944717026e+10 9.177785040584175436e-01 -2.876492893888177527e+00
2.087099999923278427e+10 7.025409944733636003e-01 -2.789064789645882669e+00
2.087099999942888260e+10 9.301694763989728498e-01 -2.690759346613667002e+00
2.087099999923895264e+10 7.899672834897474294e-01 -2.901005167717981337e+00
2.087099999909731674e+10 1.001194722727670516e+00 -2.713242885505593005e+00
2.087099999899143219e+10 1.111999113049595644e+00 -2.436758221324312856e+00
2.087099999918454742e+10 9.225547034294779847e-01 -2.600314150146543657e+00
2.087099999920354080e+10 9.581486177419633599e-01 -2.286777812003935040e+00
2.087099999903688049e+10 9.727165614716671849e-01 -2.018552494874649383e+00
2.087099999918877411e+10 1.083386034728946123e+00 -2.272743439090391337e+00
2.087099999923223114e+10 1.130808890650806253e+00 -1.963235372710626647e+00
2.087099999934067535e+10 8.660038107078763536e-01 -2.097589894607114758e+00
2.087099999917560959e+10 8.253663698140845106e-01 -2.364111800277505449e+00
2.087099999916947556e+10 6.446328327767336663e-01 -2.623400086478101301e+00
2.087099999910808945e+10 5.377492999116154637e-01 -2.332297853530139520e+00
2.087099999916807175e+10 6.655181613669017837e-01 -2.615158083066527972e+00
2.087099999913985062e+10 6.504996105457905298e-01 -2.300657565535686899e+00
2.087099999926419830e+10 6.889883680747797001e-01 -2.588735729440633015e+00
2.087099999914925003e+10 9.832466335124557810e-01 -2.600193823462170428e+00
2.087099999895496750e+10 8.308986164629810212e-01 -2.797621022995655515e+00
2.087099999883853531e+10 1.116253645060550470e+00 -2.867968797665502834e+00
2.087099999896744156e+10 9.275810969256645944e-01 -2.649522629655753470e+00
2.087099999926892090e+10 9.119971777774414923e-01 -2.555718727249681077e+00
2.087099999925447083e+10 9.109926433992099337e-01 -2.871508016836057386e+00
2.087099999941691971e+10 8.741237114974066413e-01 -2.602836659578370515e+00
2.087099999954714584e+10 7.604971984584057987e-01 -2.867530196752507088e+00
2.087099999942200851e+10 4.887113502226326789e-01 -2.765521261837493139e+00
2.087099999949677658e+10 5.868273999229587368e-01 -2.474461898392185333e+00
2.087099999944516754e+10 5.261074767890597803e-01 -2.780374237688907790e+00
2.087099999943950653e+10 6.223470827671577776e-01 -3.081436594997214673e+00
2.087099999968392944e+10 5.224220410118205482e-01 -2.907640506594805441e+00
2.087099999970003891e+10 5.535203448780142699e-01 -3.221815644343069440e+00
2.087099999975749969e+10 3.685104275289853293e-01 -3.471620063516029031e+00
2.087099999944773483e+10 4.090524256103750256e-01 -3.423296076111201458e+00
2.087099999965919113e+10 5.369131242099649537e-01 -3.620452362693041604e+00
2.087099999938146591e+10 5.462439820253091050e-01 -3.771163813726375214e+00
2.087099999919524765e+10 3.429266260508725406e-01 -3.925816714027853926e+00
2.087099999941108704e+10 1.581709216208174174e-01 -3.787210918287800876e+00
2.087099999909538651e+10 1.735259438204744820e-01 -3.781624736065733128e+00
2.087099999898031998e+10 2.037908094071848586e-01 -3.488748420576583076e+00
2.087099999913667297e+10 2.182552653318175773e-01 -3.214380552143383252e+00
2.087099999913631821e+10 1.825808320226380288e-01 -2.900278864453749605e+00
2.087099999884799957e+10 3.117377772743803455e-01 -2.889133949145212821e+00
2.087099999874795151e+10 2.151415626656227875e-02 -2.964588319666503935e+00
2.087099999884163666e+10 -2.784430610195546829e-01 -2.930220512708614500e+00
2.087099999882587051e+10 -2.670207383041384164e-01 -2.614699309353971213e+00
2.087099999887143707e+10 -4.396616963047447757e-02 -2.395375165270930307e+00
2.087099999884207916e+10 -2.388441064129836755e-01 -2.642545959084180218e+00
2.087099999856496429e+10 -2.253057733338493795e-01 -2.491033254849955192e+00
2.087099999885324860e+10 -3.508903404110431667e-01 -2.458587441800708095e+00
2.087099999894020844e+10 -4.064226187104953980e-01 -2.757396274290644378e+00
2.087099999883410263e+10 -1.462680146179595742e-01 -2.612503970763691896e+00
2.087099999866184616e+10 1.181341943603393396e-01 -2.593733589591334709e+00
2.087099999856695175e+10 7.622618356806576401e-02 -2.892349053452331287e+00
2.087099999846074295e+10 7.130073915370077620e-02 -2.594644482989636902e+00
2.087099999864631653e+10 3.267993211892554206e-01 -2.609334171383530965e+00
2.087099999870539856e+10 2.074509625976550531e-02 -2.556678302497349176e+00
2.087099999868843460e+10 1.539680667922314547e-02 -2.241057841074244106e+00
2.087099999843560028e+10 1.633461097002979201e-01 -2.359876208947694121e+00
2.087099999832616425e+10 4.435791138764716424e-01 -2.456961785514038876e+00
2.087099999823515701e+10 7.458877063161213350e-01 -2.473079654431307617e+00
2.087099999835316849e+10 7.758172460561915118e-01 -2.181343512534447804e+00
2.087099999815071106e+10 6.297254732131950528e-01 -1.987434150322181958e+00
2.087099999844346619e+10 5.195705699123813748e-01 -1.941693360688898640e+00
2.087099999867323303e+10 3.076075850196561823e-01 -1.988713564429317682e+00
2.087099999860762405e+10 1.568665237542414548e-01 -1.718703834421081211e+00
2.087099999832415771e+10 2.229209783161106850e-01 -1.595351899316811872e+00
2.087099999811167908e+10 1.217771081753144663e-01 -1.384268946278265133e+00
2.087099999839171600e+10 2.663518776630548479e-01 -1.359582675202593460e+00
2.087099999837606430e+10 2.732394631531754881e-01 -1.675241120821469254e+00
2.087099999859844208e+10 4.574782228638989423e-01 -1.546645792843237111e+00
2.087099999847355652e+10 6.178818585604385349e-01 -1.788734135324059116e+00
2.087099999846946716e+10 8.942438776024275171e-01 -1.942161595793380213e+00
2.087099999861456680e+10 1.128229826544870251e+00 -1.786824672291919880e+00
2.087099999853553772e+10 1.067082690797276578e+00 -2.086738141125718649e+00
2.087099999839310455e+10 1.182878434809908841e+00 -2.344102624571566373e+00
2.087099999864707565e+10 1.260397545406487962e+00 -2.515632712992269315e+00
2.087099999860430145e+10 1.569333028155685206e+00 -2.567227336978211039e+00
2.087099999881120300e+10 1.802222607724282444e+00 -2.513492488899413679e+00
2.087099999871654510e+10 1.597333276041504213e+00 -2.734836678045752922e+00
2.087099999877441788e+10 1.532962860201855237e+00 -2.430797490078317580e+00
2.087099999887654495e+10 1.643059465302968869e+00 -2.708973035047212541e+00
2.087099999899585724e+10 1.662347747200394021e+00 -3.001078180031281128e+00
2.087099999900920868e+10 1.514246818420278418e+00 -3.280041494242270872e+00
2.087099999918602371e+10 1.342018004902965744e+00 -3.082541561892829129e+00
2.087099999912157822e+10 1.315326142489280148e+00 -2.774212157448198379e+00
2.087099999925168228e+10 1.363419221817440796e+00 -3.058276607822308257e+00
2.087099999913175201e+10 1.284719674849334359e+00 -3.339978086824301862e+00
2.087099999905897522e+10 1.201482865932810062e+00 -3.043822577145084196e+00
2.087099999930265808e+10 1.170791459713703686e+00 -2.844799563597125047e+00
2.087099999929549408e+10 1.031141449969134261e+00 -3.128311884795855313e+00
2.087099999929850388e+10 9.600598213564712768e-01 -2.820300502907131524e+00
2.087099999931665802e+10 1.218344942925166041e+00 -2.638939283362410126e+00
2.087099999940314484e+10 1.210716052383022490e+00 -2.942903742393437216e+00
2.087099999939141464e+10 1.031384297392200278e+00 -2.682836063589286280e+00
2.087099999954953003e+10 9.429338061374741287e-01 -2.941888979132222914e+00
2.087099999983570862e+10 9.440467398539249544e-01 -2.807599566836387783e+00
2.087099999995000839e+10 1.048547895896551951e+00 -3.083185496354466704e+00
2.087099999985147858e+10 9.217401903030874033e-01 -2.810890541297818679e+00
2.087099999994836044e+10 8.503027521417872991e-01 -2.518583957209255431e+00
2.087099999996600342e+10 1.079325554399967579e+00 -2.735770371954278080e+00
2.087099999983702469e+10 8.745455355616860160e-01 -2.532392906422524348e+00
2.087100000005496597e+10 8.882236366008913198e-01 -2.760968352944273452e+00
2.087100000015647888e+10 5.941054120221493928e-01 -2.705091915657098056e+00
