1.391400000000000000e+10 0.000000000000000000e+00 0.000000000000000000e+00
1.391400000001486015e+10 -2.394314967736370370e-02 2.983287204023424288e-01
1.391399999996814919e+10 -2.255945579999256712e-01 8.165159497103091635e-02
1.391399999999411392e+10 -2.357039270305669176e-01 3.800099446666011516e-01
1.391399999969469070e+10 -2.403415497323984906e-01 3.691277413507100813e-01
1.391399999943415833e+10 -3.821692691040180501e-01 4.115772584916241872e-01
1.391399999947736168e+10 -2.082773300867485911e-01 1.713917214606398842e-01
1.391399999942320824e+10 -1.934718542731292679e-01 4.657424716340679005e-01
1.391399999919290352e+10 -1.795385627973917764e-01 6.569479850354121853e-01
1.391399999893646812e+10 -1.924308039397995829e-01 5.024520736121272924e-01
1.391399999899802780e+10 -3.682926657407484261e-02 7.510334879311459932e-01
1.391399999901363373e+10 3.318772199596070616e-02 1.041977061295196183e+00
1.391399999929589081e+10 -6.434238084176793770e-02 1.017230043312749466e+00
1.391399999913660049e+10 1.891076211505884064e-01 1.003682892865497056e+00
1.391399999909979057e+10 1.789610047668288018e-01 7.064688695457916889e-01
1.391399999897375107e+10 -8.531368667776378922e-02 6.426941279880551416e-01
1.391399999915972519e+10 -3.141182022510450450e-02 8.713916015664292525e-01
1.391399999899852943e+10 2.137480206938691674e-01 8.105095588123164552e-01
1.391399999881448555e+10 2.619134158008623037e-01 5.789885181222216293e-01
1.391399999877139091e+10 2.706109871964815783e-01 8.754025751613581097e-01
1.391399999873086357e+10 4.012879524041508827e-01 1.142001795375173323e+00
1.391399999873208427e+10 4.025361548933082401e-01 1.441653356984442524e+00
1.391399999886512756e+10 2.652052139108369011e-01 1.210929324917082273e+00
1.391399999894686699e+10 3.362879409186574353e-01 9.315371395218958739e-01
1.391399999896762466e+10 5.284642697427606173e-01 1.160516282676059330e+00
1.391399999909341621e+10 4.553619060017710107e-01 1.422483201927608798e+00
1.391399999899913788e+10 1.781966299478068283e-01 1.486396946823151488e+00
1.391399999879464340e+10 2.234383324109454338e-01 1.272085858752734611e+00
1.391399999876179695e+10 4.250833770302736569e-01 1.491299236806599593e+00
1.391399999861553955e+10 4.308821424890023621e-01 1.229824310710508017e+00
1.391399999861045074e+10 4.277927155574531848e-01 1.529421828761088342e+00
1.391399999860181046e+10 5.038507242135116249e-01 1.819136582679927727e+00
1.391399999884467888e+10 5.498685637246395475e-01 1.649750319428414214e+00
1.391399999893300629e+10 7.254723325816869739e-01 1.875926786288122816e+00
1.391399999877280045e+10 8.730131384231434311e-01 2.081742648324070633e+00
1.391399999895174789e+10 6.694946009060389613e-01 1.953868136885258400e+00
1.391399999894404030e+10 5.973601374405955733e-01 1.663125442206159876e+00
1.391399999922119522e+10 5.922397386087694393e-01 1.549313349298986786e+00
1.391399999921673203e+10 6.198369499283175044e-01 1.250963577235365332e+00
1.391399999943128777e+10 7.984534677246082346e-01 1.359849049450717162e+00
1.391399999935027313e+10 7.843921029485830809e-01 1.648003632378937988e+00
1.391399999937173080e+10 8.222426060174207185e-01 1.351522632389174028e+00
1.391399999932544708e+10 9.907624435043751454e-01 1.108103147788429554e+00
1.391399999952693939e+10 7.732967315839427425e-01 1.064472826890495050e+00
1.391399999944066620e+10 7.260460994994523132e-01 1.347524770666519656e+00
1.391399999951129532e+10 9.812511303257951401e-01 1.207253357845402775e+00
1.391399999956191635e+10 9.801368940152025422e-01 9.119054815638882872e-01
1.391399999960904503e+10 8.322938405686196583e-01 6.555552580479409031e-01
1.391399999968749619e+10 7.484313321575137845e-01 9.323342869099698893e-01
1.391399999978127098e+10 1.000798604619464793e+00 1.063906112463330222e+00
1.391399999976008797e+10 7.378647224663485993e-01 9.217400288650610118e-01
1.391399999966510201e+10 7.140016123480780186e-01 6.385398490870304311e-01
1.391399999981175995e+10 8.578242857504360108e-01 8.567148594452892452e-01
1.391399999984040260e+10 1.000167906604414236e+00 1.118844540817635291e+00
1.391399999984707642e+10 1.002572013381311411e+00 1.418417194837249706e+00
1.391399999956869888e+10 1.012518712629439266e+00 1.528878249180047444e+00
1.391399999949659920e+10 1.189020689962949406e+00 1.297701525058284178e+00
1.391399999949197388e+10 1.140207619379669968e+00 1.593319526332076519e+00
1.391399999960958862e+10 8.855094804372790618e-01 1.698627954178772992e+00
1.391399999978600693e+10 1.092400953214710535e+00 1.824591634518080374e+00
1.391400000008113480e+10 1.045753907942504668e+00 1.801826725705268029e+00
1.391400000018524933e+10 8.248187590833928606e-01 1.628212927140261890e+00
