5.565600000000000000e+10 0.000000000000000000e+00 0.000000000000000000e+00
5.565599999978952026e+10 5.596264471354274184e-01 -5.301316361871356575e-01
5.565599999964737701e+10 1.342041419861623064e+00 -6.085282111266941962e-01
5.565599999963025665e+10 2.044147556797981657e+00 -2.273749546334681848e-01
5.565599999915808868e+10 1.843764897671754222e+00 -8.400940575081234929e-01
5.565599999837232208e+10 1.972816689507094212e+00 -9.067557147036029441e-01
5.565599999836669922e+10 1.588783163477559768e+00 -1.607477111480241305e+00
5.565599999810061646e+10 1.451629649959637280e+00 -8.665911334498498375e-01
5.565599999886786652e+10 1.606245232871762685e+00 -1.027681663993973649e+00
5.565599999851293945e+10 2.031053985338257650e+00 -1.603952951148560624e+00
5.565599999855385590e+10 2.020806155863220877e+00 -2.401915780100164710e+00
5.565599999808783722e+10 1.458499492243883644e+00 -2.077631850422516635e+00
5.565599999856871033e+10 2.027151951008582920e+00 -1.787947949843789130e+00
5.565599999850057220e+10 2.013458140825977072e+00 -2.583996421879946048e+00
5.565599999807665253e+10 2.325477911489864269e+00 -1.982780690882240293e+00
5.565599999866809845e+10 2.408007077724009903e+00 -2.513731464041944363e+00
5.565599999934892273e+10 2.819180843454793806e+00 -2.436701124686210029e+00
5.565599999891549683e+10 2.150523486864248657e+00 -2.377009345624782277e+00
5.565599999910324097e+10 1.440770151446743697e+00 -2.061532493059440529e+00
5.565599999878167725e+10 2.149400546406012413e+00 -2.243095805459452752e+00
5.565599999867080688e+10 2.163867941249274729e+00 -3.034311521263481026e+00
5.565599999812869263e+10 2.194117672222776871e+00 -2.448030922877912019e+00
5.565599999812579346e+10 2.178247995282466487e+00 -3.246944918996107710e+00
5.565599999809363556e+10 2.593013854969949072e+00 -3.929190360166130880e+00
5.565599999833733368e+10 2.228512213958868671e+00 -4.597226762217935914e+00
5.565599999848052216e+10 1.442549388832726320e+00 -4.614072499671127758e+00
5.565599999860411835e+10 1.341073836087344429e+00 -5.396984291239197873e+00
5.565599999830706787e+10 1.542399685628679462e+00 -6.110955201604873821e+00
5.565599999841152191e+10 1.635488103740831312e+00 -6.897687768774761530e+00
5.565599999825381470e+10 1.199115344570072406e+00 -6.247125878371251773e+00
5.565599999794824982e+10 5.786952970526589857e-01 -6.647414442803104784e+00
5.565599999851233673e+10 5.852091855215890703e-02 -6.424372344338609153e+00
5.565599999928706360e+10 2.089688555591182051e-01 -6.299132255814206438e+00
5.565599999913136292e+10 4.017716525545627082e-01 -7.058808832753989293e+00
5.565599999964027405e+10 1.762693728526089354e-01 -7.632118429860198283e+00
5.565599999995606232e+10 4.421731411340128481e-01 -6.947942365713538848e+00
5.565599999998149109e+10 9.981086500136375772e-01 -7.521364329822636918e+00
5.565599999999669647e+10 1.029216502752800189e+00 -6.723037951776795751e+00
5.565600000026493073e+10 9.909694901020320579e-01 -5.971298695963141334e+00
