2.782800000000000000e+10 0.000000000000000000e+00 0.000000000000000000e+00
2.782800000002726746e+10 -1.682321034249219527e-01 -2.970464603674741744e-01
2.782799999979050827e+10 -2.253876026018708234e-01 -5.377957933811559066e-01
2.782799999966836166e+10 -3.166308617307601048e-01 -8.444497280670377748e-01
2.782799999996976471e+10 -4.515783479177463144e-01 -7.537389937517131600e-01
2.782800000005034637e+10 -2.743478943977347706e-01 -1.035480346191468559e+00
2.782799999987265778e+10 -1.634123038900984759e-01 -7.645525175152840802e-01
2.782799999990442657e+10 -6.830430765246181535e-02 -1.092008237585399666e+00
2.782799999964188385e+10 -2.877405915836153683e-01 -1.077859508593813853e+00
2.782799999945950699e+10 -4.604295107614827520e-01 -1.310665768369618345e+00
2.782799999952456665e+10 -4.611705610113944753e-01 -9.744385778904431916e-01
2.782799999981461334e+10 -4.642722127344168226e-01 -7.923824542608672861e-01
2.782799999996047211e+10 -4.852010279941483817e-01 -4.832396738583230600e-01
2.782800000025207520e+10 -3.876675947211665751e-01 -6.340268527966539391e-01
