4.174200000000000000e+10 0.000000000000000000e+00 0.000000000000000000e+00
4.174199999961456299e+10 -1.439634781420451037e-01 1.809721103279898768e-01
4.174199999962950897e+10 -1.430669360173854876e-01 -2.682628844490538844e-01
4.174199999950882721e+10 1.344475782354936921e-02 -6.719657030365540074e-01
4.174199999946486664e+10 5.698165555287504347e-02 -2.267594752149764692e-01
4.174199999907480621e+10 -8.533490834237553169e-02 -5.461186533532685905e-02
4.174199999903095245e+10 -3.137498420734232130e-01 3.300172120165797973e-01
4.174199999903022003e+10 -3.134564433995880028e-01 -1.194666351381191705e-01
4.174199999931224060e+10 -1.223218210850651744e-01 -4.126709142967410204e-01
4.174199999924199677e+10 5.052888533697499907e-02 -3.739952829522275035e-03
4.174199999926589966e+10 -3.021470567732373880e-01 -2.813811125075650899e-01
4.174199999924282074e+10 -2.630526441018790074e-01 -7.285672565278475954e-01
4.174199999933447266e+10 -2.332137665341174337e-01 -2.895391827648900462e-01
4.174199999935137939e+10 -1.522163891371124678e-01 1.522637620597102615e-01
4.174199999947800446e+10 3.453851276194214170e-03 5.544685777402056370e-01
4.174199999957103729e+10 1.579648147972418093e-01 9.661822496694122409e-01
4.174199999953437805e+10 -1.153983829348834422e-01 1.321097697290799511e+00
4.174199999925547028e+10 -2.283186120530757979e-01 9.871851626497176735e-01
4.174199999936747742e+10 -2.919636708776048861e-01 5.565583545290128109e-01
4.174199999895471954e+10 -1.149808971866939089e-01 5.751565959703438535e-01
4.174199999912558746e+10 -5.221014527215697143e-01 6.593825853241175317e-01
4.174199999925042725e+10 -9.523215113564392764e-02 7.244495591817412539e-01
4.174199999907129669e+10 2.549253688350807678e-01 5.068778005403276055e-01
4.174199999907475281e+10 4.536838160421364230e-01 9.100148250966715313e-01
4.174199999888998413e+10 3.463201579589353374e-01 5.145777497360655151e-01
4.174199999870574951e+10 3.123862183643262846e-01 1.059911553254290761e-01
4.174199999867369080e+10 6.403454932273866529e-01 4.116894087771727495e-01
4.174199999868103790e+10 8.025043213121011432e-01 -7.460781001693894687e-03
4.174199999891126251e+10 8.223907973092845491e-01 3.780729086115012794e-01
4.174199999889117432e+10 7.238456419912175921e-01 -6.001589923698730233e-02
4.174199999930674744e+10 8.683987585345777083e-01 3.185813110310331542e-02
4.174199999967391968e+10 9.881436575001365519e-01 2.618164645660642775e-01
4.174199999978059387e+10 9.167210852572219570e-01 -1.689455864024871912e-01
4.174199999970093536e+10 5.995544450849823459e-01 1.394307798182857216e-01
4.174200000010473633e+10 7.777641093198012223e-01 5.443160233692864725e-02
