6.957000000000000000e+09 0.000000000000000000e+00 0.000000000000000000e+00
6.956999999976927757e+09 -1.588973960603982938e-02 2.892225868300022928e-01
6.956999999969979286e+09 -1.663554131241935519e-01 5.377106105589828378e-01
6.956999999862687111e+09 -2.107257877299559545e-01 8.040827161252913635e-01
6.956999999603154182e+09 -1.689605532876426175e-01 9.279084150183647406e-01
6.956999999559013367e+09 -4.155494750118202130e-02 1.185306754696942244e+00
6.956999999463513374e+09 3.893760380460264958e-02 9.229420364754719053e-01
6.956999999284445763e+09 -1.872173981032757284e-01 8.879664190031850701e-01
6.956999999278924942e+09 -2.308795167882905508e-01 6.007423907612549074e-01
6.956999999336622238e+09 -2.925689716968306597e-01 8.787710189442172748e-01
6.956999999459996223e+09 -1.897872831784552239e-01 6.365949722275857647e-01
6.956999999301569939e+09 2.265944637003292073e-02 5.174232850522123561e-01
6.956999999369515419e+09 1.583179331980916205e-01 7.652430795239186789e-01
6.956999999321898460e+09 -4.751782453874431322e-02 9.647393294857311563e-01
6.956999999582919121e+09 6.583431238339616798e-02 9.059701167219644802e-01
6.956999999679429054e+09 2.874560554511145782e-01 1.067228217717647532e+00
6.956999999874164581e+09 1.879148803789696398e-01 8.759062601942997350e-01
6.956999999794081688e+09 -8.817585235733504945e-02 8.335380793405866573e-01
6.956999999523508072e+09 -4.488949332472971093e-02 7.368394878865651698e-01
6.956999999804588318e+09 -5.837038751088800825e-02 8.092725776920602909e-01
6.956999999987747192e+09 4.479450232739644322e-02 6.086625687049318500e-01
6.957000000214954376e+09 7.319681425816888798e-02 7.875608975855823424e-01
