1.391400000000000000e+10 0.000000000000000000e+00 0.000000000000000000e+00
1.391399999984083939e+10 1.900107276477226437e-01 1.683979831778818215e-01
1.391399999968670082e+10 4.466425748726937095e-01 1.551523531838085168e-01
1.391399999969508934e+10 7.033267445082516112e-01 7.600420056130541280e-04
1.391399999954964256e+10 9.616800724367158271e-01 4.426961198320288754e-02
1.391399999964613342e+10 9.649811009170835563e-01 3.279466012458159829e-01
1.391399999963832664e+10 7.283122858658442889e-01 1.443137529049385859e-01
1.391399999973250580e+10 4.726521222745804773e-01 2.690629024183079920e-01
1.391399999973893738e+10 3.728223144173174464e-01 -1.340257828374058491e-02
1.391399999982559776e+10 8.602121749229379999e-02 -1.881862234487527083e-02
1.391399999983005905e+10 -2.130045100497601207e-01 -3.773473807228623633e-02
1.391399999976799965e+10 -1.278007887805466813e-01 2.427701199103092788e-01
1.391399999972195816e+10 5.036964904030280521e-02 6.275812163110572328e-03
1.391399999984241104e+10 1.580419198619286980e-01 -2.460967180151042988e-01
1.391399999956192780e+10 8.499087367468749488e-02 -3.221670902496843736e-01
1.391399999965203667e+10 2.005527054252823627e-01 -6.078596051145512824e-02
1.391399999944226646e+10 2.094063076710160343e-01 -2.745894986339196819e-01
1.391399999963837433e+10 7.589195612474039510e-02 -9.153235030059955757e-02
1.391399999958718109e+10 2.777331235718376590e-01 1.239519472718570992e-01
1.391399999972936821e+10 2.914481297760780354e-01 3.873696244202877725e-01
1.391399999974768257e+10 1.449906210270683615e-01 6.481547463301144951e-01
1.391399999983139610e+10 2.640595377924147558e-01 3.862219534272695598e-01
1.391399999972720146e+10 3.509775578149357811e-01 6.533979674949637051e-01
1.391399999953145790e+10 1.785309507670383433e-01 5.059494496697294341e-01
1.391399999955757523e+10 1.422292409161838023e-01 8.022502897368417596e-01
1.391399999927960587e+10 4.574142637292573366e-02 7.455293884143356919e-01
1.391399999910188293e+10 2.137625525206212629e-01 5.723885062052914696e-01
1.391399999893058777e+10 3.525796390641098288e-01 3.694548068469196145e-01
1.391399999902987671e+10 6.201024039088258721e-01 4.609287979562563531e-01
1.391399999894777107e+10 8.934385297138389692e-01 5.522527942352593033e-01
1.391399999889485550e+10 6.680611729273503441e-01 3.619921237253637125e-01
1.391399999877636528e+10 5.204410822122014224e-01 1.296934815093382654e-01
1.391399999901795006e+10 5.200884214510348436e-01 3.069799712400807512e-01
1.391399999909104156e+10 3.106080336825622346e-01 5.083990490682832597e-01
1.391399999926053047e+10 1.382165920182113206e-01 3.313436300579583049e-01
1.391399999914681053e+10 1.101656771970342258e-01 6.071608063575033576e-01
1.391399999906361961e+10 -1.776467969394568969e-01 6.132752350554748766e-01
1.391399999904719734e+10 -1.433184075154909642e-01 9.105057227035361356e-01
1.391399999902892876e+10 -3.247173666034020023e-01 1.148318155976767008e+00
1.391399999901928139e+10 -6.348273804695658828e-02 1.001834373527882738e+00
1.391399999907695007e+10 -3.097996008711678684e-01 1.162447136962569738e+00
1.391399999915920067e+10 -3.507411593463715671e-01 8.772232575589948844e-01
1.391399999921162224e+10 -5.581238758472589767e-02 8.692750223149550148e-01
1.391399999919211388e+10 -9.335339620962593288e-02 5.726200545995101532e-01
1.391399999928315353e+10 -3.731603054026989552e-01 6.293105388546501588e-01
1.391399999956648064e+10 -4.154136164101018824e-01 5.413662755504677904e-01
1.391399999964517021e+10 -2.195937294419253449e-01 3.286303553464715588e-01
1.391399999986632729e+10 -3.856350766578328648e-01 4.440154720348601369e-01
1.391399999961073685e+10 -5.317807539477137357e-01 4.997758983175876191e-01
1.391399999947394943e+10 -7.874378133815584935e-01 5.754238364981051346e-01
1.391399999966168022e+10 -7.842244531386461937e-01 8.089632841410543396e-01
1.391399999966333199e+10 -8.166030863639802684e-01 1.106860919253918496e+00
1.391399999973102951e+10 -1.069397179943684106e+00 1.252827628523315528e+00
1.391399999990401649e+10 -8.414996012340836273e-01 1.341889364794495609e+00
1.391400000009126282e+10 -7.401486512951016561e-01 1.131032484972164243e+00
1.391400000036199570e+10 -7.481207251885231280e-01 1.259227714282611599e+00
