6.957000000000000000e+09 0.000000000000000000e+00 0.000000000000000000e+00
6.956999999714033127e+09 -3.489042463175557468e-02 3.794744966583042667e-02
6.956999999487879753e+09 -8.388227811779447318e-02 -1.378046224872457315e-01
6.956999999421782494e+09 -1.107798980869962313e-01 -4.194821301061960606e-01
6.956999999381448746e+09 7.113476686450398434e-02 -6.424502380341987617e-01
6.956999999251941681e+09 1.619664203378967104e-01 -8.861958811080474785e-01
6.956999999412944794e+09 4.490825906019832447e-02 -1.097879123963730885e+00
6.956999999454067230e+09 1.049094184541967123e-01 -1.379203279495103462e+00
6.956999999323816299e+09 -1.547909239027346895e-01 -1.384204326231574411e+00
6.956999999131984711e+09 -3.092095393752196664e-01 -1.538444059241132145e+00
6.956999998934371948e+09 -1.446781780124127836e-01 -1.403118449872579498e+00
6.956999998749806404e+09 -3.600103302829881224e-01 -1.339855346253981061e+00
6.956999998970713615e+09 -1.996677079664828935e-01 -1.439478312693921680e+00
6.956999998978494644e+09 -2.123753335581503310e-01 -1.149284459495133248e+00
6.956999999068494797e+09 -4.827393563786963604e-01 -1.092383597069357615e+00
6.956999999176772118e+09 -3.926580904527987026e-01 -8.382265852167150033e-01
6.956999999217890739e+09 -2.299338978995037197e-01 -1.075428225909462299e+00
6.956999999179829597e+09 4.168940796225520384e-02 -9.794772174202025505e-01
6.956999999185469627e+09 2.582572873380066802e-01 -1.173129070605515523e+00
6.956999999148909569e+09 2.572590040066571881e-01 -8.848638518793934260e-01
6.956999998882761002e+09 1.783579329808281932e-01 -9.707351474430305771e-01
6.956999998853580475e+09 8.755679721387638059e-02 -1.245213077633017473e+00
6.956999998764519691e+09 1.526222812983254185e-01 -1.514042373280605647e+00
6.956999998804990768e+09 3.744776195560829968e-01 -1.330802675705220262e+00
6.956999998804915428e+09 3.690696802538049881e-01 -1.621328485534506703e+00
6.956999998598233223e+09 1.776036077910419231e-01 -1.692447126702308902e+00
6.956999998518759727e+09 4.559570183366712381e-01 -1.667192472515782953e+00
6.956999998641469002e+09 3.721902481249931838e-01 -1.916912516369101205e+00
6.956999998624988556e+09 3.169772498067791600e-01 -1.632106593639809367e+00
6.956999998483643532e+09 2.970904953612955590e-01 -1.885208691761995237e+00
6.956999998648328781e+09 4.072608467565104751e-01 -1.672662546145817108e+00
6.956999998611139297e+09 3.951710599121436851e-01 -1.384729801250795145e+00
6.956999998668886185e+09 4.541355837069183665e-01 -1.106120879086603725e+00
6.956999998851810455e+09 6.650478406674316112e-01 -1.025565347959464413e+00
6.956999998843681335e+09 6.402049622174974530e-01 -7.361672798554510511e-01
6.956999998695805550e+09 4.119308912480549867e-01 -6.339015326463484090e-01
6.956999998594167709e+09 3.697776023095635800e-01 -3.649639796893076604e-01
6.956999998601832390e+09 2.911289194208711573e-01 -6.445889800849153861e-01
6.956999998552356720e+09 8.034201624879500070e-03 -6.875313203619051183e-01
6.956999998540331841e+09 8.299785289943435729e-02 -9.680136818847935309e-01
6.956999998572179794e+09 2.043914154111179660e-01 -7.059376906739465163e-01
6.956999998703873634e+09 1.686191583670962335e-02 -8.846104554774891771e-01
6.956999998637038231e+09 -1.213690747476099119e-01 -6.379128313274191608e-01
6.956999998692092896e+09 -2.528032905772471806e-02 -3.692673052073947026e-01
6.956999998952654839e+09 -1.189965308732672394e-01 -2.811793339733475450e-01
6.956999999013674736e+09 -1.353028146924262209e-01 -5.648079189809220857e-01
6.956999999009639740e+09 -1.422028982347648407e-01 -8.552741006281804337e-01
6.956999998955202103e+09 1.209602865842586139e-01 -7.447471242930400193e-01
6.956999998950875282e+09 5.729978465741077109e-02 -4.612632358341431371e-01
6.956999998752126694e+09 -1.393425570973478300e-01 -3.821089054555366626e-01
6.956999998730388641e+09 -8.529641173950103239e-02 -9.743193873805877647e-02
6.956999998733614922e+09 -6.009175729814367206e-02 1.920310368029384263e-01
6.956999998959553719e+09 -1.021444481024754991e-01 3.698448105260272456e-01
6.956999999223642349e+09 1.007566921638368418e-02 3.240378672134047178e-01
6.956999999087478638e+09 -2.195533555872959397e-01 4.387744923817105680e-01
6.956999999061100960e+09 -2.016833865727620245e-01 1.499503174662540905e-01
6.956999999162295341e+09 -1.150178799717571504e-01 -1.082808937328435528e-01
6.956999999154575348e+09 -2.367224688011107525e-02 1.674560769296788432e-01
6.956999998947009087e+09 -1.479344936807030358e-02 -3.569884692305100304e-02
6.956999999187545776e+09 -4.426955536535893965e-02 -1.960357870225709620e-01
6.956999999229201317e+09 -7.715346374031709087e-02 8.965278605390136768e-02
6.956999999027922630e+09 1.283286377920402066e-02 2.789244210641225186e-01
6.956999999032214165e+09 -1.320425356012516760e-01 5.307719960512096158e-01
6.956999998957616806e+09 9.716876730748363888e-03 7.732056005856268177e-01
6.956999998930701256e+09 2.661009340849649352e-01 9.072848740579295690e-01
6.956999999004983902e+09 3.140403725234772736e-01 6.304846202172547098e-01
6.956999999062986374e+09 2.434411627864598859e-01 3.546478250083843764e-01
6.956999999246732712e+09 2.890670096756031704e-01 5.750796365236396923e-01
6.956999999359864235e+09 2.557455497852810788e-01 3.095133521340315830e-01
6.956999999313501358e+09 5.218828223308949465e-02 1.074009332190011268e-01
6.956999999443634987e+09 3.096545287804300939e-01 7.260481681741252913e-02
6.956999999600587845e+09 5.237230203589610111e-01 1.908202730820209025e-01
6.956999999876015663e+09 4.432568778301411161e-01 2.366358874692418013e-01
6.957000000085801125e+09 2.667194376628774788e-01 1.404111951044592632e-01
6.957000000003130913e+09 2.197262923343863417e-01 4.149867294738372459e-01
6.956999999838668823e+09 3.143063528938871420e-01 1.948927053750863503e-01
6.956999999721955299e+09 2.694749202700704727e-01 4.571953133002284453e-01
6.956999999494360924e+09 2.198853980234382888e-01 6.309082627385758091e-01
6.956999999584111214e+09 3.307295667392313732e-01 3.777424109910255123e-01
6.956999999578777313e+09 9.377201582836855454e-02 2.096437421530829293e-01
6.956999999559014320e+09 -1.371481110063268449e-01 3.849144219712722359e-01
6.956999999561442375e+09 -1.459717148451327440e-01 9.448242423131086865e-02
6.956999999691561699e+09 -3.040546927139086697e-01 -1.117046828968418781e-01
6.956999999956532478e+09 -4.202321693464527441e-01 -1.386796633977342708e-01
6.956999999800715446e+09 -2.114730320036540268e-01 -2.674246708490028435e-01
6.956999999806903839e+09 -3.047098443856492422e-01 7.717296426851927293e-03
6.956999999871116638e+09 -5.069709788786167515e-01 -1.907811669931700482e-01
6.956999999841168404e+09 -4.212726147563891077e-01 8.525032918750641286e-02
6.956999999955245018e+09 -5.879912338179240638e-01 2.941186719670749738e-01
6.957000000197420120e+09 -5.454652588254962353e-01 1.392725973261993433e-01
