4.869900000000000000e+10 0.000000000000000000e+00 0.000000000000000000e+00
4.869899999943693542e+10 -4.231995047090274936e-03 3.315671060864101155e-02
4.869899999963434601e+10 -4.434544335977255169e-01 -2.605697199324916724e-01
4.869899999916592407e+10 -5.995168106947112996e-01 -5.333090081377184211e-01
4.869899999896846771e+10 -1.086966798624033448e+00 -3.294343997462724216e-01
4.869899999841114044e+10 -1.020461694531301866e+00 -2.735065635567377473e-01
4.869899999785215759e+10 -9.487130132147347794e-01 -2.500608219086292161e-01
4.869899999732443237e+10 -1.064299208711225964e+00 -4.122634802055949454e-01
4.869899999728910065e+10 -1.110972912860086925e+00 -9.732757514456056303e-01
4.869899999731607819e+10 -1.191628364624734093e+00 -4.156659853078890077e-01
4.869899999725656128e+10 -6.329101607500078330e-01 -3.661394532476317520e-01
4.869899999707389069e+10 -6.252186131880110853e-01 1.674639573885203792e-01
4.869899999725508118e+10 -7.728612939419775563e-01 -3.458910191550131907e-01
4.869899999728054047e+10 -9.590439880913170789e-01 -8.777269086335751647e-01
4.869899999742877960e+10 -1.365797569316004711e+00 -1.239305428793018526e+00
4.869899999777838135e+10 -1.664543052163667047e+00 -9.126693771612460759e-01
4.869899999758123779e+10 -1.833528759654424301e+00 -4.119291188448617191e-01
4.869899999793596649e+10 -1.422237338180546651e+00 -5.641440382575585444e-01
4.869899999783426666e+10 -8.794547740210008069e-01 -4.492300556008530510e-01
4.869899999785547638e+10 -5.462537459659267958e-01 -9.038605709263700660e-01
4.869899999758516693e+10 -3.713685299847017118e-01 -4.407085411561111887e-01
4.869899999740753174e+10 -4.330207227200841835e-01 -9.725026827290594866e-01
4.869899999794347382e+10 -5.858758710228808564e-01 -1.059484396152480024e+00
4.869899999835772705e+10 -8.911573157887504593e-01 -8.284869475401124284e-01
4.869899999805931854e+10 -8.197455152814601131e-01 -3.551843365507273420e-01
4.869899999772399139e+10 -9.200548801613932515e-01 -7.975147914464189025e-01
4.869899999756680298e+10 -9.521946446274206499e-01 -2.567557492134843189e-01
4.869899999725299072e+10 -1.349249125745197508e+00 -7.699633144995970957e-03
4.869899999728131104e+10 -1.856771668210217774e+00 -2.521999264269961794e-01
4.869899999761287689e+10 -2.184079501957699510e+00 -5.701564482157550628e-01
4.869899999815857697e+10 -2.280610977760930691e+00 -6.752873129011593978e-01
4.869899999802750397e+10 -2.571255795088946527e+00 -2.099848247363894083e-01
4.869899999780836487e+10 -2.182455678483878003e+00 -5.549131612063405994e-01
4.869899999725852203e+10 -2.271951467725861651e+00 -6.433889688288766395e-01
4.869899999774899292e+10 -2.034576269998584763e+00 -7.891820850793125341e-01
4.869899999790315247e+10 -2.180026820168497803e+00 -2.664571916017379749e-01
4.869899999842661285e+10 -2.121482119911438868e+00 -4.682636773776766570e-01
4.869899999833353424e+10 -2.169394897371888842e+00 8.599478513006258984e-02
4.869899999824825287e+10 -2.106149325964357999e+00 6.399696715438691896e-01
4.869899999846536255e+10 -2.425621921829586025e+00 2.289210332449296836e-01
4.869899999846219635e+10 -2.271655847036635478e+00 -3.137077565183722938e-01
4.869899999845051575e+10 -2.252832618554709843e+00 -8.773306608976663146e-01
4.869899999791510773e+10 -2.098002016067670450e+00 -7.905732341921934969e-01
4.869899999809773254e+10 -2.360352942720595149e+00 -3.258337270013317855e-01
4.869899999816030121e+10 -1.830426952516070571e+00 -5.086584298110294888e-01
4.869899999776416016e+10 -1.543072804644593621e+00 -2.281934626083206297e-01
4.869899999733836365e+10 -1.173187396887167111e+00 -2.214382301692376376e-01
4.869899999741207886e+10 -1.151724371558443982e+00 3.373702335036068978e-01
4.869899999765017700e+10 -6.418232248512673044e-01 3.757331531704503069e-01
4.869899999782694244e+10 -4.289131423430803114e-01 8.672459066936830663e-01
4.869899999816171265e+10 -7.775271742776532768e-01 1.158037406611977627e+00
4.869899999763072205e+10 -6.169332326844394476e-01 1.055969823096280180e+00
4.869899999732169342e+10 -6.762380360933826218e-01 1.524101425417839772e+00
4.869899999717271423e+10 -1.174642281855988735e+00 1.306020619408024386e+00
4.869899999735556793e+10 -1.269859383120675034e+00 7.809880499114149055e-01
4.869899999719045258e+10 -1.695220336576210851e+00 4.493760293397323635e-01
4.869899999747421265e+10 -1.685925701031518509e+00 -3.802142232319394299e-02
4.869899999745040894e+10 -2.193764782497039434e+00 -2.823457416612665805e-01
4.869899999743817902e+10 -2.195123022844577498e+00 2.815781855836256842e-01
4.869899999702652740e+10 -2.574326512915333431e+00 3.516601743109528666e-01
4.869899999746240234e+10 -2.421994262133597253e+00 2.767123899450052438e-02
4.869899999773707581e+10 -2.090233569564952099e+00 3.918859944931624151e-01
4.869899999786476898e+10 -2.299499655997605529e+00 8.998863828843767232e-01
4.869899999777291107e+10 -2.845824488821966369e+00 1.005966407086468228e+00
4.869899999775976562e+10 -2.892521119449179334e+00 1.567934482420454412e+00
4.869899999731454468e+10 -2.655864102349826616e+00 1.820784023842965782e+00
4.869899999722743988e+10 -2.408836347326587468e+00 1.321233045053986199e+00
4.869899999710994720e+10 -2.509996399001411582e+00 1.863564302883763624e+00
4.869899999754227448e+10 -2.288800028588394042e+00 1.576635861694424934e+00
4.869899999770946503e+10 -2.699461468842732970e+00 1.227972614736082768e+00
4.869899999768223572e+10 -2.653699552826219943e+00 6.664337540894141876e-01
4.869899999768712616e+10 -2.887983128730023719e+00 1.533559285319584520e-01
4.869899999808895111e+10 -2.553702479218284083e+00 -5.866925150277393919e-02
4.869899999763468933e+10 -2.683789084155474569e+00 -3.666993740000845658e-01
4.869899999772452545e+10 -2.853347801872113010e+00 1.637164289533610262e-01
4.869899999810124969e+10 -2.517512545702306870e+00 -8.818908760517890633e-02
4.869899999824680328e+10 -2.307975212492522132e+00 -5.912500062566936609e-01
4.869899999879203796e+10 -2.163538639265953467e+00 -5.952018117478258263e-01
4.869899999903253174e+10 -2.229557454391579707e+00 -1.101133498688053880e+00
4.869899999915631866e+10 -2.006023409392617030e+00 -1.603996665052207504e+00
4.869899999899628448e+10 -2.525156979589288753e+00 -1.755825628988940901e+00
4.869899999877744293e+10 -2.111693914926959792e+00 -2.070974452080688977e+00
4.869899999865529633e+10 -2.020755413786417876e+00 -2.614087407358273829e+00
4.869899999837155914e+10 -1.674302749142421609e+00 -2.957055542330774056e+00
4.869899999881574249e+10 -1.745069463751822036e+00 -2.616683619754229362e+00
4.869899999842967987e+10 -1.335103628497428474e+00 -2.584328270161698970e+00
4.869899999898337555e+10 -1.234072949615933501e+00 -2.621416666181759503e+00
4.869899999903850555e+10 -1.794964445472920112e+00 -2.598556136260381066e+00
4.869899999888032532e+10 -1.721557172513283440e+00 -2.062130403423021452e+00
4.869899999887088776e+10 -1.706763030773418288e+00 -2.625915452821886653e+00
4.869899999832749176e+10 -1.611520137695941823e+00 -2.508410963746231293e+00
4.869899999813900757e+10 -2.136458277663025207e+00 -2.592521906274680710e+00
4.869899999807996368e+10 -2.416076950525827716e+00 -2.106220677027194288e+00
4.869899999804010010e+10 -2.275243856793532693e+00 -2.650957717225066013e+00
4.869899999860160828e+10 -2.316928709698424793e+00 -2.617295102808630425e+00
4.869899999838217163e+10 -2.031491130184295280e+00 -2.183089413876999618e+00
4.869899999831987000e+10 -2.234805522327175886e+00 -1.660649262540109916e+00
4.869899999815276337e+10 -2.573370321938291738e+00 -1.241590666619099226e+00
4.869899999801035309e+10 -2.228396406504023819e+00 -1.664525749357194329e+00
4.869899999818655396e+10 -2.757622882407052778e+00 -1.580648964894172614e+00
4.869899999817389679e+10 -2.755960305610458683e+00 -1.016735311042742840e+00
4.869899999786792755e+10 -2.390255964572262748e+00 -1.318074334005129300e+00
4.869899999801806641e+10 -2.005734604729677795e+00 -9.336757946484059989e-01
4.869899999786882782e+10 -2.526800093874269404e+00 -1.089815138396976968e+00
4.869899999800180054e+10 -2.276383449447097806e+00 -6.021980831521694943e-01
4.869899999784822083e+10 -1.734521978220343374e+00 -6.331816071963625170e-01
4.869899999737571716e+10 -2.041129377899448816e+00 -6.630377200293162687e-01
4.869899999710432434e+10 -1.988621071091325465e+00 -1.154717092957257440e+00
4.869899999673683167e+10 -2.383653014869202558e+00 -9.902217398209141042e-01
4.869899999670096588e+10 -2.359672264796947694e+00 -4.278161995402427475e-01
4.869899999663766479e+10 -2.686095317915506708e+00 2.781770584594128737e-02
4.869899999702520752e+10 -3.001041588446597075e+00 -2.344384052235957694e-01
4.869899999722683716e+10 -3.512401629129832781e+00 -3.610060472077201155e-01
4.869899999743637085e+10 -3.017462319401042592e+00 -1.898595531892595667e-01
4.869899999752125549e+10 -3.059764905609077434e+00 3.661680330956831875e-01
4.869899999761476135e+10 -3.034721961034811510e+00 9.218574704693176525e-01
4.869899999737075043e+10 -2.750227667696655498e+00 1.343380923853580322e+00
4.869899999718817902e+10 -2.590965750694517400e+00 1.852757561292239785e+00
4.869899999716058350e+10 -2.548205734585334614e+00 2.414515228301103100e+00
4.869899999687828827e+10 -2.190041363219044523e+00 2.746463203151952026e+00
4.869899999688822937e+10 -2.206589611176752896e+00 2.182735494978273572e+00
4.869899999719712067e+10 -2.238711403226669283e+00 2.653601562839911665e+00
4.869899999705384064e+10 -2.097115798626167926e+00 3.180464011460461649e+00
4.869899999690851593e+10 -2.628563837042067863e+00 3.301316456485099415e+00
4.869899999687903595e+10 -2.989262016848206915e+00 2.868662744612025417e+00
4.869899999664108276e+10 -3.363041775208859274e+00 2.519624491709831826e+00
4.869899999627729797e+10 -2.932010711985414630e+00 2.525306448258213710e+00
4.869899999652558136e+10 -3.218936906799607200e+00 2.942669257524468396e+00
4.869899999629861450e+10 -3.674003555832646928e+00 3.186725362599426958e+00
4.869899999657324219e+10 -4.051925294664328270e+00 2.870628314349426002e+00
4.869899999651215363e+10 -3.651037163292170984e+00 2.478559167241322303e+00
4.869899999648700714e+10 -4.036027789064088545e+00 2.067084345649097266e+00
4.869899999678423309e+10 -3.556807904159727585e+00 2.054262646875787635e+00
4.869899999681260681e+10 -3.549091015453135878e+00 2.617553626144211165e+00
4.869899999713055420e+10 -3.563439509307720687e+00 3.083243787899965227e+00
4.869899999672345734e+10 -3.907881084555120399e+00 2.899412933545561177e+00
4.869899999680961609e+10 -3.869108630287756867e+00 3.455502046377531666e+00
4.869899999661061096e+10 -4.325126474054022729e+00 3.721222402899811765e+00
4.869899999657984924e+10 -4.362176596716319743e+00 4.283221018699939542e+00
4.869899999636641693e+10 -4.195089713160641942e+00 3.788560359628054819e+00
4.869899999644639587e+10 -4.325451408228018657e+00 4.331488047216579318e+00
4.869899999616097260e+10 -3.848401359204831174e+00 4.426973833624593624e+00
4.869899999577004242e+10 -3.622216140363931025e+00 4.089078811713347861e+00
4.869899999567946625e+10 -3.563779350985480487e+00 4.642741579510021310e+00
4.869899999525511169e+10 -3.641952295329430100e+00 5.006027426831332505e+00
4.869899999482540894e+10 -3.308273049938788013e+00 4.857120840367645798e+00
4.869899999467387390e+10 -2.768148166255223419e+00 4.915973092675750777e+00
4.869899999440962982e+10 -3.021616113705649198e+00 5.345029578267070924e+00
4.869899999443986511e+10 -3.372123558417752687e+00 5.785928796599939083e+00
4.869899999439452362e+10 -2.813204355445677152e+00 5.846877304066603998e+00
4.869899999450354004e+10 -2.854778410399238631e+00 6.398735802779812687e+00
4.869899999484839630e+10 -3.241763463712829196e+00 6.621169122190430301e+00
4.869899999528774261e+10 -2.970317807534494925e+00 6.394328055145766854e+00
4.869899999513656616e+10 -3.220747887768643736e+00 5.912051170384123644e+00
4.869899999513613129e+10 -3.217732351044906292e+00 5.348001279851647638e+00
4.869899999504802704e+10 -3.201687227248694700e+00 4.791097199576910270e+00
4.869899999469586182e+10 -3.226577161044673403e+00 4.351188135139350877e+00
4.869899999444145966e+10 -3.583460234466051109e+00 4.706261735705286497e+00
4.869899999489993286e+10 -3.567264124638707568e+00 5.034436544224021759e+00
4.869899999540115356e+10 -3.770231084828068457e+00 4.873979461566809945e+00
4.869899999576524353e+10 -4.019784389481722009e+00 5.225155803820857869e+00
4.869899999620452118e+10 -4.347638994207833285e+00 5.092090652696007247e+00
4.869899999632025909e+10 -4.667852563655172204e+00 4.642390491650841611e+00
4.869899999644815063e+10 -4.687905521765132200e+00 4.093388467560663990e+00
4.869899999611726379e+10 -4.232062077041287118e+00 4.063660073690308572e+00
4.869899999638172913e+10 -4.183295388278044591e+00 3.567834157259968553e+00
4.869899999665277863e+10 -4.676844745606183018e+00 3.534632750123000822e+00
4.869899999674301147e+10 -4.751137922228576116e+00 4.086447594226959801e+00
4.869899999677227020e+10 -4.681842438674530094e+00 3.527427197785263591e+00
4.869899999628216553e+10 -4.882343654832722812e+00 3.333115358309202581e+00
4.869899999643426514e+10 -5.111472478296602340e+00 2.840644469292697760e+00
4.869899999627056885e+10 -5.529683842834307583e+00 2.499374874663571333e+00
4.869899999619908142e+10 -6.009401075037581919e+00 2.787338067071008396e+00
4.869899999651730347e+10 -6.280678655082486017e+00 2.408784310138179841e+00
4.869899999650834656e+10 -6.202530162424017668e+00 2.967330763404343763e+00
4.869899999643255615e+10 -6.368156605877640430e+00 2.433490739194279939e+00
4.869899999660556793e+10 -5.849607517605393880e+00 2.294438306123860016e+00
4.869899999693774414e+10 -6.237659770106505519e+00 2.533678785147250423e+00
4.869899999714815521e+10 -6.712957006376041313e+00 2.314635006446766230e+00
4.869899999712945557e+10 -6.695711624776410353e+00 1.751150744399557535e+00
4.869899999725816345e+10 -7.207554906570004860e+00 1.552122735994025060e+00
4.869899999743194580e+10 -7.679599487744311226e+00 1.296905140920941335e+00
4.869899999690399170e+10 -7.492048330008503676e+00 1.231688826291286842e+00
4.869899999677413940e+10 -7.742520945932593435e+00 7.432602908168521871e-01
4.869899999689038849e+10 -8.107051523416313188e+00 1.157705086684504892e+00
4.869899999640996552e+10 -8.184999535799798664e+00 8.726108698460706137e-01
4.869899999623768616e+10 -8.715004545850991491e+00 7.855670788620833234e-01
4.869899999651545715e+10 -8.927693806736273885e+00 3.431095828405143489e-01
4.869899999604031372e+10 -8.847749978070623911e+00 4.984211014184508626e-02
4.869899999622974396e+10 -8.820237787350302838e+00 -4.807436685829484246e-01
4.869899999642565155e+10 -9.122128969331468440e+00 -9.150739799224274496e-01
4.869899999661947632e+10 -8.699811737078123386e+00 -5.953195043270190778e-01
4.869899999622052002e+10 -8.992775603570702714e+00 -8.658174781811174281e-01
4.869899999617555237e+10 -9.078293993093188519e+00 -1.421538863419816057e+00
4.869899999581375122e+10 -8.965118103639113656e+00 -1.839214902512166683e+00
4.869899999628561401e+10 -9.250442535138885702e+00 -1.720492862212281704e+00
4.869899999593067169e+10 -9.124310260732990230e+00 -2.140336679230613992e+00
4.869899999596431732e+10 -8.571724535435528480e+00 -2.032269276732777019e+00
4.869899999550366974e+10 -8.405050140424847882e+00 -1.752656937480479016e+00
4.869899999563803864e+10 -8.893761509386582276e+00 -2.000178744851651036e+00
4.869899999586729431e+10 -8.662203659436535474e+00 -2.460596655851876591e+00
4.869899999641728210e+10 -8.755184695144702545e+00 -2.544424455092426651e+00
4.869899999650192261e+10 -8.615354781947777596e+00 -3.084280950967359658e+00
4.869899999670265961e+10 -9.134871620160549099e+00 -2.995017153563041212e+00
4.869899999660882568e+10 -8.996104923859450153e+00 -2.456407599433122257e+00
4.869899999676956940e+10 -9.532895846122279693e+00 -2.521047957430250896e+00
4.869899999676712036e+10 -9.529525622497464710e+00 -3.085090686022403439e+00
4.869899999689451599e+10 -9.021591945529547019e+00 -3.294695924997404379e+00
4.869899999641438293e+10 -9.271330320824082705e+00 -3.453649116565767230e+00
4.869899999596334076e+10 -9.602756121890168473e+00 -3.383775361233026580e+00
4.869899999557363892e+10 -9.819060015014434484e+00 -3.729468764803396397e+00
4.869899999574310303e+10 -9.961360916120064246e+00 -4.248306835416758354e+00
4.869899999617578125e+10 -1.029033320563782361e+01 -4.097552184493258309e+00
4.869899999586212158e+10 -1.014901007761681306e+01 -4.544549134343806251e+00
4.869899999538903046e+10 -1.018676469084752156e+01 -4.239717700592787963e+00
4.869899999539891052e+10 -1.013192219692694174e+01 -4.801016462607562651e+00
4.869899999576691437e+10 -9.705672060061372619e+00 -4.833352656860421703e+00
4.869899999551688385e+10 -9.246191633289965850e+00 -5.044360610466959827e+00
4.869899999540460205e+10 -8.731525184353261082e+00 -5.246034306970354777e+00
4.869899999543634033e+10 -8.244357713342692406e+00 -5.528562718318271507e+00
4.869899999582245636e+10 -8.099687910772027877e+00 -5.143667314136670221e+00
4.869899999590521240e+10 -8.030587937449384484e+00 -4.590008215325496188e+00
4.869899999612844086e+10 -8.404862898591408893e+00 -4.948127788795489757e+00
4.869899999563111877e+10 -8.177414628297215771e+00 -5.086329527342472900e+00
4.869899999524415588e+10 -7.924732345220105501e+00 -4.762948779167827773e+00
4.869899999527706146e+10 -7.797164004335773946e+00 -4.214491858017007431e+00
4.869899999478127289e+10 -7.529938227784379379e+00 -4.245197787681663115e+00
4.869899999474303436e+10 -6.968679994261110622e+00 -4.286292002982755811e+00
4.869899999463945007e+10 -6.479895424186507213e+00 -4.548059067164481384e+00
4.869899999476627350e+10 -6.505767944612521170e+00 -3.999053053082002762e+00
4.869899999531162262e+10 -6.376087951702717582e+00 -3.936294090905274601e+00
4.869899999555732727e+10 -5.882035524146280281e+00 -4.053360132409800975e+00
4.869899999602309418e+10 -6.078527388768221407e+00 -3.803126236407073701e+00
4.869899999578151703e+10 -5.759218228575524456e+00 -4.200420731305931632e+00
4.869899999599956512e+10 -5.662495308624122536e+00 -4.711559170816341791e+00
4.869899999582125092e+10 -6.196929798483605367e+00 -4.684240357960727685e+00
4.869899999562314606e+10 -6.618362819172533662e+00 -5.002534658844492554e+00
4.869899999556070709e+10 -6.133892933491641664e+00 -4.720485544970848046e+00
4.869899999554791260e+10 -6.134780402587289849e+00 -4.156573335365865596e+00
4.869899999554432678e+10 -6.460100502811050305e+00 -3.695796244093593419e+00
4.869899999607588196e+10 -6.549485501444080704e+00 -3.861981221773464590e+00
4.869899999600141144e+10 -6.071304992480768270e+00 -4.151738277411653577e+00
4.869899999642137909e+10 -6.404181533273521687e+00 -4.327747939576183533e+00
4.869899999638880157e+10 -6.311340399927998668e+00 -3.772337257476947592e+00
4.869899999683004761e+10 -6.228062846009061460e+00 -3.430978162783063112e+00
4.869899999680924225e+10 -6.162959765653510225e+00 -2.871076118491152851e+00
4.869899999666992950e+10 -6.357748193232591660e+00 -2.360380191378204540e+00
4.869899999693135834e+10 -5.859728952553820314e+00 -2.402720859888394234e+00
4.869899999710407257e+10 -6.275129688765362701e+00 -2.742977701520660005e+00
4.869899999698636627e+10 -6.800828495683775010e+00 -2.575802391862453078e+00
4.869899999691397858e+10 -6.586811595168168054e+00 -2.058967941523609291e+00
4.869899999671567535e+10 -6.372549834325522689e+00 -1.576340747063353698e+00
4.869899999660080719e+10 -6.763851142655163073e+00 -1.186660753101564492e+00
4.869899999644789124e+10 -6.917076175886216483e+00 -1.707526115289052626e+00
4.869899999645296478e+10 -6.891004533671938326e+00 -1.144093699693256028e+00
4.869899999681747437e+10 -6.968881005981669929e+00 -7.207383845923445165e-01
4.869899999625601959e+10 -6.914973675918995255e+00 -7.258195698222230652e-01
4.869899999604264069e+10 -7.344030067840154885e+00 -1.023378439511398286e+00
4.869899999587038422e+10 -7.430280018796126207e+00 -4.932376174915404921e-01
4.869899999597212219e+10 -7.330306139348006234e+00 5.248737223377386574e-02
4.869899999631854248e+10 -7.058368186102805808e+00 -2.999415947385363768e-01
4.869899999635906982e+10 -7.564841680152877501e+00 -5.448986039634773348e-01
4.869899999677938080e+10 -7.450874740836560761e+00 -9.033806504112775748e-01
4.869899999635646820e+10 -7.196300240900216139e+00 -1.176328311158259865e+00
4.869899999596249390e+10 -7.431538688243503721e+00 -8.482900406288222950e-01
4.869899999601156616e+10 -7.576576325025931702e+00 -3.054108038467248099e-01
4.869899999639063263e+10 -7.304277482568016566e+00 1.132856461474790466e-02
4.869899999642303467e+10 -7.262406578013652414e+00 -5.502393096674362827e-01
4.869899999653506470e+10 -6.815583281427631590e+00 -2.247236623396842159e-01
4.869899999643241882e+10 -7.310672355325798399e+00 -4.747470587312899726e-01
4.869899999596186829e+10 -7.565054885637465532e+00 -2.957666748435349713e-01
4.869899999604254913e+10 -7.567224800191572065e+00 -8.540203546752336283e-01
4.869899999621192169e+10 -7.181870537997292026e+00 -4.785526450558229561e-01
4.869899999629353333e+10 -7.237183418812624502e+00 -1.033928140388347350e+00
4.869899999630841064e+10 -7.231853579869643944e+00 -4.700915080950996972e-01
4.869899999630182648e+10 -7.230163606653440489e+00 9.392562666899617607e-02
4.869899999637158203e+10 -7.356351051531312635e+00 6.392440345183079131e-01
4.869899999628841400e+10 -7.358365691252336305e+00 1.197133378167563045e+00
4.869899999597951508e+10 -7.030780618966872453e+00 1.536887825717960343e+00
4.869899999596673584e+10 -7.047914478818488426e+00 2.100540759565921345e+00
4.869899999602064514e+10 -6.772673343301200077e+00 1.611156013625877126e+00
4.869899999617299652e+10 -7.314066667002047772e+00 1.568223392426320917e+00
4.869899999625576782e+10 -7.853980093906930193e+00 1.708948134906105976e+00
4.869899999679289246e+10 -7.774039191410421878e+00 1.556399147912418623e+00
4.869899999701229858e+10 -8.257078249791280911e+00 1.364834368898296901e+00
4.869899999702156830e+10 -8.279228525505086367e+00 8.012876280350675895e-01
4.869899999695243835e+10 -7.963760565243221734e+00 3.388350562128985000e-01
4.869899999728669739e+10 -8.283841110710076450e+00 1.637190972810581568e-02
4.869899999705161285e+10 -8.740622108472992480e+00 2.492869176163686196e-01
4.869899999669759369e+10 -8.366707438606214353e+00 4.795530813553138816e-01
4.869899999678794098e+10 -8.120750774421178875e+00 -1.995132384363890177e-02
4.869899999719930267e+10 -8.356584840523195723e+00 2.855435215121538972e-01
4.869899999688904572e+10 -7.899576278735606749e+00 3.997687844384208988e-01
4.869899999670843506e+10 -8.131326261395907196e+00 -8.172188406509262038e-02
4.869899999685308075e+10 -7.790352418588581962e+00 3.436917511476823561e-01
4.869899999677324677e+10 -7.678078626011732410e+00 8.906674844989852513e-01
4.869899999714250183e+10 -7.252142734428526083e+00 8.708800259831188662e-01
4.869899999758892059e+10 -7.368336087016511549e+00 5.462734970879178364e-01
4.869899999746994019e+10 -7.512048218957197321e+00 1.396504137991305683e-02
4.869899999770697021e+10 -7.521358326410763517e+00 5.257186934704315417e-01
4.869899999760222626e+10 -7.117416947067225053e+00 1.462172882973681309e-01
4.869899999762413788e+10 -7.077609457761266931e+00 -4.160074562331520509e-01
4.869899999770620728e+10 -6.571084862020892814e+00 -6.502273302495058527e-01
4.869899999747216034e+10 -6.803416620183113217e+00 -1.926169766572779496e-01
4.869899999802580261e+10 -6.793607436088218599e+00 -8.516712142422067089e-02
4.869899999858100128e+10 -6.698344461547645956e+00 -5.614942115841205228e-02
4.869899999871947479e+10 -6.763119651520617559e+00 -5.990958624531971255e-01
4.869899999854522705e+10 -6.780173881379985446e+00 -6.289849840245620438e-02
4.869899999875949860e+10 -7.218375677884672825e+00 2.203486946412341885e-01
4.869899999891777802e+10 -7.274811076146204591e+00 7.587946167838520717e-01
4.869899999896143341e+10 -7.232631602674692850e+00 1.980124547936810142e-01
4.869899999889828491e+10 -7.792621008557106599e+00 2.222083583373138382e-01
4.869899999930710602e+10 -8.152895780055091635e+00 3.679126958762403143e-01
4.869899999936624908e+10 -7.757440013869902451e+00 7.657544375120384217e-01
4.869899999988937378e+10 -7.953211617681774648e+00 8.443204979594980397e-01
4.869899999984752655e+10 -8.062574784265191141e+00 2.925506243072741874e-01
4.869899999991223907e+10 -8.362257649007771576e+00 7.660104480613384448e-01
4.869900000000109863e+10 -8.213056215335663879e+00 2.293502174281215611e-01
4.869900000033123016e+10 -7.789025918356953682e+00 5.796489647493724418e-02
