6.957000000000000000e+09 0.000000000000000000e+00 0.000000000000000000e+00
6.956999999795192719e+09 1.644858967298890029e-02 2.054702913511928797e-01
6.956999999506536484e+09 -9.554456084629226603e-03 1.845864702911379218e-01
6.956999999626935005e+09 1.721523886379853208e-01 3.767355969377554903e-01
6.956999999384492874e+09 2.084880650261896895e-01 2.207353543310063004e-01
6.956999999576628685e+09 1.074664982341959757e-01 4.139009404777204693e-01
6.956999999816487312e+09 2.666500995105056671e-01 3.743684657544688044e-01
6.956999999925338745e+09 2.721488844425221099e-01 6.437297941738014950e-01
6.956999999759073257e+09 1.899025033943647633e-01 4.200654477225120864e-01
6.956999999628129959e+09 3.831719801239821255e-01 2.470475462398269706e-01
6.956999999495599747e+09 5.286073583237496099e-01 3.322805985483448521e-02
6.956999999525249481e+09 6.972673401547421212e-01 -2.015254353134753873e-01
6.956999999487846375e+09 6.352391538075047306e-01 -4.829290351973197781e-01
6.956999999260721207e+09 8.036196221452809318e-01 -4.158733261104636814e-01
6.956999999362331390e+09 7.893143426752985414e-01 -6.877284941308166033e-01
6.956999999409174919e+09 8.446188581767901660e-01 -9.691207276215514366e-01
6.956999999122330666e+09 8.754804116707927131e-01 -1.003798466750393192e+00
6.956999999106563568e+09 7.166775438103345497e-01 -7.609661542091586961e-01
6.956999999161753654e+09 1.000743874525864996e+00 -7.873262112310331906e-01
6.956999999057792664e+09 1.024565413462550589e+00 -5.170316429671075742e-01
6.956999999091180801e+09 1.020717423322621054e+00 -2.284057633351868066e-01
6.956999999195016861e+09 9.921168507366544542e-01 -4.982844600071176799e-01
6.956999999004877090e+09 9.774996502449566638e-01 -2.790408621317790328e-01
6.956999998993932724e+09 9.853248930073772449e-01 -5.693053739297015969e-01
6.956999998972781181e+09 1.132125221651018698e+00 -3.194318673067084169e-01
6.956999999160059929e+09 1.014153563384042389e+00 -5.076969737576003672e-01
6.956999999162047386e+09 1.086127218136511141e+00 -7.892113440721688633e-01
6.956999999148228645e+09 1.078657584609946207e+00 -4.990601087876954667e-01
6.956999999142287254e+09 1.068575139447792255e+00 -7.894004939628040951e-01
6.956999999282928467e+09 9.920946593747641540e-01 -5.469024469312400161e-01
6.956999999342162132e+09 7.703342639077100928e-01 -3.687222476926812487e-01
6.956999999296405792e+09 6.755746761331685724e-01 -6.395754553731307634e-01
6.956999999269108772e+09 9.536919709449294125e-01 -7.192005471587187282e-01
6.956999999373633385e+09 6.848959723551288903e-01 -7.546667507299757993e-01
6.956999999505067825e+09 4.464241583336830410e-01 -6.532241591721535956e-01
6.956999999631820679e+09 4.537434177242853361e-01 -3.918536401039629524e-01
6.956999999817456245e+09 5.716485477060422316e-01 -2.019267238137478770e-01
6.956999999871097565e+09 4.111690279548259053e-01 3.430066905734158178e-02
6.957000000080682755e+09 2.855659447719366972e-01 -1.229644521001542479e-01
6.956999999939634323e+09 1.061454610357420447e-01 5.689157547995918329e-02
6.956999999877975464e+09 8.257076226312012879e-02 3.398701745800198903e-01
6.956999999693937302e+09 6.014908552652792340e-02 1.161254487925840184e-01
6.956999999734438896e+09 7.793693187627136199e-02 4.033147508018120053e-01
6.956999999651347160e+09 3.563105036720727314e-01 3.971135227168434145e-01
6.956999999411809921e+09 1.959926983247345655e-01 3.603065817475771260e-01
6.956999999456399918e+09 -3.042888264073176363e-02 5.368837194074420616e-01
6.956999999336973190e+09 6.450418510359995361e-02 2.895793630607856328e-01
6.956999999296644211e+09 2.443957429765803435e-01 6.497497640889568493e-02
6.956999999513119698e+09 2.811502944288777339e-01 2.552959448505170981e-01
6.956999999721670151e+09 2.283630054672918797e-01 5.996370945789297746e-02
6.956999999842873573e+09 3.180065255185440254e-01 3.083754140168457614e-01
6.956999999757678986e+09 4.472328674611963928e-02 2.584496181032172601e-01
6.956999999680105209e+09 -2.331489366249185347e-01 2.931463287947959628e-01
6.956999999814672470e+09 -1.370452220207309113e-01 5.421067443686394816e-02
6.957000000092364311e+09 -6.441039621718228081e-02 8.980901913406613701e-03
6.956999999969871521e+09 1.667077413825941434e-01 -1.175672652127505435e-01
6.956999999961368561e+09 1.948937382763011039e-01 -4.066481360880624951e-01
6.956999999935438156e+09 1.831183840186275114e-01 -6.958253188165679504e-01
6.956999999744250298e+09 1.146137632099758497e-02 -5.601208026989924482e-01
6.956999999666296959e+09 1.543915879035994421e-01 -8.008047065690498956e-01
6.956999999413985252e+09 7.534005651009907656e-02 -9.213215183863012747e-01
6.956999999665669441e+09 2.123766018693232227e-01 -8.732516945021974175e-01
6.956999999565098763e+09 3.020339563955708462e-01 -6.157996536029901602e-01
6.956999999562501907e+09 5.292424709682793660e-01 -7.969185217974221747e-01
6.956999999362075806e+09 7.352243190535954209e-01 -8.397588265231551441e-01
6.956999999361983299e+09 8.277979226699123672e-01 -5.643235036810243521e-01
6.956999999347370148e+09 8.377641282022569857e-01 -2.742862376449801687e-01
6.956999999341482162e+09 8.183971480898780682e-01 1.558399807038002294e-02
6.956999999420042992e+09 6.985634356077551343e-01 2.683735111056940736e-01
6.956999999422616005e+09 7.021272233288561315e-01 -2.216939283710844810e-02
6.956999999425848961e+09 7.030593536420673972e-01 -3.127260577556169041e-01
6.956999999317125320e+09 7.322631552113428866e-01 -4.484417086268804864e-02
6.956999999213304520e+09 9.914689561171963206e-01 3.558060757886415126e-02
6.956999999407436371e+09 8.030549544951234298e-01 1.416346325972551168e-01
6.956999999164467812e+09 7.657738963280529276e-01 -1.331943005708113859e-02
6.956999999326570511e+09 6.763633856425231849e-01 -2.372902579049119831e-01
6.956999999478278160e+09 6.655177220737237276e-01 1.030121827064586770e-02
6.956999999481257439e+09 5.995050554175949120e-01 -2.726615860704211247e-01
6.956999999563295364e+09 7.242537706917212548e-01 -5.219447424298208071e-01
6.956999999679800987e+09 9.453032613755901759e-01 -3.736273594556260291e-01
6.956999999703827858e+09 9.336832469775523391e-01 -6.629752390272244389e-01
6.956999999554114342e+09 9.197723195595218781e-01 -9.116250950031373756e-01
6.956999999710001945e+09 8.661998632666183529e-01 -1.150923234473570478e+00
6.956999999565637589e+09 8.589002053762015976e-01 -8.988516670074381265e-01
6.956999999585067749e+09 6.735548482022641892e-01 -1.121795752708399041e+00
6.956999999490180969e+09 7.712701811331909019e-01 -1.378472065004732183e+00
6.956999999736130714e+09 9.001454954023253574e-01 -1.292830843204971769e+00
6.957000000007729530e+09 9.222041772399920401e-01 -1.393735748315236167e+00
6.956999999811302185e+09 1.049807356701330185e+00 -1.565690263843789065e+00
6.956999999765717506e+09 1.307921321136344073e+00 -1.440256031232575396e+00
6.956999999557182312e+09 1.415452197566908765e+00 -1.268836150803061225e+00
6.956999999661635399e+09 1.262292035149939151e+00 -1.492590314017079756e+00
6.956999999739832878e+09 1.309173681148608770e+00 -1.768492071377323338e+00
6.956999999880867958e+09 1.060112322449256572e+00 -1.818613328851357736e+00
6.956999999653442383e+09 1.220201431888734644e+00 -1.902778373619495866e+00
6.956999999645643234e+09 1.242088563970351167e+00 -1.613132679772459221e+00
6.956999999509090424e+09 9.917641747673049402e-01 -1.669039155982300793e+00
6.956999999525983810e+09 1.040186145271656537e+00 -1.383024447465460938e+00
6.956999999428055763e+09 1.050486504993950243e+00 -1.656407752396947375e+00
6.956999999452108383e+09 1.075059943382911110e+00 -1.367873324011796843e+00
6.956999999171231270e+09 1.038891578721421238e+00 -1.432946260446175568e+00
6.956999998989954948e+09 1.007381561345552345e+00 -1.657847126321650766e+00
6.956999998966766357e+09 7.756153531720313410e-01 -1.484119709445867796e+00
6.956999999119529724e+09 6.242542167405517040e-01 -1.288702906601307596e+00
6.956999998865053177e+09 5.206755497239052843e-01 -1.194109900134612934e+00
6.956999998637860298e+09 6.640695132247639298e-01 -1.304816328890666455e+00
6.956999998605442047e+09 6.691195238905247589e-01 -1.593534272839114196e+00
6.956999998401600838e+09 8.760008512285224480e-01 -1.602674131506723221e+00
6.956999998667487144e+09 8.706055584055323315e-01 -1.485585472991470146e+00
6.956999998555143356e+09 8.384154843867084317e-01 -1.219545541852674386e+00
6.956999998534218788e+09 7.082399479971070999e-01 -9.606035087048777621e-01
6.956999998764017105e+09 6.963479189754649967e-01 -1.138046480410715100e+00
6.956999998838288307e+09 9.112390505602099289e-01 -9.571041564162818815e-01
6.956999998691722870e+09 7.115732168410311420e-01 -8.051616774722365477e-01
6.956999998746356010e+09 8.876052232136076858e-01 -5.805232015593003725e-01
6.956999998671817780e+09 9.036757388435054938e-01 -8.609161773947371366e-01
6.956999998788838387e+09 7.744120236511017330e-01 -6.284691438623122295e-01
6.956999999007060051e+09 8.725393020646032838e-01 -4.635908212237682680e-01
6.956999999213565826e+09 6.844977854127635153e-01 -3.834024395757577586e-01
6.956999999175520897e+09 4.324271632656103148e-01 -2.439482778744896663e-01
6.956999999056527138e+09 6.171384060735840560e-01 -5.379921514004287753e-02
6.956999999081368446e+09 5.673070319591005939e-01 2.313924069248566862e-01
6.956999998926966667e+09 8.131560238742310265e-01 2.190229315438962376e-01
6.956999998979593277e+09 6.065455157162593647e-01 2.159699411397311697e-02
6.956999998839592934e+09 3.852048643655172633e-01 -1.042712925519381773e-01
6.956999998834652901e+09 4.332640060421082406e-01 1.822604084661974544e-01
6.956999998983141899e+09 2.909554165527072911e-01 3.875258182359406778e-01
6.956999999035153389e+09 5.098234640914660609e-01 5.714445333140037997e-01
6.956999999057442665e+09 7.904113104294108183e-01 6.436119990855142525e-01
6.956999999059676170e+09 8.926470931049237389e-01 3.716242168336769680e-01
6.956999999070119858e+09 9.058268818964629876e-01 8.153504961537072493e-02
6.956999999273505211e+09 7.842171492449662162e-01 -8.663156985587519565e-02
6.956999999063776970e+09 7.947926443331664315e-01 1.142087643017661025e-01
6.956999999327776909e+09 9.116707159293172547e-01 1.470389640496476968e-01
6.956999999106804848e+09 7.445294300312162994e-01 2.346156930470825741e-01
6.956999999083148956e+09 1.016439230263751714e+00 3.343149588946019435e-01
6.956999999277505875e+09 9.255202771880627344e-01 5.302574643787598685e-01
6.956999999537402153e+09 8.013299548394182681e-01 4.919786584527299778e-01
6.956999999594368935e+09 5.220313298943835001e-01 5.483838003831655872e-01
6.956999999712419510e+09 5.452010545914177664e-01 2.838812241706208939e-01
6.956999999763621330e+09 8.098857256129534665e-01 3.923013907394907740e-01
6.956999999761284828e+09 1.069730197596709065e+00 2.622633614857919904e-01
6.956999999621664047e+09 8.365512653176774283e-01 3.650652330748553887e-01
6.956999999641448021e+09 6.847677944848741260e-01 1.180735964588168485e-01
6.956999999533226967e+09 7.559955243577900497e-01 -1.420213228072326472e-01
6.956999999402386665e+09 9.300777784743837762e-01 5.036007492592178836e-02
6.956999999444707870e+09 9.239976860740076736e-01 3.377734081516925446e-01
6.956999999532846451e+09 9.953837310204700639e-01 7.024754837720609268e-02
6.956999999495155334e+09 8.509299165685723088e-01 3.195405313040947659e-01
6.956999999516085625e+09 8.584831431728148221e-01 6.092634815419901706e-01
6.956999999511607170e+09 7.462938600204498396e-01 8.772709541410370626e-01
6.956999999248080254e+09 8.649088817373483673e-01 9.075765889686414623e-01
6.956999999078727722e+09 6.434768971309151597e-01 9.895654789630535797e-01
6.956999998861754417e+09 7.236586538660019219e-01 8.137017400492905228e-01
6.956999999029963493e+09 7.893361007308635768e-01 1.041356378820993855e+00
6.956999998932728767e+09 8.368650929527513549e-01 1.311024614402676924e+00
6.956999998866743088e+09 7.631051787128646513e-01 1.037821675523422416e+00
6.956999998738545418e+09 7.452071450587334223e-01 1.297974776465481428e+00
6.956999999027535439e+09 7.717091974110164010e-01 1.312696601766549120e+00
6.956999999181412697e+09 5.735106947629604601e-01 1.459235122577136945e+00
6.956999998963014603e+09 6.085085191974461960e-01 1.270789084721318130e+00
6.956999998898143768e+09 8.660462113412938923e-01 1.388689786311426699e+00
6.956999998765360832e+09 1.080252295883507907e+00 1.533323379819929499e+00
6.956999998915124893e+09 1.024318522753672855e+00 1.290678044457553852e+00
6.956999998776575089e+09 1.125357746577388074e+00 1.056094494630763103e+00
6.956999999064497948e+09 1.131234337775830268e+00 1.094830550634155797e+00
6.956999998870929718e+09 1.036367184237495742e+00 8.999818881832944983e-01
6.956999998917312622e+09 1.041129887152077549e+00 1.186792640645839114e+00
6.956999998831667900e+09 9.808657031013977567e-01 1.457841783491382381e+00
6.956999998750317574e+09 7.539747446003698395e-01 1.295554565689972515e+00
6.956999998662485123e+09 8.261734046021660394e-01 1.562963215638074832e+00
6.956999998773736954e+09 8.125457652542320552e-01 1.831052549107592409e+00
6.956999998869782448e+09 5.867382021394800251e-01 1.675422407556170556e+00
6.956999998831933022e+09 6.857331804982740309e-01 1.945980914081911317e+00
6.956999998903692245e+09 4.659537287491593571e-01 2.121998217972776768e+00
6.956999999168889046e+09 4.667990304110057886e-01 2.003235407963605219e+00
6.956999998885880470e+09 5.060865319364825643e-01 1.950345194121854364e+00
6.956999998976153374e+09 5.099662988058730750e-01 1.674174530261223204e+00
6.956999998894428253e+09 6.105818044751953888e-01 1.414112927885377902e+00
6.956999998914927483e+09 5.953437986741965116e-01 1.124661583508708373e+00
6.956999998697384834e+09 6.897519917285254154e-01 9.567423947557132102e-01
6.956999998691511154e+09 8.614152260053369314e-01 7.223672109673398012e-01
6.956999998841762543e+09 8.041721646026197545e-01 4.803292657596716642e-01
6.956999998805311203e+09 8.702129414910115823e-01 7.609435878805138609e-01
6.956999998548813820e+09 1.006673807719413061e+00 7.656566054098733476e-01
6.956999998584269524e+09 9.041800083302367064e-01 1.035234833320335390e+00
6.956999998526186943e+09 9.056050861422939580e-01 1.319943309916990382e+00
6.956999998387045860e+09 1.160603335900451949e+00 1.327018321021838920e+00
6.956999998474571228e+09 8.889403251990894983e-01 1.272493092967277750e+00
6.956999998632692337e+09 1.125125217651217202e+00 1.212087001740416170e+00
6.956999998637850761e+09 1.126832909846521957e+00 9.215616567985074337e-01
6.956999998616298676e+09 1.169688929403575717e+00 6.349724550880225804e-01
6.956999998389207840e+09 1.127110266046693621e+00 8.111864710216262209e-01
6.956999998383572578e+09 8.377693266592556309e-01 8.373507024051314307e-01
6.956999998340693474e+09 6.943677078593373242e-01 1.086412627047258050e+00
6.956999998352458000e+09 7.184965248269674643e-01 1.375746169354639337e+00
6.956999998484191895e+09 5.415992324107186118e-01 1.564923387366023544e+00
6.956999998325776100e+09 6.152982121731800369e-01 1.332743667594358250e+00
6.956999998037752151e+09 5.911587805092872738e-01 1.362646803734014700e+00
6.956999997993105888e+09 5.307892170993070424e-01 1.643354312436402953e+00
6.956999998047650337e+09 3.506020192714164319e-01 1.864695661844435470e+00
6.956999998051450729e+09 3.704214890823619433e-01 2.154570196214873334e+00
6.956999998009687424e+09 2.522993192168181964e-01 1.892391832082013226e+00
6.956999997911328316e+09 -1.072960861689625789e-02 1.817720459624496243e+00
6.956999998196660995e+09 -2.479993241358023626e-03 1.872048201426082636e+00
6.956999998159502029e+09 -3.569545583995022142e-02 1.585778382090586192e+00
6.956999998090158463e+09 -1.868156744519580345e-02 1.867445837120108587e+00
6.956999998241070747e+09 1.633933688907945048e-01 1.698600935171941106e+00
6.956999998355759621e+09 3.538303968637560026e-01 1.511478910801216324e+00
6.956999998387557030e+09 3.623327403056036955e-01 1.222772909117365581e+00
6.956999998585695267e+09 2.626887829337800073e-01 1.035032027420619505e+00
6.956999998648176193e+09 3.105902086180095112e-01 7.553248704975370487e-01
6.956999998938526154e+09 2.999196449065239523e-01 7.594831718036367807e-01
6.956999998948572159e+09 3.218966004068904985e-01 4.699135125091133958e-01
6.956999999070927620e+09 3.728857895059343730e-01 2.113331193635770711e-01
6.956999999241838455e+09 1.530040171827224404e-01 1.284107464663332698e-01
6.956999999470528603e+09 6.695955319146264240e-02 -2.885255928198748876e-02
6.956999999366051674e+09 1.667711703112788046e-01 2.232518094226756400e-01
6.956999999170560837e+09 3.099523337574731086e-01 6.288656414665552696e-02
6.956999999281648636e+09 4.750956475337181351e-02 6.161605586671357881e-03
6.956999999297247887e+09 4.927663758175335890e-02 -2.839901436327685325e-01
6.956999999372417450e+09 -1.210994404338308905e-01 -6.092956801325313809e-02
6.956999999445447922e+09 1.504061930732966956e-01 1.245805451943475528e-02
6.956999999665773392e+09 2.667210453801866499e-01 -1.370812420473601634e-01
6.956999999575794220e+09 2.008545422954114423e-01 -4.054090179090433788e-01
6.956999999537511826e+09 3.268088073038853958e-01 -6.644543346499511838e-01
6.956999999642245293e+09 4.093471768871778105e-01 -4.062824051073548604e-01
6.956999999422332764e+09 5.987207150491122842e-01 -3.917692283389800356e-01
6.956999999354811668e+09 6.498219494860645318e-01 -6.697333033663009916e-01
6.956999999569554329e+09 4.624792923168405956e-01 -7.265028987394454019e-01
6.956999999787144661e+09 5.201112637721134746e-01 -5.427430465804241599e-01
6.956999999564609528e+09 4.980491712680633620e-01 -3.572008464373476189e-01
6.956999999452808380e+09 5.702128454862427365e-01 -6.155171893849051834e-01
6.956999999191393852e+09 4.691002216116911816e-01 -6.921545687253680690e-01
6.956999999200393677e+09 6.062686338319536183e-01 -9.481590998455762254e-01
6.956999999296684265e+09 8.754056731402313218e-01 -1.000388844512020592e+00
6.956999999127741814e+09 7.970948162954170080e-01 -1.223459153584742110e+00
6.956999998987018585e+09 5.843579467648255532e-01 -1.362651240667808183e+00
6.956999999081326485e+09 5.279921536612622868e-01 -1.631655861760413329e+00
6.956999998974611282e+09 4.374167866770827806e-01 -1.377014123742253293e+00
6.956999999168936729e+09 3.932614887303670370e-01 -1.165537226764942424e+00
6.956999999311861038e+09 1.408265542970024709e-01 -1.148691834085801222e+00
6.956999999306056023e+09 1.498458094484538816e-01 -8.583137097500964652e-01
6.956999999214606285e+09 2.553563565914139799e-01 -1.113145052007600722e+00
6.956999999135277748e+09 2.654610520642133320e-01 -1.392500336777941161e+00
6.956999999101418495e+09 1.422978017628917513e-01 -1.131504401003544880e+00
6.956999999120284081e+09 1.438181602490336830e-01 -1.421463480015116465e+00
6.956999999123976707e+09 2.068520038995074750e-01 -1.137830623825883514e+00
6.956999999080468178e+09 2.602243140408613264e-01 -8.555313151319481335e-01
6.956999998900107384e+09 3.082019389180860047e-01 -1.078248116132906498e+00
6.956999999081158638e+09 4.036245611244285714e-01 -8.719728165912825624e-01
6.956999999070417404e+09 3.657369935733993382e-01 -1.159868032880679856e+00
6.956999998884618759e+09 3.212604545170423820e-01 -9.409272437205458139e-01
6.956999998915522575e+09 2.209098734025924937e-01 -1.211868572843038283e+00
6.956999999178736687e+09 2.426457836313128946e-01 -1.090706924657438792e+00
6.956999999179551125e+09 2.074297730637013060e-01 -1.379140048153826514e+00
6.956999999364867210e+09 2.811442870447031783e-01 -1.590466221629958543e+00
6.956999999087155342e+09 2.024755405706857858e-01 -1.556971899429080430e+00
6.956999998937746048e+09 5.208088225506718461e-02 -1.755699866524514707e+00
6.956999998861690521e+09 1.718464891390989735e-01 -2.009286525311219762e+00
6.956999998600477219e+09 1.073436034719998516e-01 -1.899553940122443718e+00
6.956999998568850517e+09 2.528043340198848909e-02 -1.622606461266632216e+00
6.956999998476420403e+09 -1.648995590837027403e-01 -1.423300802087581918e+00
6.956999998523182869e+09 -7.299770943562727821e-02 -1.151635908902644889e+00
6.956999998554411888e+09 3.990966552805161327e-02 -1.417551666312449665e+00
6.956999998702455521e+09 2.933400093274279863e-03 -1.664837815566844181e+00
6.956999998772027016e+09 1.578281470911576945e-01 -1.900638486668040361e+00
6.956999998726337433e+09 -1.174736514653686725e-01 -1.981606635436453878e+00
6.956999998677957535e+09 -1.083769262307894277e-01 -1.695230783006944630e+00
6.956999998423223495e+09 -1.475841762605886731e-01 -1.561037521715364473e+00
6.956999998364223480e+09 -1.850933489545022737e-01 -1.278997601325804867e+00
6.956999998396228790e+09 -2.590791665395443255e-01 -9.998269705257247786e-01
6.956999998330781937e+09 -5.416707477431785822e-01 -9.827025181081296967e-01
6.956999998277983665e+09 -6.046629930540978748e-01 -7.039932421846499810e-01
6.956999998448617935e+09 -4.065276691379208773e-01 -5.772624702267431518e-01
6.956999998682526588e+09 -2.778927067949528151e-01 -6.920426791266885980e-01
6.956999998539893150e+09 -3.539195786857899928e-01 -4.505679127860845457e-01
6.956999998572642326e+09 -2.932755158734408063e-01 -7.328519252393348449e-01
6.956999998577808380e+09 -3.348010381714713324e-01 -1.020399203308756997e+00
6.956999998614263535e+09 -3.925335231603466202e-01 -1.302839451964151962e+00
6.956999998621506691e+09 -3.537771117711894786e-01 -1.014950618420681794e+00
6.956999998679052353e+09 -2.517545296829937218e-01 -1.280872371126810627e+00
6.956999998831864357e+09 -1.470341203444669453e-01 -1.057005023329265825e+00
6.956999999084817886e+09 -2.676913896123633840e-01 -9.802534854795923458e-01
6.956999998934692383e+09 -2.726086895806813515e-01 -7.315115352463711362e-01
6.956999998714967728e+09 -3.059605758557199517e-01 -5.443128489176503049e-01
6.956999998714250565e+09 -3.058871217994912350e-01 -8.348881014278115575e-01
6.956999998538003922e+09 -2.031446824573779897e-01 -1.041807791568841512e+00
6.956999998471435547e+09 -2.190533909487854813e-01 -7.594073461448405116e-01
6.956999998288089752e+09 -3.191215231852013168e-01 -9.614103102630022768e-01
6.956999998383094788e+09 -6.027625254267560129e-02 -8.697174511874193881e-01
6.956999998344440460e+09 -1.572388733050023302e-01 -5.985374153099971561e-01
6.956999998428949356e+09 -2.507230888421119741e-01 -8.603644130329107798e-01
6.956999998390089989e+09 -4.789906827426478886e-01 -1.035915988047101388e+00
6.956999998215078354e+09 -2.866166369529705715e-01 -9.063107595550334850e-01
6.956999998155539513e+09 -3.894712356208032689e-02 -1.046129875101844409e+00
6.956999998056547165e+09 -2.978971210677439085e-01 -9.590672155697229639e-01
6.956999998050724030e+09 -2.976080591137855724e-01 -1.249584862803447605e+00
6.956999998027853012e+09 -3.846777206316813746e-01 -9.733055079559607137e-01
6.956999998011159897e+09 -4.132083566188292645e-01 -6.846156599273079957e-01
6.956999998120830536e+09 -3.074213881654834224e-01 -4.371970050597939195e-01
6.956999998039895058e+09 -3.000193466578716661e-01 -1.582182137615230633e-01
6.956999998172541618e+09 -4.469393492120932176e-02 -1.176191233960920263e-01
6.956999998141250610e+09 2.201183401146565854e-01 -2.330739890407559911e-01
6.956999997994166374e+09 1.466842784817468659e-01 -4.726740896142478388e-01
6.956999997929557800e+09 3.584179699521196638e-01 -2.844479237098790914e-01
6.956999997640748024e+09 3.324618344285115712e-01 -3.031431413688802645e-01
6.956999997529085159e+09 3.315796792150059735e-01 -5.714063881364122022e-01
6.956999997536767960e+09 3.238898779107638459e-01 -8.617791474899628712e-01
6.956999997496498108e+09 2.619593306544162337e-01 -1.142808442786568124e+00
6.956999997239795685e+09 1.711265840851252940e-01 -1.244236712089652475e+00
6.956999997204713821e+09 4.529223293860421551e-01 -1.182633703888476218e+00
6.956999996917465210e+09 4.962202349386682920e-01 -1.189564811782067189e+00
6.956999996919131279e+09 4.973908293542077530e-01 -1.480133825414112536e+00
6.956999996965829849e+09 7.566228735074055356e-01 -1.602822473129761560e+00
6.956999996982448578e+09 4.700136777531906396e-01 -1.647694395187984551e+00
6.956999996844358444e+09 2.866122926520036085e-01 -1.469566773725081932e+00
6.956999996764744759e+09 1.950052042565195431e-01 -1.205551093973189047e+00
6.956999996785284996e+09 1.860161757634484214e-01 -9.158412387789491849e-01
6.956999996759829521e+09 8.527036795483143583e-02 -1.187202206519449188e+00
6.956999996646090508e+09 -1.212128283798716427e-01 -1.357092303295338809e+00
6.956999996888728142e+09 -2.067149900814614361e-01 -1.492187923932500437e+00
6.956999996807153702e+09 -1.798037864949847131e-01 -1.214598603066162186e+00
6.956999996797348976e+09 -2.763122359945405782e-01 -9.406926356369502695e-01
6.956999996693344116e+09 -9.920437238709231553e-02 -1.146241222704659890e+00
6.956999996798778534e+09 -1.870364036746184344e-01 -8.901091301529909794e-01
6.956999996869614601e+09 -2.520375905625432678e-01 -1.164319874053901582e+00
6.956999996712120056e+09 -8.705064445502924686e-02 -9.842940819520924478e-01
6.956999996562477112e+09 -9.118393057140793123e-02 -7.352468132679503832e-01
6.956999996529430389e+09 -2.848176814223233877e-01 -5.211244236697772925e-01
6.956999996386181831e+09 -1.992029391850721476e-01 -7.589990536584749758e-01
6.956999996288527489e+09 -2.838596854814818271e-01 -4.987465001595419722e-01
6.956999996271505356e+09 -2.708882039563558219e-01 -7.885334858352249787e-01
6.956999996126968384e+09 -4.119340780214542086e-02 -6.846880411050310089e-01
6.956999996063012123e+09 -3.796705143308366781e-02 -9.681200648150825039e-01
6.956999996312428474e+09 -4.759167325023710982e-04 -1.112413551559194191e+00
6.956999996234841347e+09 -1.599817677085685341e-01 -8.822557198257985345e-01
6.956999996075055122e+09 8.118370239660355203e-02 -8.550120629174204900e-01
6.956999995871101379e+09 2.774669573148453861e-01 -7.893600791850196030e-01
6.956999995905474663e+09 3.303389663562431577e-01 -5.057097675153303662e-01
6.956999995981309891e+09 3.036927742732301039e-01 -2.264724782175822626e-01
6.956999995881084442e+09 3.549792018940475247e-01 4.140627452109141293e-02
6.956999995746376038e+09 1.782833200596110890e-01 -1.458549184009207134e-01
6.956999995793951988e+09 -1.977341691008713265e-02 -3.530857076577547105e-01
6.956999996042472839e+09 -1.259791605235388301e-01 -4.598210242072692799e-01
6.956999996056876183e+09 -2.205394439495761416e-01 -1.854391983906705232e-01
6.956999996064526558e+09 -2.695095361717784188e-01 1.008786204157234856e-01
6.956999996216812134e+09 -4.780461653101732988e-01 2.341301203402346154e-01
6.956999996242710114e+09 -4.334628547042970181e-01 5.200953327687798389e-01
6.956999996453314781e+09 -6.298911848344699305e-01 5.587766102730330475e-01
6.956999996507583618e+09 -6.738311098403660937e-01 2.767151380646467040e-01
6.956999996758620262e+09 -8.196630209905857445e-01 2.645400674271906061e-01
6.956999996680315018e+09 -8.156963256244958993e-01 5.443384161175818248e-01
6.956999996644645691e+09 -8.135030913581986489e-01 8.327086418384208599e-01
6.956999996548391342e+09 -1.070219991310481955e+00 7.364485813709804596e-01
6.956999996815378189e+09 -1.180285586848568880e+00 7.686690136187585010e-01
6.956999996964417458e+09 -1.429439011016872874e+00 7.566480852880891339e-01
6.956999996857102394e+09 -1.160543061339289306e+00 7.814068788232121365e-01
6.956999996916604042e+09 -1.222063779110983850e+00 1.059092480204988362e+00
6.956999996968377113e+09 -1.485976132557524920e+00 1.169111950314044135e+00
6.956999996969928741e+09 -1.485527868866633794e+00 8.785402885418480690e-01
6.956999997035340309e+09 -1.297549702583090214e+00 6.668329616064994081e-01
6.956999996928913116e+09 -1.204244891774092663e+00 4.130574921815179379e-01
6.956999997183211327e+09 -1.320259006813320646e+00 4.924789538828898694e-01
6.956999997416983604e+09 -1.462793508975053669e+00 5.897879774457910340e-01
6.956999997601329803e+09 -1.476326838036118083e+00 3.655829673340583730e-01
6.956999997418668747e+09 -1.517344092277907341e+00 1.433513121086596454e-01
6.956999997395336151e+09 -1.311324060477478293e+00 3.469338343908303646e-01
6.956999997121900558e+09 -1.371708314827792430e+00 4.245296525308075997e-01
6.956999997000204086e+09 -1.167259710949659635e+00 5.913386500774355792e-01
6.956999997137694359e+09 -9.113722680063635062e-01 5.985913891994183444e-01
6.956999997294354439e+09 -8.161627900675781921e-01 8.240401293387096260e-01
6.956999997576801300e+09 -8.238952034654661860e-01 7.562295901506389528e-01
6.956999997572570801e+09 -7.968024529438748615e-01 1.045509017275643826e+00
6.956999997612403870e+09 -9.384699543305295988e-01 7.949533409413024332e-01
6.956999997609122276e+09 -1.103284363361488385e+00 5.556628461412995712e-01
6.956999997347144127e+09 -1.094625746083146112e+00 4.302558100219379678e-01
6.956999997398607254e+09 -1.250810017310475919e+00 6.698232220855294683e-01
6.956999997247632027e+09 -1.498789561988072450e+00 6.819539660670650427e-01
6.956999997040027618e+09 -1.672927709227790105e+00 7.868859398188210452e-01
6.956999997115891457e+09 -1.680628197245100264e+00 5.064936839733302776e-01
6.956999997108979225e+09 -1.693923657900693769e+00 2.163041723485263357e-01
6.956999996992067337e+09 -1.553488567489697658e+00 -9.625031005442569176e-03
6.956999996897201538e+09 -1.654232719392221052e+00 2.458853857987398361e-01
6.956999996706283569e+09 -1.472133505153521371e+00 1.241286592052732451e-01
6.956999996667609215e+09 -1.388593336937307132e+00 -1.514793997327442410e-01
6.956999996687387466e+09 -1.499190630984455819e+00 1.164973641697839291e-01
6.956999996858917236e+09 -1.733724010338528521e+00 1.140094496658744239e-01
6.956999997073801041e+09 -1.707729150529177620e+00 -7.985575127404889728e-02
6.956999996867373466e+09 -1.550635515580233603e+00 5.107909554624640025e-02
6.956999996973018646e+09 -1.447330207405383540e+00 -1.991241889072696836e-01
6.956999997238064766e+09 -1.503682970662375995e+00 -3.040505593836803078e-01
6.956999997241749763e+09 -1.505552072622580617e+00 -1.350379582441918469e-02
6.956999996999630928e+09 -1.376986691598591328e+00 8.284975929197203881e-02
6.956999997041848183e+09 -1.496798146458705681e+00 -1.784880095220376384e-01
6.956999996792545319e+09 -1.420576559748859768e+00 -5.014196481248098247e-02
6.956999996938738823e+09 -1.403176015828978107e+00 -3.006597089566369618e-01
6.956999996725359917e+09 -1.253862564904405730e+00 -4.295376953920005958e-01
6.956999996463479996e+09 -1.223496730656478126e+00 -3.073440533563488453e-01
6.956999996578919411e+09 -1.144629950471657276e+00 -5.261218235604636639e-02
6.956999996348144531e+09 -1.232277178242971782e+00 1.006704651797587224e-01
6.956999996314933777e+09 -1.280226301257945343e+00 3.853324145979508675e-01
6.956999996349986076e+09 -1.377042182015292937e+00 1.136110402532140573e-01
6.956999996601428986e+09 -1.313243823409236510e+00 2.445327861719183149e-01
6.956999996591220856e+09 -1.277854942817448824e+00 5.327651757336834271e-01
6.956999996806677818e+09 -1.436274492625224442e+00 6.464132243796205657e-01
6.956999996803342819e+09 -1.423449030961534634e+00 9.366870319174436244e-01
6.956999996695654869e+09 -1.470115957759099201e+00 1.202506434197533558e+00
6.956999996612897873e+09 -1.443357695665572704e+00 1.479760332478956997e+00
6.956999996475585938e+09 -1.683730213567700806e+00 1.391436457331209020e+00
6.956999996371284485e+09 -1.916568611731592098e+00 1.252361150172619064e+00
6.956999996320516586e+09 -1.920022355675673031e+00 1.538447199628924178e+00
6.956999996301609039e+09 -1.984556485421859140e+00 1.821134894490764156e+00
6.956999996453446388e+09 -1.813652091362676133e+00 1.641770521558887364e+00
6.956999996357743263e+09 -2.074300775646446660e+00 1.556110681533797724e+00
6.956999996456818581e+09 -1.801191617130303957e+00 1.550642960906834178e+00
6.956999996429628372e+09 -2.089835800237576091e+00 1.570129588857639202e+00
6.956999996359787941e+09 -2.130554145310453507e+00 1.849233216264010382e+00
6.956999996564065933e+09 -1.959144738703737287e+00 1.733804480335858322e+00
6.956999996514814377e+09 -2.043058702162722895e+00 2.007605959894214642e+00
6.956999996440835953e+09 -2.241984153558824744e+00 1.809135877930000857e+00
6.956999996278731346e+09 -2.007540381435940269e+00 1.865640998290522434e+00
6.956999996325118065e+09 -2.044024370951287306e+00 2.150161071033880322e+00
6.956999996476553917e+09 -1.845905921952780249e+00 2.000994161631003632e+00
6.956999996758109093e+09 -1.900409887761996153e+00 1.954192410460865892e+00
6.956999996554545403e+09 -2.070989988731596565e+00 2.072086070939608948e+00
6.956999996554595947e+09 -2.147089986672251705e+00 2.352520172788047592e+00
6.956999996578430176e+09 -1.858820870225461608e+00 2.324818929084998320e+00
6.956999996551248550e+09 -2.147821084120828505e+00 2.311608704209477061e+00
6.956999996705468178e+09 -2.072920581788672667e+00 2.077000834541800067e+00
6.956999996718884468e+09 -1.783611661622721556e+00 2.053445501393561745e+00
6.956999996723384857e+09 -1.798366832737470888e+00 1.763279113593561487e+00
6.956999996643912315e+09 -1.649057972870664468e+00 1.527005098999032251e+00
6.956999996663135529e+09 -1.892197892025491379e+00 1.684954315124728597e+00
6.956999996633527756e+09 -1.832489873205023656e+00 1.402124324293642310e+00
6.956999996734992981e+09 -1.759467717241141926e+00 1.139813149594271824e+00
6.956999996525012970e+09 -1.559282838059500742e+00 1.123411781139233900e+00
6.956999996814343452e+09 -1.543892088186390676e+00 1.101376816707830164e+00
6.956999997096940994e+09 -1.476494644753974628e+00 1.095822935505299078e+00
6.956999997198111534e+09 -1.453724065582376213e+00 1.367264672628041744e+00
6.956999996958583832e+09 -1.551189737170333816e+00 1.234744393935570006e+00
6.956999997190088272e+09 -1.689648366450890116e+00 1.342770378410092169e+00
6.956999997336357117e+09 -1.690859868629546181e+00 1.091695788115491617e+00
6.956999997080060005e+09 -1.566879555432648896e+00 1.149793205241423255e+00
6.956999996806266785e+09 -1.663598119109983786e+00 1.160623086497296619e+00
6.956999996702135086e+09 -1.915583724905590257e+00 1.261093913947944678e+00
6.956999996895379066e+09 -1.880737490111531907e+00 1.475282861872319717e+00
6.956999996826086998e+09 -2.067500122650776095e+00 1.263734336101759226e+00
6.956999996818265915e+09 -1.858231226517976786e+00 1.465178748653539031e+00
6.956999996748153687e+09 -2.122369303786959094e+00 1.366437230553203985e+00
6.956999996871670723e+09 -2.155864193834766684e+00 1.105561317567261614e+00
6.956999996996257782e+09 -2.273308212671772743e+00 8.707859076765606110e-01
6.956999996992640495e+09 -2.390785579028031016e+00 6.050407624651841232e-01
6.956999996937363625e+09 -2.204443657079038221e+00 3.890415837667480226e-01
6.956999996970122337e+09 -2.001365261321573996e+00 5.942744353185512862e-01
6.956999997134048462e+09 -1.794869595686678476e+00 4.721178095952525133e-01
6.956999997189782143e+09 -1.767931122399625909e+00 7.560238090322249915e-01
6.956999997206804276e+09 -1.755916981695036183e+00 1.045852052361816886e+00
6.956999996918589592e+09 -1.779273755368231180e+00 1.017193481633026586e+00
6.956999997089010239e+09 -2.013539278156674772e+00 1.039795700110486054e+00
6.956999997175058365e+09 -1.965765997552594513e+00 1.313196368539568226e+00
6.956999997110054970e+09 -2.033002296734119696e+00 1.588311548564558917e+00
6.956999997125002861e+09 -2.033518203587696860e+00 1.878502510120320546e+00
6.956999997184419632e+09 -2.157475914461842059e+00 2.134507653733512367e+00
6.956999997035337448e+09 -1.908122625822286089e+00 2.128845172027564292e+00
6.956999997005063057e+09 -1.927405496009207519e+00 2.417195919584975705e+00
6.956999996845012665e+09 -1.801414301626606873e+00 2.209964996996172992e+00
6.956999997028768539e+09 -1.625628117736787948e+00 2.350562111019674383e+00
6.956999997060312271e+09 -1.860488305391987396e+00 2.182395033954385610e+00
6.956999997045965195e+09 -1.932532464770920111e+00 1.901257545380099723e+00
6.956999997118418694e+09 -1.877366393850815829e+00 1.625319645949983682e+00
6.956999997185319901e+09 -1.804552672549592174e+00 1.898553679967692531e+00
6.956999997180205345e+09 -2.091915305990762697e+00 1.941344558795888853e+00
6.956999997073590279e+09 -2.149893504071743511e+00 1.677325295441989050e+00
6.956999997202557564e+09 -2.226917894532784992e+00 1.926060436249979579e+00
6.956999997258970261e+09 -1.975947260663132532e+00 1.790909110967170870e+00
6.956999997278390884e+09 -1.689807122081538271e+00 1.744206173335991261e+00
6.956999997386343002e+09 -1.458882990542509805e+00 1.604725769577118877e+00
6.956999997331214905e+09 -1.336117994637335826e+00 1.862260460731590461e+00
6.956999997308751106e+09 -1.374834048466212488e+00 1.575152552328483502e+00
6.956999997044099808e+09 -1.485430225307183161e+00 1.528648652108728800e+00
6.956999997263360977e+09 -1.653153106666634731e+00 1.437940960354981090e+00
6.956999997118716240e+09 -1.547621454155482024e+00 1.209084370003876030e+00
6.956999997281285286e+09 -1.683953613867913646e+00 1.010541235712542951e+00
6.956999997329304695e+09 -1.736203372314856885e+00 1.292318788880405078e+00
6.956999997418666840e+09 -1.494587154880995250e+00 1.157892410950596140e+00
6.956999997634932518e+09 -1.604427324011267419e+00 1.317888413156898864e+00
6.956999997640331268e+09 -1.603532685902024690e+00 1.027363791701773721e+00
6.956999997774113655e+09 -1.544078145243054534e+00 7.763618428507840230e-01
6.956999998031856537e+09 -1.422661303863783644e+00 7.192546542542801458e-01
6.956999998027599335e+09 -1.138620855981553603e+00 6.581203888332186613e-01
6.956999998082549095e+09 -9.114615595808095438e-01 4.854540174593280910e-01
6.956999997981716156e+09 -8.663703748122749682e-01 2.166900337298645063e-01
6.956999997945365906e+09 -9.712645351709584540e-01 4.852237905381742711e-01
6.956999997989367485e+09 -1.117267223098761919e+00 2.378746763260546904e-01
6.956999997715773582e+09 -1.179396956951066056e+00 3.135109175396494918e-01
6.956999997825156212e+09 -1.394886872626275309e+00 1.521601083522384212e-01
6.956999998098702431e+09 -1.357936908337886495e+00 6.137566817291409405e-02
6.956999998029932976e+09 -1.541615153048887965e+00 2.757760671688760379e-01
6.956999998248782158e+09 -1.725561755403975051e+00 3.277690642035033242e-01
6.956999998466987610e+09 -1.681385548991005452e+00 5.145027165204824060e-01
6.956999998281014442e+09 -1.873350245786373547e+00 6.285111390656362707e-01
6.956999998473548889e+09 -1.974794910730717223e+00 4.359649510101860637e-01
6.956999998726542473e+09 -1.846886156895673370e+00 3.721821984051921772e-01
6.956999998802858353e+09 -1.912103496009786907e+00 9.949721946926753935e-02
6.956999998790889740e+09 -1.667585440462360458e+00 2.560289118639613171e-01
6.956999998765076637e+09 -1.702447675418707451e+00 5.433489705153522475e-01
6.956999998599728584e+09 -1.464075309345529874e+00 5.268248358528248021e-01
6.956999998631996155e+09 -1.605685189268749369e+00 2.751506161807287798e-01
6.956999998613102913e+09 -1.326342671230881898e+00 3.529020647054910143e-01
6.956999998658808708e+09 -1.165741762674138871e+00 1.150936701037372223e-01
6.956999998526109695e+09 -1.393820489123683837e+00 -6.584615913749800042e-03
6.956999998546741486e+09 -1.519654625658852121e+00 2.545180371870784386e-01
6.956999998673944473e+09 -1.352517752069840373e+00 4.553141112144920566e-01
6.956999998638175011e+09 -1.336199640603692007e+00 7.432181642799029486e-01
6.956999998457002640e+09 -1.320194861345547421e+00 9.698346402977471303e-01
6.956999998741781235e+09 -1.269117922581929125e+00 9.428788150698386161e-01
6.956999998820004463e+09 -1.322774762618959654e+00 1.217535976085824423e+00
6.956999998817505836e+09 -1.118940424226086083e+00 1.010461550018452170e+00
6.956999998850067139e+09 -9.413996843692549188e-01 1.238175257252535744e+00
6.956999998855723381e+09 -7.858826187181717771e-01 1.483566667246043913e+00
6.956999998907257080e+09 -8.069782534415061992e-01 1.768757337089199355e+00
6.956999999016556740e+09 -1.004561594237299404e+00 1.951647934896288961e+00
6.956999998810670853e+09 -8.003482681423266243e-01 1.970149877423898577e+00
6.956999998952748299e+09 -8.815716434340171714e-01 2.210256531112396949e+00
6.956999999093802452e+09 -1.058012265074166791e+00 2.027480609143875512e+00
6.956999999265851021e+09 -1.108503575966095056e+00 1.798822516643956870e+00
6.956999999418432236e+09 -1.056245305624060382e+00 2.040529884028182028e+00
6.956999999549141884e+09 -1.062651428172889156e+00 2.299968562442987086e+00
6.956999999563073158e+09 -8.196148886025362845e-01 2.141306445426884419e+00
6.956999999803417206e+09 -6.691976695983136159e-01 2.204898190682989867e+00
6.956999999607440948e+09 -7.560848616454206583e-01 2.401057518380091516e+00
6.956999999871269226e+09 -7.356170940615179843e-01 2.521099543549753630e+00
6.957000000047455788e+09 -8.838570934547400615e-01 2.343849386640037835e+00
6.956999999903285980e+09 -1.007422295318948224e+00 2.563806883818907423e+00
6.956999999904920578e+09 -1.037523378040233091e+00 2.274798664154048744e+00
6.956999999982330322e+09 -1.149083714020742608e+00 2.017900668939006437e+00
6.957000000000614166e+09 -8.657043688103227552e-01 2.079515074903694138e+00
6.957000000105756760e+09 -1.010280986714801044e+00 2.308593779025115644e+00
