3.478500000000000000e+10 0.000000000000000000e+00 0.000000000000000000e+00
3.478500000002400970e+10 1.542154147220524685e-01 -3.503706536852062015e-01
3.478499999994157410e+10 2.066526404271995521e-01 -7.212800451416597758e-01
3.478500000008074951e+10 2.762590558708041821e-02 -1.030630068728409343e+00
3.478500000006559753e+10 -3.202431125311615556e-01 -1.191490444840985763e+00
3.478499999984700012e+10 -2.530261175538952023e-01 -1.499413782367590375e+00
3.478500000005956268e+10 -3.539382509566632029e-01 -1.196508059815193814e+00
3.478499999995090485e+10 3.494675883754405632e-03 -1.283422524942534393e+00
3.478499999982956696e+10 2.662807129983446597e-01 -1.535096587038279337e+00
3.478500000006903076e+10 3.668051390006622503e-01 -1.252834735842801139e+00
3.478500000005258179e+10 -1.628376749264981438e-02 -1.243300693287892500e+00
3.478500000029904175e+10 7.652631346267393941e-02 -9.644427812817355505e-01
