4.869900000000000000e+10 0.000000000000000000e+00 0.000000000000000000e+00
4.869899999988096619e+10 -2.712092870249143695e-01 -4.800405025032830619e-01
4.869899999972338867e+10 -6.559479144358711933e-01 -8.612331123912302377e-01
4.869899999926465607e+10 -6.679878432501541452e-01 -1.189227103419250309e+00
4.869899999909047699e+10 -3.998628539112074054e-01 -1.653911944694152147e+00
4.869899999909319305e+10 -4.101205378384066291e-01 -2.217870251665614134e+00
4.869899999912802887e+10 1.392365168430067524e-01 -2.340974944373972910e+00
4.869899999875163269e+10 1.045174854944702636e-01 -2.759642231383504729e+00
4.869899999921352386e+10 4.152685859445673366e-02 -2.442068600675101564e+00
4.869899999898347473e+10 -4.300346754798364257e-01 -2.235019089815637461e+00
4.869899999914318848e+10 3.734847776310123990e-02 -2.507426556139080276e+00
4.869899999879016113e+10 1.659841579431534375e-01 -2.928121137122870810e+00
4.869899999881288910e+10 1.051879441879914889e-01 -3.488432504618740548e+00
4.869899999870956421e+10 6.551885164568077569e-01 -3.417830308662127337e+00
4.869899999875502777e+10 3.012062108046223985e-01 -3.854626956374043623e+00
4.869899999827448273e+10 1.024144383225428223e-02 -3.905420951682701425e+00
4.869899999809432220e+10 -4.042939927542959500e-01 -3.567982225542772667e+00
4.869899999796148682e+10 -5.877086249324070533e-02 -3.993577175800412160e+00
4.869899999843842316e+10 2.310476378982361245e-01 -4.075412359314070088e+00
4.869899999861264038e+10 -5.013619935262275673e-02 -4.532300028258053004e+00
4.869899999893986511e+10 4.690080831561138641e-03 -4.076143553999711955e+00
4.869899999911095428e+10 5.081676542464554913e-01 -3.887992262449063041e+00
4.869899999927840424e+10 6.168245270803855984e-01 -3.360434768850132592e+00
4.869899999926507568e+10 1.127597861777190680e+00 -3.599379269299695761e+00
4.869899999926753235e+10 1.679231670017951483e+00 -3.717089321073967945e+00
4.869899999921067047e+10 1.823605377743260147e+00 -3.174793521415379072e+00
4.869899999948727417e+10 2.146327747612664538e+00 -3.545604730095364587e+00
4.869899999964134216e+10 2.480310246991519030e+00 -3.973249765007861978e+00
4.869900000019206238e+10 2.557231269417701736e+00 -4.067874488908231001e+00
