6.957000000000000000e+09 0.000000000000000000e+00 0.000000000000000000e+00
6.956999999795321465e+09 -6.012483460805020247e-02 -1.972975898425435304e-01
6.956999999505257607e+09 -7.543757288969658859e-02 -1.893636721042054882e-01
6.956999999685993195e+09 -1.533151541831545839e-01 -4.031491339378684979e-01
6.956999999713388443e+09 -3.765072244184372030e-01 -2.191129573515563644e-01
6.956999999730708122e+09 -3.638665207515523470e-01 7.067099842535903842e-02
6.956999999953082085e+09 -1.838705222143654228e-01 1.981933246393317860e-02
6.956999999843743324e+09 -2.709469956498937737e-01 2.745688515997118939e-01
6.956999999699507713e+09 -1.946225407330955115e-01 5.149957845429375958e-01
6.956999999803272247e+09 -5.547643822927550428e-02 2.819597369929579544e-01
6.956999999878315926e+09 3.447569260454447226e-02 5.478762809058800309e-01
6.956999999973855972e+09 1.117594448147695915e-02 2.744468333845237473e-01
6.956999999822220802e+09 1.840145188754483685e-01 4.521210814266025113e-01
6.956999999655115128e+09 1.640038431658735751e-02 6.206910380237479208e-01
6.956999999797507286e+09 -2.171670447487187572e-01 7.186969399836210526e-01
6.957000000023877144e+09 -1.096965253211231173e-01 5.715876833339831320e-01
6.957000000078525543e+09 -3.917994366778049242e-02 8.481296048470925442e-01
6.957000000121618271e+09 4.486537610749108396e-02 1.122927552816384456e+00
