2.087100000000000000e+10 0.000000000000000000e+00 0.000000000000000000e+00
2.087100000001828766e+10 8.269594323908836808e-02 3.045645075340469021e-01
2.087099999998156738e+10 2.608636756277644686e-01 4.602888864399806712e-02
2.087099999967923355e+10 2.023168612130295529e-01 1.174302538187271400e-01
2.087099999964450836e+10 -1.012390054895099811e-01 1.985520048658906134e-01
2.087099999979468536e+10 -3.034539386045947973e-01 3.895721091657703417e-01
2.087099999980304718e+10 -2.927250816402962585e-01 7.054006442194651338e-01
2.087100000004083633e+10 -8.482771246573958535e-02 6.924342447558852198e-01
2.087099999985407639e+10 1.243952420219530675e-01 5.465624052659717735e-01
2.087099999957455444e+10 2.549686406788174153e-01 6.154859237227591207e-01
2.087099999973369980e+10 2.803858241761508219e-01 3.435308503575003614e-01
2.087099999958817291e+10 1.502685073934448001e-01 9.488606550674275053e-02
2.087099999947929001e+10 -4.126313671709733177e-02 -1.318138254806231480e-01
2.087099999925147247e+10 -1.522949989249857139e-01 5.713919854848062418e-02
2.087099999922675323e+10 -7.862593212728793968e-02 3.635611296080442090e-01
2.087099999920491409e+10 -2.510393134877555305e-02 5.276993114689432218e-02
2.087099999932487869e+10 2.673668646677518357e-01 5.130248179970592348e-02
2.087099999934248734e+10 2.379569239022921168e-01 -2.629549167824561939e-01
2.087099999934019852e+10 2.239358302327181527e-01 -5.787568166208125753e-01
2.087099999926985931e+10 2.918088835636571399e-01 -8.793864898208346714e-01
2.087099999955064011e+10 4.313066741783900815e-01 -8.389606766159711793e-01
2.087099999929722977e+10 3.191538957146743405e-01 -6.868478626424590061e-01
2.087099999927940369e+10 3.220862176118624021e-01 -1.002452617660412049e+00
2.087099999928681564e+10 3.205034962614372596e-01 -6.864221977745903480e-01
2.087099999948413467e+10 3.722067584563552023e-01 -9.279273843101452091e-01
2.087099999946527100e+10 1.286312918860862686e-01 -1.128545908976197776e+00
2.087099999932862854e+10 1.523274980880155449e-01 -1.412624089286210749e+00
2.087099999912324524e+10 1.375478281631101196e-01 -1.652480827168271160e+00
2.087099999909446716e+10 1.146633192052577965e-01 -1.338504926975779608e+00
2.087099999901579666e+10 -1.895346574895911407e-01 -1.303763412281549350e+00
2.087099999904790878e+10 -4.311360037291985803e-01 -1.102442217270722891e+00
2.087099999905009842e+10 -2.911327047361648157e-01 -8.190221321642263685e-01
2.087099999899552917e+10 -3.795497241173741432e-01 -5.204636239580742174e-01
2.087099999923692703e+10 -5.285263243793261179e-01 -6.599845499549498173e-01
2.087099999922291565e+10 -5.192494956296844766e-01 -9.756588336998508471e-01
2.087099999891979218e+10 -4.418116950654456532e-01 -9.303453541968571550e-01
2.087099999881015778e+10 -2.794905544473996750e-01 -6.822232156678207371e-01
2.087099999874294281e+10 -2.499594365572263832e-01 -3.747449250605131565e-01
2.087099999855176926e+10 -4.483491904976157905e-01 -2.197406018189094479e-01
2.087099999854030228e+10 -3.873744135936551536e-01 9.023242301285003264e-02
2.087099999872292709e+10 -2.715737305564767112e-01 3.208199565645514229e-01
2.087099999884797287e+10 -3.249247291984395103e-01 6.062143678997572449e-01
2.087099999877436066e+10 -3.962572454816185585e-01 9.052556541756442421e-01
2.087099999890822601e+10 -3.000381962419552684e-01 6.355250750169199048e-01
2.087099999884748459e+10 -3.197654275906736121e-01 9.451282322799985369e-01
2.087099999893317413e+10 -3.235087588039424200e-01 6.408649100724285175e-01
2.087099999892942429e+10 -2.423567267085969812e-01 9.463693059682893871e-01
2.087099999888353729e+10 2.277164822003063804e-02 7.804352342182023783e-01
2.087099999864495850e+10 -1.789366099053739667e-01 8.286717901325605373e-01
2.087099999884258652e+10 -4.235976335529704762e-01 8.605475059101017621e-01
2.087099999879174042e+10 -7.164590447391495642e-01 9.681557824788862288e-01
2.087099999863011551e+10 -8.720201119170963855e-01 7.454203544976369944e-01
2.087099999863393402e+10 -8.839677755666557335e-01 4.295480134393826477e-01
2.087099999862734222e+10 -8.941166959368801459e-01 1.136584427513490092e-01
2.087099999831162262e+10 -8.852813692022871717e-01 1.269497443463257214e-01
2.087099999807013321e+10 -1.083661946031504675e+00 7.940008195269718239e-02
2.087099999819449234e+10 -1.359416294898833311e+00 1.712002620281754539e-01
2.087099999816926193e+10 -1.399562897385013160e+00 -1.413445942957703982e-01
2.087099999826301956e+10 -1.403063452774634401e+00 -4.432223088766894525e-01
2.087099999800102615e+10 -1.470496569682957722e+00 -6.067601885525735206e-01
2.087099999769314957e+10 -1.435161249394852234e+00 -6.691823598511875693e-01
2.087099999756380081e+10 -1.224350813819875983e+00 -8.660594489724153799e-01
2.087099999755679321e+10 -1.249658417533694443e+00 -5.510307762348443106e-01
2.087099999766145706e+10 -1.471592186019858195e+00 -7.503378696412039695e-01
2.087099999761072922e+10 -1.383894831854725505e+00 -4.508909210052539640e-01
2.087099999785208893e+10 -1.569371349510485514e+00 -5.361902520987797960e-01
2.087099999781342316e+10 -1.400922407444913809e+00 -8.008838707265062418e-01
2.087099999796829224e+10 -1.668548524919149845e+00 -8.666459064779047372e-01
2.087099999800545502e+10 -1.692789482674436075e+00 -5.536537619954369216e-01
2.087099999807342911e+10 -1.674586400757988924e+00 -2.454639272064649824e-01
2.087099999831893539e+10 -1.684999576386174036e+00 -4.443393528950091986e-01
2.087099999854257584e+10 -1.589235807020653368e+00 -6.461994242433097835e-01
2.087099999858789825e+10 -1.402836859189077634e+00 -8.974638793414366766e-01
2.087099999881615067e+10 -1.339569523009694674e+00 -1.106821855812116340e+00
2.087099999904026413e+10 -1.151459400972336233e+00 -1.226492131343952963e+00
2.087099999925726318e+10 -9.368442366532825361e-01 -1.144123560264398209e+00
2.087099999915690231e+10 -7.846663007009107016e-01 -8.858557820905612612e-01
2.087099999888287735e+10 -9.375706049015590793e-01 -8.476043035754506905e-01
2.087099999888788605e+10 -9.828794566598951787e-01 -1.160421631780706786e+00
2.087099999884151077e+10 -1.126700780153666592e+00 -8.827574675992635456e-01
2.087099999877667236e+10 -9.045404038605651120e-01 -1.098102845494343782e+00
2.087099999888203812e+10 -8.678999193200869211e-01 -8.023185633065070821e-01
2.087099999905805206e+10 -6.685659238717990283e-01 -9.732508944108584359e-01
2.087099999926577377e+10 -5.456483518543081557e-01 -1.177398456694640050e+00
2.087099999925278091e+10 -5.082017893167437572e-01 -1.491025044171414793e+00
2.087099999920550156e+10 -3.368023298770637108e-01 -1.229645282789369354e+00
2.087099999913388443e+10 -4.163361607713674251e-01 -9.321929720655950380e-01
2.087099999912995911e+10 -4.926079133441497171e-01 -6.254359547828476362e-01
2.087099999925726700e+10 -4.273538784128703694e-01 -3.435372419858775395e-01
2.087099999950794983e+10 -2.378298672263889357e-01 -3.777626090975471640e-01
2.087099999945721054e+10 -2.591004835174973708e-01 -6.890593719609914292e-01
2.087099999976088333e+10 -3.431838735376712135e-01 -7.144880118463156071e-01
2.087099999983918381e+10 -3.793158052037443051e-02 -7.394380569069008979e-01
2.087099999979954147e+10 -3.474511652488201374e-01 -7.900227409671123358e-01
2.087100000004332352e+10 -2.763983771970324743e-01 -6.017315738630863997e-01
2.087100000028770447e+10 -3.838830839872933720e-01 -4.324432181913385187e-01
