5.565600000000000000e+10 0.000000000000000000e+00 0.000000000000000000e+00
5.565599999942211151e+10 -2.175991807537778211e-01 5.071699224824597341e-01
5.565599999881387329e+10 2.359314900101618928e-01 7.579277409655621467e-01
5.565599999846193695e+10 4.854793428413186618e-01 8.532919956169648934e-02
5.565599999895854187e+10 1.080159559784189982e+00 2.809447470524669699e-01
5.565599999897846222e+10 6.326960059417272575e-01 9.426874035176528999e-01
5.565599999906319427e+10 6.739519828794476863e-01 1.491872578737777344e-01
5.565599999847525024e+10 6.561547552787765358e-01 -3.916726571838451409e-01
5.565599999802357483e+10 2.884823138006293863e-01 -9.387810190245943209e-01
5.565599999829084015e+10 -1.598712748044975318e-01 -1.543821391742241200e+00
5.565599999892846680e+10 1.813184712214436223e-01 -1.883745795283890079e+00
5.565599999886674500e+10 -3.158983032476956332e-01 -2.506232642883921002e+00
5.565599999821711731e+10 -2.490019099602094332e-01 -2.045767890929227395e+00
5.565599999849917603e+10 -4.183350272121270641e-01 -2.773978684626682956e+00
5.565599999824402618e+10 -5.529033391574378342e-01 -3.519172186946944780e+00
5.565599999813716888e+10 -1.090961006762789509e+00 -4.100205089617493748e+00
5.565599999863183594e+10 -1.618612609818932624e+00 -3.760482605109228160e+00
5.565599999846289825e+10 -1.464757414120837042e+00 -2.994772656506505371e+00
5.565599999870766449e+10 -2.161387571260847906e+00 -2.689287929755621587e+00
5.565599999898619843e+10 -2.678656633321087277e+00 -3.230928817846702383e+00
5.565599999880394745e+10 -3.034638551211823909e+00 -2.539129262126431641e+00
5.565599999918312073e+10 -2.332883541944722694e+00 -2.491275795651941127e+00
5.565599999916130829e+10 -2.132143509750956234e+00 -1.718131843907843237e+00
5.565599999898699188e+10 -2.783311314628341915e+00 -2.147221927787929197e+00
5.565599999908038330e+10 -2.063801070845272978e+00 -1.812398161474444436e+00
5.565599999943134308e+10 -1.352688828134369192e+00 -1.714068579400777947e+00
5.565599999949534607e+10 -1.182999607511032059e+00 -2.492292565267649085e+00
5.565599999935500336e+10 -1.353970130442759601e+00 -3.260144064443247114e+00
5.565599999875483704e+10 -8.548570347051748231e-01 -3.431061824237038316e+00
5.565599999813539886e+10 -1.141589487373705358e+00 -3.015599143266883164e+00
5.565599999813770294e+10 -1.142802707611393798e+00 -3.814671761243136672e+00
5.565599999854328918e+10 -1.017460568450698766e+00 -4.491659290953718298e+00
5.565599999868504333e+10 -9.661324298408032751e-01 -5.276385216120202060e+00
5.565599999863122559e+10 -1.751242356753412555e+00 -5.137713420281269094e+00
5.565599999840405273e+10 -9.933446833596935033e-01 -5.249545710248925801e+00
5.565599999818458557e+10 -3.116866295645436269e-01 -4.895005388397167145e+00
5.565599999800498199e+10 -2.139357107811346026e-01 -5.667476787984622177e+00
5.565599999788924408e+10 -6.461050795471038333e-01 -6.329562575594958496e+00
5.565599999746157074e+10 -8.466424155809599839e-01 -6.974078839275075659e+00
5.565599999746365356e+10 -7.218178691788905699e-01 -6.184814425284817396e+00
5.565599999783509064e+10 -6.183742333856698803e-01 -6.884711967530891208e+00
5.565599999855828857e+10 -9.509842649200168641e-01 -6.814885272619321199e+00
5.565599999823728943e+10 -1.501830319609413600e+00 -6.333165535011471725e+00
5.565599999773281860e+10 -9.139769551515635193e-01 -6.529286350794290428e+00
5.565599999746924591e+10 -1.082926502558450244e+00 -7.264480754354813996e+00
5.565599999732464600e+10 -1.072726637985621734e+00 -8.050299567333881967e+00
5.565599999732255554e+10 -1.871767848431780124e+00 -8.057553161131401964e+00
5.565599999732976532e+10 -1.074410477221870774e+00 -8.109448437439636947e+00
5.565599999695007324e+10 -9.298745269652616274e-01 -8.797537968066979630e+00
5.565599999706735992e+10 -1.541988316898168065e+00 -9.297623123805017542e+00
5.565599999720484924e+10 -1.247790972145968347e+00 -8.567507800900076020e+00
5.565599999717747498e+10 -1.253691165877577340e+00 -7.768921670059154572e+00
5.565599999786658478e+10 -1.641808019687912568e+00 -7.882996789338455379e+00
5.565599999786258698e+10 -1.788858533781882088e+00 -7.097577161404769797e+00
5.565599999774932098e+10 -2.527804660023796224e+00 -7.379805181231517963e+00
5.565599999767942047e+10 -1.924887196570222114e+00 -7.899543839215088958e+00
5.565599999740332794e+10 -1.190460467706326853e+00 -8.050915334206587559e+00
5.565599999768038177e+10 -1.049022445127336001e+00 -7.314872275464055384e+00
5.565599999765824127e+10 -1.680258368507239197e+00 -7.804335969569470954e+00
5.565599999757461548e+10 -1.997482517335768648e+00 -8.532964446723790175e+00
5.565599999821743011e+10 -2.449391436959224233e+00 -8.678179453635442187e+00
5.565599999892025757e+10 -2.077254895911141208e+00 -8.756088863201426875e+00
5.565599999904090881e+10 -1.792007132212802389e+00 -9.492702777468334574e+00
5.565599999946318054e+10 -1.372247713061957697e+00 -1.002563339529109498e+01
5.565599999925413513e+10 -9.031083204676602083e-01 -9.413480482694799534e+00
5.565599999961920929e+10 -8.894150561028788537e-01 -1.012415442720620717e+01
5.565599999995530701e+10 -9.444664323925819893e-01 -1.084701819614306650e+01
5.565599999929467773e+10 -6.614062513530281073e-01 -1.049777780825798423e+01
5.565599999905043030e+10 -8.246645325185260056e-01 -1.124088767746260764e+01
5.565599999902114105e+10 -5.818392408442030206e-01 -1.200161234308529856e+01
5.565599999906635284e+10 -5.002878289747517693e-01 -1.279523028361284354e+01
5.565599999950178528e+10 -2.249120645235376803e-01 -1.340604274642180371e+01
5.565599999912973022e+10 -7.439779023376242861e-01 -1.292576461977444957e+01
5.565599999901972961e+10 -7.811106518091179840e-01 -1.213516718789147397e+01
5.565599999899379730e+10 -1.577447190959150314e+00 -1.219598917408168148e+01
5.565599999930917358e+10 -2.248946342681455768e+00 -1.189908743987673390e+01
5.565599999962477112e+10 -2.792746793198467081e+00 -1.239224297231520566e+01
5.565599999886300659e+10 -2.656604490089394144e+00 -1.259149555412635735e+01
5.565599999907869720e+10 -1.898179103213999852e+00 -1.246190713109026582e+01
5.565599999876880646e+10 -1.577274758955641065e+00 -1.312486253427065819e+01
5.565599999897152710e+10 -8.058836327972113134e-01 -1.317368011952276063e+01
5.565599999881787872e+10 -1.133742207035891791e+00 -1.246134320120324546e+01
5.565599999929196930e+10 -1.445607413299371258e+00 -1.189876055307494340e+01
5.565599999957419586e+10 -2.090449965487604533e+00 -1.152054001579153564e+01
5.565599999966448212e+10 -2.431533254983293091e+00 -1.223750200035510716e+01
5.565600000033088684e+10 -2.843420623646259582e+00 -1.208007942439670224e+01
