2.782800000000000000e+10 0.000000000000000000e+00 0.000000000000000000e+00
2.782799999972097015e+10 -1.837687020798945692e-01 -7.519607705400289943e-02
2.782799999949526596e+10 -2.275923949567754123e-01 -3.290041190537018045e-01
2.782799999929851913e+10 1.331283692340337610e-02 -1.856974610655434954e-01
2.782799999921261597e+10 -2.052492109287346045e-03 1.454624178521389533e-01
2.782799999920970917e+10 -5.125612212817046848e-03 4.879009548030047716e-01
2.782799999945233154e+10 2.051919927109009945e-01 3.688086441874685040e-01
2.782799999952656937e+10 -9.405642293489580030e-02 2.197402543399103181e-01
2.782799999924978256e+10 -3.337537612207591708e-02 2.741485695316409066e-02
2.782799999941559601e+10 -3.329846201776855419e-01 2.272681895767660401e-02
2.782799999947398758e+10 -4.052561059552387546e-01 -3.068931839123383298e-01
2.782799999925122070e+10 -4.942634939917388004e-01 -6.248685172221296602e-02
2.782799999912604523e+10 -6.265306109393741218e-01 2.275453304192345261e-01
2.782799999942993546e+10 -5.469224245278041519e-01 3.639096813921001705e-01
2.782799999956691360e+10 -5.111332278401514717e-01 6.757401076626787795e-01
2.782799999933215332e+10 -7.572830310273137577e-01 7.154931162322116789e-01
2.782799999956256866e+10 -7.987338267031560690e-01 4.655489854473199296e-01
2.782799999931669617e+10 -1.002890230350584888e+00 3.424681330734081763e-01
2.782799999915895081e+10 -1.122639639199485728e+00 6.307802471573026315e-02
2.782799999928482056e+10 -1.127121534020548932e+00 -2.553853134159992933e-01
2.782799999922884750e+10 -1.048903767685631205e+00 -5.840660478409849254e-01
2.782799999923281097e+10 -1.067392718978223742e+00 -2.421238028034643497e-01
2.782799999913023376e+10 -1.298399385471363132e+00 -4.731992413404453868e-01
2.782799999911737823e+10 -1.491421029974039580e+00 -7.557932741227459950e-01
2.782799999920407867e+10 -1.390292858466607218e+00 -4.402963827967920629e-01
2.782799999899201965e+10 -1.159295215081420638e+00 -5.779671344044854386e-01
2.782799999902153778e+10 -1.464087676576949271e+00 -4.246302831283025880e-01
2.782799999902489853e+10 -1.604545115373090969e+00 -7.369481820494079294e-01
2.782799999895936966e+10 -1.301460500332968007e+00 -8.823016449976339715e-01
2.782799999869625092e+10 -1.146370344737590585e+00 -1.037210506506867302e+00
2.782799999849571609e+10 -1.119206001152533991e+00 -1.313489370112608245e+00
2.782799999877488327e+10 -1.004019560214024720e+00 -1.151997147943583100e+00
2.782799999856525040e+10 -9.136028043110167030e-01 -1.407263222467093566e+00
2.782799999867931747e+10 -5.962072944891065873e-01 -1.466685589684159519e+00
2.782799999874502563e+10 -6.124283187911955251e-01 -1.130975482395968790e+00
2.782799999886510086e+10 -3.469687650159463121e-01 -1.310963392779088688e+00
2.782799999892777634e+10 -6.276823705881608984e-01 -1.496850269379316201e+00
2.782799999885857773e+10 -7.016618255958352313e-01 -1.823990091405593317e+00
2.782799999889164734e+10 -6.037172708013542888e-01 -2.150479606705547386e+00
2.782799999884632874e+10 -8.061504578049245584e-01 -1.877993053549954272e+00
2.782799999914008713e+10 -8.005452050897287064e-01 -1.702050306217345321e+00
2.782799999932565308e+10 -5.226587005478466885e-01 -1.627040969187349084e+00
2.782799999936985397e+10 -4.070701923063362870e-01 -1.307717268393409071e+00
2.782799999942495346e+10 -4.597677801323639679e-01 -9.738472406119468294e-01
2.782799999948583221e+10 -1.298822478796090030e-01 -9.049183729895668993e-01
2.782799999956225967e+10 1.842653839776319802e-01 -7.919931974951384124e-01
2.782799999940203094e+10 4.869317173368897245e-01 -7.935206088958899340e-01
2.782799999914453506e+10 4.076190095629910748e-01 -5.821243628083986321e-01
2.782799999948598099e+10 4.040954093407387870e-01 -5.559566938029938399e-01
2.782799999954424667e+10 1.473809324515496511e-01 -3.369020134709042047e-01
2.782799999937939453e+10 1.109932100446118786e-01 -3.893900828419277760e-02
2.782799999945653915e+10 4.372198094259491241e-01 3.110974129997290394e-02
2.782799999920187759e+10 3.064327651911655792e-01 2.190554615729995713e-01
2.782799999913098526e+10 1.964251431742304599e-01 -9.741660976775753933e-02
2.782799999912370682e+10 3.691857456897930101e-01 -3.930225417450958769e-01
2.782799999898401642e+10 6.679393645147161385e-01 -3.007453034800705582e-01
2.782799999922809219e+10 4.322907121157698596e-01 -3.474309980846825852e-01
2.782799999906801605e+10 3.929853303180118607e-01 -4.724364988646823083e-02
2.782799999917161560e+10 3.308326578883838964e-01 -3.676906605053135713e-01
2.782799999942459106e+10 1.313037528290889600e-01 -4.837703651650137604e-01
2.782799999956078339e+10 5.372961483314180053e-02 -7.882630694885455203e-01
2.782799999933526230e+10 -1.050452342784919807e-01 -9.912707395955573375e-01
2.782799999948881912e+10 -4.092177231191084785e-01 -9.569063112579275776e-01
2.782799999970449448e+10 -4.090294048900247059e-01 -1.222925605647089409e+00
2.782799999946843338e+10 -1.860631712466197796e-01 -1.114101658175061793e+00
2.782799999958617020e+10 -4.767363436386368170e-01 -9.765166492034720314e-01
2.782799999933788300e+10 -2.530731798276431022e-01 -1.051418190209547410e+00
2.782799999913998795e+10 -5.205875112442845953e-01 -9.704513915056733886e-01
2.782799999913229370e+10 -4.918851796387175290e-01 -6.292783900489735682e-01
2.782799999899368668e+10 -5.853927346861265146e-01 -9.281536200569562300e-01
2.782799999932068253e+10 -6.088036953532013351e-01 -8.291136546339601399e-01
2.782799999907200623e+10 -8.223733311311722805e-01 -9.282591371577445516e-01
2.782799999921477890e+10 -8.247214407086428389e-01 -6.169838490142640630e-01
2.782799999915344620e+10 -9.099075898205155610e-01 -9.429647570930586031e-01
2.782799999916312790e+10 -8.296586829303496113e-01 -6.101759091114318245e-01
2.782799999929199982e+10 -9.439517525084191174e-01 -9.061676611299881445e-01
2.782799999914728165e+10 -1.215194940731715523e+00 -7.552854602844897292e-01
2.782799999941901779e+10 -1.010308459694499339e+00 -7.170465198915685345e-01
2.782799999973462677e+10 -1.008521250981541550e+00 -5.841178600164397272e-01
2.782799999971876907e+10 -9.894856899620259050e-01 -9.256851450212273402e-01
2.782799999975972366e+10 -9.809095289740104029e-01 -5.857861000934874163e-01
2.782799999988572693e+10 -6.675134427289687311e-01 -5.293244665161005447e-01
2.782799999956661606e+10 -7.711812912255174846e-01 -4.607403078709715327e-01
2.782799999958688736e+10 -1.033197005136369695e+00 -2.411524342035724355e-01
2.782799999988190079e+10 -1.206918303507278356e+00 -2.327875480055172919e-01
2.782800000009543610e+10 -1.230501815295211632e+00 -4.994863628729389049e-01
2.782800000020888138e+10 -9.336947962576027660e-01 -6.272263101394474072e-01
