6.957000000000000000e+09 0.000000000000000000e+00 0.000000000000000000e+00
6.956999999914833069e+09 -8.088454871467677665e-02 2.657794528958306590e-01
6.956999999877557755e+09 2.066518489531639635e-01 2.849591348530228774e-01
6.956999999710744858e+09 8.591703873431680294e-02 7.994462351002537548e-02
6.956999999451938629e+09 9.684177277280466012e-02 -5.171502269784739036e-02
6.956999999417726517e+09 -5.790751737548767430e-02 1.918351315316102479e-01
6.956999999636105537e+09 -1.997831262096741445e-01 6.293115032787577334e-02
6.956999999616120338e+09 -1.662204753875546059e-01 -2.250074364978303376e-01
6.956999999719672203e+09 -1.324640043711933224e-01 -4.943994399979469989e-01
6.956999999734729767e+09 -1.577775476805003685e-01 -7.834790139997870329e-01
6.956999999495858192e+09 -8.736810115983739689e-02 -6.337552428516251002e-01
6.956999999527569771e+09 1.049570606507506665e-01 -4.182560375550706810e-01
6.956999999537154198e+09 3.930498462988467612e-01 -4.549326953075402136e-01
6.956999999811747551e+09 3.139029347488141442e-01 -5.075509269461209172e-01
6.956999999893445969e+09 2.295941837300317645e-01 -7.733550997241036562e-01
6.957000000029134750e+09 4.858588800637235749e-01 -7.921002754518966515e-01
6.956999999861444473e+09 6.141067905459783871e-01 -5.924331398568555285e-01
6.956999999994570732e+09 6.301672098881172523e-01 -8.502198955940243330e-01
6.957000000019876480e+09 3.497070694283476167e-01 -7.785523911184165646e-01
6.957000000175839424e+09 4.340264690526507430e-01 -1.008770611009021767e+00
