6.261300000000000000e+10 0.000000000000000000e+00 0.000000000000000000e+00
6.261299999960578918e+10 -4.688474026925135152e-01 -1.384483796122763621e+00
6.261299999845439148e+10 -6.592434929340138527e-01 -2.348871899328924151e+00
6.261299999758671570e+10 3.921432757170197902e-01 -1.690281484530867795e+00
6.261299999649460602e+10 1.435286941500979463e+00 -1.584609119424515766e+00
6.261299999799154663e+10 1.599939241427798198e+00 -1.429446850274866065e+00
6.261299999658727264e+10 1.343395336276676399e+00 -9.252513987905212067e-01
6.261299999640656281e+10 -2.491186539957634949e-02 -3.030832931677457376e-01
6.261299999663172150e+10 -6.313650856808025180e-01 -1.671853705613128405e+00
6.261299999600564575e+10 6.840514465833252844e-01 -1.259885250460872186e+00
6.261299999592508698e+10 7.917438298552003095e-01 2.480692536808586368e-01
6.261299999611170959e+10 -5.219654659569753496e-01 9.770088563093617395e-01
6.261299999645414734e+10 -7.510842399601813657e-02 2.382380052059603237e+00
6.261299999621556854e+10 4.358382810532723806e-01 9.773789787826880904e-01
6.261299999549765778e+10 1.630679868174986336e+00 1.568119951757849018e+00
6.261299999496920013e+10 2.758513182653410389e-01 1.989057376311795133e+00
6.261299999396533203e+10 -4.854917827052218637e-02 9.032290200813437586e-01
6.261299999491827393e+10 2.995481676338831445e-01 2.026946184153665342e+00
6.261299999362050629e+10 1.029151840391253403e+00 1.752191121875628088e+00
6.261299999503247833e+10 7.891110913253640557e-01 2.242834419129978940e+00
6.261299999532302094e+10 6.969879304434489775e-01 3.725775000478083854e+00
6.261299999394557953e+10 6.885783514664667315e-02 3.737205395463959245e+00
6.261299999481484222e+10 3.630997683015412258e-01 2.533120890851454199e+00
6.261299999475794220e+10 7.935701528552036033e-02 1.047097256728368730e+00
6.261299999471855927e+10 -2.014554825848514918e-02 -4.630556613433940427e-01
6.261299999470426178e+10 -3.089852917985132508e-01 1.023006610438130570e+00
6.261299999479681396e+10 -3.624986038290511914e-01 -4.871538889889792667e-01
6.261299999422073364e+10 -1.761286069469576221e+00 -4.276820166963358760e-01
6.261299999309396362e+10 -2.564150862457462487e+00 1.869757125908704243e-01
6.261299999212071228e+10 -1.843462008554734854e+00 1.095493690975130940e+00
6.261299999212399292e+10 -1.329830984663375126e+00 -3.286503408816168204e-01
6.261299999231514740e+10 -1.061541794068844968e+00 1.149015286753367837e+00
6.261299999200301361e+10 9.977463691642896038e-02 2.068759366408170930e+00
6.261299999162314606e+10 -9.897785565264749508e-02 6.167901198894900627e-01
6.261299999133635712e+10 2.158952123735971007e-01 2.069586964704580367e+00
6.261299999135169220e+10 -1.133785417583794697e+00 1.383918744004502432e+00
6.261299999219983673e+10 -8.772840744119589917e-01 2.611463321905275414e+00
6.261299999350317383e+10 -1.515474060705111814e+00 2.180148285157139210e+00
6.261299999343627167e+10 -1.067293817865075045e+00 3.624680115379764977e+00
6.261299999356487274e+10 -8.319998724018683456e-01 2.134675933781999824e+00
6.261299999333811188e+10 -1.601413838448243254e+00 3.418652855636258536e+00
6.261299999341015625e+10 -1.525472522593010805e+00 1.908336167150901597e+00
6.261299999375103760e+10 -2.981855704681493080e+00 1.674320084733595060e+00
6.261299999383731842e+10 -4.316653022636351977e+00 2.383464466805075510e+00
6.261299999438273621e+10 -5.280926842278763189e+00 3.415312950378244672e+00
6.261299999447991943e+10 -4.365908259842576911e+00 2.213102335611374816e+00
6.261299999471730042e+10 -5.807119448750698965e+00 1.814887911886559957e+00
6.261299999357868958e+10 -5.481125120510567328e+00 8.718602729628657233e-01
6.261299999317996216e+10 -6.299949964899367316e+00 2.081222475162986640e+00
6.261299999360417938e+10 -7.752881863566950749e+00 2.048907941143107259e+00
6.261299999325899506e+10 -7.275661416724547692e+00 3.443583816164503819e+00
6.261299999429059601e+10 -6.435620466196258604e+00 4.166175703556212362e+00
6.261299999365193939e+10 -5.284138879826767443e+00 4.913315559868765448e+00
6.261299999295534515e+10 -6.590453936090266751e+00 4.596600202499524279e+00
6.261299999398645020e+10 -7.691982208686638955e+00 4.472237624889494612e+00
6.261299999307785034e+10 -7.959132827799570542e+00 5.653378133114176585e+00
6.261299999321103668e+10 -8.011215752633455978e+00 4.146207450898021563e+00
6.261299999401190186e+10 -8.230286144985504038e+00 2.880255298225291583e+00
6.261299999446744537e+10 -6.831063114025196725e+00 2.524345667303813379e+00
6.261299999590669250e+10 -6.858782565303968681e+00 2.993176449562692021e+00
6.261299999519759369e+10 -6.958582678644988917e+00 4.327053537570392017e+00
6.261299999625626373e+10 -7.796879501883171137e+00 3.642595362199104514e+00
6.261299999480629730e+10 -7.829264186870617870e+00 4.076827573257261861e+00
6.261299999496700287e+10 -7.695818820435011531e+00 5.576287570132526739e+00
6.261299999387985992e+10 -8.749379080394559693e+00 5.564315469056040797e+00
6.261299999239250946e+10 -8.472007725797077171e+00 5.510827980119855418e+00
6.261299999246858215e+10 -9.280931832035847151e+00 4.233381909618088912e+00
6.261299999344007874e+10 -9.437628530078789879e+00 5.383881128356836854e+00
6.261299999329553986e+10 -1.053950289891859171e+01 4.355778511596567704e+00
6.261299999357918549e+10 -1.198360224842251398e+01 4.000621251530653844e+00
6.261299999310825348e+10 -1.233881995592538949e+01 2.606325693671923460e+00
6.261299999287641144e+10 -1.194019781830197680e+01 1.164325835730225522e+00
6.261299999428187561e+10 -1.250062472779259970e+01 1.113314746659991084e+00
6.261299999440150452e+10 -1.333287842907711607e+01 2.372305095967510713e+00
6.261299999458483887e+10 -1.185442199184498513e+01 2.102920292819506543e+00
6.261299999532695770e+10 -1.061159995535183143e+01 2.546396183923245626e+00
6.261299999508568573e+10 -1.053372217606784211e+01 1.053835387084632647e+00
6.261299999578091431e+10 -9.359725396214399140e+00 3.977815002909768083e-01
6.261299999644383240e+10 -8.184914772339299205e+00 -2.895127983656329285e-01
6.261299999598072052e+10 -7.202677465306945415e+00 7.653588774484083590e-01
6.261299999577244568e+10 -5.929373880929460938e+00 -2.668397177579406865e-02
6.261299999653869629e+10 -6.097335489372741613e+00 -1.321543485893953873e+00
6.261299999599980927e+10 -5.653347466059676307e+00 -2.664857342516136818e+00
6.261299999593916321e+10 -5.158230136363281204e+00 -1.235453613657657490e+00
6.261299999695806885e+10 -5.740493170844356285e+00 -2.191910522474875833e+00
6.261299999695814514e+10 -5.754470291057605102e+00 -3.705785827180980263e+00
6.261299999771778107e+10 -6.711159498345733887e+00 -4.600051685549892078e+00
6.261299999760262299e+10 -6.468280099979124564e+00 -3.110165073657490176e+00
6.261299999806041718e+10 -7.858654672664406426e+00 -2.723778219154313618e+00
6.261299999772019958e+10 -7.246319258548158615e+00 -1.381649396121516826e+00
6.261299999741643524e+10 -8.069614793015318810e+00 -2.615312206375673298e+00
6.261299999828644562e+10 -9.227110303128750246e+00 -3.057245721418770046e+00
6.261299999771829224e+10 -1.012963139148232905e+01 -1.982688771541435635e+00
6.261299999794534302e+10 -9.863740656918947636e+00 -3.455701004422107037e+00
6.261299999650014496e+10 -9.916997900311434577e+00 -3.903571799292937516e+00
6.261299999767943573e+10 -8.985076918859675743e+00 -4.084728975698074471e+00
6.261299999838107300e+10 -9.508557976174992987e+00 -2.849541716867808105e+00
6.261299999791656494e+10 -1.033915043721166960e+01 -1.672102874215497081e+00
6.261299999831770325e+10 -8.953277360699878784e+00 -1.213342995547910697e+00
6.261299999687969208e+10 -9.219274617984741127e+00 -1.604998170577550898e+00
6.261299999663787842e+10 -9.465556136698365819e+00 -3.079069649743340520e+00
6.261299999642984772e+10 -8.146290050216242307e+00 -2.366137036057905707e+00
6.261299999638722992e+10 -7.827494375965430073e+00 -3.845517602969812820e+00
6.261299999637222290e+10 -7.872676704823075688e+00 -5.358708681057201773e+00
6.261299999560252380e+10 -8.800853375319913852e+00 -6.274165087730665391e+00
6.261299999539431000e+10 -8.803660911707385850e+00 -4.774614472547005661e+00
6.261299999528076172e+10 -9.197129731276413978e+00 -3.317115445104005467e+00
6.261299999651609802e+10 -9.132012373859824450e+00 -2.444348130207822489e+00
6.261299999588721466e+10 -9.607968694030970980e+00 -1.152070412730035409e+00
6.261299999676719666e+10 -8.657540207673356747e+00 -1.935863172060259041e+00
6.261299999664242554e+10 -8.934197460182257799e+00 -3.419071643787991110e+00
6.261299999763339996e+10 -9.572244888897497361e+00 -4.369271007530935336e+00
6.261299999803472137e+10 -1.061012857656775665e+01 -5.395796285370467515e+00
6.261299999810856628e+10 -1.065533660967031615e+01 -3.884334476489734289e+00
6.261299999761694336e+10 -9.337881678099071436e+00 -4.445259007392647455e+00
6.261299999805280304e+10 -9.365881206396851510e+00 -2.995689037439199787e+00
6.261299999810136414e+10 -7.853314484999613043e+00 -2.953293254724947303e+00
6.261299999869412994e+10 -8.415175732287069721e+00 -4.228029995177767120e+00
6.261299999846195221e+10 -6.944529308393893707e+00 -3.953610639103946944e+00
6.261299999774003601e+10 -8.266075797072325315e+00 -4.109696409719718169e+00
6.261299999811639404e+10 -8.529009800470140235e+00 -5.552343725804127494e+00
6.261299999774337769e+10 -8.949648636977491023e+00 -4.146663845350200717e+00
6.261299999668183136e+10 -9.888211207321919716e+00 -4.679796086851637504e+00
6.261299999548396301e+10 -1.078408329890401340e+01 -4.446272328513241945e+00
6.261299999477669525e+10 -9.826257140845292781e+00 -3.511202830496420457e+00
6.261299999518969727e+10 -8.893792863856837982e+00 -4.630109112139647820e+00
6.261299999383746338e+10 -8.235539308866801633e+00 -4.456392837230117365e+00
6.261299999534073639e+10 -8.412992341123631590e+00 -4.430092749125348561e+00
6.261299999451626587e+10 -8.564303507063495857e+00 -3.169390506862543866e+00
6.261299999435388184e+10 -9.121647611708366910e+00 -1.771172635874184165e+00
6.261299999438206482e+10 -8.341665555822974198e+00 -3.068418786114594177e+00
6.261299999448603821e+10 -8.042029261789917172e+00 -1.588073699109723069e+00
6.261299999580341339e+10 -7.296437379520708255e+00 -1.562840009164567334e+00
6.261299999572251129e+10 -7.357511297025264518e+00 -3.073382336941913096e+00
6.261299999481626129e+10 -8.529672488159752319e+00 -3.384447951759755657e+00
6.261299999559974670e+10 -7.642492614144837049e+00 -2.440476760446208093e+00
6.261299999566963196e+10 -6.340280970098255864e+00 -3.209485971162198137e+00
6.261299999493142700e+10 -5.485517663836509072e+00 -4.217673523070973651e+00
6.261299999411369324e+10 -4.260146783473651055e+00 -3.868687110403726592e+00
6.261299999549788666e+10 -4.575297074198382496e+00 -4.394711749628342545e+00
6.261299999444318390e+10 -4.218086331126178479e+00 -5.420393303952739217e+00
6.261299999444532013e+10 -3.623498980194900909e+00 -4.028101982666808745e+00
6.261299999445487976e+10 -4.740279291771703818e+00 -3.005984474300007925e+00
6.261299999391490173e+10 -5.507919243680658994e+00 -1.818060220138054461e+00
6.261299999384850311e+10 -6.988407523905731722e+00 -1.508610066193344590e+00
6.261299999339184570e+10 -6.185015517774449911e+00 -2.707792859151724851e+00
6.261299999475635529e+10 -5.824634259626074950e+00 -2.159841496075545653e+00
6.261299999464118958e+10 -5.638422804528572918e+00 -6.618175482890389372e-01
6.261299999464617920e+10 -4.148146163009258203e+00 -3.952384087769448273e-01
6.261299999608245850e+10 -4.054457274874295081e+00 -8.646287562720751385e-01
6.261299999496389008e+10 -3.302943275693411174e+00 -1.554586353488889294e+00
6.261299999484079742e+10 -1.840857074918751835e+00 -1.181537219463879351e+00
6.261299999485881805e+10 -1.817257069892745713e+00 -2.695185845258396107e+00
6.261299999487336731e+10 -1.424052818168853873e+00 -4.157099845378106728e+00
6.261299999456062317e+10 -2.540978150399464397e+00 -3.184123573515092787e+00
6.261299999475971222e+10 -1.092443051837661327e+00 -2.791537960716757194e+00
6.261299999487253571e+10 -1.165348911477106064e+00 -4.299506865457410676e+00
6.261299999443063354e+10 1.985262618546090874e-01 -3.813111744455730978e+00
6.261299999570607758e+10 -2.812535460708442403e-01 -3.153519789329906509e+00
6.261299999524270630e+10 -4.165634842587015996e-01 -1.718601233834483155e+00
6.261299999471215820e+10 -1.294923315386083518e+00 -6.054904427574394621e-01
6.261299999589580536e+10 -1.870011510505230845e+00 1.430243335320576792e-01
6.261299999624027252e+10 -2.582573051633269223e+00 -1.147562389791260795e+00
6.261299999732234955e+10 -2.468127494427010848e+00 -9.493349741940515507e-02
6.261299999735279083e+10 -2.543559050219597051e+00 1.416819602053364990e+00
6.261299999628881073e+10 -3.275692922061768986e+00 6.269162783828297059e-01
6.261299999592820740e+10 -3.526533464259223649e+00 -8.218968966476531968e-01
6.261299999673949432e+10 -2.808302173938569624e+00 -1.879237365161319673e+00
6.261299999753327179e+10 -4.083450151867955569e+00 -1.689676208591578188e+00
6.261299999759719849e+10 -3.874646511670351678e+00 -1.915680713516692002e-01
6.261299999757479095e+10 -4.057408852205064420e+00 -1.694268820804774922e+00
6.261299999821903992e+10 -4.821912918107211787e+00 -2.831146061725284824e+00
6.261299999821009064e+10 -5.137655317650501097e+00 -4.311767695015127799e+00
6.261299999742698669e+10 -3.843665648896196885e+00 -4.245807180539468817e+00
6.261299999754061127e+10 -4.361838687785604129e+00 -5.663763561416681469e+00
6.261299999650376892e+10 -3.419837540201918991e+00 -6.237869685170474021e+00
6.261299999775209045e+10 -3.022520133774421858e+00 -6.996719134803253581e+00
6.261299999832878876e+10 -3.434444087559956671e+00 -5.658903296215246570e+00
6.261299999681963348e+10 -3.326829085694740673e+00 -5.712642077551504549e+00
6.261299999677390289e+10 -3.469526586439854121e+00 -7.219147931155631248e+00
6.261299999721701813e+10 -2.348034224321911445e+00 -6.303767754142431734e+00
6.261299999716036987e+10 -2.298946013529421517e+00 -4.791684719440141293e+00
6.261299999568473816e+10 -2.190627460877239141e+00 -4.471056243054361445e+00
6.261299999457089233e+10 -1.811295780477322204e+00 -5.423664644267954138e+00
6.261299999464418793e+10 -2.459618400512220138e+00 -6.789797790280464262e+00
6.261299999587409973e+10 -3.200315920810263393e+00 -6.309484975181523403e+00
6.261299999597694397e+10 -3.848215298491068470e+00 -4.945057443614192749e+00
6.261299999600866699e+10 -3.287530066904181592e+00 -6.350987649063692508e+00
6.261299999676309967e+10 -2.043390561250812532e+00 -5.932700549209683594e+00
6.261299999710959625e+10 -2.220835540401181252e+00 -7.395734112890274048e+00
6.261299999756938171e+10 -3.571459398160310883e+00 -6.889348434241896690e+00
6.261299999686749268e+10 -3.011463326299262278e+00 -8.108268431562693834e+00
6.261299999639709473e+10 -2.964974043681997351e+00 -9.546523411322091590e+00
6.261299999706111908e+10 -1.888966347793453959e+00 -1.037916689306459261e+01
6.261299999694368744e+10 -2.007641668687502712e+00 -1.188387290086453874e+01
6.261299999780012512e+10 -1.153898374754574796e+00 -1.279472312978757564e+01
6.261299999876361084e+10 -1.843741128375581795e+00 -1.373697212054134198e+01
6.261299999757263184e+10 -1.954693462802519432e+00 -1.280892838131554257e+01
6.261299999662435150e+10 -2.743611015842442935e+00 -1.368664818881158318e+01
6.261299999805371857e+10 -3.063637154007524455e+00 -1.330389337148524120e+01
6.261299999879770660e+10 -2.128070783746151662e+00 -1.423298206721540282e+01
6.261299999937927246e+10 -3.405530909731236733e+00 -1.366562761790499003e+01
6.261299999804093933e+10 -4.108961782958779452e+00 -1.374347321603973171e+01
6.261299999708232117e+10 -3.920732191813141032e+00 -1.258690891712052995e+01
6.261299999773279572e+10 -5.073450823805162102e+00 -1.332184622627689663e+01
6.261299999659385681e+10 -5.872742092588223883e+00 -1.391847366522738305e+01
6.261299999602856445e+10 -7.277182389710868726e+00 -1.391567803769458678e+01
6.261299999629522705e+10 -8.212263774301984398e+00 -1.507607738959153210e+01
6.261299999777465820e+10 -8.450813676782718886e+00 -1.529143870682077377e+01
6.261299999657179260e+10 -8.632856461759519817e+00 -1.619254607891551956e+01
6.261299999705136108e+10 -9.421560866047229865e+00 -1.499255689874289743e+01
6.261299999730282593e+10 -1.089138629141445946e+01 -1.525407791478371955e+01
6.261299999744340515e+10 -9.389555901255425496e+00 -1.538352671514809522e+01
6.261299999888990021e+10 -9.798438667495714682e+00 -1.520330436025092702e+01
6.261299999837783051e+10 -9.843356170759301804e+00 -1.377930305497704033e+01
6.261299999934545898e+10 -9.952416356754685722e+00 -1.262007384551521838e+01
6.261300000022428894e+10 -1.100797086989010154e+01 -1.325684279456421066e+01
