6.957000000000000000e+09 0.000000000000000000e+00 0.000000000000000000e+00
6.956999999900897026e+09 2.293214959771764094e-01 -1.484076625362244772e-01
6.956999999635568619e+09 3.233989340850989547e-01 -7.640308370670623184e-02
6.956999999574253082e+09 3.237812581660952649e-01 2.076300391621494490e-01
6.956999999682220459e+09 3.339755240464105657e-01 4.772106569237911100e-01
6.956999999843880653e+09 5.659533447847655552e-01 5.441932854773322559e-01
6.956999999610220909e+09 4.270264928459133746e-01 6.468437710324691503e-01
6.956999999506970406e+09 6.509179891009210239e-01 4.930696211771944393e-01
6.956999999534366608e+09 6.472429385584536066e-01 7.823280528911538134e-01
6.956999999470225334e+09 6.905303880208510936e-01 5.022449342296571029e-01
6.956999999231212616e+09 7.217408910392633103e-01 3.399691663406548825e-01
6.956999999407673836e+09 9.138577271729722007e-01 4.679809231605297493e-01
6.956999999186230659e+09 8.434459679772592366e-01 6.424500669172755751e-01
6.956999999126748085e+09 9.662328297629030338e-01 8.990036529071239180e-01
6.956999999182384491e+09 1.081017964990540481e+00 6.379223363097566990e-01
6.956999999330293655e+09 8.440693461095881700e-01 5.578430113986951877e-01
6.956999999569194794e+09 9.346416255568562592e-01 6.962540433192243583e-01
6.956999999716271400e+09 1.060861865164984819e+00 9.127520328371609981e-01
6.956999999565591812e+09 8.736791821203998554e-01 7.493728184813914783e-01
6.956999999787486076e+09 7.809339699425221770e-01 5.862903973730597684e-01
6.956999999773211479e+09 7.609709110740385807e-01 2.967524604200694749e-01
6.956999999765229225e+09 5.279566842247930269e-01 1.233305901100979207e-01
6.956999999902244568e+09 2.723707765486240717e-01 1.049659889186891348e-01
6.956999999792616844e+09 1.442521779242400826e-01 -1.316810461251366471e-01
6.956999999729475021e+09 1.705922786096735755e-01 1.507261044979374964e-01
6.956999999793542862e+09 1.523445048679537561e-01 -1.321110975067501525e-01
6.956999999778074265e+09 3.689906212453260004e-01 6.091656252483207412e-02
6.956999999768599510e+09 9.509473592618955529e-02 1.574865925395782518e-01
6.956999999648109436e+09 3.096024550331984981e-01 2.880311387343376106e-03
6.956999999632416725e+09 3.468266033428980544e-01 -2.848741086029364933e-01
6.956999999508326530e+09 6.094422885152250835e-01 -2.931947163408705759e-01
6.956999999227881432e+09 6.854350585802438944e-01 -2.963838293496023901e-01
6.956999999174543381e+09 8.207084598501338535e-01 -5.479601486665911514e-01
6.956999999180052757e+09 1.008308043729084780e+00 -3.261256503811693630e-01
6.956999999131642342e+09 7.291004837511487757e-01 -3.904225635857151433e-01
6.956999999257018089e+09 9.518399358624664020e-01 -2.522104294665571400e-01
6.956999999275355339e+09 9.667027201471440900e-01 3.740541655693241374e-02
6.956999999146709442e+09 7.061748034406968300e-01 3.424822017648740391e-02
6.956999999431656837e+09 7.477737944465828734e-01 7.309066862595106628e-02
6.956999999440724373e+09 7.214524839085603158e-01 -2.161487841841935043e-01
6.956999999480203629e+09 5.627772120191423255e-01 2.405533733752301950e-02
6.956999999763274193e+09 5.036986787106484398e-01 5.261114247358791851e-02
6.956999999641990662e+09 3.133616168159988336e-01 2.356322281199227653e-01
6.956999999611851692e+09 2.577635511128109624e-01 -4.797842716078695724e-02
6.956999999834496498e+09 3.845810911873948634e-01 -1.850229182398600014e-01
6.957000000115757942e+09 4.574889630120755335e-01 -1.883399005697122264e-01
