2.087100000000000000e+10 0.000000000000000000e+00 0.000000000000000000e+00
2.087100000009641647e+10 1.415779240455103116e-01 -2.656917258398532877e-01
2.087099999978327179e+10 1.844867082786010026e-01 -2.712845800096985172e-01
2.087099999989649582e+10 -1.031055212280969913e-01 -3.376475606467103097e-01
2.087099999995925522e+10 1.198391713044495710e-01 -1.224970097137629554e-01
2.087099999988659286e+10 1.333302117575007051e-01 -4.298584778429201947e-01
2.087100000007374954e+10 3.223096952411019789e-03 -6.488952227547333251e-01
2.087099999992016220e+10 -2.521445456076897296e-01 -7.543964351036795968e-01
2.087099999988606644e+10 -1.050738976925053303e-01 -4.766547708414998752e-01
2.087099999984566498e+10 -5.987515694967934787e-02 -7.869087221806052579e-01
2.087099999989923859e+10 -9.319523875574882432e-02 -1.096670380935831357e+00
2.087099999973528290e+10 -1.481773876832008230e-01 -8.320420092047045024e-01
2.087099999986091614e+10 -2.016842535419858251e-01 -1.117148535135202403e+00
2.087100000000303650e+10 8.059132060801504904e-02 -1.109699397291749712e+00
2.087100000000238419e+10 3.911975859414900114e-01 -1.050911768522696965e+00
2.087099999993201447e+10 3.943360114737222699e-01 -7.427384268853052252e-01
2.087099999976767731e+10 3.199288020338820759e-01 -1.002333757632211109e+00
2.087099999973920441e+10 2.765061592028864035e-01 -6.905061891543748942e-01
2.087099999952404022e+10 3.038613981219616123e-01 -4.605322101944556712e-01
2.087099999951450729e+10 4.186254982977333228e-01 -1.661328663498261027e-01
2.087099999941466522e+10 1.363547099906888271e-01 -2.675604135296990593e-01
2.087099999969263077e+10 7.646550980663006924e-02 -4.056921768021940489e-01
2.087099999978729248e+10 -7.891344048401334466e-02 -1.471787561742729511e-01
2.087099999961074829e+10 -2.903430612853831194e-01 7.942195688022180011e-03
2.087099999961009216e+10 -3.624243873597455257e-01 3.157351706163653016e-01
2.087099999973226547e+10 -4.697602457033941414e-01 5.868173855154442675e-01
2.087099999981404877e+10 -7.563511497519148641e-01 6.922195371295511990e-01
2.087099999958387756e+10 -9.575021743416238795e-01 7.727981106425928504e-01
2.087099999975881958e+10 -9.741745367572481884e-01 5.100232997263587365e-01
2.087099999978614044e+10 -1.108181566181543731e+00 2.250173213775569780e-01
2.087100000007594681e+10 -1.097789766991023930e+00 9.917290906777381787e-02
2.087100000001308441e+10 -8.194646500638069764e-01 -3.690068562357021187e-02
2.087100000020001221e+10 -5.732310051109248406e-01 -1.029295841618751844e-01
