3.478500000000000000e+10 0.000000000000000000e+00 0.000000000000000000e+00
3.478499999980672455e+10 -2.199396934934303161e-01 -2.477688246486548784e-01
3.478499999981291199e+10 -2.211356180740052246e-01 -6.312773401410388674e-01
3.478499999979264832e+10 6.356228776916361678e-02 -8.875100075082796858e-01
3.478499999973744965e+10 2.873224673792216244e-01 -5.809113668190624136e-01
3.478499999945755768e+10 2.408527299440654801e-01 -8.390188574162529278e-01
3.478499999950846863e+10 4.417532185677178758e-01 -5.162715914827564756e-01
3.478499999956734467e+10 4.257592942910590206e-01 -8.949488892452246436e-01
3.478499999978018188e+10 1.074031407554038031e-01 -9.165947818699033967e-01
3.478499999961866760e+10 4.297514777656567531e-01 -1.047448386407543897e+00
3.478499999974296570e+10 8.042771569551387945e-02 -9.492567376166295423e-01
3.478499999980023956e+10 3.681333098076442628e-02 -5.725127148226641927e-01
3.478499999946317291e+10 1.858612853849833935e-01 -6.787570982293038568e-01
3.478499999948145294e+10 1.813216596508329947e-01 -1.061854878376244260e+00
3.478499999919181824e+10 4.113028337793092071e-01 -1.163530802335529302e+00
3.478499999928294373e+10 2.573616083065906057e-01 -8.242426461979832641e-01
3.478499999907061005e+10 1.767229074747351802e-01 -1.133320805749268745e+00
3.478499999880471802e+10 2.175579954260472848e-01 -8.599108136626086862e-01
3.478499999859835815e+10 1.851972353281836070e-02 -6.051188477752857953e-01
3.478499999851137543e+10 -2.530900450502371335e-01 -3.486417487873097465e-01
3.478499999827288818e+10 -1.152544205190696169e-01 -6.155560962319663876e-01
3.478499999811776733e+10 -2.852153390754436635e-01 -3.086844885871968258e-01
3.478499999830440521e+10 -8.249729817461665116e-02 -4.187199789918755188e-02
3.478499999829907990e+10 -5.998468709176775493e-02 -4.247341186870458030e-01
3.478499999859243011e+10 -2.624874764637941116e-01 -2.831048648351416341e-01
3.478499999838700867e+10 -1.257068438868511051e-01 -5.767238487437222894e-01
3.478499999841030121e+10 -1.236268695584180483e-01 -9.595705235999332228e-01
3.478499999818782043e+10 -1.768866810393893707e-01 -1.267442672337793619e+00
3.478499999841181183e+10 -3.606487812164865803e-01 -1.518793678819422954e+00
3.478499999848558044e+10 -6.909673897231303208e-01 -1.338333129072940553e+00
3.478499999852302551e+10 -5.857763035054539547e-01 -1.705282053758302663e+00
3.478499999882607269e+10 -3.863890980663875485e-01 -1.829875949189617490e+00
3.478499999887642670e+10 -4.542579016699553884e-01 -1.455741590619991532e+00
3.478499999878110504e+10 -6.452187731129029880e-01 -1.137046559727541650e+00
3.478499999902784729e+10 -4.004200600448096781e-01 -1.299253487802863427e+00
3.478499999884938812e+10 -7.766053353727286890e-02 -1.404601357537912820e+00
3.478499999894203949e+10 -7.173058298229868790e-02 -1.776756756533387271e+00
3.478499999891970062e+10 1.317222959878315558e-02 -2.150134678622158457e+00
3.478499999883041382e+10 -1.533766470393309045e-01 -1.816355625587159128e+00
3.478499999852619934e+10 3.030393240958947909e-02 -1.960690528599688953e+00
3.478499999879143524e+10 -2.302296201828930855e-01 -1.866405762734484775e+00
3.478499999878907013e+10 -2.325911181817812423e-01 -2.249951572318333426e+00
3.478499999848316193e+10 -4.630170663309348678e-01 -2.271008560652767905e+00
3.478499999849753571e+10 -4.511793762616730930e-01 -2.654116593343353259e+00
3.478499999860873413e+10 -2.685825231794328749e-01 -2.972569377945803559e+00
3.478499999826779175e+10 -2.006747485126391117e-01 -3.134643290676961236e+00
3.478499999804210663e+10 -3.867707688400077171e-01 -3.382743394146307647e+00
3.478499999813034821e+10 -3.658202038603063366e-01 -3.010059883876253561e+00
3.478499999780451202e+10 -5.677275842886964075e-01 -2.996612248512227517e+00
3.478499999752102661e+10 -4.111415602969304972e-01 -3.202124202869498948e+00
3.478499999774868011e+10 -1.540775460653550089e-01 -3.373037707725526690e+00
3.478499999760664368e+10 1.975930735144367789e-01 -3.315837438019981764e+00
3.478499999725742340e+10 1.158164659214678122e-01 -3.451762155122139131e+00
3.478499999743479156e+10 4.552374556458929078e-01 -3.430480346290949445e+00
3.478499999729869843e+10 5.097641218739741298e-01 -3.076045006853015629e+00
3.478499999733517456e+10 4.562446942854425092e-01 -3.454097296517033566e+00
3.478499999752137756e+10 7.687022422127973709e-01 -3.575820206968473247e+00
3.478499999752713013e+10 8.472094871158298846e-01 -3.951216094777751486e+00
3.478499999756246185e+10 9.508502844480791749e-01 -3.583617237867724459e+00
3.478499999756025696e+10 7.498496030959225234e-01 -3.256948594461352986e+00
3.478499999763829041e+10 1.036605485949597671e+00 -3.499436224869806544e+00
3.478499999766470337e+10 1.066042231786215266e+00 -3.880952253202036406e+00
3.478499999765540314e+10 1.032140947398820341e+00 -4.262898337295847107e+00
3.478499999754556274e+10 1.347207253737854771e+00 -4.452071246720641362e+00
3.478499999759963989e+10 1.619580976243903958e+00 -4.187483742064344483e+00
3.478499999776628876e+10 1.850124405086877033e+00 -3.930197306571487470e+00
3.478499999763653564e+10 2.179614828996309317e+00 -4.077568724405203682e+00
3.478499999734651947e+10 2.326079607179271314e+00 -3.873709219329113829e+00
3.478499999745565796e+10 2.556361374072861459e+00 -4.160375560825384511e+00
3.478499999731767273e+10 2.354968421511744570e+00 -4.456212570480600377e+00
3.478499999702312469e+10 2.376006835866585565e+00 -4.700990144135409388e+00
3.478499999715363312e+10 2.291587169144101654e+00 -5.051647024437807332e+00
3.478499999680755615e+10 2.184900042865947523e+00 -4.925290087630918912e+00
3.478499999672817993e+10 2.151492499502658085e+00 -4.551522181242474652e+00
3.478499999668773651e+10 1.966477552021797859e+00 -4.217977485349210909e+00
3.478499999682096100e+10 2.175749551143635330e+00 -4.510509658861629134e+00
3.478499999643818665e+10 2.151247140197516394e+00 -4.510191160674681399e+00
3.478499999637298584e+10 2.231928026347847371e+00 -4.140924471879828594e+00
3.478499999658551788e+10 2.158825913427616427e+00 -4.451737384054760049e+00
3.478499999696112061e+10 2.215723475736699921e+00 -4.504706460284460867e+00
3.478499999677233887e+10 2.388181141917627315e+00 -4.790605745350632994e+00
3.478499999710336304e+10 2.334699202177985100e+00 -4.976837734950938064e+00
3.478499999687401581e+10 2.456197683400974441e+00 -5.259250572747923513e+00
3.478499999689454651e+10 2.604060545893012613e+00 -5.612568459746927196e+00
3.478499999686656189e+10 2.651675395489589970e+00 -5.992131917649924588e+00
3.478499999720908356e+10 2.682631246959069404e+00 -5.822305370937250757e+00
3.478499999756083679e+10 2.572934966650707977e+00 -5.928876526115010925e+00
3.478499999775169373e+10 2.575250686279872525e+00 -5.596181341499213424e+00
3.478499999766278839e+10 2.939156261817531757e+00 -5.678569027924114110e+00
3.478499999752748871e+10 3.297978777905598236e+00 -5.686257511114011010e+00
3.478499999727772522e+10 3.188737169571624896e+00 -5.956077999338274864e+00
3.478499999697707367e+10 3.100289269392916491e+00 -6.177218928218035643e+00
3.478499999689105988e+10 3.370107238520285264e+00 -5.918534089773231699e+00
3.478499999697991943e+10 3.393452866689947722e+00 -6.290928945679092443e+00
3.478499999736291504e+10 3.414053915283998819e+00 -6.293413841823552346e+00
3.478499999755429840e+10 3.367709237583402793e+00 -6.622567038365993142e+00
3.478499999746363831e+10 3.389359284762595959e+00 -6.250504537592734167e+00
3.478499999780290985e+10 3.401676276511795827e+00 -6.072008255285370026e+00
3.478499999781847382e+10 3.150691992119360130e+00 -6.361634132798838159e+00
3.478499999779118347e+10 3.153750409600849292e+00 -6.744210428034866034e+00
3.478499999760930634e+10 2.850832629390836814e+00 -6.594941701978971338e+00
3.478499999760870361e+10 2.850731867930095476e+00 -6.978501563959169651e+00
3.478499999736742401e+10 2.658624518971247408e+00 -6.750472802541483297e+00
3.478499999722761536e+10 2.861320331064173050e+00 -7.044557182449444177e+00
3.478499999715599823e+10 2.939587570101274139e+00 -6.675959883916523729e+00
3.478499999721853638e+10 2.947321328556169906e+00 -6.297610632063934233e+00
3.478499999729141235e+10 2.652872458244063480e+00 -6.062861736777469090e+00
3.478499999758923340e+10 2.424931876955084054e+00 -5.982467279345554445e+00
3.478499999769338989e+10 2.214421191653779264e+00 -6.285709031190041429e+00
3.478499999748704529e+10 2.215812642640287322e+00 -5.962387234049369766e+00
3.478499999785190582e+10 2.097570272693667803e+00 -5.958581464520153581e+00
3.478499999771028900e+10 2.364191044762097960e+00 -5.721988758865392377e+00
3.478499999796646118e+10 2.453619301460528757e+00 -5.450888980965339137e+00
3.478499999792993164e+10 2.489401589886236277e+00 -5.831025354635197999e+00
3.478499999778697205e+10 2.478588934422069734e+00 -5.475266095416232659e+00
3.478499999772807312e+10 2.787911260432373695e+00 -5.256248320240052507e+00
3.478499999761981201e+10 2.911681530392247197e+00 -5.602772443177941319e+00
3.478499999768157196e+10 2.702403692276530212e+00 -5.918220270727981180e+00
3.478499999731188965e+10 2.669312366089618305e+00 -6.014966332786838343e+00
3.478499999748632050e+10 2.746660272153675919e+00 -5.682233838277277904e+00
3.478499999735044861e+10 2.842758903340682153e+00 -6.027809168098487547e+00
3.478499999714660645e+10 2.874211676877651112e+00 -6.351194093063372570e+00
3.478499999736380005e+10 2.569803257185434120e+00 -6.265857103590040111e+00
3.478499999712393951e+10 2.277066318606810746e+00 -6.203488669518162801e+00
3.478499999743967438e+10 2.223413031976142484e+00 -6.414565256142750194e+00
3.478499999757315826e+10 2.520848024703233214e+00 -6.212493174637772952e+00
3.478499999721331024e+10 2.405687797615583712e+00 -6.278559098982624320e+00
3.478499999696227264e+10 2.611865083226796891e+00 -6.074619674670385550e+00
3.478499999699974060e+10 2.608710528528489281e+00 -5.692906997548597303e+00
3.478499999699788666e+10 2.605072279304944782e+00 -5.309368378998609472e+00
3.478499999684621429e+10 2.266031245609700040e+00 -5.405108384098515018e+00
3.478499999684050751e+10 2.288130677886085262e+00 -5.022227782892697334e+00
3.478499999693079376e+10 1.975720756321507565e+00 -4.818837590032888585e+00
3.478499999677722931e+10 2.309198054769344033e+00 -4.929871874807250087e+00
3.478499999696131897e+10 2.036430303015998255e+00 -5.126915114791667172e+00
3.478499999711375427e+10 2.139805856730447875e+00 -5.463360104266649309e+00
3.478499999705931854e+10 2.066012701098348003e+00 -5.835797291880728821e+00
3.478499999702610016e+10 2.062218410126925860e+00 -6.217897789208981507e+00
3.478499999704232788e+10 2.007075178572345298e+00 -6.597126491553872540e+00
3.478499999705410004e+10 1.991591541814948796e+00 -6.214059727205750505e+00
3.478499999677887726e+10 1.726041257332713519e+00 -6.243317982318544068e+00
3.478499999676641083e+10 1.345470813030441581e+00 -6.289462550135330510e+00
3.478499999690011597e+10 1.358595001590317874e+00 -6.648725607811364569e+00
3.478499999670895386e+10 1.148859472610050725e+00 -6.390683843917435603e+00
3.478499999666190338e+10 1.284184463862494185e+00 -6.034886543687647098e+00
3.478499999643196106e+10 1.010007944145995928e+00 -5.896786562205136306e+00
3.478499999662467194e+10 9.686734136958753405e-01 -5.567740218079562098e+00
3.478499999648484039e+10 1.028439874864379044e+00 -5.919867673554382037e+00
3.478499999618333435e+10 8.678431714792785856e-01 -6.094279948239134548e+00
3.478499999595099640e+10 6.201367585084156531e-01 -6.272544095376552775e+00
3.478499999596408081e+10 5.957229087140709645e-01 -5.889985275135562581e+00
3.478499999566630554e+10 3.564804583158108775e-01 -5.855168810571349525e+00
3.478499999567650604e+10 4.051198125501055403e-01 -6.235495925681900253e+00
3.478499999585575867e+10 1.089764197545149971e-01 -6.400680741776488603e+00
3.478499999592813873e+10 4.307689526720779316e-01 -6.596459913107289630e+00
3.478499999588763428e+10 1.759344178534499870e-01 -6.312669052489510157e+00
3.478499999596691895e+10 1.816155134106373359e-01 -5.937436266741585200e+00
3.478499999623239136e+10 4.370189008046552193e-01 -6.044265772294941996e+00
3.478499999629147339e+10 4.870160269577197276e-01 -5.668595703818536613e+00
3.478499999610721588e+10 5.356097478086425667e-01 -5.335719365600780861e+00
3.478499999640879822e+10 6.581449703823811781e-01 -5.538582785263848507e+00
3.478499999641550446e+10 6.592864856789111272e-01 -5.922082838998599996e+00
3.478499999609578705e+10 5.283519172920245754e-01 -6.088682696443810549e+00
3.478499999583592224e+10 2.693412375951330651e-01 -5.976865553734772796e+00
3.478499999562972260e+10 -1.871804090022638478e-02 -5.829819276512196780e+00
3.478499999555232239e+10 -1.347855814394228469e-01 -5.472529435671880549e+00
3.478499999528653717e+10 8.998103535846535550e-02 -5.633636523402643093e+00
3.478499999533467865e+10 1.149982327066334242e-01 -6.013340592102675686e+00
3.478499999542108154e+10 -2.529815198242647556e-01 -5.948198512269412319e+00
3.478499999547327423e+10 -3.401972285255339123e-01 -6.318046724676247727e+00
3.478499999563307190e+10 -4.489868038526741434e-01 -5.986762611301013060e+00
3.478499999578644562e+10 -3.877371577283613147e-01 -5.640579982664055692e+00
3.478499999558887482e+10 -4.424772905512951993e-01 -5.964751218322737358e+00
3.478499999579230499e+10 -1.438588547931288764e-01 -6.093447372167719145e+00
3.478499999580188751e+10 -1.491359664785157912e-01 -5.710042983970113895e+00
3.478499999613312531e+10 -1.632011008058937007e-01 -5.517167021739368238e+00
3.478499999607026672e+10 1.695875597817012026e-02 -5.849898104241120222e+00
3.478499999634114075e+10 2.831643575195109674e-01 -5.796217545106737923e+00
3.478499999614410400e+10 4.346859931915033615e-01 -6.088341613553327925e+00
3.478499999607983398e+10 1.316955725054702597e-01 -6.314581060201790663e+00
3.478499999585228729e+10 -1.241447389974102422e-01 -6.141706847652353751e+00
3.478499999593066406e+10 -4.712515872862375610e-01 -5.998556416855062245e+00
3.478499999595208740e+10 -2.467222237992070799e-01 -6.308792177516037825e+00
3.478499999559467316e+10 -1.706865459751881475e-01 -6.192204785902697850e+00
3.478499999544433594e+10 -4.218770702169722941e-01 -6.440038739535592249e+00
3.478499999577108002e+10 -5.148769879632014712e-01 -6.618101384177424329e+00
3.478499999566707611e+10 -8.835273043117473080e-01 -6.598144456101832311e+00
3.478499999547913361e+10 -1.196475362025296363e+00 -6.480417488796722303e+00
3.478499999567428589e+10 -1.514316843488642927e+00 -6.390914490625727140e+00
3.478499999556530762e+10 -1.428702486191787635e+00 -6.033266537286577247e+00
3.478499999584323120e+10 -1.168367067097903611e+00 -5.987420527137961024e+00
3.478499999575386810e+10 -8.169417794464215454e-01 -5.862391013563893694e+00
3.478499999587650299e+10 -6.435738257423694320e-01 -5.542980874238234712e+00
3.478499999582954407e+10 -9.113427388945793961e-01 -5.813560285218533963e+00
3.478499999546858215e+10 -7.951658920015265419e-01 -5.755856488080204336e+00
3.478499999535182953e+10 -6.179325984557230145e-01 -5.436363571514453596e+00
3.478499999502265930e+10 -4.786995059676277253e-01 -5.575573693618563809e+00
3.478499999501086426e+10 -1.437575264897795191e-01 -5.762103477918585348e+00
3.478499999500999451e+10 -1.439102225181172479e-01 -6.145662816435770281e+00
3.478499999499693298e+10 -8.574258254232988707e-02 -6.524561740819383004e+00
3.478499999501366425e+10 -3.672743537833609295e-01 -6.784520240487660558e+00
3.478499999506161499e+10 -4.417782059607394674e-01 -7.157707233389003498e+00
3.478499999514686584e+10 -7.385609886527333412e-01 -7.385238185919219767e+00
3.478499999479452515e+10 -8.314075718203602916e-01 -7.265427890326494165e+00
3.478499999462850952e+10 -1.157473087373841247e+00 -7.380489002669899712e+00
3.478499999459423828e+10 -9.713880770408962473e-01 -7.046847574684423243e+00
3.478499999456680298e+10 -8.295579456384092332e-01 -7.402164218190656619e+00
3.478499999435610199e+10 -7.747354376365712669e-01 -7.086381596500334723e+00
3.478499999399404144e+10 -9.011595914656170825e-01 -7.093119866921868244e+00
3.478499999424931335e+10 -7.651797195951262065e-01 -6.841197571326993021e+00
3.478499999446350098e+10 -5.459523923863642825e-01 -7.071808403306094171e+00
3.478499999458600616e+10 -1.932590244450343442e-01 -7.159664007712496669e+00
3.478499999460216522e+10 -4.764832028076876336e-01 -7.417814061098237488e+00
3.478499999437954712e+10 -2.324077492496866848e-01 -7.612719893204739741e+00
3.478499999403504181e+10 -1.150642888402989561e-01 -7.491629884445739407e+00
3.478499999374475098e+10 -3.356072095245311582e-01 -7.610842812073609132e+00
3.478499999378111267e+10 -2.397504167553049237e-01 -7.241237571250331406e+00
3.478499999410837555e+10 -1.473135851851477551e-01 -7.063836324023903046e+00
3.478499999384729767e+10 1.170623462583340046e-01 -6.968648588651225495e+00
3.478499999384465790e+10 1.249052655877550405e-01 -6.585177500775274417e+00
3.478499999389359283e+10 -3.411437287398051688e-02 -6.930774013886948026e+00
3.478499999391545105e+10 -1.546779531135513211e-02 -6.548291448868397424e+00
3.478499999418498230e+10 1.902918935597142092e-01 -6.369028569067189061e+00
3.478499999394802094e+10 -1.097593710403069189e-01 -6.338414264490907613e+00
3.478499999432383728e+10 -7.141464724742023484e-02 -6.271994355632607210e+00
3.478499999427121735e+10 3.076681471347467722e-01 -6.246584322411967705e+00
3.478499999431113434e+10 -1.281208760011359749e-02 -6.453508155245754274e+00
3.478499999434834290e+10 2.587701082199540537e-01 -6.721793591393860900e+00
3.478499999424427032e+10 6.239557922453058403e-01 -6.775889669948988114e+00
3.478499999429226685e+10 7.543416999300179837e-01 -7.133401159850935258e+00
3.478499999426557922e+10 7.761497476570043963e-01 -6.751392368997546356e+00
3.478499999405041504e+10 1.093673172056696785e+00 -6.749553234005756686e+00
3.478499999426711273e+10 1.277514387762792136e+00 -6.491945107993462472e+00
3.478499999444972992e+10 9.521186125572629333e-01 -6.403143059630932221e+00
3.478499999472689819e+10 8.003047312336852848e-01 -6.185770750285973563e+00
3.478499999470317078e+10 5.362466892152126796e-01 -6.462951036144698236e+00
3.478499999486976624e+10 2.236461714809492296e-01 -6.610072475889590571e+00
3.478499999478625488e+10 1.956507823072189400e-01 -6.236762483213892594e+00
3.478499999494937134e+10 3.071988304770034706e-01 -6.565499449259613485e+00
3.478499999472076416e+10 1.560854595005195800e-01 -6.833867943794517785e+00
3.478499999493502045e+10 -3.223595418269295521e-02 -7.090282764488908818e+00
3.478499999465129089e+10 3.803935913599633400e-02 -6.841930942247153702e+00
3.478499999481533051e+10 1.777175108032171824e-01 -7.159263034495959133e+00
3.478499999486576843e+10 4.142783187342793383e-01 -6.861582744911676635e+00
3.478499999484852600e+10 2.810893506516758955e-01 -7.220862440931772319e+00
3.478499999515748596e+10 7.932283567081013786e-02 -7.116215441119309482e+00
3.478499999521759796e+10 4.576963294686084982e-01 -7.134617572379408301e+00
3.478499999500839233e+10 4.352383990389127044e-01 -7.455316275128429204e+00
3.478499999489883423e+10 1.242006000447359870e-01 -7.651200862079911680e+00
3.478499999491924286e+10 -2.050571937011907431e-01 -7.846882610903602284e+00
3.478499999458525848e+10 -6.714136642341675398e-02 -7.718223827818166960e+00
3.478499999492323303e+10 -1.421063516207291544e-01 -7.553082238796559267e+00
3.478499999466993713e+10 -3.735966929461673747e-01 -7.381703373644319832e+00
3.478499999473955536e+10 -3.669301568740734321e-01 -7.758834321597892547e+00
3.478499999493195343e+10 -6.006142429088880963e-01 -7.523263174787217622e+00
3.478499999461164093e+10 -4.176466123797811236e-01 -7.418196715073206882e+00
3.478499999483002472e+10 -7.291873718028898388e-01 -7.466856338595120768e+00
3.478499999486499023e+10 -3.599582741465035540e-01 -7.369051523097659206e+00
3.478499999524176025e+10 -4.312935636831413677e-01 -7.377578990550980542e+00
3.478499999531100464e+10 -7.543877997709707017e-01 -7.572344693532435222e+00
3.478499999543215942e+10 -9.735359625574363518e-01 -7.281802903099149127e+00
3.478499999546214294e+10 -9.759460637951001827e-01 -7.664182110041922513e+00
3.478499999544696808e+10 -1.169453890092129189e+00 -7.333360335695921606e+00
3.478499999561182404e+10 -8.238880994311805761e-01 -7.356268358242005867e+00
3.478499999557377625e+10 -4.967535509594825927e-01 -7.552874301833091053e+00
3.478499999566122437e+10 -4.246405808585674846e-01 -7.186443596526054911e+00
3.478499999565993500e+10 -4.335860681213510315e-01 -6.802989755159456919e+00
3.478499999544822693e+10 -7.064388024313575931e-01 -6.636107699398685611e+00
3.478499999578971863e+10 -5.324846088325457805e-01 -6.651600851563866712e+00
3.478499999558644104e+10 -3.163624767899531065e-01 -6.894678557729133850e+00
3.478499999558635712e+10 -3.283084263048046125e-01 -7.278052823916928205e+00
3.478499999563954926e+10 2.204746817087621658e-02 -7.424818501719491870e+00
3.478499999580212402e+10 1.308475075793317545e-02 -7.772104342268490562e+00
3.478499999577948761e+10 2.584918071414615479e-02 -8.154783521132033641e+00
3.478499999591970062e+10 -2.403226791992135389e-02 -8.508294035978233083e+00
3.478499999571692657e+10 -2.440470327218304258e-01 -8.748282594016592029e+00
3.478499999608277893e+10 -3.558061292525046548e-01 -8.720376106022021290e+00
3.478499999586476135e+10 -3.406948378410644129e-01 -9.035587488520324229e+00
3.478499999583110046e+10 -5.887626890540823554e-01 -8.744988762441662900e+00
3.478499999586402893e+10 -8.740377024084888813e-01 -8.490720569907679760e+00
3.478499999576789093e+10 -7.472581916546318093e-01 -8.839723020003756204e+00
3.478499999581348419e+10 -8.371790824717051382e-01 -9.209796297912422602e+00
3.478499999555385590e+10 -5.761126215667192740e-01 -9.317290143262381363e+00
3.478499999529230499e+10 -6.540909858168423296e-01 -9.047790429069975104e+00
3.478499999537776184e+10 -5.118532243390134795e-01 -8.701981824827248246e+00
3.478499999550977325e+10 -8.413294210574582266e-01 -8.847369818309568146e+00
3.478499999517179871e+10 -9.632061566053565782e-01 -8.981676973300389832e+00
3.478499999506904602e+10 -6.384155980416577059e-01 -9.157948361974209917e+00
3.478499999506452942e+10 -7.443284306742102840e-01 -9.526568280551593659e+00
3.478499999507720184e+10 -4.167198721599171263e-01 -9.725642744810066631e+00
3.478499999490967560e+10 -2.018761955925154339e-01 -9.455651895567475762e+00
3.478499999506822205e+10 -3.661320116202935182e-01 -9.763874540413164382e+00
3.478499999507967377e+10 -1.029821946776435238e-01 -1.004269266900017499e+01
3.478499999495245361e+10 -1.884635121254915613e-01 -1.039429754509421144e+01
3.478499999525480652e+10 4.063986913030689929e-02 -1.045098796567854293e+01
3.478499999544499969e+10 2.123849800058192072e-01 -1.073637959628147165e+01
3.478499999542478943e+10 4.132387458524012791e-01 -1.041023888004686881e+01
3.478499999527745819e+10 7.316591909582246256e-01 -1.056522227419835147e+01
3.478499999551615143e+10 5.501009457031118544e-01 -1.080434533311274414e+01
3.478499999534821320e+10 5.958225553941037811e-01 -1.114614053976364083e+01
3.478499999555129242e+10 5.456769053874218622e-01 -1.082463849014407309e+01
3.478499999532041168e+10 4.383025175794361128e-01 -1.111148663776790713e+01
3.478499999494414520e+10 3.805645172047327218e-01 -1.115846934022757786e+01
3.478499999476953888e+10 3.895732393735311105e-01 -1.149986408119364611e+01
3.478499999503963470e+10 1.570857652864982024e-01 -1.164169197773936304e+01
3.478499999495994568e+10 4.157333727730094797e-02 -1.128472515068748550e+01
3.478499999533326721e+10 -2.588637924501829835e-02 -1.134126488621279449e+01
3.478499999537677765e+10 6.186994871975343147e-02 -1.097042200479831031e+01
3.478499999547940826e+10 -3.183523211530264740e-02 -1.061292472002334364e+01
3.478499999529322052e+10 3.034578338464010705e-01 -1.060728782193101516e+01
3.478499999552017975e+10 5.667051966700633603e-01 -1.044508694843748309e+01
3.478499999562272644e+10 8.957037991232862373e-01 -1.027667310484516960e+01
3.478499999527998352e+10 1.067251533824425058e+00 -1.026201815920909155e+01
3.478499999543376160e+10 7.608452421355467177e-01 -1.043402675637969068e+01
3.478499999521570587e+10 6.398002036469244702e-01 -1.014262016296697411e+01
3.478499999554096985e+10 6.262313628726594583e-01 -9.939793432864702183e+00
3.478499999589009857e+10 7.598508512264388060e-01 -9.853911624065901265e+00
3.478499999613944244e+10 5.580440103610042613e-01 -1.006419422870925118e+01
3.478499999592803192e+10 6.150474738756849247e-01 -9.749275485151537524e+00
3.478499999592456818e+10 6.597578720478448622e-01 -9.368345690699378281e+00
3.478499999592781067e+10 6.834921336003308978e-01 -9.751157257895593844e+00
3.478499999609757233e+10 4.285175623098340658e-01 -9.520315567651058686e+00
3.478499999589018250e+10 4.226705357112621186e-01 -9.197709608329164510e+00
3.478499999611979675e+10 6.582069135216227496e-01 -9.394991474659343922e+00
3.478499999624884796e+10 5.276608249716352450e-01 -9.058209057633488825e+00
3.478499999642457581e+10 3.895364768847330295e-01 -8.746502162942839220e+00
3.478499999639555359e+10 3.009524219053810734e-02 -8.615818899298307798e+00
3.478499999625242615e+10 -2.248547892777726376e-01 -8.367557418596286212e+00
3.478499999633096313e+10 -1.746404282050389167e-01 -8.739618310198759232e+00
3.478499999669673157e+10 -2.675233390791922905e-01 -8.671011497113921607e+00
3.478499999670978546e+10 -3.074191992585130206e-01 -8.289754985324325531e+00
3.478499999679291534e+10 -3.082197532142870178e-01 -8.664198149082688261e+00
3.478499999671530914e+10 -5.163221927291088420e-01 -8.351485766246874221e+00
3.478499999639852905e+10 -4.989193071466801466e-01 -8.567046625846156616e+00
3.478499999639564514e+10 -5.183898676014890849e-01 -8.183991664618496031e+00
3.478499999663427734e+10 -3.686912777750642189e-01 -7.923675878707618914e+00
3.478499999667242432e+10 -4.229737833745784714e-01 -8.301454516559523711e+00
3.478499999671414948e+10 -3.693178490881313669e-01 -7.923964899817325325e+00
3.478499999676818085e+10 -3.776920029138242096e-01 -7.544321976979492028e+00
3.478499999700493622e+10 -1.630116248750740071e-01 -7.332241492662944005e+00
3.478499999669902802e+10 -3.606889945239646900e-01 -7.452505671945424126e+00
3.478499999670825195e+10 -3.544583688958491963e-01 -7.835904454264795760e+00
3.478499999664449310e+10 -2.055394399618024615e-01 -7.488231683147016149e+00
3.478499999671398926e+10 -5.828575926177936850e-02 -7.835513962306428049e+00
3.478499999683731079e+10 -3.110772991328557002e-01 -8.096295462488196648e+00
3.478499999676236725e+10 -6.599316351612085629e-01 -8.237018907732954531e+00
3.478499999708753967e+10 -8.537175371645636668e-01 -8.175131796962348929e+00
3.478499999722200775e+10 -8.152927239571388096e-01 -8.532286499365127952e+00
3.478499999741065979e+10 -1.134737417362558398e+00 -8.629669556205506353e+00
3.478499999754795074e+10 -1.401109286502778550e+00 -8.869075321734902317e+00
3.478499999787865448e+10 -1.206839471776147033e+00 -8.865272519406703466e+00
3.478499999783740234e+10 -1.469988823664388988e+00 -9.141260077044979226e+00
3.478499999763974762e+10 -1.462079443555764025e+00 -8.812643893708669296e+00
3.478499999796361542e+10 -1.648493027750381534e+00 -8.726168960810845476e+00
3.478499999790199280e+10 -1.679413209097631698e+00 -8.348855300204089502e+00
3.478499999767623138e+10 -1.782649027515298412e+00 -8.641245504857046456e+00
3.478499999746399689e+10 -1.703405819721685255e+00 -8.950756246915373637e+00
3.478499999767558289e+10 -1.650563506406517611e+00 -9.266285782390621506e+00
3.478499999735501099e+10 -1.584101298677413450e+00 -9.466127931942372342e+00
3.478499999734899902e+10 -1.578392048455774743e+00 -9.082657255195117685e+00
3.478499999734128571e+10 -1.278938459013885698e+00 -9.322212209912244418e+00
3.478499999738145447e+10 -1.280797761958555991e+00 -8.940765891768647222e+00
3.478499999708660889e+10 -1.181890171863735794e+00 -9.165265526387427641e+00
3.478499999671620941e+10 -1.099137265933360030e+00 -9.220697011627640549e+00
3.478499999668708038e+10 -9.175245629429129579e-01 -8.884116096731299095e+00
3.478499999665111542e+10 -1.004476141766255770e+00 -8.512276846803279895e+00
3.478499999691561890e+10 -9.455393271450316384e-01 -8.240828392343569675e+00
3.478499999710144806e+10 -6.205127324994241800e-01 -8.324158475733929308e+00
3.478499999715617371e+10 -2.754551768037702408e-01 -8.482457468737136352e+00
3.478499999724765015e+10 -3.535207453327888771e-01 -8.846676886771298598e+00
3.478499999687477112e+10 -2.651773983936515089e-01 -8.863300160844755027e+00
3.478499999678603363e+10 -5.114126745064406787e-01 -9.143679260166850398e+00
3.478499999641964722e+10 -6.108718347700674567e-01 -9.198319946742303799e+00
3.478499999606563568e+10 -4.863478475601491491e-01 -9.119034695000591384e+00
3.478499999604814911e+10 -2.267843967650791104e-01 -9.400884800538550579e+00
3.478499999603887177e+10 -1.446466893746184423e-02 -9.720185305064253711e+00
3.478499999618230438e+10 -1.825499084726927845e-01 -9.406669544335455768e+00
3.478499999619871521e+10 1.619975702374072124e-01 -9.238930936128090465e+00
3.478499999650498962e+10 -2.220921911206141797e-02 -9.378149776249230740e+00
3.478499999651747894e+10 -3.659847287071531230e-02 -8.995062951698065135e+00
3.478499999677196503e+10 1.900507328957069531e-01 -8.819036546656924713e+00
3.478499999680794525e+10 2.224115692707027692e-01 -9.199531728122240182e+00
3.478499999674510193e+10 5.471310612406481422e-01 -9.393764829779318148e+00
3.478499999683785248e+10 4.763248476897836703e-01 -9.028384309645380412e+00
3.478499999691425323e+10 5.756840107954345198e-01 -9.390888651623995997e+00
3.478499999669615936e+10 8.161843737179753644e-01 -9.186648504326591080e+00
3.478499999677826691e+10 7.372620757801113811e-01 -9.552910664153008824e+00
3.478499999657938385e+10 4.292370196457582776e-01 -9.440289588502910334e+00
3.478499999649496460e+10 1.976022987303241440e-01 -9.146457956211850870e+00
3.478499999616851807e+10 7.862169465736833229e-02 -9.308921056009689110e+00
3.478499999588262177e+10 1.701455094286348224e-01 -9.070167256113705889e+00
3.478499999606034851e+10 3.195989841816580523e-01 -9.375446642103121064e+00
3.478499999594423676e+10 5.822043937017696846e-01 -9.629759599443827867e+00
3.478499999588311005e+10 2.036711070791695777e-01 -9.639482811234998394e+00
3.478499999597618866e+10 3.256710355288208181e-01 -9.287955341467430515e+00
3.478499999592308807e+10 6.865923181195294767e-01 -9.406424638919448356e+00
3.478499999578447723e+10 8.757386619123572746e-01 -9.102896277517977808e+00
3.478499999567784882e+10 1.089753253047350601e+00 -9.402806438324649463e+00
3.478499999565396881e+10 9.362282531288327325e-01 -9.753488938520645135e+00
3.478499999587031555e+10 6.660105154815688655e-01 -9.588279629529045778e+00
3.478499999580570221e+10 6.443055921999932822e-01 -9.210824529020030127e+00
3.478499999579534912e+10 6.749871094259223270e-01 -8.828633447434214077e+00
3.478499999584569550e+10 3.953080117355700640e-01 -9.086243947292164336e+00
3.478499999578388214e+10 4.680307079190652586e-01 -9.457739747946163789e+00
3.478499999572326660e+10 1.009493346705814254e-01 -9.364488955326185859e+00
3.478499999571618652e+10 1.121635187585479088e-01 -8.981157940159409492e+00
3.478499999585211182e+10 1.517150089509511912e-01 -8.624677080763616388e+00
3.478499999584391785e+10 1.145516223724853677e-01 -9.006344911540484333e+00
3.478499999586669159e+10 -7.405125647975349668e-02 -8.673134856579926222e+00
3.478499999586872864e+10 2.146116465996888711e-01 -8.420571738117800464e+00
3.478499999612326050e+10 -4.029121551618941588e-03 -8.606386332041426002e+00
3.478499999615944672e+10 -1.444973046811736661e-01 -8.961460833917202606e+00
3.478499999615627289e+10 -3.541186458228660072e-01 -9.282657565004917899e+00
3.478499999622285461e+10 3.946297898926642844e-03 -9.162344901630111949e+00
3.478499999585346985e+10 6.661368137864909222e-02 -9.244476387828820307e+00
3.478499999592960358e+10 4.288747496771445622e-01 -9.144034136787656308e+00
3.478499999617842102e+10 4.228907718572844643e-01 -8.852192243512959635e+00
3.478499999592569733e+10 6.221630636478860943e-01 -8.643527849866822876e+00
3.478499999567620850e+10 5.022096478995701219e-01 -8.378034836791149687e+00
3.478499999594612885e+10 6.342742217299899288e-01 -8.139660668660699372e+00
3.478499999594395447e+10 6.207545193390130445e-01 -8.522976490676011707e+00
3.478499999626727295e+10 8.159317323771999586e-01 -8.455983537994772092e+00
3.478499999646526337e+10 6.174339694891106678e-01 -8.194228318176234538e+00
3.478499999659217834e+10 6.343240733026856981e-01 -7.832666999412689179e+00
3.478499999660186768e+10 3.423380799260113960e-01 -8.081200359034577119e+00
3.478499999641716003e+10 4.973656510417362453e-01 -7.782925204745338554e+00
3.478499999647010803e+10 8.096673237215334940e-01 -7.566631845153766633e+00
3.478499999614895630e+10 8.225716668313683977e-01 -7.357312412833564075e+00
3.478499999624351501e+10 7.654787854170425065e-01 -6.990001586622906160e+00
3.478499999652494049e+10 7.007634734131041876e-01 -6.737549050685003316e+00
3.478499999638636780e+10 9.569571258892037857e-01 -6.987109755180582304e+00
3.478499999665463257e+10 1.022398797788434788e+00 -7.253321995434184544e+00
3.478499999628208923e+10 9.542726166687079958e-01 -7.192577398847855186e+00
3.478499999607196045e+10 9.336603420807874087e-01 -6.872358320250898878e+00
3.478499999615134430e+10 9.587376399337287358e-01 -6.497941689666864917e+00
3.478499999595941925e+10 1.290443047763394357e+00 -6.513942917634034657e+00
3.478499999621199799e+10 1.181589471083735798e+00 -6.781289140753783862e+00
3.478499999645951843e+10 1.100480898714787159e+00 -7.062846965883358585e+00
3.478499999675166321e+10 1.224094812762826612e+00 -6.847230950414320283e+00
3.478499999648808289e+10 1.416328341373760624e+00 -7.048949583618989045e+00
3.478499999675108337e+10 1.312780091875463961e+00 -6.789668470057024230e+00
3.478499999689199829e+10 9.930425226990355903e-01 -6.947877188136764914e+00
3.478499999726731110e+10 9.832185172768006520e-01 -7.026368947961413980e+00
3.478499999726366425e+10 9.790252480657738454e-01 -6.642848865712977613e+00
3.478499999719425201e+10 1.307689363383913950e+00 -6.457698874644634657e+00
3.478499999733103180e+10 1.630053872941834348e+00 -6.301202384623655561e+00
3.478499999745117188e+10 1.420176201487253431e+00 -6.003482494280801163e+00
3.478499999782057190e+10 1.364529152595684192e+00 -6.090448669930739634e+00
3.478499999771408081e+10 1.640395606276030316e+00 -6.334734123516561510e+00
3.478499999794056702e+10 1.924286405201860450e+00 -6.211334354755106091e+00
3.478499999755992889e+10 1.969763944692129343e+00 -6.224130861140038107e+00
3.478499999762429810e+10 1.825415465288087402e+00 -5.874647410830046823e+00
3.478499999800271606e+10 1.823960510040426586e+00 -5.812054935729471516e+00
3.478499999806304932e+10 1.842778696341413225e+00 -6.190372777930701176e+00
3.478499999805764771e+10 1.471735298248387114e+00 -6.287409587274567002e+00
3.478499999833114624e+10 1.618788400597666488e+00 -6.512557076759811991e+00
3.478499999825627136e+10 1.356062929733943934e+00 -6.243320920001695917e+00
3.478499999827501678e+10 1.416648849244350528e+00 -5.865039789580194451e+00
3.478499999824427795e+10 1.402552787028216175e+00 -5.482973254374897465e+00
3.478499999794847870e+10 1.626801549191400298e+00 -5.386366357534153160e+00
3.478499999801440430e+10 1.663051093789904122e+00 -5.762476253707941254e+00
3.478499999777805328e+10 1.908992886876472728e+00 -5.587067260562410986e+00
3.478499999804132843e+10 2.126298570489701056e+00 -5.761946186400811243e+00
3.478499999837159729e+10 1.965630796535317693e+00 -5.872514622820157904e+00
3.478499999862854004e+10 1.943341617736956684e+00 -5.588609289547002312e+00
3.478499999858966064e+10 2.189268271536690680e+00 -5.880374128004112855e+00
3.478499999833946991e+10 2.426545634395586681e+00 -5.712383382808804200e+00
3.478499999833324432e+10 2.555795625072586841e+00 -6.073457046251934166e+00
3.478499999853246307e+10 2.580425936612030124e+00 -5.746617512939576677e+00
3.478499999856802368e+10 2.460545637737992397e+00 -5.384012269996163447e+00
3.478499999846615601e+10 2.821099876598240019e+00 -5.301899302121785951e+00
3.478499999841436005e+10 2.816435106019041346e+00 -5.681917348005046442e+00
3.478499999805803680e+10 2.691563543909512024e+00 -5.614380212348689447e+00
3.478499999797555542e+10 2.751920189944053963e+00 -5.244688006257787194e+00
3.478499999789064789e+10 2.738741622875579651e+00 -4.870876240128473533e+00
3.478499999815618134e+10 2.869130431932362502e+00 -5.115030008680966134e+00
3.478499999828006744e+10 2.629599514340953181e+00 -5.387786412447981732e+00
3.478499999827873230e+10 2.631911555879464348e+00 -5.004235367389253675e+00
3.478499999861444092e+10 2.458504212608444206e+00 -4.938282000680702666e+00
3.478499999843831635e+10 2.542225576315681135e+00 -5.268569542720246801e+00
3.478499999852288055e+10 2.193169010976076638e+00 -5.403207188635500202e+00
3.478499999864276123e+10 2.245496256545274960e+00 -5.763773953517002724e+00
3.478499999876059723e+10 2.087547167387022284e+00 -6.092842047413732587e+00
3.478499999848833466e+10 2.057129606857206472e+00 -6.361295672589336370e+00
3.478499999857648468e+10 1.934405673749943766e+00 -6.008751896861768138e+00
3.478499999878060913e+10 2.187695371691007473e+00 -6.211965921173938199e+00
3.478499999872697449e+10 2.364817022213113074e+00 -6.547927278540572438e+00
3.478499999875765228e+10 2.354504474407334680e+00 -6.165735056484285437e+00
3.478499999885257721e+10 2.424603160580841354e+00 -6.530692359094338428e+00
3.478499999917631531e+10 2.301860927719462602e+00 -6.365633480449696791e+00
3.478499999952252197e+10 2.438966064635866182e+00 -6.273652644206590523e+00
3.478499999943579102e+10 2.395284827041030962e+00 -6.644716678718751268e+00
3.478499999946060944e+10 2.015884439885739177e+00 -6.695291566681507156e+00
3.478499999954203033e+10 2.174258663797785651e+00 -7.035007941239603824e+00
3.478499999929834747e+10 1.971827210744338643e+00 -7.251247285723226632e+00
3.478499999941960144e+10 2.053403352539370896e+00 -7.605874672628004873e+00
3.478499999933024597e+10 1.757323318178200866e+00 -7.832746549988778284e+00
3.478499999901439667e+10 1.620252638123921063e+00 -7.663726249944768476e+00
3.478499999868144989e+10 1.555740111937932824e+00 -7.484553491892460109e+00
3.478499999905577087e+10 1.537024331841221780e+00 -7.566109477145904094e+00
3.478499999939774323e+10 1.633406120920365634e+00 -7.710620843156348769e+00
3.478499999950981140e+10 1.307696389247743785e+00 -7.541881983173197135e+00
3.478499999985788727e+10 1.468604531269976254e+00 -7.550308266439015092e+00
3.478499999961579895e+10 1.206962973155047303e+00 -7.691927464467203102e+00
3.478499999990694427e+10 1.202191912192049017e+00 -7.442264017383616093e+00
3.478499999994606018e+10 1.023017871484864560e+00 -7.779139689810336655e+00
3.478499999994110870e+10 1.005873678090085654e+00 -7.395994690418623563e+00
3.478500000026463318e+10 8.579319087625065787e-01 -7.252591897386620801e+00
