2.087100000000000000e+10 0.000000000000000000e+00 0.000000000000000000e+00
2.087099999985220337e+10 1.552283364422548523e-02 2.790123429487799678e-01
2.087099999984773636e+10 -1.287111860241170469e-02 -3.579946907063186190e-02
2.087099999963825607e+10 -2.491293018869432663e-01 -2.052355026195630538e-02
2.087099999977266312e+10 -1.016452676865967630e-01 -2.657081575523950745e-01
2.087099999963955307e+10 1.836187735855592806e-01 -2.946770219409269864e-01
2.087099999983277130e+10 3.823642228875900884e-01 -1.426912547653573227e-01
2.087099999978726578e+10 1.875079194840376939e-01 -3.874215775423006103e-01
2.087099999978374100e+10 1.890926066046382525e-01 -7.035192460580893536e-01
2.087099999983866882e+10 2.681874320001996770e-01 -1.004616874489243195e+00
2.087099999980791092e+10 3.309549371405891005e-01 -1.312913559227519178e+00
2.087099999984855652e+10 2.052749388170197753e-01 -1.600115663413674838e+00
2.087099999997098160e+10 9.402275743731192126e-02 -1.330732303295343089e+00
2.087099999969357681e+10 1.993210903726523042e-01 -1.439780017108396981e+00
2.087099999949767685e+10 -4.741789858612607822e-02 -1.413798134658753147e+00
2.087099999929798889e+10 -2.886226575243677761e-01 -1.457136522959479485e+00
2.087099999931307983e+10 -2.897810500309041526e-01 -1.772895180555815964e+00
2.087099999913348389e+10 -4.551232040828335768e-01 -1.973743663298445750e+00
2.087099999927296066e+10 -6.549742335988325559e-01 -2.175085871462922871e+00
2.087099999940330124e+10 -7.966036572554304751e-01 -2.425855793399055660e+00
2.087099999963173676e+10 -9.948818546607504087e-01 -2.517700029332171408e+00
2.087099999965908432e+10 -1.046232181429588071e+00 -2.206978275683275648e+00
2.087099999981046295e+10 -7.839034084407161540e-01 -2.297539393850916323e+00
2.087099999992236328e+10 -6.314037265600935811e-01 -2.044252078659241079e+00
2.087099999984601593e+10 -6.248711493184876398e-01 -1.737558294280296511e+00
2.087099999999965286e+10 -6.132961287234414138e-01 -1.461523991580340853e+00
2.087099999996762466e+10 -4.900767628693774580e-01 -1.750874746377901303e+00
2.087100000007762527e+10 -1.959089513751610112e-01 -1.786905323938403400e+00
2.087100000003353119e+10 -1.738137971828147832e-01 -2.099155327908859725e+00
2.087100000005570221e+10 -4.877100804761528297e-01 -2.068985836335850426e+00
2.087099999987054443e+10 -5.872066541999144684e-01 -1.832872694751904952e+00
2.087099999977545929e+10 -3.662241352532233929e-01 -2.037953139011480008e+00
2.087099999960967255e+10 -1.060987389912548817e-01 -1.968800454187914273e+00
2.087099999990062714e+10 7.721509730814035688e-03 -2.016995020580707010e+00
2.087100000013273239e+10 6.681981568481465059e-04 -2.231495074507084730e+00
