6.957000000000000000e+09 0.000000000000000000e+00 0.000000000000000000e+00
6.957000000017930031e+09 -2.362780192876232643e-01 1.681835886715870032e-01
6.956999999944370270e+09 -5.006818865855326983e-01 2.636509731277569268e-01
6.956999999912405014e+09 -5.500914279786726091e-01 -2.090376002880639517e-02
6.956999999891634941e+09 -2.604718977377371014e-01 -3.202252599482082601e-02
6.956999999693997383e+09 -1.185025941220435586e-01 1.267806676532125532e-01
6.956999999452626228e+09 -2.701678950541305246e-01 1.831031417042562337e-01
6.956999999509616852e+09 -3.825553978865766647e-01 -7.872803712210929561e-02
6.956999999590481758e+09 -2.414734765892938562e-01 -3.195418002818728453e-01
6.956999999572545052e+09 -1.945891964032271382e-01 -6.057491371592720331e-01
6.956999999368963242e+09 -3.563760593737783644e-01 -7.354184213190222419e-01
6.956999999350962639e+09 -1.886240432827059332e-01 -9.719976886680230521e-01
6.956999999328471184e+09 8.582216082368449017e-02 -1.064776616622697958e+00
6.956999999420739174e+09 1.607687535733026696e-02 -7.982119837603409707e-01
6.956999999518138885e+09 -2.112218874734750063e-01 -6.456239578603771845e-01
6.956999999692340851e+09 -3.500504665438867180e-01 -4.590363489691947074e-01
6.956999999970483780e+09 -2.696262822443060703e-01 -4.835899987918360621e-01
6.957000000041541100e+09 -1.949541136960982191e-01 -7.552689849619456108e-01
6.957000000100559235e+09 -4.492194697479086618e-01 -6.275956975558806272e-01
