3.478500000000000000e+10 0.000000000000000000e+00 0.000000000000000000e+00
3.478499999998866272e+10 2.586703663087052130e-01 -2.829835462438536342e-01
3.478499999991101074e+10 -8.634059945047012352e-03 -1.909429463837530871e-02
3.478499999987558746e+10 3.266910179982867590e-01 -2.019074981855523143e-01
3.478499999955312347e+10 5.318478721970261169e-01 -1.695545915939477288e-01
3.478499999980278778e+10 4.547186240425352133e-01 -4.503365491147505173e-01
3.478499999958665466e+10 5.673220812166286375e-01 -1.541505318069427699e-01
3.478499999986566925e+10 3.304495342195127305e-01 -3.943516177792247279e-02
3.478499999986853027e+10 3.304121882564551305e-01 -4.229848327339850167e-01
3.478499999976650238e+10 3.604356790075404771e-01 -7.915049967618990046e-01
3.478499999976364136e+10 5.521195992484303483e-01 -1.123721221406582149e+00
3.478499999949594879e+10 6.409549888294863162e-01 -8.637842229785779313e-01
3.478499999954177856e+10 5.746079906924868030e-01 -1.238772175267288222e+00
3.478499999945405579e+10 2.157751542866009342e-01 -1.342031378415829979e+00
3.478499999942905426e+10 -5.610569346099963939e-02 -1.072635233535134791e+00
3.478499999937471771e+10 -2.841752425825698758e-01 -7.690730646923253921e-01
3.478499999955367279e+10 -3.868763906379725226e-01 -1.092407070224204135e+00
3.478499999951296997e+10 -5.498755497750562604e-01 -7.475987020528460647e-01
3.478499999947591400e+10 -2.528132755248104768e-01 -5.078088889445560028e-01
3.478499999971521759e+10 -5.525294472497775944e-01 -5.032493407395211005e-01
3.478499999961063385e+10 -9.085976040840086920e-01 -6.001867850575082208e-01
3.478499999944645691e+10 -5.621348543471746950e-01 -5.888987272424148767e-01
3.478499999978086090e+10 -3.851726014425914668e-01 -6.519764587877221462e-01
3.478499999972536469e+10 -2.489937264034921272e-01 -2.977254124661253276e-01
3.478499999971813202e+10 -5.238469062314080604e-01 -5.651613113348525896e-01
3.478499999972796631e+10 -2.355227238505256948e-01 -3.123945365508388194e-01
3.478499999987837219e+10 6.442484179072605066e-02 -1.265744370276142561e-01
3.478499999990515137e+10 -1.047892113376956147e-01 2.165992178732714935e-01
3.478499999981862640e+10 -1.039942246828039069e-01 -1.570728096610574387e-01
3.478499999997579956e+10 -1.643651090696851558e-01 -5.017036250659954177e-01
3.478500000009331512e+10 -1.219615939686819056e-01 -8.643470231516554581e-01
3.478500000021939087e+10 1.234223031329230585e-01 -1.130823079857839364e+00
