6.957000000000000000e+09 0.000000000000000000e+00 0.000000000000000000e+00
6.956999999903622627e+09 -1.079514863120131229e-01 2.519768291693237905e-01
6.956999999880467415e+09 7.604536691920243952e-02 2.827282859907143120e-02
6.956999999614374161e+09 6.959793359683261182e-03 -6.583248018767250131e-02
6.956999999875746727e+09 -8.287581644542051096e-02 2.388189412954490332e-02
6.956999999719955444e+09 -2.124181051312402091e-01 -1.844021729193025538e-01
6.956999999996726990e+09 -1.630036511809931088e-01 -1.109856228861458710e-01
6.956999999968981743e+09 -3.115622340005018698e-01 1.371978264867265707e-01
6.956999999819010735e+09 -8.635208012034070735e-02 3.125702389480070065e-02
6.956999999954676628e+09 -1.051163672744189898e-01 -2.250186535378091712e-01
6.956999999853078842e+09 -1.079655866967205308e-01 4.720221856149284245e-02
6.956999999593543053e+09 -6.528200714088594481e-02 1.707076887666711396e-01
6.956999999449127197e+09 -5.538848144722539890e-02 4.226612701781699566e-01
6.956999999556967735e+09 -1.551591121570294884e-01 1.719606696765093035e-01
6.956999999483605385e+09 6.937467317685588886e-02 2.735951021825416829e-03
6.956999999511614799e+09 1.964025110368874671e-01 2.625702766859354664e-01
6.956999999453128815e+09 4.809500628448559745e-01 2.693913334248599911e-01
6.956999999352190971e+09 7.153332007107541246e-01 1.304287448652433901e-01
6.956999999627802849e+09 7.995437643254921234e-01 1.675957955368053143e-01
6.956999999900466919e+09 7.501824551828584209e-01 2.550744096624463220e-01
6.956999999897521973e+09 7.461101554895981369e-01 -3.545827111190791303e-02
6.957000000031718254e+09 7.332252306520309348e-01 -2.928681603294724933e-01
6.957000000246588707e+09 9.186585025162695706e-01 -3.551560265078220202e-01
