2.087100000000000000e+10 0.000000000000000000e+00 0.000000000000000000e+00
2.087099999977392578e+10 -2.881200720126086273e-02 -2.190717059532362176e-01
2.087099999957033157e+10 -2.303670358040704469e-01 -3.527050399588829155e-01
2.087099999957963181e+10 -2.471546602165471396e-01 -6.682431635997112540e-01
2.087099999978490067e+10 -7.540568982580730939e-02 -5.000179254615431113e-01
2.087099999994512939e+10 3.908662449247786441e-02 -2.527300105240391503e-01
2.087099999989812469e+10 -2.347698113026365774e-01 -4.034814897257758548e-01
2.087099999995216751e+10 -3.716936333304884377e-01 -1.237247273344858067e-01
2.087099999991540146e+10 -4.498019099692175393e-01 -4.278301172885232151e-01
2.087099999988708878e+10 -6.940164641229831233e-01 -6.265520012453108523e-01
2.087099999967273331e+10 -5.758421932487438610e-01 -4.265042035090199635e-01
2.087099999993374634e+10 -7.517983563420507220e-01 -3.974531994902159582e-01
2.087099999999773026e+10 -1.024543903243308129e+00 -2.510002628566511129e-01
2.087099999998805237e+10 -8.130094585919437344e-01 -1.628295345968988617e-02
2.087099999994975281e+10 -5.299464089041403536e-01 1.191465296894765880e-01
2.087099999989194870e+10 -3.305485331876413246e-01 -1.192481406114019871e-01
2.087099999958510590e+10 -3.128281012702985864e-01 -4.531872871851563844e-02
2.087099999973341370e+10 -1.260951193047767094e-01 1.622106869819173181e-01
2.087099999992610550e+10 -3.674873442604849327e-02 3.963467774811727518e-01
2.087099999997571182e+10 -1.467900503845738502e-01 1.041775154418634330e-01
2.087100000004431152e+10 -3.238204703362399517e-01 3.569364543097973685e-01
2.087099999987854385e+10 -4.394630244509404315e-01 6.000024958294410959e-01
2.087099999980463791e+10 -2.514542446473715387e-01 8.431556090599992004e-01
2.087099999983989334e+10 -5.111468078143168725e-01 1.019930699924289641e+00
2.087099999987849045e+10 -8.206861578742302710e-01 1.071198957594585277e+00
2.087100000004178619e+10 -7.944658999935546584e-01 1.340604866809035123e+00
2.087100000001641083e+10 -8.712490990443634287e-01 1.035002019295853781e+00
2.087100000030619049e+10 -8.233766356423863897e-01 9.180876157340506216e-01
