2.087100000000000000e+10 0.000000000000000000e+00 0.000000000000000000e+00
2.087099999991433334e+10 2.395918572236118149e-01 1.875886946819366186e-01
2.087099999982404327e+10 3.346645181960479776e-01 4.752368888255357748e-01
2.087099999988062668e+10 3.681735730727002665e-01 1.660311726980270297e-01
2.087099999974430084e+10 4.222354400139360364e-01 4.460763902555170413e-01
2.087099999993505478e+10 2.059659816887167427e-01 3.165646471133362061e-01
2.087099999994620132e+10 3.155948367440183366e-01 6.128583162074037194e-01
2.087099999973476028e+10 8.122706381482686089e-02 6.301019372134356589e-01
2.087099999987316132e+10 2.622353648629712208e-01 4.109816819180717729e-01
2.087099999971163940e+10 5.006446263625299320e-01 5.413803885379246950e-01
2.087099999976783752e+10 2.375088004219125803e-01 3.754462187506545368e-01
2.087099999963841248e+10 2.092892611155626748e-01 6.624741298809591061e-01
2.087099999981697083e+10 3.166172902364246533e-01 4.247127310884613038e-01
2.087099999988197327e+10 8.190052078991119644e-02 2.231800825859900361e-01
2.087099999966823578e+10 9.972712341855179130e-02 4.554095748701019186e-01
2.087099999947919083e+10 1.993567195102016465e-01 2.224547640020822781e-01
2.087099999934492874e+10 1.297156562153477521e-01 5.000446338213726527e-01
2.087099999930531311e+10 3.420766018889763727e-01 7.308391547352681705e-01
2.087099999929624939e+10 3.487568673855434009e-01 4.149184776579611378e-01
2.087099999938087463e+10 4.471389636722583605e-02 4.330565609551831896e-01
2.087099999937921906e+10 3.305024347097072768e-02 1.171548648742097853e-01
2.087099999942231750e+10 7.635942751818072805e-04 4.286558137027974280e-01
2.087099999915927124e+10 -4.381618752490873403e-02 5.982210548107739223e-01
2.087099999921339798e+10 -6.485183017155886354e-03 9.074285557734342866e-01
2.087099999938237762e+10 8.557089583665941634e-02 6.566209994805604078e-01
2.087099999947926712e+10 3.707233422675947354e-01 7.527090835575748207e-01
2.087099999944761276e+10 3.567782914432343633e-01 1.066932099786950028e+00
2.087099999960666656e+10 5.560154497399869555e-01 8.800134969285623443e-01
2.087099999936801529e+10 4.321015044991134979e-01 7.138117293469208313e-01
2.087099999922290802e+10 3.279754876622077431e-01 9.746452365471703905e-01
2.087099999928383255e+10 1.831259728512113494e-02 9.564861807999903709e-01
2.087099999934811401e+10 3.271690204033279592e-01 9.766918403633677581e-01
2.087099999931049728e+10 3.159953617911717139e-01 1.290367963655399297e+00
2.087099999920489120e+10 3.856342196058977212e-01 1.580075957678420906e+00
2.087099999922841263e+10 1.070315021118604104e-01 1.432563257405097268e+00
2.087099999953580475e+10 3.392787603321477385e-02 1.422635576826876358e+00
2.087099999951651382e+10 3.469146286881861219e-01 1.382637910322819019e+00
2.087099999945689011e+10 4.328156652269047333e-01 1.680964404434302839e+00
2.087099999951950836e+10 6.534860370724073775e-01 1.463441388723469405e+00
2.087099999937136078e+10 3.788047810811500105e-01 1.413089754049863034e+00
2.087099999931010056e+10 3.691926759961081661e-01 1.723069158003308177e+00
2.087099999957910538e+10 2.032708169249230756e-01 1.729319881326536246e+00
2.087099999967177963e+10 2.537638087326368752e-01 2.027303621508127485e+00
2.087099999948404694e+10 2.523483497701409228e-02 2.138945134436805784e+00
2.087099999938814163e+10 6.211537711616321039e-02 2.437901389098278138e+00
2.087099999928324127e+10 2.455503919075372604e-02 2.142066815786147327e+00
2.087099999919895172e+10 7.483338661307187278e-02 2.442566485949595911e+00
2.087099999919212723e+10 -2.217709994436922183e-01 2.551708317464246090e+00
2.087099999899153137e+10 -4.335721596420882840e-01 2.429911472547550133e+00
2.087099999908938980e+10 -1.811723703984733369e-01 2.266661389773688473e+00
2.087099999929936600e+10 -3.145401452280761068e-01 2.461739714752934738e+00
2.087099999929701233e+10 -3.373498138018256598e-01 2.146451199575096780e+00
2.087099999948517227e+10 -9.634957910601046893e-02 2.226744754457324671e+00
2.087099999975768280e+10 -2.470405605281867090e-01 2.281186328211158632e+00
2.087099999977862167e+10 -5.315595344564472136e-01 2.417359380504541022e+00
2.087099999976417160e+10 -5.498254984046654359e-01 2.102097213049952451e+00
2.087099999957251358e+10 -5.345156025032189451e-01 1.851167198524335200e+00
2.087099999953301620e+10 -6.485528115155506645e-01 2.143345273087582825e+00
2.087099999949481964e+10 -6.222898565658399050e-01 1.830641141205036071e+00
2.087099999949607086e+10 -6.261100467871260067e-01 1.514545421149390503e+00
2.087099999950618744e+10 -6.084550822195292641e-01 1.830011107144812854e+00
2.087099999982198334e+10 -5.942788610874628619e-01 1.827768945187565608e+00
2.087099999980974197e+10 -6.241986362627085505e-01 2.142233022663184716e+00
2.087099999997859955e+10 -6.396814210352725905e-01 1.875436556209411076e+00
2.087100000003409195e+10 -9.341651973918629892e-01 1.774776854279942473e+00
2.087100000031297684e+10 -8.996660577213914101e-01 1.629981258741809214e+00
