6.957000000000000000e+09 0.000000000000000000e+00 0.000000000000000000e+00
6.956999999848518372e+09 2.205804245031581408e-03 2.479573813267759441e-01
6.956999999844326973e+09 -1.778765726005303027e-01 4.759645502755607827e-01
6.956999999946023941e+09 -1.722408911878773319e-01 7.481050282330463652e-01
6.956999999958857536e+09 -1.716956298124533709e-01 1.038397107206929793e+00
6.956999999972751617e+09 1.969116779101198755e-02 8.201941371915977275e-01
6.957000000041708946e+09 -9.330650768024312258e-02 5.615227771579243132e-01
6.957000000032710075e+09 -1.051107917668489544e-01 2.713259744767177462e-01
6.957000000020312309e+09 -1.007448686042466263e-01 -1.895273518012380309e-02
6.957000000238332748e+09 9.106851030814534786e-02 -2.940084860956684865e-02
