1.391400000000000000e+10 0.000000000000000000e+00 0.000000000000000000e+00
1.391399999971152115e+10 5.680903412728893070e-02 5.785364609822964133e-02
1.391399999968923569e+10 4.114809947639967019e-02 3.562697507564881461e-01
1.391399999969293785e+10 3.198314289989778736e-01 4.663424233678993280e-01
1.391399999972719574e+10 2.815878668405042973e-01 1.711171455745759129e-01
1.391399999965986633e+10 3.670349035472941779e-01 -1.080952659531424498e-01
1.391399999971286774e+10 5.603964071880094266e-01 -3.307974865246068874e-01
1.391399999971524811e+10 8.476032110434401634e-01 -2.453534008763362251e-01
1.391399999978540802e+10 8.028548219864409807e-01 -5.332237934278412084e-01
1.391399999980069923e+10 8.919726656110426033e-01 -8.189129562333199441e-01
1.391399999974105644e+10 7.237398016094698239e-01 -1.059609009675938740e+00
1.391399999949287987e+10 7.817258110787685954e-01 -9.020023182374208304e-01
1.391399999955953979e+10 5.286835202828004121e-01 -7.559883697479272691e-01
1.391399999974559784e+10 4.518058302650203029e-01 -5.340283295150313192e-01
1.391399999972566605e+10 5.338076017077781898e-01 -2.464999965274261573e-01
1.391399999970273399e+10 4.311120630385751884e-01 3.407413864824121452e-02
1.391399999948605537e+10 2.272311295148347621e-01 6.980441953144619904e-02
1.391399999965768051e+10 4.705333510831502530e-01 1.036080351169366698e-01
1.391399999971052742e+10 4.649345698036055907e-01 3.985148702343855875e-01
1.391399999978124237e+10 5.999812636715775582e-01 1.405304929514542001e-01
1.391399999986753082e+10 6.130785440800440300e-01 -1.461346343073553489e-01
1.391400000005214691e+10 8.461472748262148791e-01 -1.088526700889688448e-01
1.391400000020562744e+10 6.875115082337032169e-01 9.381122384919152180e-02
