2.782800000000000000e+10 0.000000000000000000e+00 0.000000000000000000e+00
2.782799999970292282e+10 4.147931319109891823e-02 -1.652475448395489543e-01
2.782799999985226822e+10 3.493084121008747100e-01 -1.800497605637885745e-01
2.782800000002415085e+10 1.767338038961427382e-01 6.069067058354396527e-02
2.782799999995014954e+10 4.431944247095581657e-01 2.626918813582691525e-01
2.782799999971376801e+10 4.358961664539287573e-01 1.499746100410817573e-02
2.782799999980886841e+10 1.897872132747862317e-01 2.333286242422834833e-01
2.782799999980686188e+10 1.892856172222672217e-01 -1.091298047206480104e-01
2.782799999986230850e+10 2.052307815299568849e-01 -4.466996030310573795e-01
2.782799999984966660e+10 2.201672057858105047e-01 -7.886048022182060580e-01
2.782800000010764313e+10 1.965901617890956077e-01 -5.646082476505633885e-01
