4.174200000000000000e+10 0.000000000000000000e+00 0.000000000000000000e+00
4.174199999975007629e+10 1.578456280894449393e-01 3.386120017877339849e-01
4.174199999974597168e+10 1.541540752491320776e-01 -1.108386307800767745e-01
4.174199999983275604e+10 4.849019385347985711e-01 1.808990255671725222e-01
4.174199999952380371e+10 2.857594361858445398e-01 -7.779946657290393031e-02
4.174199999950129700e+10 4.497409776878506515e-01 -4.956989173592578624e-01
4.174199999977268982e+10 8.080101191986641673e-01 -4.907996006413899437e-01
4.174199999973194885e+10 8.302239330633355285e-01 -4.371703322036391004e-02
4.174199999998128510e+10 9.394980572469819879e-01 -4.013880412800176489e-01
4.174199999984161377e+10 6.947209405146239636e-01 -7.515479476712506601e-01
4.174199999982575226e+10 6.947126977023259098e-01 -3.023433724248022481e-01
4.174199999982293701e+10 7.622230245868034659e-01 -7.467202232093423930e-01
4.174199999986767578e+10 8.249450319913472773e-01 -1.189552985784380068e+00
4.174200000007833862e+10 8.499070863965935141e-01 -1.585828284116534981e+00
4.174200000012632751e+10 9.934373195411105861e-01 -1.162587524982630072e+00
