2.087100000000000000e+10 0.000000000000000000e+00 0.000000000000000000e+00
2.087099999993381119e+10 -2.597402016240140700e-03 -3.091036039803070068e-01
2.087100000008202744e+10 -3.729235140240621388e-02 -5.861612280674661779e-01
2.087099999996080017e+10 -7.173180003044496433e-02 -8.760767105107647446e-01
2.087099999998584366e+10 2.315584158924031410e-01 -7.905169560491777103e-01
2.087099999997180176e+10 2.422108805904349405e-01 -4.748873569444921339e-01
2.087099999976708984e+10 3.102304730809897215e-01 -2.438050930663639426e-01
2.087099999976885223e+10 3.126775801470718652e-01 7.230180664856583617e-02
2.087099999999726486e+10 9.450375336450131392e-02 8.494388491432044996e-02
2.087099999976552963e+10 1.477036050576208126e-01 2.932716838643113499e-01
2.087099999989719009e+10 2.417892221361817862e-01 5.648340193152245892e-01
2.087099999991059494e+10 3.439744278835487612e-01 8.636838177471444222e-01
2.087099999973937607e+10 8.803449981318756112e-02 7.921900796597128869e-01
2.087099999982645035e+10 1.351113236974426368e-01 1.092413768587165990e+00
2.087099999983740234e+10 1.299019020362164600e-02 1.383788346597894403e+00
2.087100000007615280e+10 -7.353013446119416319e-02 1.195519229115542093e+00
2.087099999984520721e+10 -2.055122329614513521e-01 1.366331629058477937e+00
2.087099999961183167e+10 -1.334997356373199828e-01 1.567037676803359814e+00
2.087099999984118271e+10 -1.152338089371027219e-02 1.386891722442081809e+00
2.087099999983226395e+10 -7.646382762902434460e-02 1.696142161333916931e+00
2.087099999998344421e+10 3.060035268308350376e-02 1.439989107570466276e+00
2.087099999976615906e+10 -6.786317295278827821e-02 1.232566365979988365e+00
2.087099999966866684e+10 -1.686778845952662254e-01 9.492567955525135215e-01
2.087099999969145584e+10 -2.026677891733830172e-05 1.215654880821341433e+00
2.087099999968675995e+10 -5.213870925678474634e-03 1.531698599096874114e+00
2.087099999962337494e+10 -8.863972501080133459e-02 1.233445139311105887e+00
2.087099999988845444e+10 2.576235445706290261e-02 1.362196788015394677e+00
2.087099999990292358e+10 -2.814582935403578956e-01 1.435263967295101306e+00
2.087099999982022476e+10 -5.865703783687858941e-01 1.435865757810713239e+00
2.087099999999650955e+10 -8.476620854403159599e-01 1.409646414899177636e+00
2.087100000029130173e+10 -7.397666639799193034e-01 1.446910087921289501e+00
