6.957000000000000000e+09 0.000000000000000000e+00 0.000000000000000000e+00
6.957000000000483513e+09 -4.542611830958529634e-02 -2.870030171697326993e-01
6.957000000094499588e+09 2.265312941419545256e-01 -2.465732573867202293e-01
6.956999999965809822e+09 -2.856093420392388782e-02 -1.936445840996525170e-01
6.956999999836881638e+09 2.129872045548366066e-01 -9.634884728577748636e-02
6.956999999669990540e+09 4.506848734597904693e-01 -8.731029249639181422e-02
6.956999999773724556e+09 3.676439033704731463e-01 -3.457246011130334917e-01
6.956999999777325630e+09 4.807880656400707609e-01 -6.133436008701759201e-01
6.956999999765864372e+09 3.022584116523961417e-01 -3.843669796763136137e-01
6.956999999606198311e+09 5.247634482699614633e-01 -2.872449239471361326e-01
6.956999999512200356e+09 3.745217686341551500e-01 -5.175191790415230031e-01
6.956999999495748520e+09 3.196519051091158414e-01 -2.326452723894863461e-01
6.956999999492530823e+09 2.467570351351543734e-01 -5.139111267567182395e-01
6.956999999544459343e+09 -1.679276751502303822e-02 -4.030985902425961998e-01
6.956999999525272369e+09 -3.058252200305492385e-01 -4.260462599910999071e-01
6.956999999445920944e+09 -4.608296602977420275e-01 -6.586650785650495221e-01
6.956999999320773125e+09 -6.642961093340032930e-01 -8.241160029635796747e-01
6.956999999308501244e+09 -3.888735247400392780e-01 -9.159108937851611065e-01
6.956999999278958321e+09 -5.581778955438585488e-01 -6.816081677959686669e-01
6.956999999015240669e+09 -6.800781085885911903e-01 -6.763332007163183057e-01
6.956999999218241692e+09 -7.911499245588045071e-01 -5.005830176974384038e-01
6.956999999008866310e+09 -8.598892337946333342e-01 -6.899799633162901902e-01
6.956999998795345306e+09 -1.022380902149468973e+00 -8.015129044907622902e-01
6.956999998777334213e+09 -9.884363880119119150e-01 -1.089536968747385703e+00
6.956999998497515678e+09 -1.006790029504670780e+00 -1.013382593014846567e+00
6.956999998650207520e+09 -1.199421158895341843e+00 -8.584211426300832892e-01
6.956999998811690331e+09 -1.180246510765558199e+00 -6.176097909256864638e-01
6.956999998864718437e+09 -1.434069391269965354e+00 -4.864743264336349182e-01
6.956999998668538094e+09 -1.343612219894110060e+00 -2.921416237486953449e-01
6.956999998601909637e+09 -1.621582114902195393e+00 -3.443708501885123230e-01
6.956999998657965660e+09 -1.905045455627250250e+00 -3.136989452230360409e-01
6.956999998590200424e+09 -2.111181338268573349e+00 -1.204363551714265346e-01
6.956999998566062927e+09 -1.904676288498319714e+00 -3.234327228736568749e-01
6.956999998551845551e+09 -1.926418159990209711e+00 -6.128453049268605124e-01
6.956999998620198250e+09 -1.924864881647802672e+00 -8.952633738752580062e-01
6.956999998667697906e+09 -2.021423651485092954e+00 -6.253472376702955415e-01
6.956999998528154373e+09 -1.940425472306104515e+00 -3.836836203703687942e-01
6.956999998537636757e+09 -2.227722016937400795e+00 -3.411950832306712145e-01
6.956999998711841583e+09 -2.287626252407403804e+00 -1.164760337434128934e-01
6.956999998731057167e+09 -2.017739905815143509e+00 -2.224318593406028610e-01
6.956999998555497169e+09 -1.998912250337132157e+00 8.346458115731120175e-03
6.956999998407308578e+09 -2.161675266845681342e+00 1.980381814761993375e-01
6.956999998660076141e+09 -2.217466480733081724e+00 3.300623903754524857e-01
6.956999998674529076e+09 -2.227109539631412449e+00 4.000615064363383100e-02
6.956999998680035591e+09 -2.223411060099524050e+00 -2.504942837144278345e-01
6.956999998512412071e+09 -2.374911436222827632e+00 -4.332086548967069572e-01
6.956999998471363068e+09 -2.368699944545072267e+00 -1.456136943710795717e-01
6.956999998533658028e+09 -2.387397906266506276e+00 1.375897299919232042e-01
6.956999998550155640e+09 -2.146123463690177591e+00 -2.349706420612815427e-02
6.956999998290403366e+09 -2.168337272675998850e+00 1.048374040345761427e-01
6.956999998236860275e+09 -2.244410437039201067e+00 -1.704451163093296251e-01
6.956999998423639297e+09 -2.445518223145209724e+00 -2.658590592682948950e-01
6.956999998450490952e+09 -2.650116263748099499e+00 -6.127863663936525263e-02
6.956999998404788971e+09 -2.579877177171161495e+00 -3.395093649006000192e-01
6.956999998397581100e+09 -2.650580918332782865e+00 -5.775854044537720444e-02
6.956999998134840012e+09 -2.532785382427573673e+00 -9.681761100832894651e-02
6.956999997966035843e+09 -2.535624079909442941e+00 1.396808916335509354e-01
6.956999997968861580e+09 -2.533694050112727414e+00 -1.508751030325440612e-01
6.956999997976736069e+09 -2.419391053959754068e+00 -4.179093962543793950e-01
6.956999997846796036e+09 -2.394363258926976101e+00 -1.592134364554739778e-01
6.956999997999970436e+09 -2.181137610977214258e+00 -3.468640930980895765e-02
6.956999997980277061e+09 -2.375884587016307226e+00 -2.494427255608402394e-01
6.956999998041942596e+09 -2.653575009746020896e+00 -3.087714856594951929e-01
6.956999998020521164e+09 -2.831910265371470281e+00 -5.371837244951068735e-01
6.956999997996994972e+09 -2.760798592772111260e+00 -2.564273251351316674e-01
6.956999997897198677e+09 -3.002029307982384765e+00 -1.288228050295978089e-01
6.956999997625019073e+09 -2.904238584172992521e+00 -1.569218945919863550e-01
6.956999997462328911e+09 -3.048821304528973819e+00 3.559345719770107275e-02
6.956999997737049103e+09 -3.090940238600671908e+00 1.203832296229427057e-01
6.956999997732015610e+09 -2.801740692672582966e+00 1.481822159626589031e-01
6.956999997460501671e+09 -2.699686190582852863e+00 1.654893440617100364e-01
6.956999997450356483e+09 -2.617454233880435854e+00 -1.130236252892314608e-01
6.956999997558823586e+09 -2.885794750291752031e+00 -8.727924052100978491e-02
6.956999997632629395e+09 -2.961463553894113865e+00 -3.579476130738080131e-01
6.956999997413527489e+09 -3.148274897782197712e+00 -3.970690146942567611e-01
6.956999997674072266e+09 -3.040714440254594919e+00 -4.676484923081739020e-01
6.956999997936049461e+09 -2.921631947120152173e+00 -5.079210773844244908e-01
6.956999997703497887e+09 -2.908207403343078923e+00 -6.816279857075846493e-01
6.956999997811475754e+09 -3.164717301456736021e+00 -5.980942738044933149e-01
6.956999998075811386e+09 -3.284850561366219335e+00 -6.094506864365522025e-01
6.956999998180985451e+09 -3.242792129345128060e+00 -8.770399244503932490e-01
6.956999998051472664e+09 -3.127509951010306821e+00 -1.110215807533184051e+00
6.956999998051549911e+09 -3.126641351397190682e+00 -1.400790646754540791e+00
6.956999998139909744e+09 -3.390918788250648408e+00 -1.318423046807239540e+00
6.956999997939910889e+09 -3.185585163764431904e+00 -1.366100144415156370e+00
6.956999997741034508e+09 -3.392768437351248778e+00 -1.321852101411597813e+00
6.956999997767053604e+09 -3.680173983321328279e+00 -1.355845295291633779e+00
6.956999997734669685e+09 -3.657918677081133385e+00 -1.643752390856501044e+00
6.956999997625067711e+09 -3.565187491789383323e+00 -1.391120455965874303e+00
6.956999997435976982e+09 -3.726980176852913829e+00 -1.541128503974307229e+00
6.956999997382898331e+09 -3.959323976264618405e+00 -1.374895225968874923e+00
6.956999997577246666e+09 -3.743423391475835693e+00 -1.367824663846622713e+00
6.956999997642761230e+09 -4.026485062651040892e+00 -1.372122958519514491e+00
6.956999997523003578e+09 -4.034393385902494522e+00 -1.636754683859137360e+00
6.956999997393736839e+09 -3.924897907599420588e+00 -1.400671362971014577e+00
6.956999997381742477e+09 -4.055641442858132883e+00 -1.659894752459653455e+00
6.956999997434539795e+09 -3.905015964579039878e+00 -1.417080148991673560e+00
6.956999997298106194e+09 -4.155500625135279513e+00 -1.472557269862647011e+00
6.956999997143460274e+09 -4.297556800027005686e+00 -1.271711238753876261e+00
6.956999997253603935e+09 -4.175589034403027533e+00 -1.032072474851344568e+00
6.956999997228284836e+09 -4.153035568031471669e+00 -7.434814056036143093e-01
6.956999997250472069e+09 -4.164435544622175911e+00 -4.539779620066948795e-01
6.956999997501416206e+09 -4.106172248698604754e+00 -5.883918878313117995e-01
6.956999997430830956e+09 -4.018668218520510926e+00 -8.563381801920246783e-01
6.956999997426455498e+09 -4.032697181252267171e+00 -1.146542484229432945e+00
6.956999997452145576e+09 -3.953985438452571444e+00 -1.425072535323055334e+00
6.956999997542708397e+09 -3.900464809767310470e+00 -1.154206484665444288e+00
6.956999997410552025e+09 -3.643528107846060404e+00 -1.123341713163782174e+00
6.956999997493350983e+09 -3.583121273936455964e+00 -1.395242227124134038e+00
6.956999997326391220e+09 -3.591369581340211781e+00 -1.632920569540937228e+00
6.956999997294178963e+09 -3.433516478302284458e+00 -1.874745380705820308e+00
6.956999997369157791e+09 -3.647422967897516521e+00 -1.692930283945782710e+00
6.956999997235302925e+09 -3.783526941757877626e+00 -1.912003254635891825e+00
6.956999997228496552e+09 -3.616433537713154678e+00 -1.674373371170856828e+00
6.956999997324760437e+09 -3.636166118629360344e+00 -1.400916951644252118e+00
6.956999997503393173e+09 -3.805149945627904096e+00 -1.555737464076360599e+00
6.956999997711549759e+09 -3.692444565140741375e+00 -1.387205994315271695e+00
6.956999997574059486e+09 -3.662202025686560170e+00 -1.641403334695324734e+00
6.956999997313894272e+09 -3.555681395575592596e+00 -1.714900206513095160e+00
6.956999997326708794e+09 -3.501950954126060722e+00 -2.000177819821299163e+00
6.956999997427990913e+09 -3.245929890191505685e+00 -1.907281992290303929e+00
6.956999997298452377e+09 -3.501719696931052450e+00 -1.860104100322040210e+00
6.956999997545133591e+09 -3.412929085020930398e+00 -1.985399337349081694e+00
6.956999997311458588e+09 -3.411360161889788856e+00 -1.812690990047178374e+00
6.956999997466485023e+09 -3.458042849672707586e+00 -1.571398509268839616e+00
6.956999997266746521e+09 -3.439944123137002485e+00 -1.781664030737046822e+00
6.956999997284498215e+09 -3.691132827145437556e+00 -1.926659249242517857e+00
6.956999997261604309e+09 -3.929268928654473303e+00 -1.761730250590477054e+00
6.956999997004172325e+09 -3.846495440115372588e+00 -1.655373756180644307e+00
6.956999996844060898e+09 -3.771159172217714239e+00 -1.885858852784624506e+00
6.956999996901024818e+09 -3.931557040125404967e+00 -1.650354848773678995e+00
6.956999996987581253e+09 -3.747471673938687076e+00 -1.857852118257832696e+00
6.956999997025897026e+09 -3.771514374445760431e+00 -1.570818366426106394e+00
6.956999996945384026e+09 -3.553078293001960208e+00 -1.744708589727842041e+00
6.956999997184463501e+09 -3.474307043742328904e+00 -1.599551702994570279e+00
6.956999997331227303e+09 -3.465965996072465583e+00 -1.850201490394831838e+00
6.956999997173922539e+09 -3.408687503451865108e+00 -1.612696135540572451e+00
6.956999997335880280e+09 -3.236559758409539356e+00 -1.443651004345051669e+00
6.956999997416141510e+09 -3.149981223379774153e+00 -1.709163323235386889e+00
6.956999997294469833e+09 -2.985461991660883108e+00 -1.502852838231923061e+00
6.956999997230145454e+09 -3.171539352516986821e+00 -1.716563126132061523e+00
6.956999997347783089e+09 -3.416801527034343255e+00 -1.614375559547664984e+00
6.956999997264803886e+09 -3.146011302555766775e+00 -1.549402288321359622e+00
6.956999997129003525e+09 -2.899355891516119499e+00 -1.477612177332572330e+00
6.956999997125430107e+09 -2.899253062983395246e+00 -1.187058026517236353e+00
6.956999997324683189e+09 -2.838036696538862813e+00 -9.846101931924315931e-01
6.956999997281641960e+09 -2.825811313215821130e+00 -6.974995785544099158e-01
6.956999997296401024e+09 -2.600801183961672258e+00 -8.807674307125392676e-01
6.956999997351549149e+09 -2.557659982750130734e+00 -1.162781669817658736e+00
6.956999997317739487e+09 -2.660539873734661054e+00 -1.432424321499781161e+00
6.956999997431271553e+09 -2.803630389553532165e+00 -1.206437519543247294e+00
6.956999997583251953e+09 -2.947517091936540545e+00 -1.408014279241147193e+00
6.956999997401189804e+09 -3.173983834048858643e+00 -1.408742305875948730e+00
6.956999997390257835e+09 -3.063432572211703953e+00 -1.140240165853358301e+00
6.956999997396126747e+09 -3.056495299929479437e+00 -1.430674203023846403e+00
6.956999997612826347e+09 -2.940330975116121071e+00 -1.275813635825305603e+00
6.956999997536462784e+09 -3.092604189201482168e+00 -1.511219659086845857e+00
6.956999997476003647e+09 -3.067330178956675812e+00 -1.794310539184930109e+00
6.956999997382209778e+09 -2.879856667266312176e+00 -1.995534140777122101e+00
6.956999997329011917e+09 -3.160121990295784666e+00 -1.940254259162741413e+00
6.956999997455144882e+09 -2.905550273584588616e+00 -2.001232210141858925e+00
6.956999997558772087e+09 -2.636949314442248671e+00 -2.040595052249888131e+00
6.956999997566576958e+09 -2.877238998189670216e+00 -1.877394409086023508e+00
6.956999997561928749e+09 -2.874519086890408026e+00 -2.167920651739609017e+00
6.956999997727225304e+09 -3.107042258383169386e+00 -2.112742725362956708e+00
6.956999997784072876e+09 -2.907121227556002552e+00 -1.909680104949986967e+00
6.956999997659740448e+09 -2.725862074528631052e+00 -2.099735552618474888e+00
6.956999997709120750e+09 -2.910705717686941085e+00 -2.318433820917496391e+00
6.956999997886082649e+09 -2.768629847018948098e+00 -2.136957800817918862e+00
6.956999997895126343e+09 -2.643452778606167008e+00 -1.874882610764801116e+00
6.956999997825366020e+09 -2.664491260028400532e+00 -1.593590171496642061e+00
6.956999997863929749e+09 -2.381327445901501694e+00 -1.646178758672238951e+00
6.956999997829129219e+09 -2.352748613237136244e+00 -1.933244422928901418e+00
6.956999997931584358e+09 -2.287324703268846182e+00 -2.197170830003968067e+00
6.956999998172085762e+09 -2.326221713029316351e+00 -2.038801840000266541e+00
6.956999998200181007e+09 -2.047120976533315151e+00 -1.962986599237445340e+00
6.956999998192189217e+09 -1.762409326377045726e+00 -1.905454768068061577e+00
6.956999998097181320e+09 -2.033610561395681415e+00 -1.948558138773586412e+00
6.956999997966608047e+09 -1.790111219074890903e+00 -1.858595706659266655e+00
6.956999998002902985e+09 -1.577631107508744579e+00 -1.663738373209376675e+00
6.956999997987692833e+09 -1.604766745147654383e+00 -1.374832159086103456e+00
6.956999998170364380e+09 -1.793257215163731377e+00 -1.499478974127660624e+00
6.956999998398084641e+09 -1.954874732253386815e+00 -1.419117444811058837e+00
6.956999998228594780e+09 -1.719755786510917872e+00 -1.439773940266715346e+00
6.956999998019266129e+09 -1.574022754469313501e+00 -1.578978078110570227e+00
6.956999997884448051e+09 -1.316630982398384386e+00 -1.576142686096605461e+00
6.956999997925487518e+09 -1.464982011243862514e+00 -1.329683342803265500e+00
6.956999998148651123e+09 -1.293278901559309357e+00 -1.257916484616337982e+00
6.956999997873272896e+09 -1.291009284145197666e+00 -1.165201646446681449e+00
6.956999997702109337e+09 -1.493250930606362825e+00 -1.284515759344735386e+00
6.956999997984202385e+09 -1.476741928654466962e+00 -1.216798096055936806e+00
6.956999997945314407e+09 -1.242160741756866749e+00 -1.383812815621047188e+00
6.956999998105005264e+09 -1.289229467143358399e+00 -1.145657513167976926e+00
6.956999998101971626e+09 -1.118538742992756685e+00 -1.380795712859610891e+00
6.956999998079771996e+09 -1.305168147501902576e+00 -1.602406092492245637e+00
6.956999997810475349e+09 -1.196370771477430539e+00 -1.611174156100412258e+00
6.956999997971901894e+09 -1.270340592332875440e+00 -1.841183524760746870e+00
6.956999997962974548e+09 -1.223369953132443788e+00 -1.554567819789907102e+00
6.956999998140694618e+09 -1.384918457373955469e+00 -1.718128831946849733e+00
6.956999998261092186e+09 -1.379617502401909279e+00 -1.453722431095787471e+00
6.956999998042810440e+09 -1.504165180168147042e+00 -1.307861780274944596e+00
6.956999997997242928e+09 -1.382465579877823147e+00 -1.047963215947399718e+00
6.956999997882107735e+09 -1.199856570738224049e+00 -1.242468854754176677e+00
6.956999997603425980e+09 -1.195565311613000059e+00 -1.324642062560704492e+00
6.956999997680254936e+09 -1.424277453236417079e+00 -1.162708422637159789e+00
6.956999997836476326e+09 -1.381065295638963519e+00 -9.215399581189478440e-01
6.956999997695871353e+09 -1.126924782166166539e+00 -9.127433424921497229e-01
6.956999997689302444e+09 -9.250584514366724243e-01 -7.038382633054466320e-01
6.956999997661612511e+09 -1.089833014893819119e+00 -9.415714801518466626e-01
6.956999997432383537e+09 -9.116179865785181136e-01 -9.302504440527015195e-01
6.956999997534192085e+09 -8.962845663176395306e-01 -6.585255522244845006e-01
6.956999997500072479e+09 -1.006380028779573443e+00 -9.252638720738655120e-01
6.956999997322276115e+09 -8.320364826996727858e-01 -1.075021272246469151e+00
6.956999997207757950e+09 -9.036818843505844967e-01 -1.332289517178816496e+00
6.956999997428544998e+09 -7.674005545908267889e-01 -1.201464903107126059e+00
6.956999997471582413e+09 -7.765960507534809265e-01 -1.488688998157399856e+00
6.956999997308749199e+09 -9.668674473129000857e-01 -1.636055074089724837e+00
6.956999997171171188e+09 -8.991078728870260939e-01 -1.882865353571370859e+00
6.956999997367829323e+09 -7.598455251552744816e-01 -1.720489329154095692e+00
6.956999997401013374e+09 -4.739882826824200479e-01 -1.760725255126206923e+00
6.956999997186261177e+09 -3.623693670240318299e-01 -1.921527336625033611e+00
6.956999996984441757e+09 -5.315418072720963227e-01 -1.798709737539089248e+00
6.956999996853055000e+09 -5.304255572989259315e-01 -1.539536333813444458e+00
6.956999996830783844e+09 -3.610652853429926479e-01 -1.774601447980766356e+00
6.956999996632508278e+09 -5.640671350428538844e-01 -1.837145111982231072e+00
6.956999996654040337e+09 -8.374910754246863709e-01 -1.741175260800512881e+00
6.956999996439239502e+09 -1.032671699708867408e+00 -1.727049990010570246e+00
6.956999996345356941e+09 -9.823459040620700078e-01 -1.456702136416026416e+00
6.956999996311557770e+09 -1.113730637115530886e+00 -1.199738761573754253e+00
6.956999996223638535e+09 -1.124183119073659087e+00 -9.229799067800059653e-01
6.956999996446716309e+09 -1.049583760098207641e+00 -7.523758534377253948e-01
6.956999996409505844e+09 -1.239645575468359739e+00 -5.357508309902903054e-01
6.956999996197743416e+09 -1.042248735408035198e+00 -5.107407947260468317e-01
6.956999996445882797e+09 -9.265593316545583935e-01 -6.080916989633209369e-01
6.956999996555318832e+09 -7.820328300122846299e-01 -3.810006751887188292e-01
6.956999996651891708e+09 -8.564285538887994598e-01 -6.447684640606234918e-01
6.956999996842269897e+09 -6.595408368341425520e-01 -7.418553910226928227e-01
6.956999996767150879e+09 -6.118514081535245674e-01 -1.018473045330810844e+00
6.956999997037906647e+09 -7.170473127834641192e-01 -1.010751006419855935e+00
6.956999997136223793e+09 -5.689643131717920799e-01 -7.808824029876220152e-01
6.956999997136843681e+09 -5.709464158471982964e-01 -1.071451129979504868e+00
6.956999997127025604e+09 -7.296745133765666358e-01 -8.282567832282694553e-01
6.956999996886499405e+09 -6.745554462223432024e-01 -9.816953663320072687e-01
6.956999996673611641e+09 -8.721580982831470541e-01 -9.735343885672005371e-01
6.956999996906937599e+09 -8.860144321765290876e-01 -1.146165886457135796e+00
6.956999996979919434e+09 -9.400295081950238441e-01 -8.701394559475861268e-01
6.956999997008773804e+09 -9.511013629943582126e-01 -5.812114991660148888e-01
6.956999996817602158e+09 -7.443075908301312049e-01 -5.096280948066375105e-01
6.956999996586402893e+09 -7.866942980386486539e-01 -3.387931594073565478e-01
6.956999996765870094e+09 -7.517948446504993942e-01 -1.129432193457644840e-01
6.956999996988988876e+09 -6.874012302612422243e-01 -2.876026836783700524e-01
6.956999997035385132e+09 -4.600376241492837304e-01 -4.624960335456118066e-01
6.956999997142133713e+09 -2.113118019396020286e-01 -3.567857786687429478e-01
6.956999997222147942e+09 -2.193559170430852134e-01 -6.360123138999087544e-01
6.956999996979511261e+09 -3.603276562169915875e-01 -5.605871650566311981e-01
6.956999996797680855e+09 -4.128870828001698357e-01 -3.401113913584519199e-01
6.956999997021853447e+09 -5.575706202252110888e-01 -2.250124587578096191e-01
6.956999996849855423e+09 -3.233693624068916250e-01 -2.259045953628979475e-01
6.956999996846633911e+09 -3.340378098818622132e-01 -5.162669592985538181e-01
6.956999996806171417e+09 -2.806779523185470859e-01 -2.335125641332734814e-01
6.956999996999409676e+09 -2.905033977406180079e-01 -4.503005646098945380e-01
6.956999996998527527e+09 -2.928127323261426329e-01 -1.597349336645546014e-01
6.956999997175217628e+09 -8.126415601668121602e-02 -2.517255407636388442e-01
6.956999997336548805e+09 1.350745770634521892e-01 -3.594490344778341062e-01
6.956999997301740646e+09 -3.744608927043638347e-02 -1.282358795501522819e-01
6.956999997565413475e+09 -6.704822841020036117e-02 -2.467055266493526910e-01
6.956999997591065407e+09 -2.539787615040139945e-01 -4.676885033105930289e-01
6.956999997631334305e+09 -4.769967623374715693e-02 -2.670349776568756717e-01
6.956999997345993042e+09 4.655183151279364273e-03 -2.835822261814988088e-01
6.956999997342375755e+09 1.055060427249084748e-02 6.911589463144351964e-03
6.956999997560536385e+09 1.616130002869832771e-01 -1.114961851525962389e-01
6.956999997707234383e+09 -8.881049425084636129e-02 -9.727809669571731155e-02
6.956999997545078278e+09 -3.277595218321887049e-01 -1.295755507086584768e-01
6.956999997551694870e+09 -3.265777190907552807e-01 1.609228588131726700e-01
6.956999997711485863e+09 -5.541219074336714012e-01 7.651333903501794653e-02
6.956999997825597763e+09 -5.859852278358959055e-01 3.418389774516845114e-01
6.956999997791736603e+09 -3.211686038895151252e-01 2.271214993207779365e-01
6.956999997884944916e+09 -2.207886767251675542e-01 -2.914132227307000833e-02
6.956999997954315186e+09 -2.946941380553748102e-01 -3.014651649943885792e-01
6.956999998002387047e+09 -1.607010154608063957e-01 -5.547820908862097777e-01
6.956999998018376350e+09 -1.192218692684877956e-01 -2.676265221784592252e-01
6.956999998277353287e+09 -4.789335893511638409e-02 -3.784305884594785785e-01
6.956999998408627510e+09 1.433158500170941263e-01 -2.033861246203088891e-01
6.956999998314709663e+09 3.601062835817118168e-01 -3.422371931209797213e-02
6.956999998566028595e+09 2.935836415419257328e-01 -1.640231763486657557e-01
6.956999998628872871e+09 1.956817809770243222e-01 1.022479822460117260e-01
6.956999998596932411e+09 2.730349461113239506e-01 3.805118812176426779e-01
6.956999998565226555e+09 2.619888764441997142e-01 6.691418152274997144e-01
6.956999998499049187e+09 2.556144182244485252e-01 3.862736453724914254e-01
6.956999998462910652e+09 -8.646717372308931893e-03 2.709716767131118420e-01
6.956999998208728790e+09 -1.092653025779852100e-01 1.724741568616841025e-01
6.956999998366189957e+09 -9.186331175267604954e-02 4.160675913459553898e-01
6.956999998624723434e+09 -1.306766855421889195e-01 2.892272266679160042e-01
6.956999998704835892e+09 -3.587352185303439855e-02 5.519605161783485148e-01
6.956999998871285439e+09 -1.923617884260303001e-01 7.315168184953138031e-01
6.956999998955351830e+09 -2.347043663120408352e-01 1.006424784068974621e+00
6.956999999091423035e+09 -2.531719842236791473e-01 1.262506923727898744e+00
6.956999999196391106e+09 -1.124143378070392441e-01 1.494031176984708331e+00
6.956999999131701469e+09 -9.456248566432651215e-03 1.757942928970996022e+00
6.956999998927692413e+09 1.763191801711079809e-01 1.849060249987125815e+00
6.956999998919477463e+09 4.294869001517126472e-02 1.591030541359109929e+00
6.956999998886736870e+09 -7.227124714927123106e-02 1.326291175259120214e+00
6.956999998697788239e+09 -1.027115130433903512e-01 1.107644720461511634e+00
6.956999998628023148e+09 -2.241501136673952066e-01 8.530469874451949153e-01
6.956999998799130440e+09 -4.646435574417753789e-02 6.994745644104574112e-01
6.956999998933336258e+09 9.575640553413355960e-02 9.144084893061936725e-01
6.956999998948343277e+09 7.624850859411379245e-02 1.203940398074628826e+00
6.956999998936231613e+09 3.380109636103995063e-03 1.484970650755024435e+00
6.956999998732788086e+09 -9.762847857588270728e-02 1.666195823795222131e+00
6.956999998723163605e+09 -1.005552192735868072e-01 1.375793866828862955e+00
6.956999998576712608e+09 5.900067656685130391e-02 1.569516977428833338e+00
6.956999998778921127e+09 4.833151550155859871e-02 1.777921147975663363e+00
6.956999998780962944e+09 -1.225225315755796018e-01 2.012951408743872683e+00
6.956999998780262947e+09 -1.174553812621698390e-01 1.722420287994554489e+00
6.956999999040495872e+09 -1.291033905508149615e-01 1.593666351390856217e+00
6.956999999314367294e+09 -1.331072187295225528e-01 1.496646387260041733e+00
6.956999999343534470e+09 5.151163061756069972e-02 1.719131620158240725e+00
6.956999999348824501e+09 5.144909386871341500e-02 1.428603637625040834e+00
6.956999999355327606e+09 -1.132326603535794424e-02 1.712243969412380773e+00
6.956999999615004539e+09 1.097885958022425390e-01 1.760558287696712298e+00
6.956999999699203491e+09 -6.791581695327425505e-02 1.974488482609818352e+00
6.956999999667745590e+09 -1.174839375500430494e-01 2.259072231886852578e+00
6.956999999714094162e+09 -1.215231875408288448e-01 2.545899732387629566e+00
6.956999999695749283e+09 -8.873893590364129169e-02 2.834037124301460597e+00
6.956999999596472740e+09 -1.240048516314508353e-01 3.104841294605865443e+00
6.956999999621793747e+09 -1.818479451900973376e-01 3.388474026185595456e+00
6.956999999863183022e+09 -7.434225352861960345e-02 3.267609565599723265e+00
6.956999999929633141e+09 -3.326709030192698813e-01 3.152347936268333761e+00
6.956999999664198875e+09 -2.212154729515924956e-01 3.191804782640613514e+00
6.956999999788124084e+09 -1.688895575867654930e-03 3.047287782333872208e+00
6.956999999742621422e+09 -2.883921755542177556e-01 3.034432191589939709e+00
6.956999999789372444e+09 -5.457423560406664542e-01 2.907863100260888345e+00
6.956999999768442154e+09 -2.730618941057541549e-01 3.006055713399454543e+00
6.956999999740388870e+09 -1.253223772791290658e-01 3.254693119134812296e+00
6.956999999757032394e+09 -1.804884048656973661e-01 2.969887575409098091e+00
6.956999999688376427e+09 -1.067478657309159362e-02 3.195462768725593428e+00
6.956999999494930267e+09 8.877825290800872571e-02 3.388133592588315590e+00
6.956999999385658264e+09 2.080951009630181425e-01 3.629499926663818155e+00
6.956999999126579285e+09 2.879016267507286120e-01 3.734111223655118827e+00
6.956999998975675583e+09 7.447146009117311394e-02 3.861037312342185945e+00
6.956999998725628853e+09 1.158611319550324203e-01 4.003157124352184404e+00
6.956999998782294273e+09 1.119856731027297631e-01 4.288128214819827200e+00
6.956999998763909340e+09 3.562118382719938192e-01 4.444493355383949407e+00
6.956999998892831802e+09 6.111760984549020614e-01 4.391515589886878068e+00
6.956999998819614410e+09 3.994690905499571620e-01 4.576593537108041509e+00
6.956999998930412292e+09 3.483792428192787893e-01 4.312873803169139819e+00
6.956999998687349319e+09 3.914941796383950012e-01 4.466157728925680637e+00
6.956999998725835800e+09 3.751296672925273357e-01 4.753708619787076373e+00
6.956999998873743057e+09 4.466452761668180393e-01 4.514035048518557858e+00
6.956999999112750053e+09 4.910206694108001924e-01 4.354847051774372702e+00
6.956999999144719124e+09 4.607468695260311109e-01 4.067625965062073412e+00
6.956999999187129974e+09 2.825795015812067046e-01 4.293219014305437398e+00
6.956999999280560493e+09 2.750067270536934450e-01 4.018177410833045471e+00
6.956999999117157936e+09 3.115404847222835727e-01 4.255663165539959714e+00
6.956999999255915642e+09 1.790120747249952793e-01 4.037450063764690178e+00
6.956999999205360413e+09 2.237703287337267921e-01 4.320072378371786037e+00
6.956999999362078667e+09 2.477464031234468678e-01 4.563586323716950943e+00
6.956999999081328392e+09 2.963247895307147828e-01 4.620630868787506174e+00
6.956999999097989082e+09 2.908480655910596346e-01 4.330584437032960032e+00
6.956999999091952324e+09 2.475568620991046020e-01 4.617854215147898955e+00
6.956999998908452034e+09 2.683718030294879320e-02 4.572634065998337327e+00
6.956999998619301796e+09 -1.874080904004427062e-03 4.571106066268177948e+00
6.956999998655570984e+09 -7.058249688634386787e-02 4.851102868045621186e+00
6.956999998669388771e+09 -1.072858888200517169e-01 5.139020256671341436e+00
6.956999998669425964e+09 -1.063324163330872790e-01 5.429594837755594483e+00
6.956999998846981049e+09 -3.348313916246384303e-01 5.403198627860311021e+00
6.956999998847906113e+09 -2.071329510952178432e-01 5.664209644967198365e+00
6.956999999130252838e+09 -1.702477832515825462e-01 5.606292173089590491e+00
6.956999999340189934e+09 -1.307393959039671039e-04 5.499423532883473520e+00
6.956999999155448914e+09 -1.134595064728478181e-01 5.692974071224222499e+00
6.956999999184320450e+09 1.723544438459976291e-01 5.649255579624368195e+00
6.956999999071986198e+09 4.027196710885387887e-01 5.786176990403737896e+00
6.956999999209196091e+09 4.664191713109512305e-01 6.034270092342456593e+00
6.956999999192620277e+09 3.483738286240119497e-01 6.299270156859357428e+00
6.956999999053428650e+09 2.085594458443627841e-01 6.512605627307586076e+00
6.956999999052191734e+09 2.081787714298303782e-01 6.222032361959428215e+00
6.956999999189939499e+09 8.641795667689171345e-02 6.447053173886603261e+00
6.956999999231343269e+09 8.641429720421456295e-02 6.734664397929436497e+00
6.956999999302002907e+09 5.553518947952105350e-02 7.014821916467739449e+00
6.956999999324765205e+09 -1.529149327236190709e-02 7.295713291766794839e+00
6.956999999394309998e+09 2.543887499669980068e-01 7.378602212207627353e+00
6.956999999501790047e+09 5.221638374865482657e-01 7.344264497594231500e+00
6.956999999438902855e+09 2.918710183710278017e-01 7.509929436771215272e+00
6.956999999169293404e+09 1.854241021794379995e-01 7.530285337329304163e+00
6.956999998894894600e+09 1.159313347686767443e-01 7.464631834553567380e+00
6.956999999060663223e+09 3.377772363217848572e-01 7.552607520532759189e+00
6.956999999254842758e+09 5.273331289473848216e-01 7.448697220820632126e+00
6.956999999274197578e+09 5.656601234915228371e-01 7.161310845973280159e+00
6.956999999160550117e+09 5.247639919624329519e-01 6.897026505248041062e+00
6.956999999192210197e+09 5.002480509474127590e-01 7.184830441191996542e+00
6.956999999187725067e+09 5.381584937569725557e-01 7.472888042295201316e+00
6.956999999189847946e+09 5.377101002611033298e-01 7.182319998615710688e+00
6.956999999101622581e+09 5.384598476147754997e-01 6.905462300829684708e+00
6.956999998956049919e+09 7.807528604045972376e-01 6.972820576762224221e+00
6.956999998987237930e+09 8.749960867186560298e-01 7.245914004794962615e+00
6.956999999062365532e+09 6.146326353903409645e-01 7.350800657025259532e+00
6.956999999150663376e+09 6.899633797690454262e-01 7.084411450598631532e+00
6.956999998886421204e+09 5.981022524430059661e-01 7.162975251289627643e+00
6.956999998943145752e+09 3.702526617774067885e-01 6.991798864426654880e+00
6.956999998861867905e+09 4.773015318629752479e-01 6.734177254273247648e+00
6.956999998633247375e+09 5.656869384917546650e-01 6.890238044066524736e+00
6.956999998518420219e+09 6.106517761152572277e-01 6.627126862007936658e+00
6.956999998550629616e+09 5.577291882749041418e-01 6.343232055328779317e+00
6.956999998380729675e+09 7.914580719087657146e-01 6.312581311546053620e+00
6.956999998145483971e+09 8.793455992493750539e-01 6.166397403051931292e+00
6.956999998141055107e+09 8.657061153352969551e-01 6.456619467935671430e+00
6.956999997948419571e+09 1.074418400729441059e+00 6.517981387294850215e+00
6.956999997670461655e+09 1.086735055046655019e+00 6.434182584562795348e+00
6.956999997484923363e+09 1.032498928912720659e+00 6.651135224853875094e+00
6.956999997678457260e+09 8.409766330778009058e-01 6.549654491798193590e+00
6.956999997393389702e+09 7.907177772212009570e-01 6.524261196257649331e+00
6.956999997348846436e+09 1.055552117767361464e+00 6.413296455008005381e+00
6.956999997094111443e+09 9.264574177637421304e-01 6.466953774950873424e+00
6.956999996856334686e+09 9.218619643941340369e-01 6.633913495119810655e+00
6.956999996567023277e+09 9.408024695179573182e-01 6.614551066813234570e+00
6.956999996661363602e+09 1.210797238924328667e+00 6.665905048634252594e+00
6.956999996710509300e+09 1.179970421054755692e+00 6.950631005086817638e+00
6.956999996705446243e+09 1.167178980576525582e+00 6.660380697807467776e+00
6.956999996899724960e+09 1.182909759446352682e+00 6.875886281034427228e+00
6.956999996634619713e+09 1.106295425721389059e+00 6.966901750945780236e+00
6.956999996583090782e+09 8.932657375422272672e-01 6.776120104106953868e+00
6.956999996695766449e+09 9.739164042606360816e-01 7.031529756684634869e+00
6.956999996837436676e+09 1.007024955470162464e+00 7.283060698757330087e+00
6.956999996824597359e+09 1.194101656599407590e+00 7.061087812750402648e+00
6.956999996558958054e+09 1.087513660364776369e+00 7.010993212083216797e+00
6.956999996740928650e+09 9.558184553494861735e-01 7.195323408896395989e+00
6.956999996595048904e+09 8.822074314000670769e-01 7.435604239914748170e+00
6.956999996620540619e+09 9.954078520763410820e-01 7.702006851710622826e+00
6.956999996591444016e+09 1.021902675012015482e+00 7.989905957675601300e+00
6.956999996708926201e+09 7.561399443543324050e-01 7.991540947829071762e+00
6.956999996915432930e+09 6.794439877020288510e-01 7.802048800596117495e+00
6.956999997156404495e+09 5.901341523137929590e-01 7.666436085695701230e+00
6.956999997319715500e+09 6.392566894755634666e-01 7.431168102802427455e+00
6.956999997436574936e+09 7.478679751233199280e-01 7.674030284883761155e+00
6.956999997576912880e+09 9.677318871560081082e-01 7.545969530714326190e+00
6.956999997829312325e+09 1.070779115055357389e+00 7.646518301892215597e+00
6.956999997765102386e+09 1.033633920044557675e+00 7.927466302645584051e+00
6.956999997896324158e+09 1.270338982026566255e+00 8.033230553743983648e+00
6.956999997769902229e+09 1.035744920718251416e+00 7.917396041372983362e+00
6.956999997629383087e+09 1.097230034037206980e+00 8.164192508478048893e+00
6.956999997387365341e+09 1.066649211177435275e+00 8.322073812536624260e+00
6.956999997249460220e+09 1.289321787235581551e+00 8.196242662225587949e+00
6.956999997247331619e+09 1.294636855781776230e+00 8.486762400486142610e+00
6.956999997387582779e+09 1.487482919672143522e+00 8.652818471862808281e+00
6.956999997163039207e+09 1.576635365997869798e+00 8.814270046720279694e+00
6.956999997169013023e+09 1.443315740460002994e+00 8.556152451674869042e+00
6.956999997449996948e+09 1.436285119247487252e+00 8.629861962428387656e+00
6.956999997695199013e+09 1.456654477961881300e+00 8.784443540397413486e+00
6.956999997919991493e+09 1.312507157444189998e+00 8.669882684891769387e+00
6.956999997777289391e+09 1.252454667840317226e+00 8.423987507534146602e+00
6.956999997731667519e+09 1.288598708992632957e+00 8.139300455012692836e+00
6.956999997926592827e+09 1.346373173753061758e+00 8.346907722442274746e+00
6.956999997765176773e+09 1.513556191962124098e+00 8.172467663005145155e+00
6.956999997613731384e+09 1.638639632135648005e+00 7.958334454560891835e+00
6.956999997763261795e+09 1.448292924014055849e+00 8.119093241353828816e+00
6.956999997566869736e+09 1.636795691581459877e+00 8.220735670158159536e+00
6.956999997729234695e+09 1.790942757932683316e+00 8.035503852922161627e+00
6.956999997992155075e+09 1.689536086834776629e+00 7.964624996853705952e+00
6.956999997959319115e+09 1.612178164518817125e+00 7.686466676905565620e+00
6.956999997966012001e+09 1.603537126024646042e+00 7.976837196011868691e+00
6.956999997894588470e+09 1.638689932352965339e+00 7.697378020364408435e+00
6.956999998032578468e+09 1.468350946015601011e+00 7.888107600164834032e+00
6.956999998014639854e+09 1.525540081876113119e+00 7.603780128685134088e+00
6.956999997993517876e+09 1.660387946300130979e+00 7.860303829374656104e+00
6.956999997833189011e+09 1.806556611552816216e+00 7.667006231289184015e+00
6.956999997734668732e+09 1.902610956412139398e+00 7.411073060679866487e+00
6.956999997821725845e+09 1.661669977006145160e+00 7.548197280998151015e+00
6.956999997612673759e+09 1.683419687881420934e+00 7.748843080991973054e+00
6.956999997675246239e+09 1.730175254921850092e+00 8.028723597165717152e+00
6.956999997650552750e+09 1.524173002201097527e+00 7.825283652352982955e+00
6.956999997654184341e+09 1.764900320948133094e+00 7.987984811231638282e+00
6.956999997524558067e+09 1.779980992959671937e+00 7.728361753571531878e+00
6.956999997689117432e+09 1.666272628916077636e+00 7.517588944453695632e+00
6.956999997592475891e+09 1.628492372779150488e+00 7.789006641855355184e+00
6.956999997413999557e+09 1.852155704595437546e+00 7.738454260337969792e+00
6.956999997315190315e+09 1.835015487808048684e+00 8.011176565873331157e+00
6.956999997179455757e+09 1.768378287171642915e+00 7.763043344356217013e+00
6.956999997223895073e+09 1.748488551574177485e+00 7.476575092630500130e+00
6.956999997250488281e+09 1.821686969495902586e+00 7.756520245910007105e+00
6.956999997012351036e+09 1.949542338119997220e+00 7.649851145558797860e+00
6.956999997014265060e+09 1.659125218882986363e+00 7.640431337791053323e+00
6.956999996925637245e+09 1.529244193883180003e+00 7.884788573790265431e+00
6.956999997135344505e+09 1.453970267991478549e+00 7.698264951345108464e+00
6.956999997323822975e+09 1.674758408683166833e+00 7.711032476885087306e+00
6.956999997196250916e+09 1.584619688522445724e+00 7.466012199782517733e+00
6.956999997039755821e+09 1.504639609812565393e+00 7.697414163161202971e+00
6.956999997105653763e+09 1.400594639686638443e+00 7.960599642584472946e+00
6.956999997093457222e+09 1.386618302375941525e+00 8.250583088630712325e+00
6.956999997322737694e+09 1.366088685310991035e+00 8.427906013965928977e+00
6.956999997307080269e+09 1.314989656638681170e+00 8.713525043243004475e+00
6.956999997123616219e+09 1.155428490108224127e+00 8.872634195360404874e+00
6.956999997103175163e+09 1.155568370535762890e+00 8.582777925220598902e+00
6.956999996987174034e+09 9.185055721232572301e-01 8.461207550999390037e+00
6.956999996954890251e+09 1.037752127837115346e+00 8.724214184595124877e+00
6.956999996763976097e+09 1.068897931587299954e+00 8.941046685835116747e+00
6.956999996980461121e+09 1.217802827558905676e+00 9.065128227842757624e+00
6.956999997004065514e+09 1.158811519156082603e+00 8.781583980312250404e+00
6.956999996874872208e+09 1.410536397525477437e+00 8.715417097554899684e+00
6.956999996639380455e+09 1.376918292748862349e+00 8.548539815571730927e+00
6.956999996925633430e+09 1.331105729955573969e+00 8.568408663740120446e+00
6.956999996999173164e+09 1.444438537256183208e+00 8.311149888614258074e+00
6.956999996765511513e+09 1.393571756756183833e+00 8.146075618925195272e+00
6.956999996701929092e+09 1.603243996198286281e+00 8.336940396842585699e+00
6.956999996822278023e+09 1.692867029992601413e+00 8.088106347361195603e+00
6.956999996808652878e+09 1.691708840413059800e+00 7.797852147020127411e+00
6.956999996646303177e+09 1.932690338129477103e+00 7.800071729663258679e+00
6.956999996502417564e+09 2.159567252911169355e+00 7.910788593863697038e+00
6.956999996384141922e+09 2.315490047878383528e+00 8.125575398117737436e+00
6.956999996521965981e+09 2.569694922914667501e+00 8.154193500775129166e+00
6.956999996524888039e+09 2.580013503633750371e+00 7.863815322927901974e+00
6.956999996612522125e+09 2.424752206178689917e+00 7.634362290305484855e+00
6.956999996717758179e+09 2.559145955571028974e+00 7.869517859149611994e+00
6.956999996682605743e+09 2.759397934544736142e+00 8.077118370792417679e+00
6.956999996451561928e+09 2.929995175998962864e+00 8.032963528197706538e+00
6.956999996521121979e+09 2.894898009979190778e+00 8.312899430169036208e+00
6.956999996586161613e+09 2.875522740755370954e+00 8.595439636418614526e+00
6.956999996387782097e+09 2.678486687768101504e+00 8.516340467197940356e+00
6.956999996572320938e+09 2.455996554540114118e+00 8.545974054420971910e+00
6.956999996385386467e+09 2.375139421194978784e+00 8.338725274497935658e+00
6.956999996157648087e+09 2.475671112388583506e+00 8.188848388435991055e+00
6.956999996183936119e+09 2.392531705935185382e+00 7.911663856668413430e+00
6.956999996092276573e+09 2.126918696299661349e+00 7.837618200582516792e+00
6.956999996172108650e+09 1.981831510797036566e+00 8.076388061092382387e+00
6.956999996449387550e+09 2.068228672897244991e+00 8.085698516133957625e+00
6.956999996660342216e+09 1.881833438202426434e+00 8.157737675870381011e+00
6.956999996800148964e+09 2.077965686139346957e+00 7.995193296130533867e+00
6.956999996762802124e+09 2.014899201325935696e+00 7.714013057778086768e+00
6.956999997031635284e+09 1.947160679979261122e+00 7.801046731391851452e+00
6.956999996880516052e+09 1.859515504331139990e+00 8.033244573036540714e+00
6.956999996941039085e+09 2.033955987859583647e+00 7.808874411138018168e+00
6.956999996734154701e+09 1.850303018525979670e+00 7.897783747041128954e+00
6.956999996477888107e+09 1.759191124985358679e+00 7.795507950738530312e+00
6.956999996230607033e+09 1.606853117832031108e+00 7.786587884887279820e+00
6.956999996352612495e+09 1.350224289388338939e+00 7.725836136077194105e+00
6.956999996220007896e+09 1.159773276814422882e+00 7.550968103355360839e+00
6.956999996361470222e+09 9.246995568457839765e-01 7.646692701327141073e+00
6.956999996593192101e+09 1.081124161925414384e+00 7.567503546904086775e+00
6.956999996595854759e+09 1.079337677386006389e+00 7.858062000330846786e+00
6.956999996561658859e+09 7.989087502071201552e-01 7.790056212037183236e+00
6.956999996679687500e+09 5.886746903297606082e-01 7.627866699556461683e+00
6.956999996656907082e+09 6.529406453492032636e-01 7.910329835014988653e+00
6.956999996666372299e+09 6.884823255077994197e-01 7.622090873930394750e+00
6.956999996761139870e+09 7.530631844300491595e-01 7.889079389860317093e+00
6.956999996653139114e+09 4.846862929397868780e-01 7.861801278263926385e+00
6.956999996739915848e+09 5.646858472039610888e-01 7.596274638100429577e+00
6.956999996477528572e+09 6.568468707812932239e-01 7.512049829197679607e+00
6.956999996429445267e+09 5.804941186143731668e-01 7.788261186812767356e+00
6.956999996442343712e+09 5.912347287967342213e-01 7.498170225935187005e+00
6.956999996587009430e+09 7.210027884850329638e-01 7.714194851387294882e+00
6.956999996726386070e+09 9.756039758738024315e-01 7.727864869531070546e+00
6.956999996484382629e+09 1.059547035224907896e+00 7.865058923195991092e+00
6.956999996421823502e+09 1.132549155783055150e+00 8.139269614156587451e+00
6.956999996578518867e+09 1.094936843088245126e+00 7.897471168346448245e+00
6.956999996542435646e+09 1.127823664062750586e+00 8.183916604510294235e+00
6.956999996594340324e+09 1.405861433954775030e+00 8.250515063583454989e+00
6.956999996604490280e+09 1.466831702328382114e+00 8.534441274808129307e+00
6.956999996411660194e+09 1.504478977451505939e+00 8.320353332150110859e+00
6.956999996242750168e+09 1.656131892544617790e+00 8.138954983043980462e+00
6.956999996306152344e+09 1.372561748260436199e+00 8.140588248807876681e+00
6.956999996351044655e+09 1.389756331981407023e+00 8.427160226664391018e+00
6.956999996425501823e+09 1.383161836301557202e+00 8.146362932765480735e+00
6.956999996619450569e+09 1.281847785882150870e+00 8.337553971964156929e+00
6.956999996685985565e+09 1.519016815087510519e+00 8.491691824660657417e+00
6.956999996616079330e+09 1.555382181815802234e+00 8.212004098360170090e+00
6.956999996702024460e+09 1.580261036178406187e+00 8.488462121247238201e+00
6.956999996550143242e+09 1.818427092328581240e+00 8.556605302891194142e+00
6.956999996300746918e+09 1.910427579755441529e+00 8.673959390549253357e+00
6.956999996373641014e+09 2.189100798862017250e+00 8.712197235526485173e+00
6.956999996625458717e+09 2.158068215554361569e+00 8.853828857043724909e+00
6.956999996633296013e+09 1.872615406562963214e+00 8.800072252567812114e+00
6.956999996729301453e+09 1.989342161525142538e+00 8.551894348207897067e+00
6.956999996641716957e+09 2.126475734976851939e+00 8.311150067316509293e+00
6.956999996592538834e+09 1.993910450867102169e+00 8.057294818558085936e+00
6.956999996598299980e+09 1.975570906162660068e+00 7.767355222599968911e+00
6.956999996476594925e+09 1.757971511107891960e+00 7.916596492884666603e+00
6.956999996733738899e+09 1.720810520749128436e+00 8.046714396835540128e+00
6.956999996743486404e+09 1.746125668799041852e+00 8.336021558097694850e+00
6.956999996661199570e+09 1.784784878834309030e+00 8.060034554621331893e+00
6.956999996652602196e+09 1.845594902996501085e+00 7.776022716306211002e+00
6.956999996575058937e+09 1.880237775469040473e+00 7.498135416999405223e+00
6.956999996313238144e+09 2.006228807505508360e+00 7.501411298561357022e+00
6.956999996437453270e+09 1.948903469269563038e+00 7.757768232362203698e+00
6.956999996709736824e+09 1.968147361921200877e+00 7.857397902834037495e+00
6.956999996528407097e+09 1.765297428740799646e+00 7.959407557268075806e+00
6.956999996570416451e+09 2.052486884861530747e+00 7.973260535289885986e+00
6.956999996540081024e+09 1.911785709014507617e+00 7.720837379800946643e+00
6.956999996793074608e+09 2.046608090572103134e+00 7.673386039609587428e+00
6.956999997067234039e+09 1.962769143132812477e+00 7.626032380343420236e+00
6.956999996981555939e+09 2.109704670717279740e+00 7.861624533892217492e+00
6.956999997046252251e+09 2.008803685182907195e+00 8.126327911847363694e+00
6.956999997081526756e+09 1.983975061194778400e+00 8.413684444454068156e+00
6.956999996962449074e+09 1.934976213595957173e+00 8.674172769940831529e+00
6.956999997144249916e+09 2.112824225838794590e+00 8.814718376351018847e+00
6.956999997247480392e+09 2.159424436860789331e+00 9.082311998067838843e+00
6.956999997523504257e+09 2.231766862263108830e+00 9.137192352508156645e+00
6.956999997503778458e+09 2.358512544341546668e+00 9.397923841329099304e+00
6.956999997377881050e+09 2.210032492611380572e+00 9.613650607388644076e+00
6.956999997336626053e+09 2.482999232251719590e+00 9.522977042813545623e+00
6.956999997358219147e+09 2.663351036205789057e+00 9.296169916118527610e+00
6.956999997347546577e+09 2.921363621474572625e+00 9.429399383314938987e+00
6.956999997205617905e+09 2.679412825177840851e+00 9.353566105144604848e+00
6.956999997425091743e+09 2.508226627407082798e+00 9.270133907566540543e+00
6.956999997278802872e+09 2.698216457846758676e+00 9.106005768901971109e+00
6.956999997350741386e+09 2.879592218703201922e+00 8.890687043541809942e+00
6.956999997451354027e+09 2.884836978982439959e+00 8.618135948261473445e+00
6.956999997366116524e+09 2.823711462978988784e+00 8.889120811523188337e+00
6.956999997396225929e+09 2.967805737583303571e+00 8.638591864373999840e+00
6.956999997333905220e+09 3.030471635096510852e+00 8.361782233598745506e+00
6.956999997219634056e+09 3.180202175108628015e+00 8.583045371110230803e+00
6.956999997202299118e+09 2.921633618250082165e+00 8.714484681345792794e+00
6.956999997149925232e+09 2.643788036749552983e+00 8.781516807088332044e+00
6.956999997339764595e+09 2.426661638254759001e+00 8.816894607555280317e+00
6.956999997253431320e+09 2.234007166313599413e+00 9.016557607471725078e+00
6.956999997216137886e+09 2.212143049876841960e+00 9.303899972851077393e+00
6.956999997487858772e+09 2.243514609907340418e+00 9.205828401681612760e+00
6.956999997286778450e+09 2.104053370886795449e+00 9.362518081327438679e+00
6.956999997441439629e+09 2.345919116130582793e+00 9.407411032583965493e+00
6.956999997503151894e+09 2.352014549589838577e+00 9.691292840884827342e+00
6.956999997251884460e+09 2.299595110106462670e+00 9.827496751854701174e+00
6.956999997474024773e+09 2.485218860990003886e+00 9.852636339188309833e+00
6.956999997213296890e+09 2.609323935315242871e+00 9.820181502816103247e+00
6.956999997502799034e+09 2.594710669955211824e+00 9.840423167108710345e+00
6.956999997454948425e+09 2.597067429311757714e+00 9.553823622461514731e+00
6.956999997453934669e+09 2.597833440551527318e+00 9.263250252731843659e+00
6.956999997448162079e+09 2.603589300567938469e+00 8.972788471410119371e+00
6.956999997406890869e+09 2.875883105704057030e+00 8.880120934351205975e+00
6.956999997419223785e+09 2.897684424455102548e+00 9.169615499847683537e+00
6.956999997385431290e+09 3.128980201997559440e+00 9.342227310777765581e+00
6.956999997323663712e+09 3.265154356195445917e+00 9.591377603723540091e+00
6.956999997310134888e+09 3.219909671597688483e+00 9.304664508415232405e+00
6.956999997246948242e+09 3.177059247702986422e+00 9.024297197461024211e+00
6.956999997535136223e+09 3.150479229644285173e+00 9.050294226472759718e+00
6.956999997707970619e+09 2.970260439656369655e+00 9.198901495167943310e+00
6.956999997703735352e+09 2.967756205906403544e+00 9.489435976840361775e+00
6.956999997905749321e+09 3.141968439616590558e+00 9.374219613993421518e+00
6.956999998099988937e+09 3.108131439929628925e+00 9.587668953172816089e+00
6.956999998111051559e+09 3.001461672227816901e+00 9.317606600073686351e+00
6.956999998054067612e+09 3.076723266645661425e+00 9.592421053957785659e+00
6.956999997769744873e+09 3.017322474470741867e+00 9.584262167211932137e+00
6.956999997930725098e+09 3.152540128439837552e+00 9.383673067935552226e+00
6.956999998088727951e+09 3.130939790292413427e+00 9.140767775363027425e+00
6.956999997898430824e+09 3.350131125104641949e+00 9.127481800202138729e+00
6.956999997793014526e+09 3.158813794439548683e+00 9.319105244885703243e+00
6.956999997892852783e+09 3.258349782588109811e+00 9.065019854086477480e+00
6.956999997882815361e+09 2.972315984981390269e+00 9.014836133717270883e+00
6.956999997936748505e+09 3.004537812751626902e+00 8.731133076953486949e+00
6.956999998112488747e+09 2.922564012075128836e+00 8.947535866523214310e+00
6.956999997872136116e+09 2.942020427844498798e+00 8.785403869341605443e+00
6.956999997762084961e+09 2.768970991157158501e+00 8.579546846048794251e+00
6.956999997666624069e+09 2.997275960327558941e+00 8.427235938079036259e+00
6.956999997576988220e+09 3.142358664793462264e+00 8.191968297515128228e+00
6.956999997593496323e+09 2.870358560193795316e+00 8.292853942147365487e+00
6.956999997592581749e+09 2.904516538820951954e+00 8.004293907347417303e+00
6.956999997745544434e+09 2.998551301457932361e+00 8.232755055433738534e+00
6.956999997775624275e+09 3.038813262475027699e+00 8.518951951142648582e+00
6.956999998022656441e+09 3.188857515666392306e+00 8.489015568422690450e+00
6.956999997776008606e+09 3.191707948430121178e+00 8.335420640661155289e+00
6.956999997926016808e+09 3.364489866580252286e+00 8.514524817192905104e+00
6.956999997810973167e+09 3.100076264686324912e+00 8.550369461865710008e+00
6.956999997819058418e+09 3.049760746213666884e+00 8.264296975036774739e+00
6.956999997822776794e+09 3.028174734426383186e+00 7.974547575996663085e+00
6.956999997727076530e+09 3.268386434792589501e+00 7.841979576408244945e+00
6.956999997802657127e+09 3.357763161713835931e+00 8.107937884936962547e+00
6.956999997533652306e+09 3.423513634902570768e+00 8.019916930971019653e+00
6.956999997535507202e+09 3.409518285789571834e+00 8.310149918847507422e+00
6.956999997671245575e+09 3.405454612148447691e+00 8.053258693073098939e+00
6.956999997889403343e+09 3.596133880492360380e+00 8.031281993665167818e+00
6.956999997915016174e+09 3.667223107561631501e+00 8.311861379822072848e+00
6.956999998173970222e+09 3.789642244164444840e+00 8.360758976469400139e+00
6.956999998292861938e+09 3.734649527352540854e+00 8.620133216813465893e+00
6.956999998369668007e+09 3.567358716762492499e+00 8.844964621172694663e+00
6.956999998424240112e+09 3.389733691949605277e+00 8.621568812141491733e+00
6.956999998609322548e+09 3.513784070679757843e+00 8.808090759922315272e+00
6.956999998793321609e+09 3.442320956637288987e+00 8.594849191671361410e+00
6.956999998858313560e+09 3.223991261010038301e+00 8.775245079714862229e+00
6.956999998956902504e+09 3.269683203693156237e+00 8.505751178288130987e+00
6.956999998899619102e+09 3.410158124744891772e+00 8.753581566146086956e+00
6.956999999100234032e+09 3.228026247596551990e+00 8.858539452118320057e+00
6.956999998865585327e+09 3.061195054068815313e+00 8.897803553000617427e+00
6.956999998821690559e+09 3.275985492680911548e+00 8.707086862885130785e+00
6.956999998984833717e+09 3.050502770484604831e+00 8.623562885657904076e+00
6.956999998985912323e+09 3.309223932408925872e+00 8.755837955691193386e+00
6.956999998927456856e+09 3.587761672886753850e+00 8.814439403398981909e+00
6.956999999122029305e+09 3.559385232607557459e+00 9.028380526338025902e+00
6.956999999359614372e+09 3.657660587782708195e+00 9.163767615082875295e+00
6.956999999484184265e+09 3.780383732502150540e+00 9.395836326977578423e+00
6.956999999655660629e+09 4.014499961224471392e+00 9.410664447463300775e+00
6.956999999562270164e+09 3.966785541247032754e+00 9.681655243564996738e+00
6.956999999502209663e+09 4.249051799762435522e+00 9.647699453843923578e+00
6.956999999640237808e+09 4.303861882338607003e+00 9.397942262413254255e+00
6.956999999765007973e+09 4.253061132487382601e+00 9.140481053847619108e+00
6.956999999701529503e+09 4.412522520819322835e+00 8.906009306446589946e+00
6.956999999667445183e+09 4.360866944755970032e+00 8.622100040084015760e+00
6.956999999522216797e+09 4.111326981567214212e+00 8.589341906689872630e+00
6.956999999518127441e+09 4.115948074470341389e+00 8.879852520319566622e+00
6.956999999300361633e+09 4.012581281160541913e+00 8.717593582535563712e+00
6.956999999374085426e+09 3.953141616323633034e+00 8.992304768665233539e+00
6.956999999431407928e+09 4.051306385505514029e+00 9.259722632132557862e+00
6.956999999198454857e+09 3.939891948122254295e+00 9.392967059509247818e+00
6.956999999190284729e+09 3.948914412815710318e+00 9.102645950411432096e+00
6.956999999466628075e+09 4.032926708360838219e+00 9.134442485601974582e+00
6.956999999616121292e+09 4.262107618001953036e+00 9.036654535905542573e+00
6.956999999608114243e+09 4.528287787730908676e+00 9.152923649404584694e+00
6.956999999547852516e+09 4.325011976003201752e+00 9.351624399189555348e+00
6.956999999706192017e+09 4.240086499006280540e+00 9.579989780229237084e+00
6.956999999974705696e+09 4.139120024765259309e+00 9.626256767288891680e+00
6.956999999882186890e+09 3.931822994231853219e+00 9.807647669457494999e+00
6.957000000109840393e+09 3.933715759749518703e+00 9.627079658870712819e+00
