3.478500000000000000e+10 0.000000000000000000e+00 0.000000000000000000e+00
3.478499999991986084e+10 2.006343716185260695e-01 -3.169258310470705609e-01
3.478499999980620575e+10 -1.644995077175453735e-01 -2.872845002288706984e-01
3.478499999955040741e+10 -4.069891779333504322e-01 -4.385637166852359714e-01
3.478499999957022095e+10 -4.048087934397457399e-01 -5.552159666924549875e-02
3.478499999953015137e+10 -7.577949331755660101e-01 8.909343027335120402e-02
3.478499999927247620e+10 -7.366574592006074340e-01 -1.942348203113204996e-01
3.478499999924085236e+10 -9.771338634095318998e-01 1.029010061970803136e-01
3.478499999926376343e+10 -6.158165222020630658e-01 -2.376098303889398466e-02
3.478499999931606293e+10 -9.631602382113491068e-01 -1.778235932559970034e-01
3.478499999925937653e+10 -1.340342055145915756e+00 -1.373330724890079735e-01
3.478499999960366821e+10 -1.210669708266648437e+00 -2.886742743826996305e-02
3.478499999940880585e+10 -8.805519089935720523e-01 -4.184599453476784553e-02
3.478499999939868927e+10 -4.996053354973487570e-01 1.696039173214619611e-03
3.478499999952040863e+10 -6.475042593679255498e-01 -3.306128263866333628e-01
3.478499999951660156e+10 -6.620137459428280247e-01 -7.138797399704458480e-01
3.478499999948134613e+10 -6.161041170577394865e-01 -1.093047085177339506e+00
3.478499999957128143e+10 -2.432423430911023754e-01 -1.090893251841329237e+00
3.478499999943871307e+10 -1.824435546887720472e-02 -1.371820448256845459e+00
3.478499999938682556e+10 2.803703394253129755e-01 -1.136755932565430838e+00
3.478499999965419769e+10 2.881221266745648268e-01 -8.618531079781557303e-01
3.478499999970574951e+10 4.393087326757750821e-01 -5.131361408089536447e-01
3.478499999960227203e+10 7.787120177014825728e-01 -6.587945564070373239e-01
3.478499999956983948e+10 4.022485564614207698e-01 -7.246865091823964100e-01
3.478499999969123077e+10 4.641556400858927178e-01 -1.083226537936948564e+00
3.478499999970835876e+10 5.655041391771475912e-01 -1.452758367270426287e+00
3.478499999997080231e+10 6.735945824578898344e-01 -1.194770275670131721e+00
3.478499999983615875e+10 8.482591603781450829e-01 -8.809534016517297506e-01
3.478500000005878448e+10 6.459189963203645357e-01 -6.430175860008191524e-01
3.478499999995855713e+10 4.068215041999085346e-01 -9.256936952011938224e-01
3.478500000018724060e+10 5.809675400233920151e-01 -6.717352745023349447e-01
