2.782800000000000000e+10 0.000000000000000000e+00 0.000000000000000000e+00
2.782799999977725601e+10 6.944845156653879636e-02 2.506881973866346702e-01
2.782799999946879196e+10 2.062682819319660021e-01 3.091103624601925781e-01
2.782799999959668732e+10 2.844532449851373546e-01 6.170262030346833626e-01
2.782799999959046936e+10 5.189440247408343421e-01 3.675117241871537210e-01
2.782799999955082321e+10 5.767690035042654095e-01 7.027228995126029165e-01
2.782799999935494995e+10 3.633855837434034619e-01 8.854335473308616589e-01
2.782799999947965622e+10 3.393809192644499650e-01 5.673857045886260275e-01
2.782799999957197571e+10 2.756372537375930132e-01 8.909531613906200853e-01
2.782799999956273651e+10 2.668139761199179172e-01 1.233179414545823471e+00
2.782799999971150589e+10 1.002689964371853704e-01 9.735394856963923704e-01
2.782799999992206573e+10 9.979901656966373713e-02 1.243624699278780721e+00
2.782799999966556168e+10 6.811510406279683294e-02 1.018937342039475835e+00
2.782799999949908447e+10 -1.252725288916426150e-01 7.905329232312285903e-01
2.782799999978010559e+10 6.841342457558638457e-02 8.187180052602860414e-01
2.782799999981233978e+10 2.771696192734405262e-01 5.491556248438749233e-01
2.782799999965946198e+10 1.526547162393785406e-01 8.291673173912834649e-01
2.782799999978800583e+10 1.624213616278983030e-01 1.146442536246226496e+00
2.782800000011973953e+10 1.600585166756219035e-01 1.061413193299636903e+00
