2.782800000000000000e+10 0.000000000000000000e+00 0.000000000000000000e+00
2.782799999990167236e+10 -5.600206036242235536e-02 -3.232301218315000724e-01
2.782799999958437729e+10 -1.309059901650240221e-01 -4.280925063920923979e-01
2.782799999925770187e+10 -1.706379885043406708e-01 -5.228946461027494941e-01
2.782799999940031433e+10 -5.769689123963379906e-02 -8.130471179504984436e-01
2.782799999944966507e+10 -9.625858680405730006e-02 -1.149736084681347581e+00
2.782799999951640701e+10 -3.174641187900562600e-01 -8.969602027128830146e-01
2.782799999951472855e+10 -4.929184867906366563e-02 -1.109945809672261863e+00
2.782799999931591415e+10 -2.704942159328594942e-01 -1.279723498279403238e+00
2.782799999915608978e+10 -4.413486979592151638e-02 -1.078478803392422192e+00
2.782799999895886230e+10 -1.421847471636742966e-01 -1.340719405480860438e+00
2.782799999868972397e+10 -3.147815054086159359e-01 -1.463424685898958133e+00
2.782799999857587051e+10 -1.945768037954840046e-01 -1.763208008533481141e+00
2.782799999873481369e+10 -4.420665811011188495e-01 -1.587799884968142949e+00
2.782799999870198822e+10 -4.677613469642039057e-01 -1.927717875174446371e+00
2.782799999873392487e+10 -4.541477585878287981e-01 -1.587017386718241996e+00
2.782799999862767029e+10 -4.446631721922161828e-01 -1.261590975180456820e+00
2.782799999893722153e+10 -3.205176955023225083e-01 -1.183817135614170013e+00
2.782799999899987411e+10 -4.994378670781657870e-01 -8.986082763577595278e-01
2.782799999870895386e+10 -6.782008619785830916e-01 -8.723079415079507681e-01
2.782799999857701874e+10 -4.794382358983351189e-01 -1.118008445574066201e+00
2.782799999844709778e+10 -4.046045791346714604e-01 -8.101079889587846639e-01
2.782799999840834045e+10 -4.461369850140507465e-01 -1.147828063388300013e+00
2.782799999864265442e+10 -2.263687926513208160e-01 -1.266494906514019414e+00
2.782799999860706329e+10 -1.749743327354345568e-01 -9.297844416829401659e-01
2.782799999860770035e+10 4.531679100097066315e-02 -1.191993270091027846e+00
2.782799999837264252e+10 -3.394620323879793400e-02 -9.558851857828848386e-01
2.782799999831440353e+10 3.982525615580900791e-02 -1.285199944695899488e+00
2.782799999803548050e+10 2.162065926972215057e-01 -1.376709168618212908e+00
2.782799999792007065e+10 1.512097609781544172e-01 -1.060896470102207889e+00
2.782799999770502090e+10 -1.129243360055314782e-01 -1.025273881041627311e+00
2.782799999767562866e+10 -7.959400974246991223e-02 -1.364843195335647019e+00
2.782799999781515884e+10 -7.870799224836290409e-02 -1.052093788348710701e+00
2.782799999785947037e+10 -1.746044239721745994e-02 -1.386110783084063769e+00
2.782799999753869247e+10 -8.368457414794001903e-02 -1.486098736549732680e+00
2.782799999777224731e+10 4.091469823498172786e-03 -1.720682882262301261e+00
2.782799999758993530e+10 1.878221610926187335e-01 -1.496433669553791868e+00
2.782799999759769821e+10 1.631212686855789962e-01 -1.154949155217634971e+00
2.782799999779411697e+10 -1.174178688434020790e-01 -1.154753965849769637e+00
2.782799999769834518e+10 9.011889644472573235e-02 -8.997280635975638541e-01
2.782799999747142792e+10 -1.182088747990621691e-01 -1.049360775334483353e+00
2.782799999756744766e+10 -1.877057855150360277e-02 -7.360332694416547028e-01
2.782799999749817276e+10 9.757128254419880631e-02 -1.050593015246389816e+00
2.782799999745091248e+10 -2.392103413114492205e-01 -1.090924041461247995e+00
2.782799999751426697e+10 -2.265254740212348239e-01 -7.546093578864204732e-01
2.782799999754658127e+10 -4.395159269090289644e-01 -4.883896803791685226e-01
2.782799999777949142e+10 -2.447239099604263945e-01 -6.467920549707161237e-01
2.782799999792042923e+10 4.841607300397701708e-02 -5.396124248559422965e-01
2.782799999778999329e+10 2.134335374485341053e-01 -2.693571507470624571e-01
2.782799999746532440e+10 1.156448657765816040e-01 -3.174253515303988582e-01
2.782799999766508484e+10 -1.477605519966785907e-01 -2.280054853728888942e-01
2.782799999766510773e+10 -1.501600879434378255e-01 1.144507847081632779e-01
2.782799999781423569e+10 5.109275289912088014e-02 -1.190881586070049181e-01
2.782799999776992035e+10 3.646758127109244185e-01 1.123422671962537311e-02
2.782799999766567230e+10 9.137965358331856525e-02 1.893446980862924511e-01
2.782799999752777863e+10 -1.767979393184627157e-01 2.702375033385193137e-02
2.782799999742234039e+10 -5.002111775638296010e-01 6.663270963566880756e-02
2.782799999745265198e+10 -5.900977331236829659e-01 -2.624321943600703144e-01
2.782799999723414612e+10 -6.242172830646133264e-01 -5.239145471684415467e-01
2.782799999736144638e+10 -7.912357565878596066e-01 -2.533931100159769190e-01
2.782799999729953003e+10 -1.060879919610746125e+00 -5.155072678928074303e-02
2.782799999723023987e+10 -1.327243009154551512e+00 -2.553433149755303111e-01
2.782799999705332184e+10 -1.601380121688048996e+00 -3.594130307634387789e-01
2.782799999693911743e+10 -1.628399661716414482e+00 -6.811413145356606247e-01
2.782799999670077896e+10 -1.574476009833213785e+00 -4.412043804460341612e-01
2.782799999671158218e+10 -1.629688062477663291e+00 -1.033923224009559716e-01
2.782799999653415680e+10 -1.499062490830472605e+00 1.587894007947898700e-01
2.782799999654709625e+10 -1.415080441195042171e+00 -1.729660232377018270e-01
2.782799999664688873e+10 -1.625559344868405587e+00 7.807549606284258648e-02
2.782799999695836639e+10 -1.698060370553394538e+00 2.005846455069826562e-01
2.782799999702681732e+10 -1.697182650054260833e+00 5.361378320627899763e-01
2.782799999712471771e+10 -1.632462132114106401e+00 8.578657302497559867e-01
2.782799999689593124e+10 -1.769398480215965686e+00 6.429528334596180672e-01
2.782799999705540466e+10 -1.515963653010566459e+00 8.091483726648684982e-01
2.782799999739681244e+10 -1.538136684096040874e+00 8.243169308931836969e-01
2.782799999745403671e+10 -1.310744292125548327e+00 5.747168846653365470e-01
2.782799999767122269e+10 -1.180829351662596505e+00 8.054414240300992178e-01
2.782799999763389587e+10 -1.180461124483081381e+00 1.145865560981618847e+00
2.782799999796400070e+10 -1.120237595122595353e+00 1.214320790420406970e+00
2.782799999790145874e+10 -1.142076171809571994e+00 1.550317451308793615e+00
2.782799999799884796e+10 -9.100279685666303742e-01 1.318044531730591773e+00
2.782799999779511642e+10 -8.579222538338928672e-01 1.588340483120541879e+00
2.782799999786564255e+10 -8.376641052909510332e-01 1.922852020457475719e+00
2.782799999789768982e+10 -6.387696962920703658e-01 2.199792540760609150e+00
2.782799999801229858e+10 -5.574983371609268934e-01 2.512109772235143090e+00
2.782799999789915848e+10 -6.655830772968459597e-01 2.207479970969856709e+00
2.782799999793991852e+10 -8.439397926881413436e-01 2.496978529151217874e+00
2.782799999800689316e+10 -7.837484926380461348e-01 2.166564722726587178e+00
2.782799999800382996e+10 -7.854983506842302399e-01 1.824118205294252171e+00
2.782799999776071167e+10 -9.075320629302082720e-01 2.032165842930024002e+00
2.782799999773769760e+10 -9.280383089158459331e-01 1.691091339480220945e+00
2.782799999789855957e+10 -8.631256933623963068e-01 1.986373976543143183e+00
2.782799999801578140e+10 -9.794165620032768693e-01 2.286402770079928093e+00
2.782799999811788177e+10 -1.236714181479846797e+00 2.084769733484710397e+00
2.782799999812218094e+10 -1.461915193279614167e+00 2.342738840662650812e+00
2.782799999796676636e+10 -1.185048650934787950e+00 2.471085811623874751e+00
2.782799999798027039e+10 -1.118128677475605626e+00 2.135494618563738900e+00
2.782799999778838730e+10 -1.399990877627801833e+00 2.167372398843006032e+00
2.782799999791212463e+10 -1.119971841637689369e+00 2.320865994263681120e+00
2.782799999770125198e+10 -1.289374607053600741e+00 2.110822517264522524e+00
2.782799999769457245e+10 -1.292331034905931819e+00 1.768435774044135211e+00
2.782799999764225769e+10 -1.378321694990197521e+00 1.441096966556682624e+00
2.782799999763751984e+10 -1.710349653431294303e+00 1.357329274193607604e+00
2.782799999783560562e+10 -1.749802823918277239e+00 1.080766576062561990e+00
2.782799999763235092e+10 -2.006290389379138617e+00 1.181683278334794363e+00
2.782799999762756348e+10 -2.002278889210805879e+00 1.524090999019624082e+00
2.782799999743751526e+10 -2.170308839798347655e+00 1.294026484460996773e+00
2.782799999728689957e+10 -2.140001738130538733e+00 1.600096629725156427e+00
2.782799999723187637e+10 -2.047481944323847003e+00 1.274989773250092107e+00
2.782799999722813416e+10 -1.803206965419388075e+00 1.514985164845365384e+00
2.782799999704484177e+10 -2.049958060105813384e+00 1.363987436830915501e+00
2.782799999715391159e+10 -2.061480390880118474e+00 1.039560345422875010e+00
2.782799999713896942e+10 -2.112351363426133055e+00 7.012247428632277790e-01
2.782799999708320236e+10 -2.130593916318874737e+00 1.038625343397778789e+00
2.782799999709803772e+10 -2.449704514651650733e+00 9.152137128307039626e-01
2.782799999686354446e+10 -2.276064197150743595e+00 1.094502841910118818e+00
2.782799999674604797e+10 -2.548717050118947114e+00 9.238063996236520747e-01
2.782799999671331787e+10 -2.615981446290257750e+00 5.896114831426544356e-01
2.782799999642205811e+10 -2.604747663515976530e+00 7.693989952607492855e-01
2.782799999633246231e+10 -2.530175271737600706e+00 1.091413733029826583e+00
2.782799999647327805e+10 -2.425735435025690112e+00 1.385599756894273504e+00
2.782799999622281647e+10 -2.516272081130442206e+00 1.600898582049112839e+00
2.782799999593991089e+10 -2.332389479205062344e+00 1.659500534949736261e+00
2.782799999591789246e+10 -2.278391079015007481e+00 1.322037296301233678e+00
2.782799999588174820e+10 -2.434224382074305915e+00 1.019231195814868984e+00
2.782799999559640503e+10 -2.244854519245726099e+00 1.018233038432553306e+00
2.782799999533948135e+10 -2.436105233886761479e+00 1.139458439444459792e+00
2.782799999521915054e+10 -2.474910126668443677e+00 8.211869061192696995e-01
2.782799999519476700e+10 -2.444272093504739729e+00 1.161405691044899102e+00
2.782799999517271805e+10 -2.228440122093128473e+00 1.426382058542468911e+00
2.782799999497891235e+10 -2.041865792460045625e+00 1.214457168687520960e+00
2.782799999464345169e+10 -1.985205071383084441e+00 1.175252067693229652e+00
2.782799999467148972e+10 -2.106394896727530774e+00 8.561768837454548642e-01
2.782799999491415787e+10 -2.276320827392693591e+00 1.027986561972013435e+00
2.782799999490941620e+10 -2.274434067862415976e+00 1.370413200424798639e+00
2.782799999466682816e+10 -2.487287997164448150e+00 1.255841323387945963e+00
2.782799999453754807e+10 -2.417220949761694548e+00 9.465521459276033944e-01
2.782799999463802338e+10 -2.725372294785028071e+00 8.359638694834319317e-01
2.782799999435132217e+10 -2.910858183120582865e+00 8.099103552819886254e-01
2.782799999434527588e+10 -3.052738074021916770e+00 1.121544079068670152e+00
2.782799999462834549e+10 -2.993032099778346833e+00 9.382734184350109974e-01
2.782799999461305237e+10 -3.014940049189795079e+00 5.968525677266801610e-01
2.782799999477895737e+10 -2.947790583012415144e+00 3.048785701440048235e-01
2.782799999493785095e+10 -2.909066992200071589e+00 6.057691750844079737e-01
2.782799999491765213e+10 -2.682817947128717684e+00 8.620608899980157780e-01
2.782799999495888138e+10 -2.836150817789859779e+00 5.586286958028363614e-01
2.782799999481757355e+10 -2.582101155753532495e+00 7.396616688764717784e-01
2.782799999481744766e+10 -2.594524043992289641e+00 1.081900928925051186e+00
2.782799999485675430e+10 -2.517544284902720975e+00 7.505233810175894194e-01
2.782799999496559525e+10 -2.296392871117197032e+00 9.882787533814718639e-01
2.782799999475876617e+10 -2.071076269602583064e+00 1.142343195349137863e+00
2.782799999479767609e+10 -2.065929826582800999e+00 1.482551188516537666e+00
2.782799999511129379e+10 -1.976429008808859189e+00 1.587023284844640392e+00
2.782799999496074295e+10 -1.950343489437601274e+00 1.893512604637342056e+00
2.782799999510761642e+10 -2.102025589353258450e+00 2.163146212291399362e+00
2.782799999504828644e+10 -2.075472160467458860e+00 1.826906635173316307e+00
2.782799999505121613e+10 -1.734020213616302541e+00 1.800752521179653787e+00
2.782799999514363480e+10 -1.573889076001932175e+00 1.512483256743477167e+00
2.782799999524324417e+10 -1.887851201703141690e+00 1.606224642605806663e+00
2.782799999543119812e+10 -1.818348121150143770e+00 1.883937437487273048e+00
2.782799999541866302e+10 -1.764502870629484077e+00 1.545964567978375559e+00
2.782799999570068741e+10 -1.779594824614564308e+00 1.739657343047013693e+00
2.782799999580415726e+10 -1.548080310918154678e+00 1.969825575290179653e+00
2.782799999594838333e+10 -1.450949602212854961e+00 1.674789146604010570e+00
2.782799999564334106e+10 -1.571561999912299834e+00 1.576377066343329414e+00
2.782799999574248886e+10 -1.410883866811482035e+00 1.862094654187661513e+00
2.782799999572354126e+10 -1.748470350303293008e+00 1.807702795192257739e+00
2.782799999562741089e+10 -1.864146822697188899e+00 1.500034646882892897e+00
2.782799999529745102e+10 -1.776562262612265020e+00 1.472863629010901398e+00
2.782799999530227280e+10 -2.118950175637762889e+00 1.478277008530285652e+00
2.782799999559216690e+10 -2.028555417594624544e+00 1.319935682330257265e+00
2.782799999571998215e+10 -1.797729420782856691e+00 1.101612392227698578e+00
2.782799999553634262e+10 -1.833672880608055333e+00 1.388433966686319465e+00
2.782799999539962387e+10 -1.647629985278711739e+00 1.641373171727356084e+00
2.782799999553260040e+10 -1.507394587964712374e+00 1.358648505884859192e+00
2.782799999538203430e+10 -1.210827564110777743e+00 1.440254719075530376e+00
2.782799999562863541e+10 -1.288550359021483738e+00 1.664817256504400378e+00
2.782799999580433273e+10 -1.093431700811672291e+00 1.884684425451008671e+00
2.782799999585872650e+10 -1.069607865607559827e+00 2.221961380905464356e+00
2.782799999593867874e+10 -1.111048895318269780e+00 1.891549364877975981e+00
2.782799999622400665e+10 -1.133417695789400881e+00 1.703481831346272513e+00
2.782799999616369247e+10 -1.054541437458149877e+00 1.375727896463305955e+00
2.782799999650587463e+10 -1.045698948961229391e+00 1.386510095512428986e+00
2.782799999635859680e+10 -1.141274121403381026e+00 1.680545168290871416e+00
2.782799999617669678e+10 -9.954652479356111971e-01 1.931413196337920635e+00
2.782799999592773438e+10 -9.711178690363859722e-01 1.697516931197611045e+00
2.782799999615028000e+10 -7.542820039738074023e-01 1.553508499784429731e+00
2.782799999634901810e+10 -4.926334684005460041e-01 1.456939073842842491e+00
2.782799999615782547e+10 -6.992136763876074523e-01 1.652009110125022939e+00
2.782799999593091583e+10 -8.693998473509875202e-01 1.460095269090961878e+00
2.782799999590949631e+10 -5.276807806241998744e-01 1.452925609311498167e+00
2.782799999590143204e+10 -5.180584659462817987e-01 1.110691164817114718e+00
2.782799999604333496e+10 -3.745939087758750063e-01 1.387392137509191326e+00
2.782799999622383118e+10 -3.371319945523382211e-01 1.676009149390313757e+00
2.782799999622649765e+10 -2.971381115382963345e-01 1.335898238568951735e+00
2.782799999607947540e+10 -1.524824146030982486e-01 1.062508869091207675e+00
2.782799999625441360e+10 9.735246684489282099e-02 9.067481883432547685e-01
2.782799999614218521e+10 -1.109513142898831128e-01 1.154328694124442833e+00
2.782799999633064270e+10 1.695695125338297637e-01 1.098891613697230207e+00
2.782799999613306427e+10 4.029286582823167207e-01 9.446590809181508730e-01
2.782799999637602615e+10 3.364126723013187714e-01 7.126522800842481908e-01
2.782799999613865662e+10 9.096999240136827147e-02 7.390313645518513663e-01
2.782799999605449677e+10 -1.329375007777108542e-01 4.939508965113265093e-01
2.782799999589867783e+10 -1.140418340460894325e-01 1.895735279592162259e-01
2.782799999610294724e+10 -2.907975056861084040e-02 4.509873183636983196e-01
2.782799999605537796e+10 2.668127961885413124e-01 6.167180214598436683e-01
2.782799999623823166e+10 4.170799934302973910e-02 4.345809550365143936e-01
2.782799999627072144e+10 2.007632700710497431e-01 7.361236177463661434e-01
2.782799999627437592e+10 8.216368518667416243e-03 4.529374984943772553e-01
2.782799999612083054e+10 1.875179764275695105e-01 7.010449256378173954e-01
2.782799999595441818e+10 -1.075891505479313892e-01 7.510488731267078721e-01
2.782799999587870789e+10 8.409208644144974820e-03 4.378487160005774537e-01
2.782799999601953888e+10 1.629654277899574844e-01 7.090694629989604536e-01
2.782799999610084152e+10 2.385673332448400297e-01 1.033039448245508529e+00
2.782799999587957764e+10 3.734138380610320107e-01 8.091176043587293698e-01
2.782799999593460083e+10 6.112867566955723087e-01 1.049265299243367089e+00
2.782799999609444046e+10 9.126641195557134711e-01 1.079348893893121941e+00
2.782799999599176788e+10 1.172272615994551792e+00 1.277702006096582688e+00
2.782799999599319458e+10 9.025146560403837226e-01 1.488677514468630836e+00
2.782799999632869339e+10 8.343744279295366439e-01 1.479762781044327236e+00
2.782799999641257858e+10 9.204127127457871760e-01 1.159071537380215400e+00
2.782799999645308304e+10 8.419690303896982808e-01 8.281819574629217806e-01
2.782799999650664902e+10 5.148609712551139861e-01 7.420831057237180506e-01
2.782799999639264297e+10 8.294786078234599458e-01 8.148869729721951449e-01
2.782799999636713791e+10 1.170863125785651881e+00 8.242783944953568920e-01
2.782799999631304550e+10 1.166489855856816193e+00 1.162415687403573816e+00
2.782799999619311905e+10 1.330985907555005676e+00 1.437807546613181220e+00
2.782799999645587158e+10 1.498779029095179460e+00 1.579538572166709898e+00
2.782799999643433380e+10 1.416289933253055855e+00 1.247855290381552296e+00
2.782799999674471283e+10 1.560141102736465335e+00 1.231912735662790137e+00
2.782799999685028458e+10 1.665169265073302540e+00 9.235202905426282971e-01
2.782799999654758453e+10 1.594038771956582945e+00 1.067033532607400526e+00
2.782799999636139297e+10 1.496638647443209846e+00 7.966121452101316835e-01
2.782799999657767105e+10 1.243344843623671592e+00 7.169388551425368572e-01
2.782799999643256378e+10 9.623770871060612908e-01 8.484031741171917940e-01
2.782799999647315598e+10 1.268742145526423837e+00 9.959664762808373428e-01
2.782799999649625397e+10 1.243427892276162128e+00 1.336712318796474896e+00
2.782799999641440201e+10 9.918918880355349632e-01 1.119198941499223832e+00
2.782799999637362289e+10 1.128884734195570561e+00 8.079884481232881832e-01
2.782799999652922058e+10 1.197412486945942378e+00 5.107076625173181395e-01
2.782799999668232727e+10 1.333405398184018376e+00 7.852012464906314992e-01
2.782799999645245361e+10 1.537758431173848361e+00 9.357997137786090436e-01
2.782799999645313263e+10 1.639248032887555828e+00 1.262879906501577887e+00
2.782799999675435638e+10 1.489786388656615612e+00 1.327738041565479366e+00
2.782799999662313080e+10 1.467630852078543713e+00 1.012189658444098139e+00
2.782799999639948654e+10 1.215254909483975521e+00 1.071955552320348781e+00
2.782799999671925354e+10 1.288607404162337655e+00 1.170193423759101847e+00
2.782799999655716324e+10 1.574692668946706453e+00 1.074466288086937338e+00
2.782799999635004425e+10 1.313332137267202659e+00 9.965280238539347968e-01
2.782799999628831100e+10 1.156121539963874678e+00 1.294447230711596175e+00
2.782799999620260239e+10 1.237795187733066848e+00 9.730979829418922034e-01
2.782799999644384766e+10 1.202749746968689637e+00 7.325694600922092459e-01
2.782799999643894196e+10 1.301129965408200695e+00 1.060562313734979778e+00
2.782799999674086380e+10 1.330052176339705294e+00 1.219586665482922605e+00
2.782799999652870560e+10 1.074561915498906561e+00 1.303228324966392959e+00
2.782799999680015564e+10 9.522376575087484474e-01 1.134015530998001342e+00
2.782799999676959229e+10 8.812996614164988474e-01 8.003752544474875830e-01
2.782799999703671265e+10 6.733320619807072749e-01 8.521286308334360404e-01
2.782799999691533661e+10 3.962651686919572702e-01 1.012701974841162089e+00
2.782799999689570618e+10 4.777252278979148836e-01 1.344757718709280292e+00
2.782799999680310822e+10 5.128175526299074694e-01 1.016921806284393881e+00
2.782799999697177124e+10 6.695024129573995397e-01 1.270464919180581020e+00
2.782799999689741516e+10 3.846697099989986879e-01 1.445460120687994010e+00
2.782799999658974075e+10 2.652343935716225398e-01 1.354056153107757954e+00
2.782799999666999435e+10 2.457750325912730072e-01 1.021697237561528970e+00
2.782799999665261078e+10 -6.726753844455088394e-02 8.839139251799872365e-01
2.782799999696326447e+10 -9.524890360338635065e-03 1.015984994864541413e+00
2.782799999698033142e+10 -2.995826223174823388e-01 8.347193257984774073e-01
2.782799999707571030e+10 -2.793336038807670008e-01 1.163009666979169632e+00
2.782799999690291595e+10 -5.468741669468607514e-01 1.288891434471826081e+00
2.782799999715800858e+10 -6.373141498309665698e-01 1.079057604195465814e+00
2.782799999726256943e+10 -4.970293508814534467e-01 7.846609889235347524e-01
2.782799999726300812e+10 -4.938766858124634118e-01 4.422111026528085520e-01
2.782799999718481064e+10 -6.411653282910800833e-01 7.413323051193838609e-01
2.782799999695305634e+10 -3.920908274691293771e-01 7.021717691615799728e-01
2.782799999686703110e+10 -3.699049780633696938e-01 1.032912896330217656e+00
2.782799999673422241e+10 -3.333573160106094724e-01 1.346454770524537325e+00
2.782799999674526978e+10 -3.298909250708656482e-01 1.004185859820626803e+00
2.782799999665849304e+10 -1.651945901887102164e-01 7.167369446463951466e-01
2.782799999681140518e+10 8.354904613041699846e-02 8.956958367949632294e-01
2.782799999680801010e+10 1.234773272875411693e-01 5.555837046900149456e-01
2.782799999696223068e+10 2.826987570716693043e-01 2.945348151268195602e-01
2.782799999718952942e+10 8.238072079198310860e-02 1.348779315979822535e-01
2.782799999738264084e+10 2.942980167803522784e-01 3.221782682824254618e-01
2.782799999735569000e+10 5.005841903776594992e-02 5.607211104813576430e-01
2.782799999728219986e+10 3.659295673067299859e-01 6.707520364199752727e-01
2.782799999739423752e+10 5.549525230520530039e-02 7.621880369150538792e-01
2.782799999758034134e+10 -2.251990065424510079e-01 7.000762751403926121e-01
2.782799999740916061e+10 -4.257353250633394426e-03 5.021768064199634285e-01
2.782799999721155548e+10 9.638275756331192434e-02 7.631487506017142763e-01
2.782799999724603653e+10 3.169377215789903612e-01 1.022857482010220975e+00
2.782799999742040634e+10 1.761538651993144744e-01 1.281811897536908385e+00
2.782799999773393631e+10 2.778303561934009069e-01 1.188843211650333576e+00
2.782799999764742661e+10 1.901603751843552459e-01 8.692938050032744668e-01
2.782799999732861328e+10 7.116909454079700659e-02 9.077833112038443675e-01
2.782799999713404083e+10 9.188313833911772310e-02 6.267230819300284583e-01
2.782799999713313293e+10 1.365437905576734334e-01 2.871841930003282695e-01
2.782799999720553970e+10 -1.874240070315130458e-01 2.030157416011299232e-01
2.782799999739857483e+10 -3.374554284997112186e-01 -3.679543259897094520e-02
2.782799999736093140e+10 -6.765599038269258791e-01 -6.634616230764973921e-02
2.782799999749840164e+10 -5.766241585875407916e-01 2.309700570458282365e-01
2.782799999735081482e+10 -7.460423998274046120e-01 -2.748266027712009674e-02
2.782799999750188446e+10 -1.023526230008530824e+00 1.046638561540629841e-01
2.782799999780580521e+10 -1.108929035972284538e+00 2.374104228297925778e-01
2.782799999756332016e+10 -1.320038945741547121e+00 1.194452521126821987e-01
2.782799999768953323e+10 -1.076894601042668542e+00 -8.606240664146494468e-02
2.782799999770420456e+10 -1.367462279813282056e+00 -2.667200953436461019e-01
2.782799999766157532e+10 -1.383576933631407213e+00 7.269862007308591778e-02
2.782799999776703262e+10 -1.058129223264346663e+00 5.705111083237374148e-02
2.782799999776534653e+10 -1.080511056928691538e+00 3.987794706611975659e-01
2.782799999748733521e+10 -1.200852105035173478e+00 5.584974702179076322e-01
2.782799999727645111e+10 -1.024572372136409726e+00 3.542047151424028151e-01
2.782799999725860977e+10 -1.073809621567450856e+00 6.926414021165859802e-01
2.782799999696046066e+10 -9.350587525493380125e-01 5.970460430153763376e-01
2.782799999670333481e+10 -9.490734834956836563e-01 3.712755591872862748e-01
2.782799999673815155e+10 -9.850540746268592329e-01 3.249041223050408433e-02
2.782799999689839935e+10 -1.285392723403452786e+00 -4.923613542878908789e-03
2.782799999668074417e+10 -1.409086096258517884e+00 -2.386086810965329097e-01
2.782799999689638901e+10 -1.675115945680679452e+00 -2.359646989388964333e-01
2.782799999692531586e+10 -1.669040626268363026e+00 -5.771513785097788229e-01
2.782799999713278198e+10 -1.821332856509180198e+00 -3.512162748145393198e-01
2.782799999717385483e+10 -1.930161853354334101e+00 -6.733208535457746446e-01
2.782799999691760635e+10 -1.946927710157514868e+00 -8.999003286424338555e-01
2.782799999689179230e+10 -1.983958011671165256e+00 -1.239377055256956739e+00
2.782799999711119461e+10 -2.240968705231350278e+00 -1.294959165816478741e+00
2.782799999681608963e+10 -2.069979509176508525e+00 -1.264026262462124128e+00
2.782799999680597305e+10 -2.071096693674141509e+00 -1.606339646034969704e+00
2.782799999678622055e+10 -2.092803300937076116e+00 -1.947544546086613426e+00
2.782799999648321915e+10 -2.162551593698562868e+00 -2.091100730110067474e+00
2.782799999616667938e+10 -2.054884828476319480e+00 -2.016983655120058394e+00
2.782799999641112137e+10 -2.000527007697692650e+00 -1.783370392789956460e+00
2.782799999642339706e+10 -2.022510485440593975e+00 -1.441832503050333614e+00
2.782799999639716339e+10 -2.027213546745795458e+00 -1.100406362633153945e+00
2.782799999636539841e+10 -1.941158140667089027e+00 -1.430357210940222057e+00
2.782799999654522705e+10 -2.167612502822984233e+00 -1.246885610680655843e+00
2.782799999625288010e+10 -1.995293691155328064e+00 -1.292936077858821031e+00
2.782799999635187531e+10 -1.981289534937187735e+00 -9.653912525548226098e-01
2.782799999663499832e+10 -2.171010138482957874e+00 -9.989871604554134699e-01
2.782799999660120392e+10 -2.491330346871916124e+00 -8.826470774168753142e-01
2.782799999676974869e+10 -2.551497714259098881e+00 -5.906633936021932207e-01
2.782799999697477722e+10 -2.634060437530912679e+00 -3.290745259870987427e-01
2.782799999724124146e+10 -2.419895399982504802e+00 -3.087901353970038398e-01
2.782799999710158539e+10 -2.339843580471303142e+00 -6.110645014128819330e-01
2.782799999729245377e+10 -2.369646387172165358e+00 -3.282864899312962770e-01
2.782799999717273331e+10 -2.174428097216931643e+00 -7.365119138923914566e-02
2.782799999732049179e+10 -1.865664478283622918e+00 -6.296501541036772509e-02
2.782799999731182480e+10 -1.915880676019684925e+00 -4.016171838660917981e-01
2.782799999735216904e+10 -2.172770044689562141e+00 -1.787672305903814929e-01
2.782799999737334442e+10 -2.469201136652284578e+00 -3.489501826213643465e-01
2.782799999765593719e+10 -2.604386549566295894e+00 -2.105715008063074323e-01
2.782799999744483948e+10 -2.414842062503214759e+00 -1.875663157266205250e-02
2.782799999743810654e+10 -2.750609997177385413e+00 -8.581349027209927982e-02
2.782799999761431122e+10 -2.461454455101333316e+00 -3.460427342318218163e-02
2.782799999738525009e+10 -2.314495139414171732e+00 -2.424883590172395020e-01
2.782799999715114212e+10 -2.432101284198090241e+00 -4.630422303466092959e-01
2.782799999681245041e+10 -2.472319206524892898e+00 -4.938873741553321262e-01
2.782799999681521606e+10 -2.412683800607764883e+00 -1.566663489110255991e-01
2.782799999690942764e+10 -2.226056644166724219e+00 1.145831997456946971e-01
2.782799999698894501e+10 -1.893565751905045280e+00 1.347997007178077522e-01
2.782799999709602737e+10 -1.708267592812582114e+00 -1.325575822083895072e-01
2.782799999739275742e+10 -1.558675544185566419e+00 -2.153514056800991949e-01
2.782799999709486771e+10 -1.546214111883134290e+00 -4.685999235813007036e-02
2.782799999685361099e+10 -1.673055710329631518e+00 -2.541968542522726193e-01
2.782799999681965256e+10 -1.672518603881191668e+00 8.657973379224964683e-02
2.782799999677096939e+10 -1.579505732434271836e+00 4.125559268874514629e-01
2.782799999677482986e+10 -1.578314311413894000e+00 7.549967585732803022e-01
2.782799999690586853e+10 -1.591518689082497051e+00 1.071124901379203020e+00
2.782799999687379837e+10 -1.873691503975042361e+00 8.797295646432610194e-01
2.782799999711943817e+10 -1.707593112497167276e+00 1.051061304700921850e+00
2.782799999704171753e+10 -1.402814735804844615e+00 9.155931118374367461e-01
2.782799999706709671e+10 -1.419744798986537715e+00 5.744898841967854830e-01
2.782799999713218307e+10 -1.357834856922819355e+00 9.049636023264845397e-01
2.782799999710245514e+10 -1.108498669779519386e+00 6.720909180835703545e-01
2.782799999712161636e+10 -1.015549603057320338e+00 1.001143053043932252e+00
2.782799999723932266e+10 -6.940290102493631430e-01 9.939317689858853111e-01
2.782799999729352951e+10 -5.186023315308366799e-01 1.283015258025388849e+00
2.782799999706895065e+10 -4.280270166175867419e-01 1.040854117735136919e+00
2.782799999701862717e+10 -3.588378667301412306e-01 1.372460014873390310e+00
2.782799999679862976e+10 -1.103834412711069135e-01 1.457034143281771055e+00
2.782799999663846207e+10 -3.548941094637212967e-01 1.278587007024776012e+00
2.782799999673810577e+10 -2.641447786263725894e-01 1.593416703261134382e+00
2.782799999698802948e+10 -4.970562720520605993e-01 1.617358461718739315e+00
2.782799999687033844e+10 -2.544116719641533186e-01 1.828437531112128367e+00
2.782799999697278595e+10 -3.253976124936432401e-01 2.147416088311493887e+00
2.782799999688779449e+10 -4.914415187965037735e-03 2.061689540626307604e+00
2.782799999661848450e+10 2.053442354908477374e-01 2.038338723375115791e+00
2.782799999637145615e+10 8.776774373906021109e-02 2.244337640208676987e+00
2.782799999632793427e+10 -1.368356541814242100e-01 2.499173251339101398e+00
2.782799999638799286e+10 1.985947595240671049e-01 2.533253733923570117e+00
2.782799999647968292e+10 -3.143896422792644141e-02 2.296695915898596230e+00
2.782799999631750107e+10 -3.360233504529176046e-02 2.598316211411989762e+00
2.782799999609518433e+10 -2.940526269634896050e-01 2.593548130253815476e+00
2.782799999602951431e+10 -3.644117531025414802e-01 2.264885430283513301e+00
2.782799999591677475e+10 -4.105902534988536967e-02 2.261007676406922684e+00
2.782799999574028397e+10 9.780969460679450611e-02 2.519557387266233128e+00
2.782799999571265793e+10 -2.369089201574812731e-01 2.586507878037645369e+00
2.782799999572223282e+10 -3.763981707183252645e-01 2.273884861632196053e+00
2.782799999565983582e+10 -6.881133769331899686e-01 2.401252368849307484e+00
2.782799999569290161e+10 -8.482207910026435815e-01 2.100329924016955729e+00
2.782799999560908127e+10 -1.068804032351177158e+00 2.348522248231557530e+00
2.782799999541595840e+10 -7.892451080167779409e-01 2.391324028674932212e+00
2.782799999508325577e+10 -7.553757674470883421e-01 2.317543293171778540e+00
2.782799999515581512e+10 -9.835486564680088195e-01 2.562398475507133622e+00
2.782799999542486954e+10 -8.874412300353321514e-01 2.751225138576306684e+00
2.782799999512854385e+10 -7.449299472654340448e-01 2.846955613264261054e+00
2.782799999536577606e+10 -9.320854798477948844e-01 2.685788335097186952e+00
2.782799999537635422e+10 -9.076170673388306298e-01 3.027213991661409587e+00
2.782799999567312622e+10 -8.235272005036705645e-01 3.176002680286293511e+00
2.782799999541590118e+10 -5.974754984285339798e-01 3.180346256676236383e+00
2.782799999547081375e+10 -7.961612141747151927e-01 2.906867271932760843e+00
2.782799999548930740e+10 -7.904430018365535826e-01 2.564950122757372331e+00
2.782799999574491119e+10 -1.005869737086947158e+00 2.490523780202247739e+00
2.782799999583062744e+10 -8.567581469170221231e-01 2.194381406438564497e+00
2.782799999594167709e+10 -9.330211866021095313e-01 2.509236287523703091e+00
2.782799999585408401e+10 -9.023210201689485510e-01 2.838883142733601872e+00
2.782799999575921249e+10 -6.479874918171013576e-01 2.630086882091284828e+00
2.782799999600629044e+10 -4.125950470640855627e-01 2.658818559689016592e+00
2.782799999613544846e+10 -3.935769960766537512e-01 2.975423515746251191e+00
2.782799999612036896e+10 -6.303191653178890075e-01 3.222421030059758884e+00
2.782799999641660309e+10 -7.314207091759775681e-01 3.361364542933359623e+00
2.782799999640519333e+10 -6.975130716067891035e-01 3.020773649538004424e+00
2.782799999630281067e+10 -5.994923951813446727e-01 2.709017444734234559e+00
2.782799999614648438e+10 -7.748684868826221095e-01 2.459843842471383546e+00
2.782799999582102585e+10 -8.701451016856199816e-01 2.412082613323351499e+00
2.782799999573642731e+10 -7.718546085672847168e-01 2.729043650244246333e+00
2.782799999581998062e+10 -7.365152483621820734e-01 3.059273647137723096e+00
2.782799999580728531e+10 -8.370119642164330909e-01 3.386414759790164375e+00
2.782799999604845428e+10 -6.514285545542348732e-01 3.229324144569381438e+00
2.782799999591728973e+10 -5.199326716495483725e-01 2.941597556894309573e+00
2.782799999559702301e+10 -6.236118897307900699e-01 2.878656407497762970e+00
2.782799999576266098e+10 -5.705235741521612614e-01 2.583651277433804960e+00
2.782799999593133545e+10 -8.036696785605220716e-01 2.769321004921374119e+00
2.782799999597413635e+10 -5.011311149334221060e-01 2.614657960894501088e+00
2.782799999604309464e+10 -4.925492262429931323e-01 2.949997990869710485e+00
2.782799999578879547e+10 -4.074573966310146567e-01 2.736988135072732753e+00
2.782799999567633820e+10 -4.028952439447502920e-01 3.060430562437439495e+00
2.782799999543796158e+10 -4.013633306592448990e-01 3.306309415378352767e+00
2.782799999551419830e+10 -5.706683748594325589e-01 3.018549668712381617e+00
2.782799999536766815e+10 -6.942643639726506777e-01 3.302336268709053169e+00
2.782799999543710327e+10 -9.404516557602912163e-01 3.530048378024287281e+00
2.782799999576358414e+10 -9.733737091016869680e-01 3.432020081656538935e+00
2.782799999599640274e+10 -7.276312502674732174e-01 3.380174557225932741e+00
2.782799999601764679e+10 -7.129644302774527098e-01 3.721664914014876757e+00
2.782799999600841141e+10 -9.629677396174326498e-01 3.955534770787821675e+00
2.782799999630796814e+10 -8.011148618717180980e-01 3.918769071456575048e+00
2.782799999610680008e+10 -1.068880405158060265e+00 3.990291536629730906e+00
2.782799999636874008e+10 -1.212223479479657584e+00 3.822592082964319182e+00
2.782799999624713516e+10 -9.810683462841166547e-01 4.044090164196698645e+00
2.782799999625979233e+10 -9.199608894367736767e-01 4.380821072106257041e+00
2.782799999626797867e+10 -7.866504542678947054e-01 4.696167453086891541e+00
2.782799999655663300e+10 -7.430531535574091961e-01 4.517111921730386115e+00
2.782799999679994965e+10 -9.608785356212454776e-01 4.414001010205083730e+00
2.782799999688373566e+10 -9.823629455162736779e-01 4.745362672794248837e+00
2.782799999656059265e+10 -1.090952908776838148e+00 4.712662984126644083e+00
2.782799999652564240e+10 -1.091280149193759597e+00 5.053339553527066208e+00
2.782799999667783737e+10 -1.020909304529832085e+00 5.351946565050573312e+00
2.782799999683612061e+10 -8.053755244500137023e-01 5.137998514856564114e+00
2.782799999690407562e+10 -6.405283913333479351e-01 5.430384697602648636e+00
2.782799999671711349e+10 -3.954689886800890619e-01 5.579627037339888851e+00
2.782799999663463593e+10 -4.501748223739945876e-01 5.907478866902458492e+00
2.782799999676667786e+10 -6.820868959570254297e-01 5.692853927995329855e+00
2.782799999681835556e+10 -8.025653754693954367e-01 6.009234354186710370e+00
2.782799999692371368e+10 -5.863547963475019831e-01 6.253026470836132944e+00
2.782799999663794708e+10 -5.956257236185769077e-01 6.441532356816849436e+00
2.782799999696358490e+10 -5.991194250671176835e-01 6.335562142011370135e+00
2.782799999694427490e+10 -4.159290424328999647e-01 6.624266820396027100e+00
2.782799999706235123e+10 -2.950750408466583097e-01 6.326383026907762996e+00
2.782799999701332855e+10 -5.096868085644395974e-01 6.064046395345263463e+00
2.782799999699948502e+10 -5.336475199081283094e-01 6.405391257356371604e+00
2.782799999684797287e+10 -2.944807303001413246e-01 6.212712015455823966e+00
2.782799999671886444e+10 -6.000648494233187247e-01 6.297750166280208894e+00
2.782799999676296616e+10 -8.773718044315548248e-01 6.493806059392727370e+00
2.782799999665269470e+10 -8.761521431243967095e-01 6.169582302395872908e+00
2.782799999672087097e+10 -8.214222758778435551e-01 6.500699734573456290e+00
2.782799999657447815e+10 -1.107749476614653616e+00 6.382936813866789905e+00
2.782799999682456207e+10 -1.306367388061039803e+00 6.259278822144363374e+00
2.782799999709632874e+10 -1.305685614716441512e+00 6.050895359342901791e+00
2.782799999710580444e+10 -1.095852682079388130e+00 5.780409898822232329e+00
2.782799999705792999e+10 -7.732999469754205935e-01 5.675767711755867140e+00
2.782799999703655624e+10 -1.095142965287992709e+00 5.790843124914645479e+00
2.782799999682909775e+10 -1.333114683608862983e+00 5.658128312966957729e+00
2.782799999670970535e+10 -1.035530775596731345e+00 5.778423439925972183e+00
2.782799999693132019e+10 -8.215843588688160892e-01 5.628772557259339671e+00
2.782799999699424362e+10 -7.907102038177036274e-01 5.963988483925696471e+00
2.782799999686931610e+10 -9.509195459640620296e-01 6.239684604501078091e+00
2.782799999678034592e+10 -7.734471424886525392e-01 6.518736420771245044e+00
2.782799999691375351e+10 -6.440903178802139806e-01 6.806402422237028738e+00
2.782799999706940079e+10 -4.038872468023533280e-01 6.994441052621791499e+00
2.782799999690639877e+10 -3.081916262036395460e-01 6.708863892626860448e+00
2.782799999724610901e+10 -3.295211653384180761e-01 6.746613070051416194e+00
2.782799999744256210e+10 -5.994897672306299663e-01 6.670418097418076897e+00
2.782799999764278793e+10 -7.296523818657532079e-01 6.915874595191064955e+00
2.782799999758541107e+10 -4.168600572338895249e-01 6.788789011149732211e+00
2.782799999758592987e+10 -4.080176032124590013e-01 7.131139121163525552e+00
2.782799999758070374e+10 -4.751770811298562380e-01 7.466913359930209992e+00
2.782799999748689270e+10 -6.330843388186482290e-01 7.755958372856091465e+00
2.782799999761409760e+10 -3.295080490930066830e-01 7.850522532073310522e+00
2.782799999773839188e+10 -4.785129752809618164e-01 8.132712137644396933e+00
2.782799999798770905e+10 -5.875845750182355776e-01 7.924801212501068726e+00
2.782799999777352905e+10 -6.361685589018646336e-01 7.662031711863621197e+00
2.782799999756368256e+10 -8.845780101369840054e-01 7.769455998795590013e+00
2.782799999742504501e+10 -1.136653208338342047e+00 7.955251310294029210e+00
2.782799999711716843e+10 -1.167249685786463820e+00 8.102079920947760527e+00
2.782799999734758377e+10 -9.570552849826600150e-01 8.243534257311951663e+00
2.782799999734933090e+10 -9.628495905541583078e-01 8.585945460055832257e+00
2.782799999726862335e+10 -1.295437574613874876e+00 8.573552695110674193e+00
2.782799999705608368e+10 -1.371481428698601235e+00 8.316012495496627466e+00
2.782799999699803543e+10 -1.448346538195149469e+00 8.644652110840752357e+00
2.782799999684319687e+10 -1.503495726080024131e+00 8.945093815824105121e+00
2.782799999672221375e+10 -1.735628567730033378e+00 9.165908344024384036e+00
2.782799999696507645e+10 -1.523592575012681527e+00 9.281412122867910952e+00
2.782799999714168549e+10 -1.459951016859490469e+00 9.567840076761765289e+00
2.782799999705622864e+10 -1.130502546934891939e+00 9.605827329572544926e+00
2.782799999725148010e+10 -1.232232493948770768e+00 9.868143618055791322e+00
2.782799999727059174e+10 -1.289309051057362154e+00 1.020527714850471490e+01
2.782799999744389343e+10 -1.428526256007949247e+00 9.944764036156991338e+00
2.782799999753580093e+10 -1.195571866599871580e+00 9.711167917133874283e+00
2.782799999729373550e+10 -1.096728940146524112e+00 9.932339677500712227e+00
2.782799999727303314e+10 -9.587845646763695218e-01 9.619569992274923820e+00
2.782799999701094818e+10 -1.143352688853960242e+00 9.499033197507101178e+00
2.782799999683732605e+10 -8.501062675249365652e-01 9.465201830368132008e+00
2.782799999657269669e+10 -1.067267458198977614e+00 9.455465804487264592e+00
2.782799999679230499e+10 -1.020854788591905926e+00 9.714117630963052363e+00
2.782799999689825058e+10 -9.569631721799515267e-01 1.003345406830379360e+01
2.782799999676720047e+10 -1.269583345105405048e+00 9.984704062291591242e+00
2.782799999675708771e+10 -1.268993847230605265e+00 9.642389268610260800e+00
2.782799999689568710e+10 -1.150513025269707557e+00 9.932276941084094091e+00
2.782799999687783051e+10 -1.087415759318298036e+00 9.596149024840684660e+00
2.782799999699376678e+10 -1.001564713419008434e+00 9.906746569312442574e+00
2.782799999700924683e+10 -8.375581121870225854e-01 1.020698699309540913e+01
2.782799999704744339e+10 -9.753156122841801778e-01 1.051818794275036950e+01
2.782799999707218552e+10 -1.009342772626092843e+00 1.085805860925936983e+01
2.782799999682702255e+10 -7.791299156423817651e-01 1.079341005219939120e+01
2.782799999676816559e+10 -1.047191355787564504e+00 1.099825430347885558e+01
2.782799999707682800e+10 -9.985863334652893553e-01 1.085808339882292373e+01
2.782799999685277176e+10 -9.737400719735429533e-01 1.111588891906571419e+01
2.782799999663255310e+10 -1.203831999764545690e+00 1.124176081669949490e+01
2.782799999658983994e+10 -8.852075067111219164e-01 1.135981195667326382e+01
2.782799999636725616e+10 -1.144924422005559883e+00 1.137669576479427569e+01
2.782799999641295242e+10 -9.997404516647103723e-01 1.168347845468309387e+01
2.782799999611950684e+10 -1.079032752486670521e+00 1.152572886160217536e+01
2.782799999607216644e+10 -1.400427557793484379e+00 1.163410955608644493e+01
2.782799999610620880e+10 -1.605323347799123779e+00 1.136182123683348699e+01
2.782799999609794617e+10 -1.480363086076220469e+00 1.104307571509224850e+01
2.782799999582713318e+10 -1.686060237839202447e+00 1.100268529111594695e+01
2.782799999582141113e+10 -1.843944714518896300e+00 1.069884024353837937e+01
2.782799999580230331e+10 -1.910367483597412042e+00 1.036342266075113550e+01
2.782799999600024414e+10 -1.675678811293218162e+00 1.021168940049149576e+01
2.782799999605428314e+10 -1.634577100713426656e+00 1.054735691964905264e+01
2.782799999597610092e+10 -1.923651392675453486e+00 1.038120757032617192e+01
2.782799999585279083e+10 -2.220371339214856743e+00 1.049967352050081004e+01
2.782799999586479187e+10 -2.259241871835930837e+00 1.015963367124330929e+01
2.782799999580622482e+10 -2.164063912564509362e+00 9.835916175141910855e+00
2.782799999592272568e+10 -1.876483177596140361e+00 9.980853615376123145e+00
2.782799999612875366e+10 -1.810445974632889143e+00 1.024632176444967335e+01
2.782799999594412994e+10 -1.584805092276881933e+00 1.042599396307264747e+01
2.782799999606408691e+10 -1.293246528005756346e+00 1.029225601865918982e+01
2.782799999587411880e+10 -1.541332956849731373e+00 1.015208669237660821e+01
2.782799999578963089e+10 -1.601187025455742763e+00 9.825649549642122338e+00
2.782799999572563171e+10 -1.444165168909949726e+00 9.528109027171320022e+00
2.782799999569328308e+10 -1.414067214139840267e+00 9.867711408356612424e+00
2.782799999536004639e+10 -1.361726080850197196e+00 9.808583788004330728e+00
2.782799999558365631e+10 -1.618737401537464926e+00 9.773574232915741788e+00
2.782799999532823181e+10 -1.666415012268106954e+00 9.550489656585376963e+00
2.782799999525553131e+10 -1.819715912262830360e+00 9.847971916269388615e+00
2.782799999500079727e+10 -1.843172403398353421e+00 1.007566131830702894e+01
2.782799999491917801e+10 -1.944961211579128824e+00 1.039229939694802063e+01
2.782799999468375397e+10 -1.838562648051893955e+00 1.061710544457161731e+01
2.782799999434704590e+10 -1.778282686372831156e+00 1.063370679391185369e+01
2.782799999452668762e+10 -1.583785956182526489e+00 1.085091961066692789e+01
2.782799999447710800e+10 -1.324492878182231825e+00 1.106907292594497072e+01
2.782799999478657532e+10 -1.220183945873700715e+00 1.117217968133709149e+01
2.782799999481442642e+10 -1.021398725694795173e+00 1.089470737913449305e+01
2.782799999481856155e+10 -1.163085633865215573e+00 1.120646010707040396e+01
2.782799999494758224e+10 -1.249517354478281606e+00 1.090122992625669873e+01
2.782799999502366257e+10 -1.129483473948102112e+00 1.121281551865123305e+01
2.782799999514377213e+10 -1.366499316591885727e+00 1.099676249476362955e+01
2.782799999514483261e+10 -1.363387041355461404e+00 1.133921138252352989e+01
2.782799999525860596e+10 -1.082245109934802496e+00 1.118016032606567123e+01
2.782799999542967987e+10 -1.079728880772881983e+00 1.088349668077533572e+01
2.782799999551238251e+10 -1.409263631559022789e+00 1.084049380655782180e+01
2.782799999558700562e+10 -1.500774487921763711e+00 1.051902975517979755e+01
2.782799999568342209e+10 -1.398650603972322992e+00 1.020668954557068631e+01
2.782799999553678894e+10 -1.090640687988063906e+00 1.017650606383243783e+01
2.782799999568105698e+10 -1.238616505822960789e+00 1.044958473722613945e+01
2.782799999602178574e+10 -1.215032269832569289e+00 1.042446491343910786e+01
2.782799999612733841e+10 -1.330068554632779287e+00 1.011965772420015952e+01
2.782799999644292450e+10 -1.257948091093999299e+00 1.023140400628191315e+01
2.782799999616902542e+10 -1.314318936008383121e+00 1.003370680956828132e+01
2.782799999623717117e+10 -1.506965994791268360e+00 9.758887775262788722e+00
2.782799999655337143e+10 -1.495082285693989821e+00 9.627893840892118860e+00
2.782799999671545410e+10 -1.757243506788714438e+00 9.478618034301748096e+00
2.782799999644082642e+10 -1.789548155253107176e+00 9.680650537994441862e+00
2.782799999646749496e+10 -2.117586122219024425e+00 9.775318344137165383e+00
2.782799999658880997e+10 -1.816956511454032475e+00 9.664926842084531344e+00
2.782799999635390472e+10 -1.974818675692071146e+00 9.472103733599057662e+00
2.782799999653318787e+10 -1.748824563051677661e+00 9.656672485923692761e+00
2.782799999666718674e+10 -1.756746322581983710e+00 9.341610747541279736e+00
2.782799999676552582e+10 -2.063923267501738934e+00 9.456734615866984939e+00
2.782799999678577805e+10 -2.048777288384687978e+00 9.115204914369211764e+00
2.782799999673497009e+10 -2.371800969299389550e+00 9.216970994172868359e+00
2.782799999672290039e+10 -2.261937848768337034e+00 9.541110617177693598e+00
2.782799999696453094e+10 -2.459094322079145911e+00 9.399597751984869021e+00
2.782799999699667740e+10 -2.385406594313398188e+00 9.732492237817623959e+00
2.782799999680694962e+10 -2.646183016433005797e+00 9.617247340403412892e+00
2.782799999672821045e+10 -2.950331467378579209e+00 9.480954408750443818e+00
2.782799999681317520e+10 -2.919052144738922383e+00 9.150675057232177778e+00
2.782799999687256622e+10 -2.964833511373640373e+00 9.484829129317429164e+00
2.782799999674689102e+10 -2.965416280014892436e+00 9.803399526639919870e+00
2.782799999647706604e+10 -2.786527239577951676e+00 9.691710238834442492e+00
2.782799999674704742e+10 -2.975179964998670989e+00 9.785526497414291924e+00
2.782799999654156113e+10 -2.756102978135193560e+00 9.950036293896790340e+00
2.782799999636668396e+10 -2.474414043696340215e+00 1.003577765901033736e+01
2.782799999611427689e+10 -2.244746270431756674e+00 1.006452151229947134e+01
2.782799999640746689e+10 -2.164853898206134275e+00 9.906598481509456988e+00
2.782799999638620758e+10 -1.861711854251643761e+00 1.006450649515687523e+01
2.782799999626927185e+10 -1.869717077088976387e+00 9.742724358866974299e+00
2.782799999618711853e+10 -2.021878329170207600e+00 1.003832479112992893e+01
2.782799999615397644e+10 -1.994268798365240736e+00 1.037806198779418487e+01
2.782799999646824265e+10 -1.904093411038721095e+00 1.027614798738347091e+01
2.782799999648075867e+10 -2.083303953449490820e+00 1.056771096392861153e+01
2.782799999673136520e+10 -2.114500957246268076e+00 1.033640029524865511e+01
2.782799999676400375e+10 -2.452090850217165219e+00 1.038383395931316855e+01
2.782799999689056778e+10 -2.583334224810275970e+00 1.067372918145427363e+01
2.782799999695831299e+10 -2.918905137590878773e+00 1.068294659958225878e+01
2.782799999713079834e+10 -2.738627849784410095e+00 1.044836118352161236e+01
2.782799999714615631e+10 -3.080246578344949082e+00 1.042984423020508977e+01
2.782799999712458038e+10 -3.080346706708360305e+00 1.008805983704128373e+01
2.782799999709970474e+10 -2.809401811233425139e+00 9.880088594379596856e+00
2.782799999713079453e+10 -2.820684503420324951e+00 1.022095247509919602e+01
2.782799999702935791e+10 -2.538286273238411717e+00 1.038600958618605574e+01
2.782799999698429871e+10 -2.552233302275404903e+00 1.072521020678301262e+01
2.782799999686066437e+10 -2.559779711428192606e+00 1.104449000330559905e+01
2.782799999702243805e+10 -2.861549456975609917e+00 1.103766397338123895e+01
2.782799999694724274e+10 -2.553588538234656813e+00 1.116723152776053318e+01
2.782799999663808823e+10 -2.618871377964242075e+00 1.103515531691071772e+01
2.782799999671019745e+10 -2.655423248997473173e+00 1.070236939946067878e+01
2.782799999640800858e+10 -2.816378292051555210e+00 1.069475947863664622e+01
2.782799999672757721e+10 -2.789518810513332170e+00 1.057460513757825638e+01
2.782799999666389084e+10 -2.531111943680919740e+00 1.079013214084100980e+01
2.782799999659514999e+10 -2.442176883873434345e+00 1.046663950732774495e+01
2.782799999683653259e+10 -2.247051562832881544e+00 1.032192428727674738e+01
2.782799999677553177e+10 -2.554238690891747154e+00 1.018337175128832151e+01
2.782799999651508713e+10 -2.446958110508672402e+00 1.037815645834475120e+01
2.782799999630820465e+10 -2.553711758876553883e+00 1.012698984218603115e+01
2.782799999631781387e+10 -2.577124090259022893e+00 1.046851812331846077e+01
2.782799999624937820e+10 -2.509421480604810295e+00 1.013986189588274556e+01
2.782799999595266724e+10 -2.463400061601869417e+00 9.975159917558302780e+00
2.782799999571520233e+10 -2.680496911936445681e+00 9.857854273964427705e+00
2.782799999561190414e+10 -3.006857015433532787e+00 9.847826160959197495e+00
2.782799999550796127e+10 -3.089460666406395273e+00 1.016350755232294212e+01
2.782799999527220154e+10 -2.845317519981957588e+00 1.020925561490684075e+01
2.782799999528392410e+10 -3.081426934072871493e+00 9.961471453403493825e+00
2.782799999506391525e+10 -3.015565541365239799e+00 1.021551804499381255e+01
2.782799999498722076e+10 -2.972130901765882349e+00 1.054644636101527944e+01
2.782799999495455170e+10 -3.123292365379166213e+00 1.085200308864159702e+01
2.782799999486160660e+10 -2.868890494485722087e+00 1.106158109900684927e+01
2.782799999467895508e+10 -2.758862058151159591e+00 1.132956291047826092e+01
2.782799999467373657e+10 -2.583797265346432948e+00 1.162385382667533129e+01
2.782799999490444946e+10 -2.816873116605755012e+00 1.172249307473936497e+01
2.782799999489328766e+10 -3.155223750552551110e+00 1.177422598746676563e+01
2.782799999497700500e+10 -3.205856961257520954e+00 1.144603443620088257e+01
2.782799999479642868e+10 -3.496285976740077128e+00 1.146407722894033299e+01
2.782799999500539017e+10 -3.356535837537127698e+00 1.169664488322393936e+01
2.782799999475901413e+10 -3.256893825654361141e+00 1.148065218987550828e+01
2.782799999500473022e+10 -3.096562814536928609e+00 1.130401940740449085e+01
2.782799999533195496e+10 -3.192298525947279586e+00 1.127175306467347760e+01
2.782799999517827225e+10 -3.154878268794836682e+00 1.157550207014621080e+01
2.782799999498181534e+10 -3.188200984262711923e+00 1.129697755092906775e+01
2.782799999509310150e+10 -3.073512645537603394e+00 1.159987015238073305e+01
2.782799999504963684e+10 -3.086710825563194760e+00 1.193930915319317698e+01
2.782799999493397522e+10 -3.406436118811271729e+00 1.189832251211478287e+01
2.782799999497967911e+10 -3.451262035240663995e+00 1.156189451925779288e+01
2.782799999521503448e+10 -3.395961457118683136e+00 1.180444626594268698e+01
2.782799999513732529e+10 -3.661777690447936884e+00 1.200590339729606981e+01
2.782799999534262085e+10 -3.414707015361170495e+00 1.188719706310762803e+01
2.782799999555399323e+10 -3.232764115909835034e+00 1.168845066934304100e+01
2.782799999543410873e+10 -3.416359916396245033e+00 1.195151483312340090e+01
2.782799999556574631e+10 -3.224080427762725520e+00 1.220247694553807172e+01
2.782799999530875015e+10 -3.001044323705742922e+00 1.216388072193963765e+01
2.782799999539368439e+10 -2.960992213431370423e+00 1.183454180892907814e+01
2.782799999559210587e+10 -3.224834077302933810e+00 1.192563907028635839e+01
2.782799999576917267e+10 -3.149834400876689422e+00 1.164225978964994290e+01
2.782799999583924484e+10 -3.474486240136465121e+00 1.172576593986399018e+01
2.782799999588995743e+10 -3.547081643311865040e+00 1.205658356534462072e+01
2.782799999577289200e+10 -3.575334553450494113e+00 1.237717662665175489e+01
2.782799999582736206e+10 -3.499726203055612661e+00 1.270671968149620312e+01
2.782799999592692947e+10 -3.389595753742640216e+00 1.301532844177479653e+01
2.782799999560427856e+10 -3.321349641939750352e+00 1.310764008978234330e+01
2.782799999551253128e+10 -3.345486014897176563e+00 1.277857794849506057e+01
2.782799999551564407e+10 -3.348388247322506839e+00 1.243613971792655448e+01
2.782799999578378677e+10 -3.488926189980506187e+00 1.227604673738843388e+01
2.782799999573751831e+10 -3.388041114672861731e+00 1.195206580221271331e+01
2.782799999592029953e+10 -3.312948020046558639e+00 1.223176918910480993e+01
2.782799999598616028e+10 -3.635776277506053589e+00 1.213835530058927503e+01
2.782799999582727051e+10 -3.639284426627006575e+00 1.183500087303013792e+01
2.782799999577226639e+10 -3.698822545506640136e+00 1.150226729875302567e+01
2.782799999584743500e+10 -3.920739260456713726e+00 1.125249835393091402e+01
2.782799999598189545e+10 -3.714633015243870240e+00 1.149066312205582996e+01
2.782799999606810379e+10 -3.496928628796537097e+00 1.124075296427145965e+01
2.782799999605518723e+10 -3.314604001084616502e+00 1.153036119260856474e+01
2.782799999610581589e+10 -3.352441890238613720e+00 1.186694258112499689e+01
2.782799999632895279e+10 -3.175452231371343803e+00 1.167676610643971458e+01
2.782799999617121506e+10 -3.106027597371364468e+00 1.197270672891754550e+01
2.782799999616302872e+10 -3.115753329163316376e+00 1.231493540552508215e+01
2.782799999593891525e+10 -3.318374097326685312e+00 1.247618052735005101e+01
2.782799999583924103e+10 -3.221868322435350152e+00 1.216307763434688027e+01
2.782799999617386246e+10 -3.256256780155658781e+00 1.222731819858550395e+01
2.782799999635776901e+10 -3.149809600487442740e+00 1.195874806135568846e+01
2.782799999633594131e+10 -3.134571125665088331e+00 1.230017662261976596e+01
2.782799999638149643e+10 -3.136808892451875330e+00 1.263959025256968793e+01
2.782799999658958054e+10 -3.075339668082479605e+00 1.237463020969557093e+01
2.782799999651548386e+10 -3.406900618145903614e+00 1.241774965453322999e+01
2.782799999641151810e+10 -3.497003823193812977e+00 1.273136540782522097e+01
2.782799999641685486e+10 -3.494753332343944585e+00 1.307378113234895345e+01
2.782799999626377106e+10 -3.295049554754772902e+00 1.330608722449084524e+01
2.782799999625976181e+10 -2.958373358922468110e+00 1.336865812338615100e+01
2.782799999618956757e+10 -2.986582078386511352e+00 1.303465351039199760e+01
2.782799999606845093e+10 -2.843235285680159485e+00 1.332112306009418035e+01
2.782799999576046753e+10 -2.695208131330251611e+00 1.329842727439235084e+01
2.782799999554594040e+10 -2.518473694493692072e+00 1.349849206581016325e+01
2.782799999554846573e+10 -2.519221078602801089e+00 1.315603751887982575e+01
2.782799999582426453e+10 -2.721829078216128295e+00 1.316898217804409121e+01
2.782799999599850082e+10 -2.672567964920842698e+00 1.345966690233929874e+01
2.782799999598652649e+10 -2.623179934055300588e+00 1.379834005838483080e+01
2.782799999598411560e+10 -2.663935986698742209e+00 1.345831771744048844e+01
2.782799999577984619e+10 -2.887506019043476702e+00 1.361823349430832764e+01
2.782799999591277695e+10 -2.646419591740987176e+00 1.341454598849713165e+01
2.782799999593745422e+10 -2.692125635711881682e+00 1.375304870993004336e+01
2.782799999617178726e+10 -2.896494911338810763e+00 1.360951273973000220e+01
2.782799999616378403e+10 -2.667259750662802187e+00 1.335521122798867921e+01
2.782799999631043625e+10 -2.911421686889322569e+00 1.316505324910663965e+01
2.782799999614403915e+10 -2.960908335470684882e+00 1.286985032728537170e+01
2.782799999644256592e+10 -2.896494299795395744e+00 1.302481983575515478e+01
2.782799999674277496e+10 -2.825321632328216648e+00 1.317344962150357723e+01
2.782799999699124527e+10 -2.652871606830957685e+00 1.333409077067139847e+01
2.782799999691996765e+10 -2.710117908324444436e+00 1.366412781530322995e+01
2.782799999701357269e+10 -2.530294691086540482e+00 1.338811419034976247e+01
2.782799999693959808e+10 -2.641222962891502934e+00 1.307267028084656246e+01
2.782799999689145660e+10 -2.665687167663385537e+00 1.273448999626177702e+01
2.782799999717246628e+10 -2.645780530531626429e+00 1.292921740719694945e+01
2.782799999695753860e+10 -2.814401649296697006e+00 1.313574671034053054e+01
2.782799999686013794e+10 -2.999580132388417475e+00 1.340686319710347441e+01
2.782799999688368607e+10 -3.020600726438847250e+00 1.306585635021668956e+01
2.782799999682607651e+10 -3.107311822118747457e+00 1.273959839817753803e+01
2.782799999670762634e+10 -3.405012099908080181e+00 1.261865961821377802e+01
2.782799999691380310e+10 -3.133606953168253995e+00 1.265202225401146130e+01
2.782799999699688339e+10 -2.977902152165580851e+00 1.294551131750833761e+01
2.782799999672524643e+10 -2.770459088979991602e+00 1.292398910031331205e+01
2.782799999704341507e+10 -2.848844164300704307e+00 1.302351926096275392e+01
2.782799999728835678e+10 -3.069621702526218243e+00 1.311594746560237112e+01
2.782799999723654938e+10 -2.750697088586612438e+00 1.322946090837042910e+01
2.782799999703845596e+10 -2.723865394441352006e+00 1.350752639809005196e+01
2.782799999708914185e+10 -2.758130429399803685e+00 1.384448189188196210e+01
2.782799999713147354e+10 -3.097837203815320350e+00 1.385393195354354923e+01
2.782799999746426773e+10 -3.120873730295922854e+00 1.377647509445657015e+01
2.782799999751526642e+10 -2.947330173866295588e+00 1.348567682210736685e+01
2.782799999752463150e+10 -3.012124747569744354e+00 1.382182560014056882e+01
2.782799999732068253e+10 -3.279660760843257528e+00 1.388594535516853590e+01
2.782799999754977417e+10 -3.276537022801817134e+00 1.363140939009122476e+01
2.782799999740832138e+10 -3.578425492432436794e+00 1.370974498841567524e+01
2.782799999768525696e+10 -3.379420354096747570e+00 1.367835825240994474e+01
2.782799999796819305e+10 -3.428933272595091619e+00 1.386484813046427078e+01
2.782799999792370605e+10 -3.677973412602077108e+00 1.363401914926967251e+01
2.782799999770913315e+10 -3.944789761203439937e+00 1.364102599220100309e+01
2.782799999781121445e+10 -4.033725779351449603e+00 1.332645982040459920e+01
2.782799999780844116e+10 -4.058863395409870733e+00 1.366798940228703430e+01
2.782799999772560120e+10 -4.113103118160923444e+00 1.334015142151849531e+01
2.782799999771816254e+10 -4.283703455859966702e+00 1.363700536990203283e+01
2.782799999752540588e+10 -4.303784655039535778e+00 1.335465262586833468e+01
2.782799999780950546e+10 -4.448195117610709737e+00 1.322929052846964026e+01
2.782799999808412933e+10 -4.340394075209000668e+00 1.305538500967639770e+01
2.782799999836284256e+10 -4.184194617231755231e+00 1.317868626620353467e+01
2.782799999825903702e+10 -4.053031706029877057e+00 1.287985107529008033e+01
2.782799999833558273e+10 -4.114294697546295509e+00 1.320798201493711055e+01
2.782799999800302505e+10 -4.106723932626161755e+00 1.328940023499008660e+01
2.782799999827910233e+10 -3.961465102211025435e+00 1.343069517383647238e+01
2.782799999821449661e+10 -3.917997691829479656e+00 1.309720077657547677e+01
2.782799999817594910e+10 -4.007949376253441720e+00 1.342538498187908758e+01
2.782799999792978287e+10 -4.074833855274397010e+00 1.319689040720735207e+01
2.782799999800660324e+10 -3.993216183124016272e+00 1.287328653041262605e+01
2.782799999777368164e+10 -3.885563444661364052e+00 1.264648254317136100e+01
2.782799999799968719e+10 -3.802787085132783407e+00 1.240285893636317915e+01
2.782799999823555756e+10 -3.799410437059393519e+00 1.215459278063734772e+01
2.782799999832073975e+10 -4.119421037310222466e+00 1.224188066201503666e+01
2.782799999816859818e+10 -4.316943478975851178e+00 1.247665678263517464e+01
2.782799999840855408e+10 -4.392703275947647867e+00 1.270895887556223158e+01
2.782799999862158585e+10 -4.393335028594244740e+00 1.297709973843840991e+01
2.782799999875659943e+10 -4.406433995947661941e+00 1.329155429541330946e+01
2.782799999886764145e+10 -4.320864762378374024e+00 1.360401116163724744e+01
2.782799999853542709e+10 -4.238379440386368380e+00 1.361458536141609876e+01
2.782799999882003021e+10 -4.077298254090217178e+00 1.351292372621987958e+01
2.782799999880040359e+10 -4.137022458145117376e+00 1.384956885255792614e+01
2.782799999878649139e+10 -4.170539913402697252e+00 1.350903245738270186e+01
2.782799999876242447e+10 -4.126443376590676060e+00 1.317027246899673010e+01
2.782799999847111511e+10 -4.134532847365629316e+00 1.299039737553519380e+01
2.782799999865711594e+10 -4.192646362343571909e+00 1.270877936396678010e+01
2.782799999842845917e+10 -4.332892621988328585e+00 1.292168583548890837e+01
2.782799999843928528e+10 -4.324276049388359411e+00 1.257950078315061226e+01
2.782799999853375626e+10 -4.312332284981152952e+00 1.225054121499436199e+01
2.782799999846968079e+10 -4.251000957052322171e+00 1.191976235764267322e+01
2.782799999878402328e+10 -4.326325307676039067e+00 1.203288890704821590e+01
2.782799999859558487e+10 -4.514865882524248697e+00 1.224789130524783687e+01
2.782799999839012909e+10 -4.266338151530074896e+00 1.213254592821871825e+01
2.782799999830965424e+10 -4.519205186283639542e+00 1.191606486247708041e+01
2.782799999837644196e+10 -4.733008663418502238e+00 1.165700983873721341e+01
2.782799999806394196e+10 -4.623283216393804906e+00 1.174410615784366207e+01
2.782799999816038895e+10 -4.599086516902592514e+00 1.207181674874824751e+01
2.782799999805786896e+10 -4.705201898014033546e+00 1.238086531944945534e+01
2.782799999788187408e+10 -4.890399712768199514e+00 1.215280775264878166e+01
2.782799999781820297e+10 -4.862923312745220272e+00 1.181743775193107737e+01
2.782799999795921326e+10 -4.782880602490818589e+00 1.151579029598502046e+01
2.782799999804099274e+10 -4.961793406238689919e+00 1.123546083006522522e+01
2.782799999823601532e+10 -5.181197438149158785e+00 1.141184340162936195e+01
2.782799999840364075e+10 -5.236909262476325821e+00 1.111844957474994189e+01
2.782799999867917252e+10 -5.074067230736319267e+00 1.124029652105828880e+01
2.782799999845663834e+10 -5.242895923150732607e+00 1.143843194333889812e+01
2.782799999854211807e+10 -5.358211576074754845e+00 1.174936203134567236e+01
2.782799999829062271e+10 -5.466266913317974208e+00 1.195516953529569726e+01
2.782799999829343796e+10 -5.468466184479049197e+00 1.161272350682899912e+01
2.782799999813042450e+10 -5.475392608848959952e+00 1.191382242837899597e+01
2.782799999812435532e+10 -5.417854094198632176e+00 1.225136431506003909e+01
2.782799999814830780e+10 -5.447446604767836931e+00 1.191102235942982190e+01
2.782799999819458771e+10 -5.405814261233402362e+00 1.224778180325671606e+01
2.782799999839912033e+10 -5.677808453327949145e+00 1.220946734461548644e+01
2.782799999849051666e+10 -5.619872859638195273e+00 1.188454803712897245e+01
2.782799999836389160e+10 -5.779166690810980000e+00 1.215999972147801955e+01
2.782799999868063736e+10 -5.794976870452309470e+00 1.203075921044453800e+01
2.782799999895369720e+10 -5.591277468314300947e+00 1.199572643722246923e+01
2.782799999922705078e+10 -5.581760502290720183e+00 1.220180773353031789e+01
2.782799999894372177e+10 -5.676989060545276189e+00 1.203465769675291241e+01
2.782799999876061630e+10 -5.449036378167135375e+00 1.221296006363611752e+01
2.782799999885972595e+10 -5.294661720894380252e+00 1.192377511665500833e+01
2.782799999876145554e+10 -5.089372988821470933e+00 1.166788112245627396e+01
2.782799999900358582e+10 -4.849886455016842568e+00 1.170394957738075981e+01
2.782799999901129913e+10 -4.829295303549574925e+00 1.204570765175975389e+01
2.782799999927876282e+10 -4.988867641485741800e+00 1.218812515495484838e+01
2.782799999920344162e+10 -4.851059693261898786e+00 1.249245709518778646e+01
2.782799999918914795e+10 -4.816979180041459863e+00 1.215199231660795753e+01
2.782799999921618271e+10 -4.928128148567133771e+00 1.247478794601640395e+01
2.782799999946126556e+10 -4.764992265418209527e+00 1.229985037248617097e+01
2.782799999946812057e+10 -4.725375280334488615e+00 1.263994674383087080e+01
2.782799999964748764e+10 -4.758523704910453844e+00 1.292979238759955862e+01
2.782799999964626312e+10 -4.766818940257081749e+00 1.258743037765207262e+01
2.782799999948784637e+10 -4.593661777322793682e+00 1.233802639478757079e+01
2.782799999955990982e+10 -4.581994049739881447e+00 1.200343314829372154e+01
2.782799999957925797e+10 -4.607210972583700936e+00 1.166244665533698388e+01
2.782799999965721893e+10 -4.414917118308430588e+00 1.193489287783253161e+01
2.782799999946758270e+10 -4.176850713162116868e+00 1.209187643126153944e+01
2.782799999939666748e+10 -4.491604888504509674e+00 1.220669219691830776e+01
2.782799999972381210e+10 -4.437193443225184275e+00 1.229211897064888070e+01
2.782799999938323593e+10 -4.410560548695709571e+00 1.231620711323107997e+01
2.782799999960907745e+10 -4.459767840279433848e+00 1.256890652634915817e+01
2.782799999986727142e+10 -4.632021797721807665e+00 1.242417882008187213e+01
2.782799999972224808e+10 -4.552867196468866950e+00 1.272415324115537771e+01
2.782800000006155014e+10 -4.516758592801670247e+00 1.269497570293979116e+01
2.782799999974961853e+10 -4.641272487160905236e+00 1.262806260422747329e+01
2.782799999986822891e+10 -4.771127079778864299e+00 1.292191919015512624e+01
2.782799999973799133e+10 -5.063464388330943144e+00 1.304381545620142901e+01
2.782799999952464294e+10 -5.112087298360234122e+00 1.330725471522292302e+01
2.782799999946614838e+10 -5.179057213038424479e+00 1.363797461491002672e+01
2.782799999973737335e+10 -5.109779901615265629e+00 1.344069613216784909e+01
2.782799999986201096e+10 -5.092330364477122728e+00 1.312219435281193292e+01
2.782800000013018417e+10 -5.107713671344564332e+00 1.290975751360830515e+01
