3.478500000000000000e+10 0.000000000000000000e+00 0.000000000000000000e+00
3.478499999980428314e+10 3.114397356790937765e-01 1.087134183653554048e-01
3.478499999965284729e+10 5.065932409545294002e-01 -1.847169310099318063e-01
3.478499999975775909e+10 5.081503297890195281e-01 1.842126329412639429e-01
3.478499999995757294e+10 5.966576290033892560e-01 4.994268377217453425e-01
3.478499999985847473e+10 7.849089748945694556e-01 1.802735157993641812e-01
3.478499999995021820e+10 8.508922513036719648e-01 5.468086103378462237e-01
3.478499999981890106e+10 1.047734881915429739e+00 2.449360359843753554e-01
3.478499999976207733e+10 7.071988063405837410e-01 4.120420906813443418e-01
3.478500000013741302e+10 7.760267750861828961e-01 4.508058581203960857e-01
