3.478500000000000000e+10 0.000000000000000000e+00 0.000000000000000000e+00
3.478499999997548676e+10 -1.847219734376636391e-01 3.352543881606366294e-01
3.478499999981752014e+10 -4.813424483140252841e-01 1.503714062103445603e-01
3.478499999952400208e+10 -4.288418604154926039e-01 -9.089623891045425785e-02
3.478499999925102234e+10 -6.957908796315412925e-01 -1.274914285114936707e-01
3.478499999893754578e+10 -7.972292816643637980e-01 6.887458173356089675e-02
3.478499999912577057e+10 -5.867347351417813162e-01 3.284527406596736698e-01
3.478499999895336914e+10 -6.187404411381784985e-01 -1.268169277768477210e-02
3.478499999876137543e+10 -7.471237828054559937e-01 2.935453388705483446e-01
3.478499999873931122e+10 -7.507824279764732101e-01 -8.936225843825273962e-02
3.478499999869419861e+10 -7.328450647282258590e-01 -4.698382326094150963e-01
3.478499999864785767e+10 -6.784844486207710634e-01 -9.298780974090875562e-02
3.478499999863171387e+10 -6.192353073100151928e-01 -4.716003072691143383e-01
3.478499999863011169e+10 -2.410559483658881730e-01 -4.075975781333788239e-01
3.478499999863658142e+10 -2.530980893199560322e-01 -7.909142563606010867e-01
3.478499999843594360e+10 -4.094205038969764843e-01 -5.038138375416149062e-01
3.478499999817050171e+10 -6.097878684989729292e-01 -3.127275959229105506e-01
3.478499999812094116e+10 -6.486523807144117804e-01 -6.910819949936635176e-01
3.478499999807133484e+10 -7.192149934132301414e-01 -1.064817854039115552e+00
3.478499999795068359e+10 -6.496211473883163334e-01 -7.074395925664360707e-01
3.478499999780715179e+10 -7.976418524173034541e-01 -1.030868406083091493e+00
3.478499999817047119e+10 -7.750649082955144431e-01 -1.151737222005845274e+00
3.478499999827226257e+10 -4.891128550695432176e-01 -9.172401872961819524e-01
3.478499999804747009e+10 -1.783551260539325556e-01 -9.214368421474354864e-01
3.478499999791132355e+10 -2.636803688072187901e-01 -5.731509154125402627e-01
3.478499999804611969e+10 9.449321457512238620e-02 -5.988408299044827299e-01
3.478499999783653259e+10 1.129814232769912052e-01 -2.781393262474138872e-01
3.478499999775896454e+10 -1.296422171523275990e-01 8.627033481948209737e-03
3.478499999809136200e+10 -3.209478587554340234e-01 3.099287974661460963e-03
3.478499999789717102e+10 -6.463951420858318198e-01 -5.598771557592205350e-02
3.478499999807868958e+10 -6.335172039789919163e-01 -3.936329494477631696e-01
3.478499999785153961e+10 -5.556422979694174424e-01 -6.927237877490708406e-01
3.478499999818260956e+10 -7.487854862224225805e-01 -6.782822675910327170e-01
3.478499999808996582e+10 -7.486390776658942148e-01 -1.050486777163408547e+00
3.478499999792291260e+10 -8.058127370130701017e-01 -1.390992268172411839e+00
3.478499999777801514e+10 -8.749576895860182724e-01 -1.042648897880376513e+00
3.478499999752633667e+10 -6.701996878503895250e-01 -8.380769580907772021e-01
3.478499999787888336e+10 -5.225345964546905808e-01 -8.060579806702736771e-01
3.478499999749710846e+10 -5.499878239300592941e-01 -8.307795626015630486e-01
3.478499999738830566e+10 -6.510535982427240187e-01 -4.771329810074044220e-01
3.478499999774601746e+10 -6.822033152080231311e-01 -3.422595245986786994e-01
3.478499999772949219e+10 -3.211011225881093556e-01 -4.705200219450221821e-01
3.478499999760963440e+10 -6.756530808162855006e-01 -5.544532908159961471e-01
3.478499999743898010e+10 -3.334702880028121985e-01 -5.243485602661294154e-01
3.478499999738829041e+10 -5.714910365269137982e-02 -7.854910296620467580e-01
3.478499999758754730e+10 -1.612548372754510073e-01 -4.747221411328810259e-01
3.478499999755429077e+10 -1.352307580087720729e-01 -8.559507864011057787e-01
3.478499999748033905e+10 -3.201742061280923313e-01 -1.183739129161034631e+00
3.478499999770513916e+10 -4.263907606750062529e-01 -8.916723968658587518e-01
3.478499999746355438e+10 -5.932563952451423983e-01 -6.448727709583865764e-01
3.478499999743597412e+10 -6.374219342911209285e-01 -1.024882458912453886e+00
3.478499999707128143e+10 -5.863227439249030226e-01 -1.132158106599978398e+00
3.478499999709410095e+10 -4.293191381140307739e-01 -1.481368395904408386e+00
3.478499999678199768e+10 -5.145179461210931393e-01 -1.687409819550905965e+00
3.478499999684699249e+10 -2.756502672471392579e-01 -1.980388698200483910e+00
3.478499999660770416e+10 -2.844392847686299519e-01 -2.280026935000982746e+00
3.478499999674235535e+10 -2.757509877905900963e-01 -1.920984876882915193e+00
3.478499999659565735e+10 -4.955150832124372018e-01 -1.642950722743762526e+00
3.478499999675273895e+10 -6.238309680861719997e-01 -1.968493434444811285e+00
3.478499999653398132e+10 -3.087793785976674643e-01 -1.970860612867882944e+00
3.478499999649356842e+10 7.263477685012920126e-02 -1.973751416601792874e+00
3.478499999652246857e+10 -1.461991713582707908e-01 -1.660071280977916119e+00
3.478499999686277771e+10 -3.580793380343894050e-04 -1.760260775938284228e+00
3.478499999678529358e+10 -2.706039167044889115e-01 -2.021186155363146941e+00
3.478499999682107544e+10 -1.808678869664415156e-02 -2.307670466630542538e+00
3.478499999673674774e+10 1.105858585940773520e-01 -2.659026909993965404e+00
3.478499999676964569e+10 -4.125712182740143286e-02 -3.009711847042564337e+00
3.478499999649178314e+10 -2.397405145390822390e-01 -3.184401809311702802e+00
3.478499999654296112e+10 -5.997389685832473782e-01 -3.062334497309300296e+00
3.478499999628020477e+10 -8.707941217290272595e-01 -2.994452528896893728e+00
3.478499999664272308e+10 -9.109427330439516801e-01 -3.113133978817205438e+00
3.478499999654830933e+10 -1.044940259009592198e+00 -2.766364279276465776e+00
3.478499999656617737e+10 -9.365789706396290271e-01 -3.133865574378485785e+00
3.478499999660740662e+10 -9.151229850612585537e-01 -3.514599731410342542e+00
3.478499999651048279e+10 -1.118544929120192544e+00 -3.204207873415167995e+00
3.478499999643158722e+10 -1.063929069465000543e+00 -3.575571289024127353e+00
3.478499999643402863e+10 -1.018334143633804256e+00 -3.956404150108564277e+00
3.478499999625484467e+10 -1.332769489511673511e+00 -3.829351309304633855e+00
3.478499999611161041e+10 -1.483180892517294236e+00 -3.506893291666895340e+00
3.478499999610330200e+10 -1.497161910717495381e+00 -3.123677814295875432e+00
3.478499999627265167e+10 -1.594463811634681649e+00 -2.793570802125153740e+00
3.478499999643605042e+10 -1.843887871209883622e+00 -3.034831085580420140e+00
3.478499999669702911e+10 -1.980241741261307142e+00 -2.789031557914238846e+00
3.478499999706228638e+10 -1.918615845426548949e+00 -2.689505254228082620e+00
3.478499999712399292e+10 -2.295259275469073934e+00 -2.727597661200275247e+00
3.478499999685375214e+10 -2.553831616613576383e+00 -2.812621219499825909e+00
3.478499999666805267e+10 -2.817635545879979109e+00 -2.605158502021503786e+00
3.478499999629934692e+10 -2.914531986250803453e+00 -2.647417270196137373e+00
3.478499999658448029e+10 -2.685277198852000780e+00 -2.532256957245398787e+00
3.478499999686145782e+10 -2.916525587922638163e+00 -2.662357981339797508e+00
3.478499999711006927e+10 -2.922729559866965143e+00 -2.370345796581681430e+00
3.478499999722602844e+10 -3.034774453913754222e+00 -2.718366092960789793e+00
3.478499999715043640e+10 -3.138961696021215886e+00 -2.357050548140103619e+00
3.478499999716161346e+10 -3.050731329417377236e+00 -1.983943389949507807e+00
3.478499999699082184e+10 -3.034169074807161692e+00 -2.326981690834553529e+00
3.478499999696002960e+10 -2.772381682483274545e+00 -2.048346313407702457e+00
3.478499999696395111e+10 -2.769876477171532514e+00 -1.664814216262272328e+00
3.478499999703249359e+10 -2.783612267869147061e+00 -2.041950605543966901e+00
3.478499999728818512e+10 -2.687456261788851108e+00 -1.772701592279948279e+00
3.478499999746074677e+10 -2.391729257388771845e+00 -1.945582472096510251e+00
3.478499999728649902e+10 -2.673124535293024628e+00 -1.751745443896817411e+00
3.478499999727253723e+10 -3.049513732917605413e+00 -1.679255988671328081e+00
3.478499999702414703e+10 -2.868284336901074649e+00 -1.449956001418885476e+00
3.478499999689442444e+10 -3.154964406995042214e+00 -1.669285805499838515e+00
3.478499999664350128e+10 -3.397580855475187178e+00 -1.510242502435027001e+00
3.478499999690805817e+10 -3.334058738144514589e+00 -1.780603370190385393e+00
3.478499999695864868e+10 -3.346475151864281017e+00 -2.160610037417916907e+00
3.478499999729696655e+10 -3.183645240329637804e+00 -2.238995413353193964e+00
3.478499999716226959e+10 -3.023575560918475791e+00 -1.917511352874732955e+00
3.478499999688991547e+10 -3.079244455341798581e+00 -1.653232405975253450e+00
3.478499999697045135e+10 -3.277835367205174322e+00 -1.335121359598295587e+00
3.478499999667227173e+10 -3.040942476960509122e+00 -1.289410963105582564e+00
3.478499999631981659e+10 -3.129874538259766581e+00 -1.411822338533355925e+00
3.478499999641712952e+10 -2.925343358923049308e+00 -1.102281853598368055e+00
3.478499999663399506e+10 -3.105809117254994867e+00 -8.424366117895765171e-01
3.478499999698745728e+10 -3.226682126574539122e+00 -7.554228167452278209e-01
3.478499999673503876e+10 -3.111027773668357366e+00 -1.020051176369673573e+00
3.478499999703084564e+10 -3.003991883051395195e+00 -1.239507308243471106e+00
3.478499999741049957e+10 -2.992031384986204134e+00 -1.292792916249345003e+00
3.478499999754785919e+10 -3.292026087715391292e+00 -1.097205489349376339e+00
3.478499999773571777e+10 -3.444735302278017386e+00 -7.997033670225153212e-01
3.478499999755768585e+10 -3.608714564038038919e+00 -1.097248738277765145e+00
3.478499999742166138e+10 -3.849862719296313074e+00 -8.318001289854473068e-01
3.478499999750775146e+10 -3.934197790091404023e+00 -4.676646819931806198e-01
3.478499999777912140e+10 -3.936409847885824931e+00 -7.387243990396393789e-01
3.478499999777960968e+10 -3.936195955609931296e+00 -1.122284379376247365e+00
3.478499999796781158e+10 -4.223314659335287047e+00 -9.512254811213216588e-01
3.478499999787796783e+10 -3.854456514125701450e+00 -1.005910231094911511e+00
3.478499999802555084e+10 -3.846119178436030239e+00 -1.359841664509799486e+00
3.478499999794702148e+10 -3.889243375141956172e+00 -9.868918034527667249e-01
3.478499999785237885e+10 -4.089261581930720979e+00 -1.300187560338837978e+00
3.478499999782027435e+10 -3.716355601071729353e+00 -1.384026307928816202e+00
3.478499999780066681e+10 -3.696731371763151586e+00 -1.001470348370042895e+00
3.478499999759809875e+10 -3.623625068549036321e+00 -6.840740728800873693e-01
3.478499999757178497e+10 -3.673409840963092865e+00 -3.046699371191877725e-01
3.478499999724285126e+10 -3.806834895670130336e+00 -4.499930312401529964e-01
3.478499999691943359e+10 -3.827841469832803600e+00 -6.551220975969394011e-01
3.478499999710449982e+10 -3.533479980661001996e+00 -8.170525824272399928e-01
3.478499999707903290e+10 -3.799321693807661493e+00 -5.417381640363666540e-01
3.478499999724065399e+10 -4.047701736571704068e+00 -7.852648230951353447e-01
3.478499999729214478e+10 -4.332395796012924905e+00 -1.037091972905369142e+00
3.478499999740602112e+10 -4.489092981159861218e+00 -7.060367208049116439e-01
3.478499999731183624e+10 -4.860580509238634939e+00 -6.903992775233858126e-01
3.478499999765222168e+10 -4.751089079638642687e+00 -5.515812709749885467e-01
3.478499999755448914e+10 -4.738526194179924822e+00 -1.808947767471435486e-01
3.478499999756294250e+10 -4.735655075622640986e+00 2.025616719388732001e-01
3.478499999778420258e+10 -4.511233341977656686e+00 -1.606360630917130772e-02
3.478499999752793121e+10 -4.286142828242888392e+00 1.593734880871294779e-01
3.478499999735473633e+10 -4.129444570646476187e+00 -1.448749304190371512e-01
3.478499999732638550e+10 -3.852647301099595634e+00 1.191285827431935451e-01
3.478499999767866516e+10 -3.845114337380665326e+00 2.706608510807329004e-01
3.478499999755017090e+10 -4.120693231145118318e+00 5.044640764064765026e-01
3.478499999727025604e+10 -3.914502775820121627e+00 3.424434627983213297e-01
3.478499999708439636e+10 -3.693578133034866706e+00 5.949675916018196675e-01
3.478499999726913452e+10 -3.638265130320476715e+00 9.265263890357180454e-01
3.478499999739871979e+10 -3.845006536304593769e+00 6.305805457076951726e-01
3.478499999742515564e+10 -3.852990179516663449e+00 2.480154633769278139e-01
3.478499999736488342e+10 -3.634440745562637520e+00 5.574045335806312451e-01
3.478499999774456787e+10 -3.581461884896941950e+00 5.450550775335197828e-01
3.478499999776271057e+10 -3.251572975168586233e+00 7.398955378446918640e-01
3.478499999776367950e+10 -3.237687486341348730e+00 3.565878255867798718e-01
3.478499999747935486e+10 -3.324140632341784141e+00 1.140908635801619331e-01
3.478499999710711670e+10 -3.402231204155750977e+00 1.636562548397178518e-01
3.478499999704225922e+10 -3.446219339241114454e+00 5.391260030741766851e-01
3.478499999710146332e+10 -3.384003431152070362e+00 9.129480381786064802e-01
3.478499999689996338e+10 -3.704523565276695685e+00 8.514354954426028854e-01
3.478499999689985657e+10 -3.704429961732137233e+00 4.678751725202868195e-01
3.478499999686952209e+10 -4.011862490765904177e+00 6.952155106331084911e-01
3.478499999657978058e+10 -3.775400595117410329e+00 6.100461392094604918e-01
3.478499999643593597e+10 -3.933036610983363879e+00 2.913322332094863132e-01
3.478499999640184021e+10 -4.283238739413355312e+00 4.440231365870840330e-01
3.478499999661954498e+10 -4.112347340406678597e+00 1.784704852054575519e-01
3.478499999664263916e+10 -4.133739371258443818e+00 5.607369746442982805e-01
3.478499999684543610e+10 -3.854631186206704641e+00 7.283374191185193469e-01
3.478499999686779022e+10 -3.576718012839550376e+00 4.649306475747799761e-01
3.478499999711048126e+10 -3.870531340197571168e+00 4.214395120522129723e-01
3.478499999678965759e+10 -3.660497479773460405e+00 4.128306424815739173e-01
3.478499999678831482e+10 -3.666211252643865937e+00 7.963460774787545216e-01
3.478499999668764496e+10 -3.743935433757638709e+00 1.158205670501108786e+00
3.478499999664487457e+10 -3.797936675387290961e+00 7.808822935998129822e-01
3.478499999655934906e+10 -3.705415741293319520e+00 1.143157599084301701e+00
3.478499999650807953e+10 -3.911097615554831819e+00 1.462821238173136473e+00
3.478499999673211670e+10 -4.082791191350626292e+00 1.203112400727317732e+00
3.478499999649068451e+10 -4.072264795035077434e+00 1.500966296223388285e+00
3.478499999660544586e+10 -4.438234928972884852e+00 1.504665024569099119e+00
3.478499999647036743e+10 -4.438102945126353838e+00 1.145678057075861567e+00
3.478499999634609222e+10 -4.098558067939713112e+00 1.273679231267675682e+00
3.478499999606069183e+10 -4.016604784411995865e+00 1.030889460096983790e+00
3.478499999613208008e+10 -3.961443501226653119e+00 1.403688870793842192e+00
3.478499999608136749e+10 -3.627589294480030091e+00 1.585590832478008805e+00
3.478499999602737427e+10 -3.267238599791008280e+00 1.465796225556162735e+00
3.478499999624934387e+10 -3.527037516387449223e+00 1.640012875508128243e+00
3.478499999629660797e+10 -3.534087990781107802e+00 1.259440958383103215e+00
3.478499999632077789e+10 -3.177364976877392611e+00 1.398304537308633355e+00
3.478499999603211975e+10 -3.380760124859696347e+00 1.548061670235027165e+00
3.478499999579000092e+10 -3.518365381801005221e+00 1.811806941282412264e+00
3.478499999571435547e+10 -3.496256304716264030e+00 2.187183244285895611e+00
3.478499999560185242e+10 -3.825653396781782956e+00 2.348301659227244542e+00
3.478499999523059082e+10 -3.921592876456633014e+00 2.357332969386470189e+00
3.478499999553549194e+10 -3.702364287014499489e+00 2.279262947318777766e+00
3.478499999585813904e+10 -3.572894402162035909e+00 2.117221907302265116e+00
3.478499999573083496e+10 -3.211094055214088971e+00 2.120864619326869427e+00
3.478499999574447632e+10 -3.339149175678284287e+00 1.759569181997014731e+00
3.478499999543163300e+10 -3.162782787430729936e+00 1.894264353228923614e+00
3.478499999547853088e+10 -2.892068574570371808e+00 2.161908159843930477e+00
3.478499999540634155e+10 -3.085217971214801125e+00 2.485328269942368884e+00
3.478499999516410065e+10 -2.788149084414611512e+00 2.499006651385024647e+00
3.478499999526679230e+10 -2.558039959501754002e+00 2.788182848106306011e+00
3.478499999540469360e+10 -2.469900331519978121e+00 2.441293017892211648e+00
3.478499999533831787e+10 -2.398651430430559284e+00 2.812286635803337820e+00
3.478499999532358551e+10 -2.408462812816339671e+00 2.429134846996901409e+00
3.478499999525428772e+10 -2.745869474323980430e+00 2.597875845120712679e+00
3.478499999526094055e+10 -3.094091180589551904e+00 2.437202372260492744e+00
3.478499999510649872e+10 -3.126023041077057751e+00 2.786839773247774765e+00
3.478499999530463409e+10 -3.183338088171905333e+00 2.463455910853975528e+00
3.478499999504272461e+10 -3.422635789769689296e+00 2.609257578243864728e+00
3.478499999482350922e+10 -3.585088821817203453e+00 2.339679068993102184e+00
3.478499999502543640e+10 -3.336742099631184288e+00 2.551025188248797093e+00
3.478499999481235504e+10 -3.279429313550003222e+00 2.237286855931820639e+00
3.478499999454887390e+10 -3.266930500928477255e+00 1.958827895768484151e+00
3.478499999456803131e+10 -3.225796517563813914e+00 1.577961090362525409e+00
3.478499999441981506e+10 -3.497471463799660896e+00 1.351369330934243163e+00
3.478499999473913574e+10 -3.596319914729691813e+00 1.163265904763158165e+00
3.478499999477067566e+10 -3.677152930693599941e+00 7.896487296114498289e-01
3.478499999496372223e+10 -3.415917529526578011e+00 9.936260570048667251e-01
3.478499999466750336e+10 -3.231252709210936658e+00 8.346509770034108433e-01
3.478499999478359985e+10 -2.867252619908823963e+00 8.008313008387275556e-01
3.478499999481684875e+10 -2.907405960663287381e+00 4.208302187825703755e-01
3.478499999477020264e+10 -2.788289289521862280e+00 7.824294281105523829e-01
3.478499999447106171e+10 -2.983242303032336284e+00 6.423361066389670082e-01
3.478499999453662109e+10 -2.912419373080337603e+00 2.711152172381322556e-01
3.478499999461263275e+10 -2.944015623619507860e+00 6.457383819342118469e-01
3.478499999455175018e+10 -2.957858480939589807e+00 2.672943707037982453e-01
3.478499999461847687e+10 -3.117927887975788792e+00 -7.482261643315130106e-02
3.478499999439250183e+10 -2.945959348645925235e+00 -3.326607646297804477e-01
3.478499999438383484e+10 -2.562611484117319094e+00 -3.420354771458401499e-01
3.478499999461932373e+10 -2.731463168073752001e+00 -9.073093268370213682e-02
3.478499999426754761e+10 -2.796533524084285016e+00 4.760210175824305945e-02
3.478499999434630585e+10 -3.002043214617193811e+00 3.617374168833149550e-01
3.478499999442704010e+10 -3.342668942869932991e+00 5.185000286017760196e-01
3.478499999445355225e+10 -3.167366404550752801e+00 1.783754054189375937e-01
3.478499999466039276e+10 -3.381460619978475801e+00 -6.349109773948424795e-02
3.478499999481575775e+10 -3.036307432316916355e+00 -1.255348941944338659e-01
3.478499999488542175e+10 -3.037558073889769616e+00 -5.027140820040023605e-01
3.478499999478667450e+10 -2.718620922564324527e+00 -6.915170891043780355e-01
3.478499999479733276e+10 -2.783456266171955296e+00 -1.069407621581903056e+00
3.478499999487870789e+10 -2.809083292757600159e+00 -6.954554394836344189e-01
3.478499999510391998e+10 -2.741036758981882482e+00 -9.983862847324281864e-01
3.478499999532583618e+10 -2.432598535606083523e+00 -9.460636121963529321e-01
3.478499999554541779e+10 -2.239153633199253868e+00 -1.194021672980217996e+00
3.478499999554888153e+10 -2.610735289060136743e+00 -1.289066878090743051e+00
3.478499999531306458e+10 -2.731699717164131958e+00 -1.011798161831820586e+00
3.478499999503485870e+10 -2.991129577402931616e+00 -1.060951693456583245e+00
3.478499999533438110e+10 -3.067168207293391902e+00 -8.337405203405863219e-01
3.478499999528710938e+10 -3.358514641276041601e+00 -5.887887946231613601e-01
3.478499999540183258e+10 -3.225997067319873679e+00 -9.299587178327139991e-01
3.478499999542443085e+10 -3.130061133282152852e+00 -5.592779313843865285e-01
3.478499999555329132e+10 -3.051051450250920283e+00 -2.067558333485033928e-01
3.478499999586878204e+10 -3.192393020691678629e+00 -3.729068116645966047e-01
3.478499999569805908e+10 -2.876505605614591232e+00 -2.380508608278001648e-01
3.478499999541633606e+10 -2.930895760143263473e+00 -4.925949433921659182e-01
3.478499999543424988e+10 -2.565172874906905154e+00 -6.068073242106886145e-01
3.478499999561360168e+10 -2.538294515228477266e+00 -9.447833571933403896e-01
3.478499999565999603e+10 -2.242431407778834540e+00 -7.051354880327408425e-01
3.478499999542831421e+10 -2.020251891918068754e+00 -9.150819331195637618e-01
3.478499999509352112e+10 -2.205465371259484719e+00 -8.881341309911590098e-01
3.478499999502463531e+10 -1.863232827608705344e+00 -1.047035919316714470e+00
3.478499999472350311e+10 -1.968340241619287001e+00 -8.339824017598902461e-01
3.478499999489374542e+10 -1.774461350143728522e+00 -5.501743224275811306e-01
3.478499999509416199e+10 -1.459129889344151110e+00 -6.368828360946994227e-01
3.478499999508544159e+10 -1.458063343446013294e+00 -2.534231849208021248e-01
3.478499999521464539e+10 -1.249013004874940602e+00 4.106285357671807246e-02
3.478499999504251862e+10 -1.316365405182924553e+00 3.771501859982472893e-01
3.478499999504003906e+10 -1.318757965406541777e+00 -6.394670314146699841e-03
3.478499999512820435e+10 -1.384781623235639803e+00 3.610101570876958488e-01
3.478499999543410492e+10 -1.156087189447829511e+00 3.962708168664908492e-01
3.478499999552810669e+10 -1.210780547829482190e+00 7.640906163709838550e-01
3.478499999553544617e+10 -1.208384636686572255e+00 3.806079809726207741e-01
3.478499999559314728e+10 -1.586671734478577900e+00 4.068404117349561089e-01
3.478499999554934692e+10 -1.531110859845864480e+00 2.986191994235798397e-02
3.478499999546211243e+10 -1.650288655080982769e+00 3.838476316691841750e-01
3.478499999560758972e+10 -1.385871766477454248e+00 6.205740325180431061e-01
3.478499999545323944e+10 -1.163299483470312312e+00 8.921539085953404946e-01
3.478499999582246399e+10 -1.125057449313667357e+00 9.887543974285006865e-01
3.478499999589432526e+10 -8.613350112770191691e-01 1.257836158599499266e+00
3.478499999576251984e+10 -7.664328073500832339e-01 1.605311317523116399e+00
3.478499999565689850e+10 -7.291811839015307495e-01 1.238466512365712813e+00
3.478499999584693146e+10 -3.965628732402385892e-01 1.219179231423238141e+00
3.478499999575802612e+10 -1.295286273205250582e-01 9.585888715807953098e-01
3.478499999597122955e+10 -4.474198728987200391e-01 9.339424778213712974e-01
3.478499999564734650e+10 -2.879045507940054538e-01 1.063456968976235206e+00
3.478499999565312195e+10 -6.438039237939259252e-01 1.206358430086369671e+00
3.478499999579639435e+10 -5.540789896732223330e-01 8.620590495157348654e-01
3.478499999565785217e+10 -5.004953348087951559e-01 1.215687114791788481e+00
3.478499999574134064e+10 -4.875511741253646392e-01 1.589826432697655445e+00
3.478499999536603546e+10 -5.479931888168811938e-01 1.538721753219433941e+00
3.478499999539911652e+10 -5.771724223242243879e-01 1.157706046006222955e+00
3.478499999560857391e+10 -8.933391113346660362e-01 1.100393571955327499e+00
3.478499999538951111e+10 -1.005024443485420971e+00 8.060211788426017154e-01
3.478499999518243408e+10 -7.481216373274404141e-01 6.104782815630909187e-01
3.478499999554301453e+10 -8.019288011653271653e-01 7.296546653135990157e-01
3.478499999570971680e+10 -1.082325828236261778e+00 5.278942557727628326e-01
3.478499999560944366e+10 -7.391848670348020178e-01 3.889035300569080311e-01
3.478499999544374084e+10 -9.869352798617221367e-01 6.303202364480200437e-01
3.478499999524171448e+10 -9.813283758394658607e-01 9.563134070739234271e-01
3.478499999527206421e+10 -6.161245001102432228e-01 8.430727250014165008e-01
3.478499999561921692e+10 -5.365045854605988707e-01 9.854291161838739654e-01
3.478499999594146729e+10 -7.438480153124704675e-01 9.685952724778789102e-01
3.478499999600682831e+10 -7.341368693357104291e-01 1.346420600548082103e+00
3.478499999631983185e+10 -5.216918666673704408e-01 1.283067203696602654e+00
3.478499999660096741e+10 -7.806685570402487340e-01 1.314870106970320807e+00
3.478499999692996979e+10 -9.778160828153248385e-01 1.311849528233040685e+00
3.478499999675117493e+10 -6.537734510794248610e-01 1.412584105066613249e+00
3.478499999702142334e+10 -9.241014344214452114e-01 1.444321987178817324e+00
3.478499999695146179e+10 -5.470688153263170150e-01 1.435933850148047419e+00
3.478499999723577881e+10 -2.896222783320572813e-01 1.433824461221923086e+00
3.478499999720716095e+10 -3.395157755934929966e-01 1.813047532336337531e+00
3.478499999734280396e+10 -2.496947683116645944e-02 1.640478583012437319e+00
3.478499999726934052e+10 -3.407429973181613087e-02 2.016827788417693501e+00
3.478499999727373505e+10 4.820551103241135088e-02 2.391433275910188172e+00
3.478499999707366943e+10 4.261881748580456652e-03 2.067149091140878969e+00
3.478499999703599548e+10 1.891670196937987880e-01 1.733219225048090895e+00
3.478499999721408081e+10 5.023540379732494010e-02 2.043221184975072546e+00
3.478499999740725708e+10 3.771958391954292056e-01 1.989391257652749267e+00
3.478499999705834961e+10 2.199679778449405154e-01 2.015091472124877825e+00
3.478499999722861481e+10 2.332245630939444592e-01 1.671647762353006605e+00
3.478499999699206543e+10 5.009268527953558703e-01 1.532005753318998575e+00
3.478499999667643738e+10 5.226593174471275693e-01 1.315153579188039989e+00
3.478499999644834900e+10 5.636769487254330580e-01 1.620788250805237141e+00
3.478499999662531281e+10 4.799075351699134684e-01 1.950613334547133926e+00
3.478499999631929016e+10 2.615654850953998967e-01 1.874490632198605233e+00
3.478499999629947662e+10 2.473024166563048964e-01 2.257273431255782725e+00
3.478499999623775482e+10 1.278257208560849012e-01 2.616486849232102507e+00
3.478499999606410217e+10 3.513119986037973597e-01 2.875361221605035489e+00
3.478499999623136139e+10 4.104620145547832610e-01 3.215425423137111771e+00
3.478499999616955566e+10 4.717596395031132817e-01 2.841873920080452809e+00
3.478499999609638977e+10 7.783900573348649932e-01 3.060375537076181374e+00
3.478499999603411865e+10 1.002051521436258419e+00 2.755061812645914099e+00
3.478499999602889252e+10 1.005712600818159386e+00 3.138569119143257868e+00
3.478499999595698547e+10 6.346662232763926603e-01 3.073205961905586037e+00
3.478499999614630127e+10 4.440809346494601906e-01 2.799427235055579999e+00
3.478499999600653076e+10 3.087087753433050974e-01 2.468887342202344293e+00
3.478499999599978638e+10 4.437073808410492148e-01 2.827841951151930378e+00
3.478499999604978180e+10 6.787014329020276682e-01 2.528848702242223023e+00
3.478499999631410217e+10 5.235544788883439438e-01 2.759461033875696412e+00
3.478499999630813599e+10 6.781727980544356438e-01 2.408496420269568006e+00
3.478499999626960754e+10 9.415664778695989057e-01 2.132348648249229317e+00
3.478499999646841431e+10 1.155395990297659825e+00 1.883610013975877351e+00
3.478499999660575104e+10 8.564662630082299222e-01 1.686383552040069844e+00
3.478499999622726440e+10 8.287726316373430491e-01 1.742041922777554763e+00
3.478499999638497925e+10 9.146547002834748419e-01 2.080965665999638947e+00
3.478499999671485138e+10 7.906170659882717500e-01 2.232348970298312363e+00
3.478499999644377899e+10 7.155291165210759807e-01 1.971576909165968949e+00
3.478499999655725098e+10 7.742622925708293469e-01 2.333230019802568833e+00
3.478499999682858276e+10 6.882900645181004862e-01 2.590343767158706179e+00
3.478499999718170929e+10 7.458067959406101677e-01 2.728598195168429275e+00
3.478499999679837799e+10 7.511793513492216467e-01 2.716464342135739507e+00
3.478499999718159485e+10 7.399882069108799643e-01 2.704816737299875928e+00
3.478499999716123962e+10 7.453873566448891985e-01 2.321834829998787875e+00
3.478499999716294098e+10 7.158025928251124936e-01 2.704248716129449726e+00
3.478499999716606140e+10 6.093036948613124171e-01 3.072714143275733445e+00
3.478499999746502686e+10 7.148087113655920977e-01 2.856831669841277233e+00
3.478499999777731323e+10 8.708220792216379014e-01 2.697912822036808933e+00
3.478499999788671112e+10 6.459470568437009064e-01 2.407084441297513866e+00
3.478499999822006989e+10 8.345669668731188207e-01 2.386737109174989602e+00
3.478499999786491394e+10 7.281038689711657463e-01 2.484971338743307001e+00
3.478499999817684174e+10 5.886703401413916348e-01 2.310684651531235367e+00
3.478499999810009003e+10 5.892141153427981060e-01 1.934881673877056674e+00
3.478499999787950897e+10 3.981872611018500985e-01 1.685938008840718760e+00
3.478499999777996063e+10 5.222866730542787828e-01 1.336928706090649621e+00
3.478499999780693054e+10 5.203059099941509391e-01 1.719534532556767470e+00
3.478499999783294678e+10 8.423779238498398936e-01 1.512867607198384867e+00
3.478499999784783173e+10 8.317500715344050555e-01 1.129743508758510373e+00
3.478499999768534088e+10 7.030197975889262985e-01 1.452456269796354782e+00
3.478499999744755554e+10 5.655104698869800606e-01 1.184750067843840293e+00
3.478499999764202118e+10 5.505495013258412396e-01 1.515017782076254704e+00
3.478499999801518250e+10 6.365377210745855052e-01 1.493250972636924523e+00
3.478499999829228973e+10 7.178616066615021163e-01 1.745671733558308070e+00
3.478499999841893005e+10 9.404287659277099642e-01 2.031230250006919036e+00
3.478499999868491364e+10 6.930975012941189561e-01 1.907941327727182612e+00
3.478499999900375366e+10 5.167076608663676573e-01 2.027723009930790798e+00
3.478499999918270111e+10 8.000438595803588404e-01 1.841127723535131544e+00
3.478499999931732178e+10 9.064947939612401084e-01 2.184148310740739340e+00
3.478499999917327881e+10 1.261846898340779566e+00 2.193903130243031629e+00
3.478499999929220581e+10 1.611647922340883499e+00 2.090878331526359268e+00
3.478499999908940887e+10 1.934790284279416905e+00 2.130527316163723039e+00
3.478499999907028961e+10 1.988074007413269229e+00 1.751167385742514737e+00
3.478499999932357025e+10 1.939532018087795295e+00 2.035088112022431339e+00
3.478499999967726135e+10 2.037917309797971921e+00 1.923986836660616762e+00
3.478499999935336304e+10 1.834302312143232694e+00 1.896619389098535224e+00
3.478499999924688721e+10 1.906451597710278278e+00 1.535265676186559070e+00
3.478499999886662292e+10 1.902556963575307902e+00 1.585316229525532972e+00
3.478499999885548401e+10 2.210675026347940442e+00 1.357154439725340334e+00
3.478499999885570526e+10 2.129961425051002610e+00 9.821826973404960137e-01
3.478499999849961853e+10 2.270803793691457351e+00 9.601589151084227725e-01
3.478499999857968903e+10 2.496309066468330951e+00 1.259916333339088368e+00
3.478499999855166626e+10 2.495911641651531010e+00 1.642451533380555828e+00
3.478499999864144135e+10 2.493594494601947709e+00 1.269553176526564409e+00
3.478499999859866333e+10 2.864256535832256034e+00 1.358426469282659532e+00
3.478499999872453308e+10 2.708386165030058024e+00 1.685504258992224891e+00
3.478499999862518311e+10 2.849170546896527600e+00 2.028182718764347747e+00
3.478499999834510803e+10 2.912786302150558893e+00 2.282404976128586060e+00
3.478499999821001434e+10 2.661355430402954969e+00 2.026182903966516680e+00
3.478499999818871307e+10 2.744011477652808395e+00 1.652240575381476839e+00
3.478499999788099670e+10 2.769011597814714509e+00 1.879841894119754331e+00
3.478499999760851288e+10 2.611258309411056189e+00 2.098897084690429793e+00
3.478499999742741394e+10 2.757243537680704737e+00 2.403872494391877002e+00
3.478499999747575378e+10 2.740997965833427141e+00 2.784027498264181055e+00
3.478499999736455536e+10 2.862729186402197978e+00 2.437710984894835509e+00
3.478499999737284088e+10 2.861743879328761508e+00 2.821180624871026943e+00
3.478499999738026428e+10 3.077436587191180628e+00 3.138261260419479282e+00
3.478499999738292694e+10 2.800261104821387903e+00 2.873147701133928145e+00
3.478499999715474701e+10 3.106536098728613915e+00 2.837836063104226980e+00
3.478499999699423981e+10 3.428125938670234074e+00 2.703910915148657335e+00
3.478499999708494568e+10 3.339306425827169633e+00 3.065853179063498413e+00
3.478499999700927734e+10 3.244546399409182325e+00 2.701967114949021642e+00
3.478499999698267365e+10 3.223695174934322338e+00 2.319899100548449944e+00
3.478499999674565887e+10 3.443241190634235949e+00 2.113159901725405909e+00
3.478499999688845062e+10 3.482862085602155933e+00 2.466939399144393974e+00
3.478499999709577942e+10 3.536328012656435149e+00 2.148703130930970762e+00
3.478499999721742249e+10 3.791714867193100247e+00 2.407737003123917585e+00
3.478499999712348175e+10 3.765473469440589582e+00 2.778688507036135569e+00
3.478499999745445251e+10 3.683847406469927588e+00 2.602863280419652536e+00
3.478499999714431000e+10 3.853897311692543681e+00 2.454495580516868891e+00
3.478499999744435883e+10 3.633331084398601973e+00 2.362618638316901887e+00
3.478499999746384430e+10 3.596253833629083019e+00 1.981352290723435772e+00
3.478499999778977966e+10 3.572893558767756161e+00 1.780510079598166095e+00
3.478499999796376038e+10 3.526315592135684351e+00 1.441866343802286732e+00
3.478499999819809723e+10 3.240641484557757135e+00 1.338935571815266012e+00
3.478499999849202728e+10 3.080814280689064599e+00 1.151377853007131469e+00
3.478499999879074097e+10 3.101327781771028302e+00 9.116570739315267291e-01
3.478499999867401123e+10 3.024610368120746351e+00 1.268877486601163618e+00
3.478499999895618439e+10 3.218506114771423565e+00 1.095960482141961734e+00
3.478499999859981537e+10 3.177195153276060946e+00 9.602639075548449199e-01
3.478499999866403198e+10 3.116048258577344132e+00 1.333433319454157884e+00
3.478499999894847107e+10 3.037858121133321099e+00 1.088282109552093146e+00
3.478499999890058899e+10 3.407315208885075108e+00 1.179536414690059543e+00
3.478499999852676392e+10 3.362396274703325361e+00 1.252702642993795301e+00
3.478499999843959045e+10 3.512850066868041132e+00 1.594584787428049211e+00
3.478499999830620575e+10 3.562170056442478305e+00 1.238362110931901405e+00
3.478499999847135925e+10 3.809692729051232796e+00 9.963410892372285277e-01
3.478499999846061707e+10 3.810138362852344418e+00 6.129315399618899818e-01
3.478499999865691376e+10 4.139182024143224226e+00 5.951722967095601780e-01
3.478499999870413971e+10 3.783530641269284622e+00 4.595254151800631792e-01
3.478499999907932281e+10 3.751299561651688208e+00 5.324524825810064144e-01
3.478499999929888153e+10 4.032139105746477270e+00 3.908871198199933561e-01
3.478499999930897522e+10 4.033920823578140080e+00 7.463771165541810415e-03
3.478499999952215576e+10 3.733890639580587756e+00 1.154190060045014454e-01
3.478499999922832489e+10 3.522070755095110250e+00 2.415736124470566903e-01
3.478499999903921509e+10 3.259758743319091323e+00 3.530255635509119139e-02
3.478499999917516327e+10 3.472211871236653202e+00 3.242658754329417192e-01
3.478499999916170502e+10 3.592230221406935708e+00 -3.978508630056809547e-02
3.478499999888888550e+10 3.847740710192748104e+00 4.625527523393035967e-02
3.478499999870290375e+10 4.092314475893481074e+00 2.758506396432292007e-01
3.478499999848194122e+10 3.822150286543188002e+00 1.167692478378766496e-01
3.478499999834945679e+10 3.463885771159615601e+00 1.516050287961581144e-01
3.478499999872088623e+10 3.468162279346270527e+00 5.601343409468099999e-02
3.478499999869672394e+10 3.289300273569379929e+00 3.944555923768602868e-01
3.478499999893209839e+10 3.438405360360133667e+00 1.308528641419357541e-01
3.478499999904669189e+10 3.270905093145135556e+00 4.563217714986774753e-01
3.478499999906546021e+10 3.245542993928580255e+00 7.406125114460804237e-02
3.478499999909030914e+10 3.547130113410573937e+00 -1.616209682717592855e-01
3.478499999930268860e+10 3.366555968209546279e+00 -4.250708413883298453e-01
3.478499999930552673e+10 3.424252316135671936e+00 -4.588536193010345210e-02
3.478499999954978943e+10 3.718451457756680956e+00 -7.591569427542350923e-02
3.478499999991739655e+10 3.735587565355747763e+00 3.221109350223227974e-02
3.478499999991436005e+10 3.757243023174083874e+00 4.151476130412656840e-01
3.478499999986154938e+10 4.136619268614958322e+00 3.950738611579446280e-01
3.478499999950315857e+10 4.002873540187238177e+00 3.670577943450122338e-01
3.478499999939778137e+10 3.974385781203398249e+00 7.347559069222656669e-01
3.478499999964223480e+10 4.190723319441029382e+00 5.333670081665174978e-01
3.478499999964066315e+10 4.367023668437981954e+00 8.740050286576168670e-01
3.478499999987583923e+10 4.284908638989429974e+00 5.823415826677824647e-01
3.478499999953977966e+10 4.384011608652130576e+00 4.262671434190739017e-01
3.478499999964157104e+10 4.744241522097762953e+00 3.426518809756392558e-01
3.478499999959078979e+10 5.095400913384247055e+00 4.883472212915365152e-01
3.478499999992306519e+10 5.281382365294768455e+00 4.422983471917182330e-01
3.478499999994541931e+10 5.555137534178057557e+00 7.100238437055861329e-01
3.478500000008062744e+10 5.328473905630877638e+00 9.883408148352854639e-01
3.478500000018115234e+10 5.189678879634548103e+00 6.451943923287757343e-01
