2.087100000000000000e+10 0.000000000000000000e+00 0.000000000000000000e+00
2.087099999987261200e+10 2.210395818222653519e-01 -1.866707840051483325e-01
2.087099999983833694e+10 4.188317437783709019e-02 -4.448586141638030123e-01
2.087099999985524750e+10 -2.159582386635617024e-01 -2.627472152281312701e-01
2.087099999962271500e+10 -2.132950329854243765e-01 -4.768850653346591306e-01
2.087099999951519775e+10 -7.414095154854560832e-02 -7.395802216711668819e-01
2.087099999961591721e+10 -7.497673839074993352e-02 -4.399346916725368484e-01
2.087099999952227402e+10 -2.168150610610047879e-01 -1.733908459423875725e-01
2.087099999925651932e+10 -2.690732302375390961e-01 -3.364146972140118486e-01
2.087099999913900757e+10 -2.556055514160491815e-01 -6.295742157212851353e-01
2.087099999905508423e+10 -4.620599928645169330e-02 -4.081210770148312461e-01
2.087099999920869064e+10 1.175303869488266428e-01 -1.855715448402718848e-01
2.087099999892128372e+10 1.009203993088937518e-01 -3.161667166032813281e-01
2.087099999877111435e+10 2.780722640239795540e-01 -5.306398532904044174e-01
2.087099999896514511e+10 1.733758814622491928e-01 -7.571857694433618002e-01
2.087099999906664658e+10 4.538895934390881348e-01 -6.525824976942603550e-01
2.087099999937914276e+10 4.788150274097975889e-01 -6.933095400212293535e-01
2.087099999928800964e+10 2.368166292353188485e-01 -5.114744205575740832e-01
2.087099999901784515e+10 1.820110513387145634e-01 -3.567450461407816187e-01
2.087099999888851547e+10 1.087889792909341041e-01 -7.773855588225248026e-02
2.087099999871284866e+10 -3.842797782517144711e-02 1.399793572707533074e-01
2.087099999860170746e+10 -1.540987380535107087e-01 -1.324190358713606963e-01
2.087099999870207214e+10 1.440368470618015873e-01 -1.011953684621824390e-01
2.087099999891683197e+10 2.901058927531368070e-01 7.901126601117189341e-02
2.087099999910034561e+10 5.354564559021621761e-01 1.568462095037984061e-01
2.087099999920666504e+10 2.559965964753177503e-01 2.594673650892604932e-01
2.087099999924148560e+10 3.235236828839844758e-01 -4.738799960318146320e-02
2.087099999918070602e+10 6.240490321020948361e-01 -1.243479655216987584e-01
2.087099999898947906e+10 5.606723661423813621e-01 -3.679624156542530278e-01
2.087099999900401688e+10 5.004861386871727325e-01 -5.796413240965941904e-02
2.087099999907328415e+10 2.547502388437746790e-01 -2.443737900450098643e-01
2.087099999903696823e+10 5.547146202752921695e-01 -3.372989910256100621e-01
2.087099999891809464e+10 4.011083556911341774e-01 -5.867115227153536505e-01
2.087099999885327911e+10 9.216018537930947829e-02 -6.035189137617852362e-01
2.087099999902405930e+10 2.983131545316850541e-01 -4.353881587260312047e-01
2.087099999892300415e+10 3.247737893156840139e-01 -7.337506870649455060e-01
2.087099999901463699e+10 3.750046023701664177e-02 -6.388274381556713344e-01
2.087099999896581650e+10 5.103098185247606500e-02 -3.267921260780183301e-01
2.087099999879359818e+10 6.531777247559616972e-02 -6.208540414295488086e-02
2.087099999890655518e+10 4.045379901956909496e-02 -3.562881016352534291e-01
2.087099999882516861e+10 7.140694438874779781e-03 -5.264544829084089050e-02
2.087099999871020508e+10 5.223474827606230941e-02 -3.436479373048673680e-01
2.087099999859886551e+10 -2.230109476670466273e-01 -2.351310819857835299e-01
2.087099999849105072e+10 -5.181911913685546267e-01 -2.694462249491565431e-01
2.087099999847282028e+10 -6.096018533151705832e-01 3.262059274370882056e-02
2.087099999841975784e+10 -6.487730054733887863e-01 -2.765438848282507633e-01
2.087099999841058731e+10 -6.955613079104357999e-01 3.596116353440348412e-02
2.087099999839508057e+10 -7.161088333434237896e-01 -2.791102736921353689e-01
2.087099999853026199e+10 -8.574289927376834708e-01 -5.274798331484482627e-01
2.087099999853935623e+10 -8.616071885745866243e-01 -2.115169696889752093e-01
2.087099999879162598e+10 -7.209281451813076558e-01 -3.399741902061776955e-01
2.087099999878831482e+10 -5.956341867417407343e-01 -4.976198695170869213e-02
2.087099999895412064e+10 -7.591677672077393746e-01 1.640094049433697687e-01
2.087099999880640411e+10 -6.564980008244000187e-01 -9.593462262156063347e-02
2.087099999892752457e+10 -6.379873329861933673e-01 1.954750343094881770e-01
2.087099999885511780e+10 -9.438291144628945251e-01 1.615513449436501714e-01
2.087099999886830902e+10 -8.298271706921083180e-01 -1.330029379664214029e-01
2.087099999885124207e+10 -5.475388407894654641e-01 -2.742637767434134011e-01
2.087099999886757660e+10 -6.903134498764096350e-01 7.305540965559298439e-03
2.087099999912070465e+10 -5.229677240526534598e-01 -8.131967539225191943e-02
2.087099999896941376e+10 -4.096980068405157160e-01 1.720835501042612958e-01
2.087099999905595779e+10 -4.431333710279567462e-01 4.742835090526413278e-01
2.087099999936063004e+10 -5.159694717637928196e-01 5.167330544035558804e-01
2.087099999942687988e+10 -6.688004031074816780e-01 2.480581233041730393e-01
2.087099999944189835e+10 -9.523221923506404174e-01 1.090526526660533790e-01
2.087099999937863159e+10 -9.489847382596322545e-01 4.187601108361501678e-01
2.087099999940775681e+10 -1.079486273457963108e+00 7.052103454232850899e-01
2.087099999909428406e+10 -1.042827335330839711e+00 7.232251087435360715e-01
2.087099999920125580e+10 -1.022788142372863751e+00 4.264293291264928953e-01
2.087099999915573883e+10 -1.074554624054550711e+00 7.349435527671561719e-01
2.087099999917114639e+10 -1.122870739884785696e+00 1.046970560146648355e+00
2.087099999915258789e+10 -1.050729690808789307e+00 7.397508606507515738e-01
2.087099999916571045e+10 -1.340093127738516632e+00 6.131442158292703670e-01
2.087099999915827179e+10 -1.467146310101807849e+00 3.237745504169438626e-01
2.087099999899394226e+10 -1.446913672693066255e+00 5.930690286293406333e-01
2.087099999904504013e+10 -1.207773212340361058e+00 7.934022926230930306e-01
2.087099999911215591e+10 -1.464375577448192356e+00 9.654000778137101779e-01
2.087099999904783249e+10 -1.505354733413511559e+00 6.586170798719985786e-01
2.087099999924608994e+10 -1.491360731426527364e+00 9.044432769888902657e-01
2.087099999934540176e+10 -1.482031319335257225e+00 6.044721947271869400e-01
2.087099999943650436e+10 -1.316421126034377220e+00 3.510826476078857117e-01
2.087099999937235260e+10 -1.167712767480574954e+00 7.959928350756501070e-02
2.087099999922886658e+10 -1.099202306041697330e+00 3.528223741359807764e-01
2.087099999921441650e+10 -8.471805900936630884e-01 1.625360509177489754e-01
2.087099999939332199e+10 -6.080298828671412137e-01 5.893637377942677336e-02
2.087099999953066254e+10 -3.244803096044789892e-01 3.304510689451611860e-02
2.087099999978598404e+10 -1.896313015193582807e-01 1.617257916306948928e-01
2.087099999974324417e+10 -4.822391787342801273e-01 2.734688464864306612e-01
2.087099999976876068e+10 -7.962378724357119797e-01 2.472693609023985384e-01
2.087099999978848648e+10 -1.064795988641576541e+00 4.128594946901802398e-01
2.087099999948120880e+10 -1.099101754272620912e+00 4.787057224217413642e-01
2.087099999946980667e+10 -9.604687558371567402e-01 7.625780943875375417e-01
2.087099999954964066e+10 -1.031708437001491729e+00 4.651157060110741037e-01
2.087099999950782013e+10 -1.339736939155442119e+00 5.225807926778681667e-01
2.087099999937704468e+10 -1.487195673284254172e+00 7.697383296829038990e-01
2.087099999937443161e+10 -1.485483761514738266e+00 4.536324984175698072e-01
2.087099999943983078e+10 -1.449340725565908983e+00 1.464693627687274624e-01
2.087099999941605377e+10 -1.635173806395505913e+00 4.010932957802577636e-01
2.087099999915909195e+10 -1.543485824490607783e+00 5.607691989267308275e-01
2.087099999920371628e+10 -1.717973883954727832e+00 8.205674436028012053e-01
2.087099999928662872e+10 -1.750562494195737617e+00 5.172588357424914296e-01
2.087099999928562927e+10 -1.748398603744873325e+00 2.011465478586319522e-01
2.087099999927865601e+10 -1.755477825665305192e+00 5.171116042194704443e-01
2.087099999922138214e+10 -1.461502201516064581e+00 6.182590303232551321e-01
2.087099999904265213e+10 -1.372805092937057880e+00 3.730639310116665164e-01
2.087099999932603073e+10 -1.275979155454561420e+00 2.718038502886185315e-01
2.087099999913572693e+10 -1.151061470281467658e+00 4.911488561251501350e-01
2.087099999917356873e+10 -9.617539289099286126e-01 2.408226933208627574e-01
2.087099999942852402e+10 -7.989355060413256826e-01 1.490629577822635832e-01
2.087099999965722275e+10 -6.024768268247440162e-01 5.401598797007550745e-02
2.087099999947385406e+10 -5.935359568676605857e-01 3.113649057921346053e-01
2.087099999937432480e+10 -6.938159760048140390e-01 5.941557635385004144e-01
2.087099999961104965e+10 -7.427021566779483663e-01 7.978821496941265190e-01
2.087099999950880051e+10 -5.376711145768591216e-01 1.015690258343309615e+00
2.087099999958309937e+10 -8.301691901026512221e-01 9.215777056388684274e-01
2.087099999989459229e+10 -7.859883510429249709e-01 9.524286262501673317e-01
2.087100000012207413e+10 -1.002528968614057492e+00 9.164359068700709265e-01
