1.391400000000000000e+10 0.000000000000000000e+00 0.000000000000000000e+00
1.391400000005484772e+10 2.341132326634479399e-01 1.788205920697018558e-01
1.391400000001818275e+10 1.138401210560703730e-01 -9.317963208667701114e-02
1.391399999991958618e+10 1.060215474515577849e-01 -3.760427591030884309e-01
1.391399999975860977e+10 2.619032130416955040e-01 -5.749934306257318273e-01
1.391399999994271660e+10 4.980944440608755519e-01 -5.855895483523628764e-01
1.391399999992670631e+10 6.028569780642607512e-01 -8.658797587922457684e-01
1.391400000001976967e+10 6.758464746518941801e-01 -5.905509208425503420e-01
1.391400000001422310e+10 8.305874839494172823e-01 -3.339996558116456460e-01
1.391399999979157448e+10 1.014414883781723065e+00 -4.141792060285132138e-01
1.391399999968275642e+10 1.199868714824845028e+00 -2.054701715450274191e-01
1.391399999967771339e+10 1.442177886560162658e+00 -2.924604549645143381e-02
1.391399999962220573e+10 1.423287019550425248e+00 -3.231101017678085774e-01
1.391399999984532547e+10 1.607321282040987009e+00 -4.014879466729487367e-01
1.391399999973922729e+10 1.340394265693821474e+00 -3.161228637848507717e-01
1.391399999976146698e+10 1.619300632996364619e+00 -2.088348294571530372e-01
1.391399999955403328e+10 1.683186832536490707e+00 -4.154350047882756081e-01
1.391399999978636742e+10 1.508771692213652038e+00 -4.888819151945705821e-01
1.391400000003164101e+10 1.522932110416206797e+00 -6.604459089709081576e-01
1.391399999984416580e+10 1.368881158789227337e+00 -8.362735993103883603e-01
1.391399999969877434e+10 1.378840534223167769e+00 -1.098105605852834010e+00
1.391399999973672867e+10 1.213322611693125497e+00 -8.512101489606376248e-01
1.391399999986861038e+10 1.147986257921162156e+00 -1.112231717977699263e+00
1.391399999981685448e+10 8.924475117294354831e-01 -9.645311872787585283e-01
1.391399999965195656e+10 1.012541569555922116e+00 -1.184030488572757944e+00
1.391399999979918289e+10 1.023809943524991661e+00 -1.444782874240991832e+00
1.391400000006731224e+10 1.016669148366561970e+00 -1.578384967578518649e+00
1.391400000011946869e+10 1.061900998383646044e+00 -1.286789593832935896e+00
