6.957000000000000000e+09 0.000000000000000000e+00 0.000000000000000000e+00
6.956999999750929832e+09 -1.492125927447019995e-01 -1.158458149849242620e-02
6.956999999919438362e+09 -2.719127381942263444e-01 -2.140298737700346843e-01
6.956999999790857315e+09 -7.998248296849461147e-02 -3.902801272117849551e-01
6.956999999749944687e+09 -1.072164454581718274e-01 -6.766696168026531399e-01
6.956999999620562553e+09 -1.029037581695311093e-01 -4.165231731592023978e-01
6.956999999418450356e+09 -5.345910949679288232e-02 -2.136922668721086549e-01
6.956999999332225800e+09 -3.084638876620872106e-01 -3.231106226093578559e-01
6.956999999477521896e+09 -4.343376543752253127e-01 -5.410082469054965371e-01
6.956999999589386940e+09 -3.842042824591755390e-01 -8.044611351170662950e-01
6.956999999606287003e+09 -4.701525816300698990e-01 -5.274019575532231663e-01
6.956999999653737068e+09 -3.962089093583300858e-01 -8.043771950201666909e-01
6.956999999450240135e+09 -2.373767055632125533e-01 -6.709757299653198448e-01
6.956999999524728775e+09 -2.850444206849500062e-01 -3.941838563419671759e-01
6.956999999777052879e+09 -3.895450965130791143e-01 -4.934150511345577472e-01
6.956999999736346245e+09 -6.573599676413340864e-01 -3.882833852404662944e-01
6.956999999992560387e+09 -6.565596971655642822e-01 -5.253540972885879512e-01
6.956999999924137115e+09 -4.539348077195405340e-01 -3.286413439015150595e-01
6.956999999880949020e+09 -4.994055425227495459e-01 -4.491314247008554306e-02
6.956999999882473946e+09 -4.692409409090991246e-01 -3.339153366953735436e-01
6.957000000033069611e+09 -6.097157892823172887e-01 -1.289218425823314140e-01
6.957000000023662567e+09 -6.181313061710913548e-01 1.613800449565468420e-01
6.957000000015378952e+09 -6.317008754098815126e-01 4.515209648646448248e-01
6.957000000296134949e+09 -6.857835063044037671e-01 3.996982586000531468e-01
