4.869900000000000000e+10 0.000000000000000000e+00 0.000000000000000000e+00
4.869899999996677399e+10 5.198791217911539336e-02 -5.606735186557019190e-01
4.869899999962931824e+10 -3.025432889632750921e-01 -2.803288666210208002e-01
4.869899999915606689e+10 -3.840111936905302170e-01 1.557319355051861587e-02
4.869899999895229340e+10 -1.443974601913495803e-01 -4.526396334240531671e-01
4.869899999876751709e+10 -9.353968924991321043e-02 7.786160842042005870e-02
4.869899999906022644e+10 4.977020601621504059e-02 -3.825113927878159292e-01
4.869899999957651520e+10 -1.501285186209788958e-01 -4.904272876045401297e-01
4.869899999911769104e+10 1.405097255831781189e-01 -3.381977846741690552e-01
4.869899999890052032e+10 6.609944190275669484e-01 -3.479045014859558083e-01
4.869899999884774017e+10 8.361722283129814359e-01 -8.814667823066195673e-01
4.869899999904522705e+10 6.605425374422053686e-01 -3.831546729616613356e-01
4.869899999918293762e+10 8.059476402988190458e-01 1.441534889109221118e-01
4.869899999935945129e+10 1.072719879937374499e+00 -3.204289904814559553e-01
4.869899999970337677e+10 9.876099381875480532e-01 1.184692139039784653e-01
4.869900000002392578e+10 5.441183673017844225e-01 2.553003923843084610e-01
4.869900000019101715e+10 9.803927400809855364e-01 -6.077814710473838922e-02
