4.174200000000000000e+10 0.000000000000000000e+00 0.000000000000000000e+00
4.174199999979808807e+10 -2.388072672787087680e-01 3.228592178653517109e-01
4.174199999954956818e+10 -4.107870297342791632e-01 -9.855129855357747104e-03
4.174199999968103790e+10 -4.895931868046433655e-01 -4.323981128778945915e-01
4.174199999996038818e+10 -3.630069529583758725e-01 -1.038011343602149861e-01
4.174200000008200836e+10 -3.143120902755659474e-01 3.261692617309985276e-01
4.174200000005774689e+10 -2.826530597870803296e-01 7.738806257196015892e-01
4.174199999975718689e+10 -4.168917063959407532e-01 4.678101501627263681e-01
4.174199999982136536e+10 -8.223622704120370219e-01 2.847486172522077919e-01
4.174200000003166962e+10 -9.929246073486815982e-01 6.435197298127750543e-01
4.174200000034779358e+10 -1.132392260672517637e+00 9.310138252328090669e-01
