6.261300000000000000e+10 0.000000000000000000e+00 0.000000000000000000e+00
6.261299999976741791e+10 -4.186389726480372886e-01 1.436196402365102154e+00
6.261299999987150574e+10 -1.818557577285315752e+00 2.003124400990868192e+00
6.261299999990783691e+10 -5.148502866365618491e-01 1.234332293922393742e+00
6.261299999953710938e+10 -7.372518936190820549e-01 2.685232298148669372e+00
6.261299999941953278e+10 -9.608484980093765504e-01 1.192518558360888381e+00
6.261299999949316406e+10 -2.199539195943475134e-01 -1.256875628828233449e-01
6.261299999900923157e+10 -1.088192363827203524e+00 -1.267608143093311046e+00
6.261299999795874023e+10 -2.172056371639734529e+00 -1.384775605597962977e+00
6.261299999928182983e+10 -2.481612255558803604e+00 -2.052322011752956588e+00
6.261299999919176483e+10 -1.008653286590838416e+00 -1.714248329694384454e+00
6.261299999825538635e+10 -1.804690169516359743e+00 -2.598292188333830577e+00
6.261299999774421692e+10 -8.281992998699689856e-01 -1.560416167470915605e+00
6.261299999878510284e+10 -1.051717560962026177e+00 -2.636800356730983452e+00
6.261299999890859985e+10 -1.372066231382555790e+00 -1.162304221836764739e+00
6.261300000037205505e+10 -1.011681673666000592e+00 -1.305233336722802395e+00
