2.782800000000000000e+10 0.000000000000000000e+00 0.000000000000000000e+00
2.782799999983213425e+10 -2.648539036349847886e-01 -1.376808806921051287e-01
2.782799999976010132e+10 4.923772963206030084e-02 -2.174995288631212387e-02
2.782799999956103897e+10 -1.416441335713381766e-01 1.812769773289374386e-01
2.782799999953125381e+10 -2.493162908198320593e-01 5.050078664198642819e-01
2.782799999938758850e+10 -5.601890156359065065e-01 5.053247206233846267e-01
2.782799999934353256e+10 -3.412286383204282680e-01 7.649349607956944519e-01
2.782799999934308243e+10 -3.370133199965623105e-01 4.224965217236498760e-01
2.782799999939662933e+10 -3.283325106155751127e-01 7.606378373246984737e-01
2.782799999920246887e+10 -5.254913484181639172e-01 9.624112372758740763e-01
2.782799999931623840e+10 -6.433370246834686501e-01 6.616612779041504133e-01
2.782799999946102524e+10 -6.181153908776444439e-01 9.709872194582809257e-01
2.782799999926181412e+10 -6.914123769605109437e-01 1.239734693212364736e+00
2.782799999921168900e+10 -6.588053552107624444e-01 1.576938315738920515e+00
2.782799999935646820e+10 -7.704483964186332745e-01 1.287358095732359153e+00
2.782799999959445953e+10 -9.490697844457660626e-01 1.117840926207041452e+00
2.782799999979431915e+10 -1.032277691003987252e+00 1.383199484818639302e+00
2.782799999977729034e+10 -1.117913377246887663e+00 1.714346821781981944e+00
2.782799999975868225e+10 -1.276320600462167221e+00 2.017402853151928355e+00
2.782799999986543655e+10 -1.101942296019461809e+00 2.292135667305853275e+00
2.782799999986690140e+10 -1.223893242873221432e+00 2.612147974336824330e+00
2.782799999965221405e+10 -1.161132975760936548e+00 2.352815921859377379e+00
2.782799999933880234e+10 -1.198378406528857409e+00 2.485735073803399864e+00
2.782799999936740494e+10 -1.264073860171851083e+00 2.150850046396978854e+00
2.782799999967544556e+10 -1.270296471973920038e+00 2.001338940910839970e+00
2.782799999950540161e+10 -1.124763123098319717e+00 1.742133899696727717e+00
2.782799999929843521e+10 -1.176028562281574263e+00 2.010125588063998769e+00
2.782799999908205032e+10 -1.084189949876167347e+00 1.761077781584320379e+00
2.782799999900668335e+10 -7.695452027335671907e-01 1.873330778852311251e+00
2.782799999901388931e+10 -7.666639677929933949e-01 1.530954066107860889e+00
2.782799999920666504e+10 -9.335162642159545721e-01 1.302304871980093592e+00
2.782799999907369995e+10 -7.663088018736121665e-01 1.034640348237071406e+00
2.782799999914704895e+10 -1.017530404923155052e+00 8.137561709252368880e-01
2.782799999928220749e+10 -1.028561451648110303e+00 1.128228488955938857e+00
2.782799999933643723e+10 -1.347724617486288912e+00 1.239925388593618338e+00
2.782799999938032532e+10 -1.417122280895207753e+00 1.572400950970372469e+00
2.782799999915115738e+10 -1.666852460402006963e+00 1.621372871103612390e+00
2.782799999932234573e+10 -1.557103536635325636e+00 1.896931161779367825e+00
2.782799999962493515e+10 -1.717228695108973024e+00 1.905923828293124345e+00
2.782799999970285034e+10 -1.729669156867998048e+00 1.572672000293203087e+00
2.782799999969510651e+10 -1.567984628569310646e+00 1.874466951607145271e+00
2.782799999981148911e+10 -1.321400088303261056e+00 2.081670064275891185e+00
2.782800000007115173e+10 -1.173365810378359075e+00 2.248832513774742470e+00
2.782799999982199860e+10 -9.384115645188735311e-01 2.250256066625072382e+00
2.782799999986075211e+10 -1.224587579126197978e+00 2.434331188680134872e+00
2.782799999959452057e+10 -1.031221400106264507e+00 2.339395630023691997e+00
2.782799999992609787e+10 -1.027337577794371404e+00 2.253821531885517704e+00
2.782800000009056091e+10 -1.220234955658913822e+00 2.023551887219247725e+00
2.782800000004972076e+10 -1.131538746699514153e+00 1.695303111097384186e+00
2.782800000031542969e+10 -9.200303175970798719e-01 1.651202043421785781e+00
