2.782800000000000000e+10 0.000000000000000000e+00 0.000000000000000000e+00
2.782800000008083725e+10 3.285451829126823098e-01 5.296399408429651456e-02
2.782799999996857834e+10 6.834132113054119939e-02 -1.393219100550213141e-01
2.782799999971783447e+10 7.742666519636388911e-02 -3.724033090848588579e-01
2.782799999966005707e+10 -3.064416084945460750e-02 -5.261486969070577890e-02
2.782799999999551773e+10 3.825177334465366952e-02 -5.195697938070554384e-02
2.782799999969361877e+10 -9.941810830909543484e-02 -1.367284129918384106e-01
2.782799999938088608e+10 -9.764444749959938497e-04 -2.356651045358064689e-01
2.782799999945411682e+10 7.476254739579150932e-02 9.019246647382589410e-02
2.782799999927449417e+10 -1.217511450246580446e-01 -1.252155990581865497e-01
2.782799999921313095e+10 -1.377995292983769660e-01 2.113242290273716628e-01
2.782799999943380356e+10 -3.958118508603320485e-01 1.664231349847716812e-01
2.782799999941850662e+10 -4.628983526719223085e-01 -1.690578724243904651e-01
2.782799999962078094e+10 -3.377088630241739109e-01 7.730589525090569847e-02
2.782799999951208496e+10 -2.624390561246968678e-01 3.932196056532058503e-01
2.782799999942724991e+10 -2.813852614256370788e-01 7.244684848534654886e-01
2.782799999941303253e+10 -5.852358232149877937e-01 5.671320832662770650e-01
2.782799999961914062e+10 -8.392797892967767126e-01 4.658215649864458907e-01
2.782799999931240463e+10 -7.997484209786354103e-01 3.187422194223601402e-01
2.782799999959778595e+10 -6.969003159279921755e-01 4.776787789655738137e-01
2.782799999960415268e+10 -6.949927600916857573e-01 1.352786258924190688e-01
2.782799999962826157e+10 -9.264231038037579191e-01 3.865569360339325966e-01
2.782799999971411133e+10 -6.184183538259043766e-01 2.638996953551800972e-01
2.782799999965289688e+10 -3.529154593191214384e-01 4.713680706395957376e-01
2.782799999936472702e+10 -2.175237361776565792e-01 5.974961718608452488e-01
2.782799999915897369e+10 -3.295164682475883455e-01 8.473051535100554199e-01
2.782799999911678696e+10 -5.621081474403476497e-01 5.995079032286757537e-01
2.782799999881111145e+10 -6.171411698148948632e-01 7.437869417580632581e-01
2.782799999911317825e+10 -6.599397597047690356e-01 8.993708205382551224e-01
2.782799999924854660e+10 -3.535147794708936586e-01 8.282276499669867231e-01
2.782799999941040802e+10 -5.118096955472155596e-01 5.712721574509211919e-01
2.782799999941501617e+10 -6.527336830600762863e-01 8.833638888670021228e-01
2.782799999945502090e+10 -8.256187549702485029e-01 5.904603563154579016e-01
2.782799999937210464e+10 -6.370623141807292278e-01 3.168667996682799637e-01
2.782799999942486954e+10 -6.863975962421621224e-01 6.516263181255748105e-01
2.782799999937282181e+10 -6.872177556394724052e-01 3.131409988913916309e-01
2.782799999928763580e+10 -7.931700119740880961e-01 6.274652907338407193e-01
2.782799999930724335e+10 -9.786245725966415954e-01 9.147006750262307584e-01
2.782799999954941177e+10 -1.219838162997233466e+00 9.359941548352825880e-01
2.782799999951574326e+10 -1.203524961070222776e+00 1.276409061035921111e+00
2.782799999930926514e+10 -1.357303346033511549e+00 1.050576208865867445e+00
2.782799999902817917e+10 -1.278120578024207754e+00 8.716823019999384581e-01
2.782799999874146652e+10 -1.397239119734540624e+00 7.271501722571642734e-01
2.782799999879590988e+10 -1.697749298673799201e+00 5.721940123083437690e-01
2.782799999851222992e+10 -1.636379977137026431e+00 7.539653243248682912e-01
2.782799999848759842e+10 -1.438256108849309545e+00 4.757166007542730224e-01
2.782799999882588196e+10 -1.408340988983484809e+00 5.198900024738658532e-01
2.782799999881780624e+10 -1.091690821030229630e+00 3.896996712986187106e-01
2.782799999887964249e+10 -9.737434292516281564e-01 7.418900532052047359e-02
2.782799999898619080e+10 -8.551058872769838892e-01 -2.288866813877786233e-01
2.782799999915829468e+10 -5.690760383771327202e-01 -1.524052152295088947e-01
2.782799999900993347e+10 -8.198293066843298504e-01 2.757877495771843268e-02
2.782799999900246429e+10 -8.362750805324288272e-01 3.695667824580017302e-01
2.782799999881661606e+10 -5.918307130715877440e-01 2.179441129459280813e-01
2.782799999875858688e+10 -2.874365297970486455e-01 3.637488429720224237e-01
2.782799999857994461e+10 -4.112026516371505291e-01 6.284207123674909745e-01
2.782799999836980438e+10 -3.481997365748946693e-01 3.654504955337045113e-01
2.782799999832212067e+10 -1.638470030917206777e-01 6.500949878948805161e-01
2.782799999827450943e+10 -6.687682318039835094e-02 9.750751657998018018e-01
2.782799999834307861e+10 1.810124034492945899e-01 7.489527283396144597e-01
2.782799999836089325e+10 2.199833798924027695e-01 4.091793322975878500e-01
2.782799999827981186e+10 -1.124947891669086653e-01 4.220689422981555583e-01
2.782799999829266357e+10 -1.272254107953159907e-01 8.016265252922177842e-02
2.782799999801908493e+10 7.516487225397333605e-02 1.185779295932568589e-01
2.782799999800938416e+10 -2.176720782027788959e-01 -5.871971647989870924e-02
2.782799999787252426e+10 6.956809898827337468e-02 -1.853884855934175568e-01
2.782799999798747635e+10 5.548336810643954981e-02 -5.076760507584279214e-01
2.782799999797320175e+10 7.263332085739583610e-02 -1.659390896901792867e-01
2.782799999829268265e+10 6.126763779731395076e-02 -4.311652686981395921e-02
2.782799999817885208e+10 -7.654641038616608051e-02 2.489990998485106244e-01
2.782799999821650696e+10 -2.950218877551434860e-01 -1.202339016926309845e-02
2.782799999828765869e+10 4.570710868581462361e-03 1.378564574563186651e-01
2.782799999829388809e+10 -4.931790651642354445e-02 -2.002844467161398467e-01
2.782799999820434189e+10 -5.125319775374152093e-02 1.302599339659955280e-01
2.782799999788129044e+10 6.204559249888059319e-02 1.393685399658556034e-01
2.782799999777907944e+10 -2.121136988251580702e-01 3.173328572530068059e-01
2.782799999804754257e+10 -2.672794006697074565e-01 1.119866993535887367e-01
2.782799999834020615e+10 -2.751232486101176100e-01 -6.568865214706867683e-02
2.782799999843692398e+10 -4.508526011631440733e-01 -3.432618667976602422e-01
2.782799999818373871e+10 -5.841255695922076274e-01 -1.550657543575970354e-01
2.782799999815956879e+10 -5.201027874668622264e-01 -4.906234999156293686e-01
2.782799999807050705e+10 -2.482381812719511305e-01 -3.023688013424323806e-01
2.782799999787801361e+10 3.621062225985238747e-03 -1.727708638757137205e-01
2.782799999775696182e+10 1.264793576002052888e-01 -4.686323947276813673e-01
2.782799999774101639e+10 -1.128551982602967740e-01 -7.130639273148545731e-01
2.782799999777490997e+10 -4.577360107071767881e-02 -3.789483075558235936e-01
2.782799999762113190e+10 -6.490905654087532339e-03 -6.824144471133083423e-01
2.782799999759540558e+10 1.727705955640769508e-01 -9.730784462808983459e-01
2.782799999787185669e+10 -1.503712439677021284e-02 -1.047812923409495278e+00
2.782799999783848953e+10 -5.328652576305263622e-02 -7.091308097426308743e-01
2.782799999795965195e+10 -1.411038624686546811e-02 -1.027041178997058157e+00
2.782799999771726227e+10 -5.159124127121011982e-02 -1.266047538302962572e+00
2.782799999778370667e+10 -2.176232413154410572e-01 -9.739845376392781695e-01
2.782799999775408554e+10 -2.313128969405062185e-01 -6.330780659481811679e-01
2.782799999772245026e+10 -1.555316383560462756e-01 -3.006046882477619309e-01
2.782799999773334885e+10 -1.556822466914521974e-01 -6.428958424745665479e-01
2.782799999749306870e+10 3.582318521788177557e-02 -4.916587140078152451e-01
2.782799999736189270e+10 7.217066806078023533e-02 -1.774071598105463887e-01
2.782799999731491852e+10 1.484366588212439053e-01 1.531363500702764835e-01
2.782799999738946152e+10 2.394077023264266635e-01 4.747725997402783560e-01
2.782799999748257065e+10 1.142180747251697603e-04 7.013814248071857937e-01
2.782799999719417572e+10 3.756321284502794206e-02 5.205250020253386900e-01
2.782799999718586349e+10 4.568065759318418184e-02 8.627925485239138492e-01
2.782799999710035706e+10 3.045913550575880535e-01 6.555822055748039556e-01
2.782799999720407486e+10 2.317468001452131499e-01 3.374334373677488896e-01
2.782799999721156311e+10 1.762559272711698988e-01 -4.226870674826632701e-04
2.782799999725412750e+10 -1.551232022533591826e-01 7.479887545887019262e-02
2.782799999721760178e+10 2.396390497636774475e-02 -2.148143704934962206e-01
2.782799999737965012e+10 -1.246097309076459742e-02 -5.143074131197932219e-01
2.782799999705035400e+10 -8.652830997472218955e-02 -5.722806114223990548e-01
2.782799999695345688e+10 1.671586826723775454e-02 -2.604570169919184774e-01
2.782799999687580109e+10 2.017431727669308783e-01 1.706172724050292189e-02
2.782799999661810303e+10 2.457068878930879496e-01 2.382887152235959871e-01
2.782799999661853409e+10 2.400040834523000932e-01 5.807056350896717678e-01
2.782799999686565018e+10 4.462742617773286513e-01 6.976201280616152189e-01
2.782799999687779236e+10 4.734671983938623652e-01 1.038787547736258254e+00
2.782799999673464966e+10 4.063994822501358350e-01 7.349880786855780279e-01
2.782799999655886078e+10 6.243925670536525363e-01 9.321157150363672539e-01
2.782799999658080292e+10 8.424713364950442429e-01 6.689763746224683949e-01
2.782799999654234695e+10 8.929293624037031307e-01 1.005513256964134960e+00
2.782799999663547897e+10 8.005842351643583932e-01 6.891577750325892371e-01
2.782799999664915085e+10 8.181561993428616564e-01 1.030897896566513205e+00
2.782799999678526306e+10 5.908276165833447058e-01 1.247871243476864178e+00
2.782799999656145477e+10 8.014451664165207490e-01 1.398971543088907810e+00
2.782799999678277588e+10 1.036018543480179854e+00 1.514188210550740932e+00
2.782799999682159042e+10 1.098545412396341625e+00 1.848651942972962425e+00
2.782799999703063583e+10 1.257178023086999330e+00 1.628612665227606948e+00
2.782799999730755997e+10 1.290933137548105902e+00 1.827246657602926261e+00
2.782799999708807755e+10 1.550256652018592529e+00 1.870383132685388139e+00
2.782799999712450027e+10 1.545930030072082628e+00 2.210878016053005268e+00
2.782799999680242157e+10 1.654670647295654495e+00 2.169379562371934966e+00
2.782799999665177917e+10 1.444696680961748747e+00 2.394100588798476981e+00
2.782799999647890472e+10 1.486435595656596886e+00 2.686768169646142734e+00
2.782799999645946884e+10 1.609397984842946272e+00 2.367731328081182252e+00
2.782799999623658371e+10 1.593320336639861168e+00 2.627242558166505759e+00
2.782799999620567322e+10 1.599429106092060460e+00 2.286230450322308982e+00
2.782799999617224503e+10 1.712929752621062507e+00 1.964854944995765074e+00
2.782799999584210587e+10 1.783203480411908570e+00 1.906960353000915154e+00
2.782799999569141006e+10 1.944241151193381256e+00 2.168951757772062727e+00
2.782799999585063934e+10 2.087372047412320519e+00 1.901666362888997153e+00
2.782799999593618774e+10 2.043835872267432130e+00 2.230403737868961844e+00
2.782799999594488907e+10 2.386189997131725526e+00 2.230525098404332329e+00
2.782799999588013458e+10 2.234005555335411675e+00 1.930643811799680476e+00
2.782799999603849030e+10 2.489973845176937761e+00 2.094002632952640663e+00
2.782799999588869476e+10 2.183359802702598440e+00 2.122839041802643489e+00
2.782799999596435165e+10 2.173246568059676420e+00 2.456689350149762419e+00
2.782799999588198853e+10 2.498993095155250366e+00 2.522928255577284506e+00
2.782799999555669403e+10 2.392476800413403826e+00 2.512036578445122181e+00
2.782799999547466278e+10 2.082446262652603686e+00 2.391894258302299292e+00
2.782799999514474487e+10 2.097846537319946414e+00 2.482437952220784005e+00
2.782799999482147980e+10 2.143930068517867049e+00 2.585673907729401311e+00
2.782799999456888199e+10 2.215392019973225324e+00 2.805605581724993858e+00
2.782799999464151382e+10 2.500659713482738855e+00 2.980617041954786828e+00
2.782799999464875793e+10 2.488169518039748507e+00 2.638456919459100991e+00
2.782799999457406616e+10 2.810466214558429154e+00 2.726933543180096287e+00
2.782799999477582550e+10 2.573994489231282490e+00 2.870655420223390042e+00
2.782799999478108215e+10 2.704128342504501514e+00 2.553922725350510792e+00
2.782799999476766586e+10 2.660544986122717503e+00 2.214507699956510312e+00
2.782799999467897034e+10 2.676670412281750622e+00 2.544893872018551662e+00
2.782799999440233231e+10 2.636897433579229233e+00 2.742811871866094542e+00
2.782799999417541504e+10 2.691340497006134758e+00 2.993464472557497924e+00
2.782799999416427612e+10 2.657344803939101219e+00 3.334055487776214299e+00
2.782799999435658646e+10 2.571150395911413256e+00 3.064113071434957813e+00
2.782799999456074142e+10 2.524263242822589071e+00 3.335046278649471230e+00
2.782799999440431595e+10 2.735109418424759298e+00 3.115144199464121577e+00
2.782799999434534454e+10 3.054048291672573079e+00 3.225063735620603111e+00
2.782799999437408829e+10 2.994820903472648510e+00 2.888986373137545360e+00
2.782799999446009445e+10 3.243311638617824677e+00 3.108388956328375752e+00
2.782799999433815002e+10 2.981167411035368975e+00 3.291942973876929912e+00
2.782799999415077209e+10 3.164617499252365906e+00 3.071676908542826379e+00
2.782799999433433151e+10 3.181164994770000476e+00 3.360319936034407817e+00
2.782799999424524689e+10 3.019748153322737494e+00 3.071719257517113277e+00
2.782799999443570328e+10 2.788908594078322256e+00 2.905219734413736266e+00
2.782799999429391098e+10 2.708562000832435146e+00 3.206419642560079719e+00
2.782799999426440430e+10 2.800757358629062388e+00 3.534918405504509309e+00
2.782799999429829025e+10 2.884890128453055702e+00 3.865153848269783587e+00
2.782799999452980804e+10 3.125773223655193611e+00 3.940361795599419903e+00
2.782799999421390533e+10 3.077118020951501443e+00 4.063330687810625896e+00
2.782799999437784195e+10 3.089125404057506241e+00 4.363767972534821737e+00
2.782799999428445053e+10 3.027859003508054592e+00 4.687506743453093705e+00
2.782799999449327850e+10 3.013356163377946650e+00 4.958545804425480874e+00
2.782799999447592545e+10 2.971659329093656154e+00 4.619072264536444372e+00
2.782799999460182571e+10 2.750529913563397599e+00 4.848273266598074116e+00
2.782799999456435776e+10 2.806283933816259513e+00 4.512461080276299441e+00
2.782799999460251236e+10 2.915806544421394975e+00 4.834689511494864256e+00
2.782799999462937927e+10 2.892356675863725357e+00 5.175292357915695085e+00
2.782799999473196030e+10 2.853903913065266806e+00 4.850822990689683145e+00
2.782799999445490265e+10 3.044791888065331964e+00 4.914713322998197853e+00
2.782799999460808182e+10 3.348819577968863204e+00 4.877495779342416071e+00
2.782799999452198410e+10 3.290931983232162406e+00 4.551124748784292962e+00
2.782799999468758392e+10 2.995145330430964314e+00 4.502446140277454489e+00
2.782799999485133743e+10 2.721889859472858664e+00 4.376752537317552871e+00
2.782799999494270706e+10 2.402674832999205368e+00 4.292874144969386130e+00
2.782799999469850540e+10 2.613140867676060353e+00 4.408423698202095231e+00
2.782799999494893646e+10 2.788914215670364349e+00 4.254573262208900530e+00
2.782799999496895981e+10 3.127131327602015176e+00 4.204670435147900065e+00
2.782799999479111099e+10 3.034683211106081746e+00 4.482348406425375131e+00
2.782799999463592529e+10 2.954370118292550806e+00 4.187815727659113030e+00
2.782799999475720978e+10 2.761351472509032234e+00 4.443386081990862380e+00
2.782799999455253220e+10 3.022058217332888486e+00 4.357243961328221005e+00
2.782799999471651077e+10 2.957587113004235491e+00 4.650905381197381061e+00
2.782799999458744049e+10 3.175759274493571649e+00 4.881174032669506779e+00
2.782799999455198669e+10 3.200978746029042643e+00 5.220863494350089340e+00
2.782799999455677414e+10 3.207448448599448998e+00 5.563233574988515784e+00
2.782799999422487640e+10 3.135315553427933999e+00 5.607078730951543299e+00
2.782799999406016922e+10 3.226523383219657148e+00 5.321011703556300709e+00
2.782799999399035645e+10 3.281657143392689768e+00 5.651720542346722276e+00
2.782799999402689362e+10 3.289934113557827722e+00 5.992130044848258841e+00
2.782799999431050491e+10 3.429829195718825385e+00 5.860694210766838275e+00
2.782799999409616470e+10 3.186914271300471668e+00 5.749643476618540028e+00
2.782799999440259171e+10 3.194578629001847858e+00 5.902372210126347163e+00
2.782799999443737030e+10 3.319736079841289822e+00 5.585499961283536763e+00
2.782799999416868210e+10 3.507973568736145964e+00 5.487235734236138640e+00
2.782799999418952179e+10 3.849759459743472334e+00 5.492731323174748326e+00
2.782799999414147186e+10 4.070692277757604671e+00 5.749950896670565470e+00
2.782799999437221527e+10 4.127039255004259388e+00 5.503243075067077328e+00
2.782799999460239410e+10 4.216046626287428545e+00 5.265803053713860038e+00
2.782799999432553101e+10 4.170905999811245657e+00 5.462250647197094189e+00
2.782799999422138596e+10 4.365253479971366701e+00 5.724291033050223909e+00
2.782799999440703964e+10 4.607668016581395243e+00 5.569209017795488492e+00
2.782799999426997757e+10 4.654747570248998656e+00 5.879499027771175612e+00
2.782799999402579880e+10 4.629668020145064844e+00 5.640691005728240448e+00
2.782799999417218399e+10 4.920767831356902988e+00 5.746114845832797968e+00
2.782799999407045746e+10 5.092345379615083267e+00 5.467735609598761037e+00
2.782799999400067520e+10 5.196812807042585192e+00 5.149146763434803376e+00
2.782799999399866104e+10 5.202605279575317709e+00 4.806737009543218697e+00
2.782799999418029785e+10 5.413319148812120396e+00 4.607012529025446668e+00
2.782799999396334076e+10 5.153707769598145916e+00 4.660051450161278197e+00
2.782799999404653931e+10 5.375055048271415004e+00 4.412331131943785678e+00
2.782799999391891861e+10 5.115943791108321648e+00 4.228330349497555929e+00
2.782799999381351852e+10 5.233152800077209399e+00 4.532361387108098327e+00
2.782799999376387787e+10 5.052939963556666747e+00 4.819312731667958261e+00
2.782799999387557602e+10 5.059538660762112450e+00 5.142982717965642436e+00
2.782799999377560806e+10 4.849930268868149597e+00 5.394681763005892527e+00
2.782799999394083405e+10 4.834569921658689040e+00 5.095104858016145322e+00
2.782799999393177032e+10 4.564311047830991619e+00 5.305247726716996404e+00
2.782799999404624176e+10 4.766501369252452491e+00 5.556838364023980681e+00
2.782799999430121231e+10 4.852963476690930200e+00 5.768488996554894221e+00
2.782799999417088318e+10 4.642518995228220646e+00 5.531824824678026609e+00
2.782799999419020462e+10 4.775192960768563921e+00 5.846953837839324208e+00
2.782799999434120178e+10 5.074708417086491785e+00 5.916039002253064893e+00
2.782799999448085022e+10 5.386879422175285370e+00 5.934207322795842288e+00
2.782799999465673828e+10 5.423816198625755369e+00 6.225721629254478806e+00
2.782799999440501022e+10 5.508809654365864894e+00 6.441801121933273144e+00
2.782799999450312805e+10 5.589164933659415802e+00 6.759917529036989947e+00
2.782799999422460938e+10 5.673160136587513058e+00 6.579210693918464692e+00
2.782799999421608734e+10 5.661967747499389247e+00 6.921386348303688152e+00
2.782799999422228622e+10 5.588687327804628069e+00 6.586911216623908771e+00
2.782799999412973785e+10 5.446697133469696084e+00 6.884494464198177788e+00
2.782799999428316498e+10 5.731200842903375836e+00 6.997628299022163212e+00
2.782799999421377945e+10 6.066555970159853040e+00 6.999750719184627989e+00
2.782799999408891678e+10 6.029978166159725816e+00 7.316536996457769781e+00
2.782799999412005615e+10 6.036606466663005044e+00 7.657518660026731538e+00
2.782799999392088318e+10 6.060635784273335602e+00 7.935068898858840036e+00
2.782799999425476074e+10 6.058263534321584487e+00 7.858891256460752039e+00
2.782799999450237656e+10 6.158612405669301459e+00 7.644651453954552700e+00
2.782799999467699432e+10 6.103041964218103743e+00 7.933965595649982383e+00
2.782799999448992538e+10 6.276080644202186143e+00 7.705174409501477584e+00
2.782799999481701660e+10 6.320547329034104322e+00 7.613982765526461804e+00
2.782799999503165817e+10 6.333743668630820167e+00 7.347456208373975173e+00
2.782799999471795273e+10 6.429338086967343990e+00 7.248800122523886280e+00
2.782799999496752167e+10 6.203969428834040123e+00 7.183942723486769211e+00
2.782799999526453781e+10 6.074156253974070552e+00 7.294447128907077804e+00
2.782799999518188477e+10 6.126953840973232701e+00 6.966327017175656167e+00
2.782799999552396011e+10 6.111245777332403151e+00 6.970682322755145321e+00
2.782799999580046082e+10 5.913169923467614275e+00 6.930742696948819948e+00
2.782799999550705719e+10 6.088531430590435001e+00 6.951840687079083203e+00
2.782799999582185745e+10 5.962633024849486318e+00 7.000133523668125690e+00
2.782799999602164459e+10 5.808855980616248083e+00 7.231907729159758880e+00
2.782799999583076096e+10 5.793116594509005068e+00 7.515806129345344644e+00
2.782799999576445389e+10 5.471312021888351751e+00 7.419227681741348945e+00
2.782799999581408691e+10 5.268882085713120667e+00 7.690963950256763049e+00
2.782799999558999634e+10 5.439210514208926206e+00 7.886036477930550070e+00
2.782799999528538895e+10 5.544422528018786878e+00 8.001911849378043229e+00
2.782799999506637955e+10 5.568530915052562591e+00 8.264087154158101356e+00
2.782799999476912308e+10 5.703636276165144459e+00 8.367371619951175177e+00
2.782799999466899109e+10 5.709359211250053079e+00 8.039922159740749308e+00
2.782799999488954544e+10 5.584747469139441201e+00 8.270377731894432927e+00
2.782799999489319992e+10 5.485182897535231916e+00 7.942726110678643536e+00
2.782799999488919067e+10 5.464985220815611555e+00 8.284571172403948580e+00
2.782799999498519516e+10 5.459028741949660812e+00 8.613250449086908844e+00
2.782799999481282425e+10 5.189098560510997160e+00 8.491972029917706166e+00
2.782799999510737991e+10 5.363770495758483747e+00 8.494819305833452461e+00
2.782799999507806015e+10 5.401548722684420767e+00 8.833928770485862003e+00
2.782799999529421234e+10 5.138062864347420877e+00 8.867617677327590542e+00
2.782799999552695084e+10 5.088188660738302005e+00 8.621389999882602240e+00
2.782799999524321747e+10 5.110763639058617080e+00 8.811831948090739886e+00
2.782799999538054657e+10 5.303827603628699094e+00 9.059115469734658532e+00
2.782799999533873367e+10 5.354679736891599262e+00 8.723038231533655207e+00
2.782799999529016876e+10 5.418295462966847609e+00 8.390057173466107798e+00
2.782799999499604797e+10 5.260959114271514636e+00 8.467647976143259925e+00
2.782799999525158310e+10 5.446261818455409021e+00 8.334809801227121895e+00
2.782799999523411942e+10 5.177275163736566377e+00 8.546051966818971835e+00
2.782799999515018463e+10 5.224135748219688402e+00 8.217356098551951149e+00
2.782799999513655090e+10 5.260501855674425187e+00 7.877100791946503477e+00
2.782799999528472519e+10 5.329165572378339988e+00 8.178118104906596741e+00
2.782799999538565826e+10 5.365556194112790500e+00 7.852894673713583629e+00
2.782799999518616867e+10 5.097879315066976780e+00 7.929277657159185644e+00
2.782799999517952347e+10 5.161412950849030956e+00 7.592823560465902233e+00
2.782799999514118195e+10 5.322882933946007533e+00 7.293258338195678370e+00
2.782799999509841919e+10 5.526528587644863322e+00 7.565254519554094337e+00
2.782799999501627350e+10 5.582283121955934568e+00 7.237495724144900500e+00
2.782799999500374985e+10 5.568695926462555512e+00 6.895529973089621123e+00
2.782799999529757309e+10 5.740910359513690331e+00 6.859589260165056324e+00
2.782799999531446457e+10 5.762819640540780775e+00 6.518243818958257663e+00
2.782799999526192093e+10 5.785533487768150351e+00 6.855890243540953222e+00
2.782799999528163910e+10 5.561984443321343896e+00 6.597203074650626498e+00
2.782799999526800919e+10 5.385022064570240019e+00 6.304319857004142769e+00
2.782799999536600494e+10 5.430091034948123507e+00 6.629354537460622865e+00
2.782799999562464142e+10 5.218199474156204332e+00 6.703451480816819519e+00
2.782799999562121964e+10 4.925311279414116505e+00 6.526006105201966001e+00
2.782799999586846542e+10 5.157260611567743958e+00 6.477509131320741353e+00
2.782799999568664932e+10 5.123946901058667791e+00 6.189212092944243793e+00
2.782799999589633560e+10 4.942639462963466457e+00 6.390313359576168750e+00
2.782799999623229218e+10 4.883986775587636053e+00 6.359075923991442281e+00
2.782799999618248749e+10 5.042883817910657207e+00 6.059821518519905581e+00
2.782799999617697525e+10 5.053196768843347897e+00 5.717556531169364575e+00
2.782799999612792206e+10 4.992978647279762150e+00 6.051097839385580990e+00
2.782799999613730621e+10 4.674560046944812086e+00 6.176810098503381141e+00
2.782799999602991104e+10 4.769707605037488030e+00 6.487768140172455844e+00
2.782799999613218689e+10 4.733124760255662977e+00 6.162985468164585257e+00
2.782799999595787048e+10 4.552510059210762350e+00 5.930015902992585630e+00
2.782799999591360092e+10 4.548059992941281493e+00 5.590453813097187030e+00
2.782799999585564804e+10 4.454009531587392878e+00 5.914611536856850371e+00
2.782799999595703125e+10 4.446291268713937761e+00 5.587588564999029117e+00
2.782799999611485672e+10 4.449095823073851541e+00 5.283671814923494026e+00
2.782799999610040665e+10 4.484821077275702450e+00 4.943382295541806748e+00
2.782799999614838409e+10 4.183550888447900462e+00 5.098998243655962881e+00
2.782799999581067657e+10 4.169956928182943834e+00 5.043772499932355657e+00
2.782799999562562943e+10 4.196379866292366145e+00 4.756820610173305930e+00
2.782799999562370300e+10 4.196377920004372264e+00 4.414361349252858169e+00
2.782799999581321335e+10 4.359811426814709456e+00 4.648151828834188315e+00
2.782799999579378891e+10 4.357377199773407206e+00 4.990056530321565376e+00
2.782799999579407120e+10 4.327375808330616636e+00 5.331204432735596299e+00
2.782799999560898209e+10 4.435796881744564324e+00 5.598165976019187084e+00
2.782799999546033478e+10 4.616076325716557349e+00 5.347796485144187706e+00
2.782799999526679993e+10 4.570684713310653180e+00 5.626661022944047907e+00
2.782799999529869843e+10 4.775455190161166819e+00 5.899302903726116654e+00
2.782799999541843796e+10 4.738561581407404688e+00 5.580581468879204365e+00
2.782799999507766342e+10 4.768296512758962713e+00 5.564127699241156577e+00
2.782799999539896011e+10 4.674131003157463660e+00 5.636129146399734502e+00
2.782799999566881943e+10 4.464057693054879650e+00 5.654241537133780859e+00
2.782799999562869263e+10 4.380973638815111038e+00 5.324439965629033544e+00
2.782799999567861557e+10 4.671431529148590833e+00 5.150015272839084446e+00
2.782799999538620377e+10 4.815917736400043836e+00 5.045603645473670795e+00
2.782799999509225464e+10 4.987302318073719931e+00 5.084388556387514413e+00
2.782799999509614944e+10 4.984882614168833825e+00 4.741954589784362462e+00
2.782799999490295410e+10 5.159518200866764381e+00 4.519557152854917881e+00
2.782799999517972565e+10 5.229637733138875255e+00 4.708669671196317630e+00
2.782799999497218323e+10 5.100242055735985325e+00 4.468950295157516628e+00
2.782799999505127716e+10 5.346201831200758647e+00 4.244161838484424187e+00
2.782799999528227997e+10 5.555250110854758283e+00 4.386355266418211940e+00
2.782799999507720947e+10 5.817436172336460487e+00 4.305812916975543914e+00
2.782799999505916595e+10 5.724282472109825548e+00 4.634870482111696610e+00
2.782799999522563553e+10 5.779535089811140836e+00 4.929007424377253699e+00
2.782799999491181564e+10 5.795634536760207567e+00 4.792845188352891306e+00
2.782799999469963455e+10 5.564631657372318685e+00 4.930320650632599389e+00
2.782799999500698853e+10 5.713545611545227665e+00 4.905002140143762013e+00
2.782799999469505692e+10 5.850175788695461065e+00 4.941223311425055442e+00
2.782799999469769287e+10 5.790151684365753226e+00 5.278376417768983586e+00
2.782799999489709473e+10 5.870021950177323866e+00 5.545099991263359840e+00
2.782799999522207260e+10 5.875026272723784970e+00 5.653015564881632926e+00
2.782799999510583115e+10 5.946426014835278551e+00 5.338894669215979327e+00
2.782799999508561325e+10 6.131701885510569383e+00 5.626203203324527280e+00
2.782799999537879944e+10 6.064013742569860810e+00 5.462672474460955385e+00
2.782799999537462997e+10 6.061146292432332494e+00 5.120245203047109506e+00
2.782799999511345673e+10 6.209387177755592013e+00 5.284852986818492582e+00
2.782799999498555374e+10 6.494353390862191766e+00 5.144436801082884259e+00
2.782799999468046951e+10 6.404680506023571418e+00 5.017300579653563908e+00
2.782799999486412430e+10 6.430971169762083051e+00 5.305157160244164061e+00
2.782799999485496521e+10 6.465945383892186094e+00 5.645708121646129563e+00
2.782799999469321060e+10 6.645440406883855289e+00 5.888399525355360709e+00
2.782799999492663193e+10 6.697957760079519929e+00 6.133426960838601616e+00
2.782799999495699310e+10 6.810506873542436779e+00 5.811413155676273590e+00
2.782799999514015961e+10 6.820723839588757720e+00 6.100598324134995920e+00
2.782799999530496597e+10 7.096185819166587194e+00 5.981257806505176688e+00
2.782799999516116333e+10 7.405794912805121477e+00 5.953965353380379355e+00
2.782799999493101501e+10 7.153908032161208297e+00 5.983406002483521391e+00
2.782799999497341919e+10 6.814248971423065626e+00 5.972649410548599214e+00
2.782799999526950455e+10 6.851665807303088940e+00 5.804674104531081902e+00
2.782799999534015274e+10 6.882024431421245758e+00 6.138394567462404083e+00
2.782799999518980026e+10 6.833021872011689979e+00 6.442162834191590193e+00
2.782799999551139450e+10 6.896752999903337233e+00 6.343180866986478428e+00
2.782799999561956787e+10 6.982070970879311389e+00 6.656711811931613099e+00
2.782799999556257248e+10 7.016433558995289310e+00 6.320776021505725595e+00
2.782799999552813721e+10 6.998953106981774752e+00 5.980495585939407555e+00
2.782799999573882675e+10 6.980901998286804577e+00 6.249877383703933198e+00
2.782799999546102142e+10 6.943745657799632376e+00 6.053088597906174151e+00
2.782799999545999527e+10 6.946285862872648487e+00 5.710634882257780376e+00
2.782799999558651352e+10 7.072021226108022418e+00 5.418288907716048541e+00
2.782799999570905304e+10 6.859214741514479741e+00 5.179585867430479773e+00
2.782799999582147980e+10 7.162797106176283179e+00 5.291301432983751774e+00
2.782799999574359131e+10 7.277519544965730169e+00 4.978165036891078365e+00
2.782799999591159058e+10 7.071086513080704350e+00 4.762657243553289454e+00
2.782799999585653305e+10 7.332744256336234834e+00 4.548680731070454897e+00
2.782799999565641403e+10 7.346911360123645984e+00 4.271130521108747580e+00
2.782799999596920395e+10 7.388115909170085871e+00 4.137911401663396660e+00
2.782799999606618118e+10 7.610759312324329784e+00 4.379381261789643709e+00
2.782799999601303482e+10 7.628147850805769181e+00 4.041512874777018816e+00
2.782799999583847046e+10 7.408963231911494418e+00 3.844617299099897245e+00
2.782799999595474625e+10 7.718659707600281195e+00 3.756018947162410360e+00
2.782799999595306396e+10 7.378472157324608816e+00 3.795410078994222225e+00
2.782799999595431519e+10 7.370699282263747598e+00 3.453035911046705930e+00
2.782799999609191895e+10 7.319531724569211306e+00 3.143634113733231761e+00
2.782799999637259293e+10 7.274728814276610223e+00 2.952592136853228411e+00
2.782799999656521225e+10 7.054032902779264980e+00 3.129998194758932595e+00
2.782799999650159454e+10 7.381410104253551374e+00 3.052160089644444962e+00
2.782799999672621918e+10 7.480506404263426390e+00 2.813402997470505706e+00
2.782799999677780533e+10 7.487075930929337098e+00 2.474909557044159047e+00
2.782799999699832535e+10 7.511428451970979303e+00 2.214026642381691445e+00
2.782799999723332977e+10 7.401953465274490718e+00 1.990261013579879501e+00
2.782799999735984802e+10 7.398034240044206733e+00 2.308474678642169930e+00
2.782799999707341385e+10 7.359947381688296097e+00 2.124660206646917793e+00
2.782799999737599945e+10 7.202374507775542334e+00 2.094755739966155161e+00
2.782799999743715668e+10 7.185986982672114998e+00 2.431317008993893580e+00
2.782799999758139801e+10 7.090460932464987209e+00 2.135763725359706822e+00
2.782799999781562424e+10 6.981579401019216924e+00 2.360630041522499667e+00
2.782799999795938873e+10 6.992644522023443443e+00 2.050000087500765567e+00
2.782799999809971237e+10 7.245693422782731652e+00 1.866813515206440233e+00
2.782799999834337616e+10 7.009591479656822166e+00 1.913350555983801549e+00
2.782799999858867645e+10 7.245889204510937098e+00 1.877676024053662740e+00
2.782799999841875076e+10 7.465156998464588689e+00 1.676853921383493873e+00
2.782799999840530396e+10 7.415389675461873331e+00 2.015416181526936246e+00
2.782799999861424637e+10 7.204454665964062698e+00 1.844737936685643342e+00
2.782799999872986984e+10 7.375494820842271260e+00 2.117974538855504907e+00
2.782799999849809647e+10 7.529587335857808483e+00 2.317519008223689170e+00
2.782799999847597122e+10 7.474092735446294711e+00 1.980305543617814745e+00
2.782799999849416351e+10 7.474826285065726772e+00 2.322285887905964685e+00
2.782799999866107941e+10 7.190241744966227699e+00 2.414119019282305434e+00
2.782799999871218872e+10 6.852049889091435197e+00 2.431326147475445953e+00
2.782799999864469910e+10 6.933882869876137889e+00 2.756949680472061015e+00
2.782799999851748657e+10 6.722281445170492198e+00 2.994276270773879922e+00
2.782799999840473938e+10 6.454096334352144027e+00 2.813591764187636013e+00
2.782799999841253281e+10 6.507196891252031712e+00 2.475358659756954793e+00
2.782799999815278244e+10 6.529856976008433733e+00 2.253328335289918716e+00
2.782799999830302048e+10 6.811880557725921825e+00 2.130148841274611460e+00
2.782799999859969330e+10 6.810957880083229554e+00 2.301220962789626956e+00
2.782799999859596634e+10 6.711136888159226821e+00 1.973648162329630917e+00
2.782799999853158569e+10 6.760677770868215752e+00 2.306338709348128457e+00
2.782799999860070038e+10 6.518846912737362942e+00 2.538767290863236603e+00
2.782799999830558777e+10 6.692596265620759155e+00 2.537075932975902504e+00
2.782799999841242981e+10 6.914549859330503701e+00 2.299161664813467176e+00
2.782799999834600830e+10 6.957815943893489674e+00 2.632325462613521516e+00
2.782799999811592102e+10 7.114008569285533490e+00 2.432461832724704287e+00
2.782799999835892105e+10 7.219769258554495472e+00 2.649368524051449736e+00
2.782799999839345932e+10 6.884036840027125237e+00 2.707445297589077260e+00
2.782799999857658386e+10 7.159810269701162966e+00 2.795176378440469733e+00
2.782799999856255341e+10 7.180532130784145650e+00 3.136725468330514133e+00
2.782799999864803696e+10 7.103026979712897315e+00 2.814285300981102189e+00
2.782799999843837738e+10 7.351883361498890324e+00 2.921033277848361198e+00
2.782799999845103073e+10 7.357998014153341870e+00 2.578857114508902093e+00
2.782799999838836670e+10 7.031737351574765427e+00 2.661979360929298988e+00
2.782799999807828140e+10 7.174716701413593967e+00 2.635785766678335751e+00
2.782799999808986282e+10 7.269527305580293586e+00 2.306910585112833090e+00
2.782799999813204956e+10 7.292391966878155607e+00 2.645996985997773887e+00
2.782799999797384644e+10 7.005944275542053568e+00 2.747001858436940225e+00
2.782799999822590637e+10 7.200176933556873493e+00 2.620425844385002812e+00
2.782799999836418152e+10 7.205888579017866391e+00 2.307169879569627824e+00
2.782799999855150986e+10 7.490951251017153645e+00 2.276681771556988032e+00
2.782799999861183548e+10 7.479681292580091068e+00 2.613602685484983201e+00
2.782799999852803040e+10 7.321884136553688194e+00 2.321440122080182800e+00
2.782799999858723068e+10 7.385303011119744632e+00 2.652733809189838254e+00
2.782799999858923340e+10 7.396703708822995438e+00 2.995002808704757324e+00
2.782799999858461761e+10 7.606198089982954436e+00 3.265877025427426528e+00
2.782799999857627869e+10 7.596503932978284190e+00 2.923651123954956077e+00
2.782799999833362579e+10 7.812909144483247026e+00 2.816089381651595058e+00
2.782799999835707092e+10 7.814195384928445343e+00 3.157748098636506739e+00
2.782799999820192719e+10 7.532965887030383278e+00 3.276586447805176050e+00
2.782799999821045685e+10 7.231597011319074397e+00 3.114148548311240106e+00
2.782799999817944717e+10 7.285229156761829472e+00 3.450963202525521467e+00
2.782799999835119247e+10 7.339331057140398684e+00 3.742268121878699283e+00
2.782799999843906784e+10 7.402066885816858566e+00 4.067266941733779007e+00
2.782799999838078308e+10 7.391400409597797427e+00 4.404566516135167475e+00
2.782799999832249451e+10 7.470465401701573249e+00 4.076491806538879104e+00
2.782799999835385132e+10 7.760977719868183300e+00 3.897882219113663282e+00
2.782799999807036591e+10 7.867140731993297997e+00 3.737736538176912759e+00
2.782799999814134979e+10 8.025433717862911820e+00 3.442462478046253160e+00
2.782799999799290085e+10 8.232318910399161638e+00 3.671468227192737022e+00
2.782799999806549835e+10 8.334283067248227539e+00 3.352697484234898884e+00
2.782799999832759476e+10 8.459898573155932411e+00 3.171568220506444824e+00
2.782799999802121735e+10 8.607803720094089783e+00 3.210801757646561505e+00
2.782799999831856537e+10 8.766276129782255566e+00 3.149543724696981073e+00
2.782799999826973343e+10 8.430147121511058828e+00 3.105786599161655115e+00
2.782799999826565170e+10 8.520537268775413509e+00 3.436081954834587115e+00
2.782799999825250626e+10 8.453628465165358818e+00 3.771689566529071058e+00
2.782799999827737427e+10 8.718197219823080601e+00 3.555664087291756204e+00
2.782799999805366135e+10 8.616758649902413580e+00 3.317033102300160241e+00
2.782799999808378601e+10 8.288097822703264228e+00 3.225618370656906819e+00
2.782799999822113419e+10 8.278077762443370347e+00 2.912062262663800638e+00
2.782799999801858521e+10 8.540976295002661089e+00 2.827558739588692749e+00
2.782799999799250793e+10 8.665572657711877014e+00 3.145486015965746507e+00
2.782799999824803543e+10 8.541263292043058897e+00 3.336629242828907493e+00
2.782799999791614914e+10 8.565018526034126722e+00 3.255582391262390018e+00
2.782799999794676971e+10 8.722959592999497858e+00 2.953259598567858024e+00
2.782799999790405655e+10 8.560416666828535526e+00 2.654868072426150860e+00
2.782799999816307449e+10 8.403440737455159848e+00 2.495025630881685608e+00
2.782799999806826401e+10 8.404855672722796101e+00 2.824101740970101027e+00
2.782799999808081055e+10 8.419268318251768690e+00 2.482170521409522213e+00
2.782799999804017258e+10 8.596855361091837011e+00 2.772159443808134061e+00
2.782799999809963989e+10 8.284433588419403804e+00 2.645121935710135652e+00
2.782799999809708786e+10 8.268451191916033949e+00 2.987203944238882691e+00
2.782799999837804413e+10 8.113430315002814197e+00 2.867562011357489116e+00
2.782799999839323425e+10 8.191841813156530705e+00 2.534541002070028526e+00
2.782799999840334320e+10 7.861627172200234881e+00 2.624752670705225555e+00
2.782799999816389084e+10 7.682482912448771906e+00 2.791639691280805469e+00
2.782799999813889313e+10 8.010044143961490448e+00 2.888390765476359867e+00
2.782799999820023346e+10 8.041966792749358106e+00 2.552980132865512619e+00
2.782799999848916245e+10 8.186908055217262614e+00 2.666094949601528707e+00
2.782799999863273239e+10 7.952225493953085866e+00 2.870041759713933160e+00
2.782799999896969604e+10 8.012959473967846691e+00 2.877061224086400415e+00
2.782799999864497375e+10 7.911127105757477906e+00 2.915376297083670298e+00
2.782799999867715454e+10 7.840492014075478799e+00 3.248928701517297846e+00
2.782799999835725403e+10 7.765581441786840067e+00 3.345539765200543414e+00
2.782799999852747345e+10 7.872566870450426357e+00 3.622778109818325820e+00
2.782799999853649902e+10 7.811296792691281077e+00 3.959596406166186355e+00
2.782799999866495895e+10 7.597408753566141648e+00 4.194185683217539484e+00
2.782799999898523331e+10 7.476451577867869069e+00 4.202953357094687981e+00
2.782799999884265518e+10 7.524790808357840532e+00 3.895354970433581254e+00
2.782799999902388382e+10 7.771762956199345318e+00 4.048464268099694507e+00
2.782799999907051849e+10 7.825320774885270225e+00 3.713443897139436345e+00
2.782799999937307739e+10 7.884246466733473291e+00 3.564223158084187659e+00
2.782799999940039062e+10 8.144328777063254421e+00 3.343105218879535823e+00
2.782799999914863586e+10 8.055643663375150254e+00 3.128541746659949219e+00
2.782799999887714767e+10 8.211703222498218935e+00 3.267184841607038148e+00
2.782799999870105743e+10 8.481222613474619365e+00 3.383949300309186281e+00
2.782799999845048141e+10 8.652429826251484712e+00 3.542639657760867422e+00
2.782799999844377899e+10 8.518238610668070976e+00 3.227631977705631261e+00
2.782799999861396027e+10 8.802243939849727639e+00 3.140104908824168817e+00
2.782799999853720856e+10 8.837018717829261405e+00 2.808167927736215930e+00
2.782799999859575272e+10 9.139358346937219935e+00 2.957985295838888362e+00
2.782799999849708939e+10 9.343887984104554789e+00 2.701635103802266347e+00
2.782799999839295197e+10 9.196822384949319584e+00 2.992855034868610709e+00
2.782799999822145462e+10 8.980750300117838592e+00 2.789918474391852588e+00
2.782799999803955460e+10 9.029777512145965801e+00 3.075908133702421665e+00
2.782799999806142044e+10 8.716219381587974269e+00 2.939947574497083771e+00
2.782799999815031815e+10 8.758519794468487163e+00 3.267956741748561544e+00
2.782799999822790146e+10 8.938895247500035168e+00 2.987372342860040941e+00
2.782799999820843887e+10 8.724761936635536230e+00 3.253924858592344815e+00
2.782799999813440704e+10 8.785524463546583007e+00 2.925125300808768536e+00
2.782799999847054291e+10 8.837844540098290125e+00 2.885674173772291962e+00
2.782799999875635910e+10 8.826878285450334261e+00 3.074008590657989703e+00
2.782799999862865067e+10 8.615407444385878577e+00 3.311185708540711037e+00
2.782799999838685989e+10 8.456663173737290151e+00 3.127826971131078437e+00
2.782799999814104462e+10 8.522915481538516858e+00 3.356882957485890717e+00
2.782799999819573593e+10 8.304084210496913698e+00 3.614572590844589151e+00
2.782799999811243057e+10 8.231912013703571063e+00 3.290329827601444102e+00
2.782799999795418549e+10 8.461517962916769164e+00 3.091527939048479112e+00
2.782799999780113602e+10 8.540911517798338792e+00 3.387424134478737248e+00
2.782799999762903595e+10 8.775794302339972930e+00 3.207163270121560217e+00
2.782799999731335831e+10 8.885785686872576861e+00 3.281543239300653170e+00
2.782799999704985046e+10 9.046560809084027710e+00 3.429855267931467111e+00
2.782799999688740158e+10 9.090986368256055883e+00 3.131662060150687488e+00
2.782799999694850922e+10 9.231271319573377099e+00 2.825283097689480272e+00
2.782799999682876587e+10 9.247973906685109213e+00 3.145696913179240273e+00
2.782799999715337753e+10 9.356632861599861073e+00 3.135584259815394681e+00
2.782799999734617996e+10 9.073678494085221757e+00 3.128787308778213649e+00
2.782799999706034088e+10 8.886121630818935913e+00 3.108779075512569712e+00
2.782799999706792450e+10 8.860572768364272989e+00 2.767352916357259218e+00
2.782799999717801285e+10 8.812800937058236528e+00 3.088102270654458970e+00
2.782799999703290176e+10 9.090404269352987399e+00 3.226527851905133026e+00
2.782799999707151413e+10 8.986231104504145861e+00 2.902584844994374080e+00
2.782799999739815903e+10 8.935284846422717919e+00 2.813200591680182328e+00
2.782799999726642609e+10 8.748260983451100259e+00 2.558346829940870482e+00
2.782799999721978378e+10 8.513658143180007798e+00 2.313259100805308055e+00
2.782799999723255920e+10 8.587352104399332831e+00 2.647456749915050533e+00
2.782799999738966370e+10 8.632554787488276204e+00 2.346530485226029583e+00
2.782799999719574738e+10 8.438413598723119691e+00 2.141622634553778770e+00
2.782799999729623413e+10 8.594930524078504774e+00 1.854069195728212271e+00
2.782799999728705215e+10 8.517941373241960434e+00 2.187641360440249372e+00
2.782799999697831726e+10 8.400187549315221602e+00 2.277637129415645667e+00
2.782799999685911942e+10 8.488893206438742567e+00 2.586190151307453888e+00
2.782799999715596771e+10 8.470222908116070926e+00 2.755935706101782401e+00
2.782799999709636688e+10 8.233275745911507570e+00 2.515965371291857711e+00
2.782799999722497559e+10 8.386245663855326882e+00 2.237860618066992213e+00
2.782799999744124222e+10 8.121696000292743634e+00 2.260741449581045615e+00
2.782799999744258499e+10 8.136687945227189189e+00 1.918607714364908068e+00
2.782799999735936356e+10 8.142089935839807779e+00 2.250762945554627414e+00
2.782799999716344833e+10 8.042477929303883499e+00 2.513395876766174375e+00
2.782799999736487198e+10 7.907429110650514126e+00 2.271584434160447419e+00
2.782799999730819702e+10 8.235346293292096220e+00 2.190713150110243923e+00
2.782799999749383545e+10 8.279385787474664582e+00 1.906317176239785027e+00
2.782799999747180557e+10 8.298035494986008231e+00 1.565070916252623068e+00
2.782799999739804077e+10 8.089994698322565014e+00 1.303231557388963013e+00
2.782799999768629837e+10 8.001634976195974858e+00 1.140805799503664453e+00
2.782799999736547470e+10 8.070363098053178419e+00 1.042674034326841470e+00
2.782799999751342010e+10 8.135894642590519865e+00 1.344501837119536081e+00
2.782799999763312531e+10 8.171895389693913714e+00 1.663338572524631243e+00
2.782799999740660477e+10 7.916138272169265910e+00 1.686978253394704641e+00
2.782799999759849548e+10 7.640449571311066279e+00 1.620224877253122919e+00
2.782799999792288589e+10 7.608634551046189465e+00 1.725293907273766081e+00
2.782799999805615997e+10 7.637685645332984663e+00 2.039422056767717262e+00
2.782799999808388138e+10 7.860839100539377178e+00 1.781127320109301193e+00
2.782799999818589783e+10 7.574020668428077308e+00 1.938003226301829862e+00
2.782799999801467514e+10 7.326148168912038017e+00 2.100864259363523612e+00
2.782799999790739441e+10 7.276173481778553942e+00 2.422229844328753323e+00
2.782799999787305069e+10 7.240374062577056513e+00 2.761082228481953393e+00
2.782799999769776154e+10 7.485052946023081688e+00 2.924447142216811013e+00
2.782799999774728012e+10 7.712191149160209314e+00 3.175919369124813763e+00
2.782799999757235336e+10 7.769849595605796466e+00 2.887201270790208607e+00
2.782799999750020218e+10 7.500734844374808752e+00 3.086333566445583543e+00
2.782799999772269058e+10 7.243585099082824108e+00 3.045650131219539869e+00
2.782799999741650009e+10 7.283962491218439084e+00 3.193635176972580147e+00
2.782799999710298538e+10 7.358216703114524471e+00 3.309722496662334645e+00
2.782799999717285919e+10 7.206410890681027581e+00 3.010800047125701262e+00
2.782799999715013885e+10 7.072427619036351309e+00 2.696452670644585936e+00
2.782799999695148468e+10 6.963617604699229524e+00 2.953317169686193733e+00
2.782799999669399643e+10 7.078187160018761581e+00 2.758753427941197600e+00
2.782799999641773987e+10 7.125516767123088790e+00 2.561969845437746862e+00
2.782799999667045212e+10 6.950902094635940998e+00 2.713393342998880353e+00
2.782799999662553406e+10 6.977131484290616470e+00 3.051885011514169577e+00
2.782799999650796127e+10 6.867148398295464418e+00 2.749622600711269182e+00
2.782799999658338165e+10 6.542680648092503048e+00 2.670159467919173579e+00
2.782799999665544128e+10 6.658621356874283137e+00 2.984241339323121522e+00
2.782799999698323441e+10 6.728164149344795675e+00 3.054942778709869966e+00
2.782799999702555847e+10 6.729654328927294316e+00 2.715106735101717739e+00
2.782799999713492584e+10 6.744828644578073629e+00 3.039283239401033399e+00
2.782799999681580353e+10 6.867749834876286208e+00 3.020996482755760493e+00
2.782799999685673904e+10 6.859819511353922650e+00 2.681079443101516802e+00
2.782799999713912201e+10 6.865045057952585239e+00 2.874763802952015279e+00
2.782799999708659363e+10 6.825262986602788295e+00 3.210829607760911308e+00
2.782799999707020187e+10 6.794775885017754646e+00 3.551540507096858867e+00
2.782799999709491348e+10 6.700024249327587000e+00 3.879707309309584407e+00
2.782799999678437424e+10 6.839868967668023991e+00 3.915634524282078921e+00
2.782799999646057510e+10 6.895496433819926274e+00 4.012285499756792717e+00
2.782799999638505554e+10 6.981619163268467432e+00 4.335026435438510184e+00
2.782799999665930557e+10 7.167665240784364400e+00 4.248677876189584701e+00
2.782799999687402725e+10 7.433666314586393931e+00 4.269180816994638583e+00
2.782799999684177399e+10 7.409049070159209549e+00 3.929128184776501609e+00
2.782799999675687408e+10 7.352969106488925100e+00 4.256128469699382855e+00
2.782799999696416473e+10 7.125046933967457363e+00 4.106583588736715917e+00
2.782799999700483704e+10 7.145706411433648597e+00 4.445996461064809502e+00
2.782799999694657135e+10 7.138098649488164860e+00 4.783382595110747815e+00
2.782799999713349152e+10 7.034835651383721356e+00 5.051113339668398261e+00
2.782799999730807114e+10 6.812320975300420578e+00 5.244222479748222199e+00
2.782799999756358337e+10 6.622686996007934646e+00 5.370852585377949850e+00
2.782799999762911987e+10 6.667023643185574500e+00 5.037653858597509249e+00
2.782799999780756760e+10 6.572033057505132447e+00 4.761221259009177587e+00
2.782799999763569260e+10 6.506800172569890073e+00 5.050160652043980569e+00
2.782799999743742371e+10 6.237002781333606194e+00 4.978180603296707751e+00
2.782799999744490814e+10 6.236038030756986927e+00 5.320562151596272216e+00
2.782799999763147354e+10 6.184491695444305215e+00 5.038040193138434653e+00
2.782799999752016449e+10 5.998468029478275731e+00 4.772921423286155651e+00
2.782799999752416229e+10 5.983045362429428415e+00 4.430827551688452104e+00
2.782799999771089172e+10 5.967378136677263356e+00 4.144176321372301075e+00
2.782799999774350739e+10 5.963332747047739524e+00 4.485060456206996449e+00
2.782799999743457413e+10 6.006141675190414198e+00 4.343600877832722418e+00
2.782799999738954544e+10 5.879619873112943651e+00 4.658635440697223906e+00
2.782799999716624069e+10 5.740003120425022587e+00 4.439720959595948813e+00
2.782799999693215942e+10 5.866932324727533121e+00 4.224367539664276805e+00
2.782799999684391403e+10 5.642059444009555058e+00 4.467115926240325940e+00
2.782799999682473373e+10 5.484439656511311156e+00 4.770546537170218926e+00
2.782799999669842148e+10 5.433294970152449999e+00 5.084730258438088235e+00
2.782799999693710709e+10 5.310315956373613311e+00 4.872158403352535139e+00
2.782799999724120712e+10 5.454537504200539288e+00 4.935449436692130654e+00
2.782799999715506363e+10 5.429840033448871672e+00 4.604917674978050712e+00
2.782799999705678940e+10 5.105421274086195282e+00 4.556163000157430254e+00
2.782799999733222961e+10 4.917942931175125487e+00 4.476994672294411615e+00
2.782799999715739059e+10 4.858121194293259393e+00 4.765325245043547042e+00
2.782799999718193817e+10 5.040368278247734146e+00 5.054229264005545730e+00
2.782799999739865494e+10 5.182845471099171597e+00 4.830585819194670449e+00
2.782799999723530197e+10 5.161532473443349645e+00 5.130825668022738206e+00
2.782799999739730072e+10 5.054119351518206571e+00 4.848866863972033592e+00
2.782799999716128540e+10 4.904777913367775355e+00 4.650683781063646549e+00
2.782799999699482346e+10 4.613573092131215247e+00 4.719763765409505041e+00
2.782799999696300507e+10 4.616941711914107849e+00 5.060730553971884760e+00
2.782799999730541992e+10 4.614300085120659922e+00 5.065961199362722489e+00
2.782799999706828308e+10 4.437242580489006549e+00 4.893630072298592815e+00
2.782799999710919571e+10 4.168115146597998866e+00 5.101424422327950126e+00
2.782799999714125061e+10 3.947646529600193244e+00 5.361517178151967933e+00
2.782799999686086655e+10 3.996562912128662770e+00 5.171060903704457701e+00
2.782799999718889618e+10 4.036861835817013855e+00 5.081311613319824616e+00
2.782799999707113266e+10 4.234021052848418343e+00 5.335363353908747719e+00
2.782799999734114456e+10 4.209659648208486260e+00 5.544607653048132967e+00
2.782799999712842941e+10 4.429773756879441748e+00 5.391033921685543184e+00
2.782799999721096802e+10 4.629632255753292291e+00 5.125466584619962518e+00
2.782799999734069824e+10 4.572681881572732365e+00 4.813683404812170608e+00
2.782799999767826843e+10 4.618296691334667692e+00 4.778369249725844981e+00
2.782799999761763382e+10 4.853099883954460125e+00 5.020180689595967749e+00
2.782799999793906021e+10 4.894633966259479330e+00 5.130827666482876914e+00
2.782799999769667816e+10 5.133044374549229794e+00 5.089680978704332226e+00
2.782799999774129105e+10 4.995175426528562390e+00 5.399977474460542659e+00
2.782799999752607727e+10 5.254126912548258588e+00 5.462495634150699608e+00
2.782799999756888962e+10 5.248628919523263825e+00 5.802229432710992008e+00
2.782799999758751678e+10 5.459829754089659204e+00 5.533288286900199360e+00
2.782799999774749374e+10 5.283651999033065039e+00 5.779562034101163981e+00
2.782799999777104187e+10 5.199491550664476769e+00 5.448435735659773016e+00
2.782799999791382599e+10 5.007303331754393128e+00 5.203571274573691952e+00
2.782799999774504471e+10 4.946176151815046218e+00 4.911924575192906595e+00
2.782799999752202225e+10 4.768097301516084130e+00 5.101213345798061738e+00
2.782799999731663513e+10 4.495065318972827129e+00 5.077733833314815648e+00
2.782799999735052490e+10 4.525464921864980283e+00 5.417158772243989340e+00
2.782799999759339905e+10 4.579988713334509853e+00 5.181953734899166442e+00
2.782799999787080383e+10 4.552442337913952919e+00 5.380874991329536172e+00
2.782799999792831421e+10 4.427141112619239927e+00 5.694362166419826288e+00
2.782799999792453003e+10 4.454485576826120230e+00 5.353011902039849446e+00
2.782799999774741745e+10 4.276501739123815149e+00 5.585896358642437498e+00
2.782799999746080017e+10 4.366175002577999287e+00 5.421302492814231933e+00
2.782799999763912582e+10 4.117950806185110224e+00 5.266812841552033220e+00
2.782799999761815262e+10 4.129367538003434923e+00 4.925181761897500010e+00
2.782799999760896301e+10 4.431413249130667253e+00 4.764042065722043695e+00
2.782799999788485718e+10 4.561398665615787884e+00 4.919823672870411002e+00
2.782799999762147141e+10 4.602034934158398372e+00 4.704744443082144123e+00
2.782799999768445587e+10 4.334619431969146675e+00 4.909204969691431053e+00
2.782799999745531845e+10 4.554234786419899095e+00 4.780571662815020773e+00
2.782799999722732925e+10 4.342937753892192276e+00 4.636845012014259915e+00
2.782799999754058456e+10 4.474951764131031240e+00 4.678373858781095684e+00
2.782799999742187881e+10 4.483726255933702554e+00 4.357259902647002470e+00
2.782799999734476471e+10 4.518931932156440290e+00 4.025452907686995374e+00
2.782799999759811401e+10 4.732256523996230868e+00 4.112567201046907428e+00
2.782799999748165131e+10 4.413461319820833673e+00 4.158266348230118759e+00
2.782799999730511093e+10 4.327442044665454901e+00 4.438830425408839986e+00
2.782799999724639893e+10 3.992125664599958768e+00 4.401442368532580751e+00
2.782799999736901474e+10 4.258273314382539532e+00 4.578680086691705675e+00
2.782799999727112961e+10 4.191767580578539487e+00 4.900048492329570848e+00
2.782799999707836151e+10 4.102753988390364981e+00 5.168747769532234138e+00
2.782799999697402191e+10 4.427548107018347778e+00 5.198811611569513325e+00
2.782799999688553238e+10 4.471462311251837463e+00 5.526719147386268460e+00
2.782799999685715103e+10 4.761280170242224941e+00 5.706947223523372692e+00
2.782799999692005157e+10 4.537781248689977787e+00 5.455206056227062561e+00
2.782799999691038513e+10 4.204443160956885528e+00 5.533144033021809349e+00
2.782799999691250610e+10 4.189704653342652740e+00 5.191003214836242385e+00
2.782799999719680023e+10 4.380223265308663017e+00 5.203701550096403672e+00
2.782799999738766861e+10 4.392035960176066567e+00 5.487798800810396394e+00
2.782799999770399094e+10 4.305301896101897619e+00 5.389313383678791425e+00
2.782799999777058792e+10 4.289641535003074324e+00 5.724875413621210996e+00
2.782799999784510040e+10 3.988010532739372227e+00 5.580831484352769323e+00
2.782799999783365631e+10 3.775443455900052925e+00 5.312566116138492944e+00
2.782799999782483292e+10 3.788069659946056600e+00 4.970448072821820773e+00
2.782799999776655197e+10 4.057285566246794595e+00 5.173937811150944199e+00
2.782799999769252396e+10 4.175416371738249310e+00 4.861132932534199647e+00
2.782799999766848755e+10 4.169852132449469728e+00 5.202707651171077252e+00
2.782799999776974869e+10 3.844700287320641063e+00 5.166594210983672220e+00
2.782799999775208664e+10 3.765270064505891412e+00 4.833936747434831815e+00
2.782799999752519608e+10 4.007958299115150780e+00 4.750840256079519541e+00
2.782799999750947571e+10 4.133584201890671217e+00 4.432637348087521190e+00
2.782799999784618378e+10 4.194491369850792850e+00 4.418491558817921216e+00
2.782799999803742218e+10 4.141486079062290493e+00 4.139384090965239515e+00
2.782799999787771606e+10 3.864809075230564606e+00 4.262777848671719383e+00
2.782799999793294525e+10 3.812442449023523139e+00 3.928877435996624090e+00
2.782799999817242813e+10 3.703248741035654934e+00 3.709772092281661049e+00
2.782799999785454941e+10 3.607922697420832936e+00 3.625223456528614108e+00
2.782799999770054626e+10 3.389067931901688979e+00 3.411522194733854541e+00
2.782799999770358658e+10 3.708170169052416476e+00 3.287237973466669683e+00
2.782799999791526794e+10 3.651787627094116306e+00 3.023999186166124176e+00
2.782799999820800018e+10 3.507342431963084817e+00 2.920431198996815692e+00
2.782799999813734055e+10 3.767367239085421815e+00 2.709063928032732438e+00
2.782799999836821747e+10 4.009726459709344049e+00 2.636678223517888942e+00
2.782799999832581329e+10 3.841560495107722684e+00 2.341374851493766229e+00
2.782799999840813065e+10 3.999843630842764508e+00 2.633697350223367817e+00
2.782799999851264191e+10 4.318366990767826152e+00 2.563683471918647871e+00
2.782799999817245865e+10 4.337993474240604108e+00 2.597933634549931980e+00
2.782799999827735519e+10 4.270856125676703030e+00 2.278916847068455098e+00
2.782799999836148071e+10 3.938954012580740738e+00 2.272129812820809835e+00
2.782799999835874939e+10 3.951970764431255390e+00 1.929923492656644202e+00
2.782799999805616760e+10 4.086106779537976408e+00 1.841980990091730774e+00
2.782799999812435913e+10 4.393320737664718756e+00 1.977078732486778900e+00
2.782799999804784012e+10 4.388771741057699849e+00 1.643302836911306963e+00
2.782799999800045395e+10 4.052462146275083832e+00 1.599342207130679094e+00
2.782799999820672607e+10 3.929288624379053463e+00 1.843396088968155766e+00
2.782799999806422806e+10 3.920795168369397565e+00 2.154690633245494702e+00
2.782799999795162964e+10 4.118614850245099213e+00 2.410563257009330940e+00
2.782799999811957550e+10 4.159778985994856626e+00 2.114958272126604033e+00
2.782799999810463333e+10 4.128899819390342785e+00 2.455700472210090801e+00
2.782799999825038147e+10 3.882128776707496343e+00 2.268233043713343555e+00
2.782799999830290222e+10 3.905894014851220675e+00 1.930654938000729404e+00
2.782799999814002991e+10 3.963123592707035403e+00 1.634886260021146009e+00
2.782799999811968231e+10 3.911561882409571922e+00 1.296937356345807313e+00
2.782799999807264709e+10 4.021447950300236052e+00 1.617865283715279157e+00
2.782799999837510681e+10 4.130159759249719897e+00 1.736105769310531510e+00
2.782799999866814423e+10 4.235497405777264746e+00 1.878637582626634828e+00
2.782799999863054276e+10 4.382137422011482819e+00 2.185826280158202906e+00
2.782799999840439224e+10 4.522769270905051542e+00 1.970509204131035697e+00
2.782799999813435745e+10 4.473100218049895993e+00 2.175195013343932615e+00
2.782799999783061218e+10 4.513950442242946615e+00 2.022379207462125184e+00
2.782799999782966232e+10 4.624609647848520133e+00 1.698287098535358863e+00
2.782799999804851913e+10 4.521654232861172851e+00 1.455834131970652701e+00
2.782799999804086685e+10 4.686152921771886248e+00 1.155561449701616450e+00
2.782799999798921967e+10 4.361531319119608341e+00 1.251663231835261181e+00
2.782799999788483429e+10 4.419129808911667290e+00 9.306214060626667450e-01
2.782799999786075592e+10 4.457851213677604285e+00 1.270037065341657723e+00
2.782799999794695663e+10 4.130912712499582362e+00 1.324467874321840322e+00
2.782799999793409348e+10 4.445770276004550325e+00 1.458562203256921208e+00
2.782799999785457611e+10 4.520306390105998773e+00 1.783220726340441376e+00
2.782799999784710693e+10 4.230466110933353008e+00 1.965481273204645163e+00
2.782799999803060532e+10 4.201763886818291382e+00 2.253208029180868710e+00
2.782799999804884338e+10 4.027968775732531093e+00 1.958683628420627931e+00
2.782799999788834000e+10 4.031687808107721871e+00 2.261184865571737479e+00
2.782799999756063080e+10 4.096669150147266514e+00 2.336452228579986912e+00
2.782799999748801422e+10 4.264767016893671325e+00 2.625851393447856452e+00
2.782799999749600601e+10 4.249628806795224811e+00 2.283814777992545952e+00
2.782799999725213623e+10 4.036716394389276985e+00 2.395515936987587136e+00
2.782799999724848938e+10 4.034612300046982014e+00 2.053077140265821221e+00
2.782799999731311417e+10 4.174340420577039801e+00 2.358988670781477559e+00
2.782799999719128036e+10 4.494250701191099040e+00 2.349191001170173099e+00
2.782799999687379456e+10 4.492254305109888435e+00 2.477565665303065323e+00
2.782799999686623001e+10 4.454081440830820249e+00 2.137319227062098648e+00
2.782799999682970047e+10 4.766526590140060193e+00 2.272691899429235107e+00
2.782799999672524261e+10 5.029862866988874082e+00 2.080273710972483148e+00
2.782799999685184097e+10 4.948237960395969637e+00 2.387831752704641541e+00
2.782799999670872498e+10 4.991578388170320402e+00 2.079737871979577601e+00
2.782799999670330048e+10 4.981897688213651421e+00 2.422022738781922868e+00
2.782799999700798035e+10 4.955651784733472454e+00 2.267867714184142791e+00
2.782799999724178696e+10 4.828528165820483053e+00 2.483402664231441737e+00
2.782799999723915482e+10 4.826464056246383194e+00 2.140954322292477841e+00
2.782799999723724747e+10 4.790265431857894995e+00 2.481495178749502095e+00
2.782799999706730270e+10 4.624003731170620135e+00 2.727987625771833180e+00
2.782799999738469315e+10 4.521882297857384714e+00 2.649775954419753443e+00
2.782799999732719421e+10 4.218340576851924872e+00 2.797553832070651669e+00
2.782799999721487045e+10 3.917915710933830287e+00 2.677509048706371519e+00
2.782799999693244171e+10 3.925642302769597691e+00 2.871043927101864401e+00
2.782799999667193985e+10 3.732705681756500304e+00 2.981476637617816561e+00
2.782799999686961365e+10 3.454358490900839129e+00 3.008492961850731007e+00
2.782799999669993973e+10 3.463797013102401845e+00 3.305819883580615404e+00
2.782799999664008713e+10 3.420502028531534844e+00 2.971416978187049640e+00
2.782799999641099930e+10 3.468113260039260126e+00 2.721349912899080792e+00
2.782799999617381287e+10 3.621210106559697106e+00 2.527476782608233385e+00
2.782799999634442139e+10 3.843078592803239157e+00 2.724832545173732523e+00
2.782799999648129272e+10 4.048304165220768525e+00 2.962383544269334479e+00
2.782799999670583725e+10 4.179640569757700597e+00 3.185120910181202358e+00
2.782799999657038116e+10 4.429571298597718254e+00 2.994155381669577842e+00
2.782799999667250443e+10 4.350363134646590524e+00 2.677012912727560590e+00
2.782799999668521500e+10 4.383335944707649645e+00 2.336376344269881056e+00
2.782799999666485214e+10 4.623410978209396838e+00 2.093001222504800918e+00
2.782799999665924072e+10 4.913973619012987015e+00 2.274174997152281552e+00
2.782799999679035950e+10 4.630689086103559227e+00 2.415029776706307807e+00
2.782799999676663971e+10 4.394102313237232771e+00 2.168562467441751185e+00
2.782799999674715042e+10 4.090312188483045119e+00 2.325450258074468923e+00
2.782799999680838013e+10 4.252322892572178326e+00 2.620891159366263601e+00
2.782799999659664154e+10 4.101268150199771867e+00 2.398109944209262601e+00
2.782799999660606003e+10 4.123159516179054407e+00 2.739744434590621225e+00
2.782799999659201050e+10 4.101807599602461885e+00 3.081254004107298439e+00
2.782799999648782349e+10 4.345145243751331599e+00 2.863966344165105760e+00
2.782799999638703156e+10 4.480526556930332305e+00 3.161950890085579058e+00
2.782799999632196808e+10 4.237650500630550710e+00 2.929443231112667689e+00
2.782799999603498459e+10 4.131919477519411465e+00 2.775351740832424419e+00
2.782799999609775543e+10 3.906175338419390020e+00 3.025114868968796333e+00
2.782799999606895065e+10 3.971562336688023720e+00 3.360043115203039665e+00
2.782799999633892822e+10 3.879949153205161760e+00 3.170304128566416857e+00
2.782799999654841995e+10 4.050793557128746336e+00 3.380560417403831508e+00
2.782799999674043274e+10 4.233197701189705064e+00 3.597683415335097390e+00
2.782799999684849930e+10 3.942114952161618113e+00 3.742164817885726524e+00
2.782799999693773651e+10 3.611494970575802821e+00 3.745179369409645798e+00
2.782799999718070602e+10 3.390405271665938081e+00 3.841961354445726951e+00
2.782799999730110931e+10 3.341938453110592899e+00 3.525044200027407371e+00
2.782799999730362320e+10 3.356816508043929836e+00 3.867176311365687624e+00
2.782799999745634079e+10 3.446164196710080674e+00 3.573959205051832733e+00
2.782799999752363968e+10 3.554134034004718945e+00 3.256004088936482077e+00
2.782799999728630447e+10 3.741662500600195784e+00 3.416588752412680119e+00
2.782799999711604691e+10 3.562440600040243321e+00 3.653598261748445264e+00
2.782799999737005234e+10 3.367205587803624223e+00 3.532578327032010801e+00
2.782799999764342880e+10 3.161194880659862427e+00 3.542948502768292762e+00
2.782799999764877319e+10 3.147123738034427465e+00 3.885082243916754052e+00
2.782799999784515381e+10 3.189949455181625648e+00 4.162360753080014852e+00
2.782799999803771591e+10 3.354369434682472395e+00 3.931779655666064688e+00
2.782799999801970291e+10 3.182899082004269520e+00 4.227677400125250173e+00
2.782799999795722198e+10 3.154630202767610747e+00 3.892149125571479740e+00
2.782799999805688095e+10 3.052132312831922878e+00 3.580950827786007817e+00
2.782799999793000031e+10 2.778211969016862071e+00 3.419237063565465640e+00
2.782799999791147614e+10 2.518868770056737372e+00 3.642127153912741555e+00
2.782799999792949677e+10 2.535889122441149279e+00 3.983693644007169965e+00
2.782799999798687744e+10 2.377617586493994128e+00 4.281921248042732664e+00
2.782799999796039200e+10 2.389430001590262531e+00 4.623155846567440719e+00
2.782799999794781494e+10 2.376445184255265630e+00 4.281168589001289604e+00
2.782799999767620850e+10 2.552814898150805867e+00 4.392552771224665698e+00
2.782799999769250488e+10 2.542276011591717122e+00 4.050638388410602531e+00
2.782799999795906067e+10 2.439502270013893082e+00 3.861782151481840231e+00
2.782799999827049637e+10 2.422963803302941699e+00 3.720300723322484959e+00
2.782799999828916168e+10 2.430600967886452857e+00 3.378430455234547658e+00
2.782799999806886292e+10 2.482674972602515240e+00 3.121451796183435601e+00
2.782799999811798477e+10 2.808055913574763807e+00 3.216300754537238404e+00
2.782799999782902527e+10 2.987077211555188239e+00 3.257963354739567663e+00
2.782799999801224136e+10 2.722507014449754070e+00 3.140846191071398508e+00
2.782799999802839661e+10 2.788898895408362222e+00 3.476425008808064376e+00
2.782799999803065872e+10 2.788446261250523417e+00 3.818881921297824444e+00
2.782799999805346680e+10 2.661672964478267289e+00 4.136199515141171013e+00
2.782799999839176178e+10 2.611149090210544976e+00 4.153072269542603223e+00
2.782799999828129196e+10 2.512573934026922640e+00 4.461878694594955341e+00
2.782799999822602081e+10 2.579908994655906618e+00 4.130679090844116885e+00
2.782799999845864105e+10 2.748049741521081835e+00 3.943865249286933494e+00
2.782799999816732407e+10 2.907647277663645280e+00 4.027199121962438788e+00
2.782799999817998505e+10 3.202356792937130603e+00 4.201176264403546412e+00
2.782799999820258713e+10 2.962321706609661209e+00 3.957959567650553900e+00
2.782799999853351593e+10 2.913767965032839857e+00 3.884395734907949205e+00
2.782799999863712311e+10 2.759933269162136327e+00 3.596502629646558091e+00
2.782799999878814316e+10 2.965349162814602035e+00 3.367855236417286235e+00
2.782799999859995651e+10 3.128133641073044480e+00 3.132548963955119614e+00
2.782799999885340881e+10 2.981965125921358428e+00 2.954565719093358300e+00
2.782799999874008179e+10 2.951648052263885713e+00 3.276310794782220537e+00
2.782799999866135406e+10 2.884827347132724373e+00 2.949785005784276493e+00
2.782799999851330566e+10 2.686755224279792742e+00 2.712864540297514004e+00
2.782799999821084213e+10 2.829502850421524496e+00 2.786498913285360146e+00
2.782799999811208725e+10 2.503689417296489417e+00 2.823578969425273311e+00
2.782799999819696045e+10 2.528333819393144388e+00 3.154442914229459660e+00
2.782799999808798981e+10 2.825969898170190842e+00 3.024751018414961301e+00
2.782799999792127609e+10 2.680346078249806752e+00 2.763441262588674174e+00
2.782799999799245453e+10 2.395989589523290775e+00 2.586361768964462460e+00
2.782799999799272156e+10 2.394886116465689607e+00 2.928824565287732717e+00
2.782799999784730148e+10 2.236721874115506381e+00 3.195506287848965066e+00
2.782799999764727402e+10 2.400298764633069126e+00 3.420257133102983182e+00
2.782799999780336761e+10 2.679379400970982150e+00 3.542855426200425040e+00
2.782799999778947067e+10 2.954280236268610249e+00 3.746616283475026510e+00
2.782799999759300613e+10 2.957443231906775605e+00 3.466128796077452723e+00
2.782799999743317795e+10 3.109835596812793757e+00 3.727880673635008968e+00
2.782799999744376755e+10 3.415444238910892327e+00 3.573694796280918240e+00
2.782799999739243698e+10 3.146831119838861657e+00 3.779835595073675059e+00
2.782799999740198517e+10 3.145370325316664939e+00 4.122164040129117524e+00
2.782799999721366501e+10 3.137269192183374855e+00 3.836242274265715846e+00
2.782799999730903244e+10 3.200138865525743004e+00 3.513388419684019492e+00
2.782799999727480698e+10 3.419479122525862280e+00 3.774157325073263625e+00
2.782799999704351044e+10 3.569616150968390134e+00 3.571075739878329713e+00
2.782799999736191559e+10 3.479525152026877954e+00 3.482854772682904887e+00
2.782799999751426697e+10 3.427345026135462991e+00 3.785092914326027014e+00
2.782799999732292938e+10 3.692069343110710999e+00 3.682169204010516061e+00
2.782799999717529678e+10 3.996647947049457805e+00 3.630033228153282110e+00
2.782799999728489685e+10 3.746079363086639802e+00 3.423914304736192626e+00
2.782799999697916031e+10 3.599004188790111414e+00 3.470572986586233810e+00
2.782799999681754684e+10 3.335701073300953112e+00 3.322805577477814243e+00
2.782799999661800385e+10 3.586447282343011356e+00 3.202011441505884015e+00
2.782799999679004288e+10 3.314106959803552854e+00 3.085755082921574299e+00
2.782799999707188034e+10 3.221302238364338155e+00 2.914765693110168421e+00
2.782799999702122116e+10 2.972898498767773567e+00 3.145007436529918543e+00
2.782799999711038589e+10 2.973249123095246027e+00 2.814354650424401250e+00
2.782799999719842529e+10 2.822091139989796105e+00 3.108773225913077809e+00
2.782799999691604233e+10 2.751337512156225795e+00 2.928399200358708487e+00
2.782799999720289230e+10 2.568754855968070405e+00 2.969184092742353176e+00
2.782799999728940582e+10 2.294104026195207702e+00 3.154561244055702485e+00
2.782799999722996902e+10 2.610994426290957460e+00 3.270016571140064610e+00
2.782799999727178574e+10 2.597441174496728067e+00 2.930385042189522338e+00
2.782799999711508560e+10 2.395166643602955503e+00 2.702762457371567617e+00
2.782799999719656754e+10 2.670417187335039522e+00 2.516001376899930975e+00
2.782799999703771973e+10 2.832682619093686238e+00 2.259642414404272159e+00
2.782799999712582397e+10 2.926456402355097630e+00 2.577016210346483316e+00
2.782799999705593109e+10 2.836545259648625361e+00 2.899991307106244864e+00
2.782799999694565582e+10 2.743012435218310952e+00 2.589551434710184896e+00
2.782799999687468338e+10 2.467968277052688286e+00 2.780851175666767539e+00
2.782799999654726028e+10 2.377123177294987233e+00 2.738139257781496916e+00
2.782799999661896515e+10 2.708764452806915024e+00 2.691720419241391049e+00
2.782799999668893814e+10 2.586816421965286938e+00 3.003993956007984245e+00
2.782799999669900513e+10 2.275050403724840908e+00 2.862633793265287441e+00
2.782799999671686554e+10 2.233951357002654348e+00 3.202153948892124458e+00
2.782799999674057388e+10 2.416680619317596701e+00 2.913484551416253510e+00
2.782799999664470291e+10 2.219418571054933675e+00 3.176502758631927215e+00
2.782799999657924271e+10 2.502733678618463298e+00 2.995589025013917439e+00
2.782799999677803802e+10 2.670334117803474960e+00 2.772716771305452799e+00
2.782799999689448547e+10 2.685806220438976766e+00 3.094404073492400542e+00
2.782799999675233459e+10 2.705247993281700847e+00 2.783442997130622043e+00
2.782799999687919617e+10 2.676424924150907270e+00 2.466650986565900094e+00
2.782799999675912857e+10 2.548543570776434564e+00 2.760780133893199650e+00
2.782799999646191788e+10 2.713547473171187718e+00 2.719291435119118638e+00
2.782799999633138657e+10 2.411758869585490572e+00 2.623546959040557347e+00
2.782799999638154602e+10 2.506805665554874718e+00 2.298382147651700347e+00
2.782799999631139755e+10 2.226015685639401553e+00 2.481461792023900159e+00
2.782799999634151840e+10 2.217845404150014854e+00 2.140422013216923158e+00
2.782799999632739258e+10 2.179040861879045998e+00 1.800456268921548197e+00
2.782799999626419067e+10 1.997598215865254989e+00 1.516967179409271393e+00
2.782799999606285858e+10 1.989075914021416924e+00 1.793868166474537951e+00
2.782799999572171783e+10 1.964099130341658173e+00 1.777123937256501973e+00
2.782799999589676285e+10 2.231073026452990771e+00 1.901083946140444736e+00
2.782799999589763641e+10 2.129321750818348846e+00 2.228082373365044333e+00
2.782799999564955902e+10 2.214446676893679911e+00 2.448292915980209816e+00
2.782799999578352737e+10 2.087032647093768567e+00 2.736564668120753385e+00
2.782799999567741013e+10 1.829350854771640167e+00 2.935616556795161980e+00
2.782799999582341003e+10 2.078420317261033823e+00 2.751415149096795076e+00
2.782799999557099152e+10 2.078752286964709484e+00 2.519969911603560764e+00
2.782799999584631348e+10 2.019827931960538780e+00 2.714926362859769515e+00
2.782799999582573318e+10 2.008892910642321450e+00 2.373255609012422163e+00
2.782799999588013840e+10 2.015344541828892666e+00 2.035201781230927764e+00
2.782799999585240555e+10 1.988957925397704773e+00 1.694883360502386083e+00
2.782799999595319366e+10 1.674054045982649841e+00 1.605669025301135422e+00
2.782799999625579071e+10 1.769485021031100835e+00 1.476786796102198984e+00
2.782799999657507706e+10 1.891986528186639704e+00 1.494998943868047103e+00
2.782799999654732513e+10 1.829260211569509575e+00 1.159473570747898252e+00
2.782799999665308380e+10 2.151423621419774612e+00 1.207514088928748786e+00
2.782799999698350525e+10 2.232307640112174418e+00 1.167987924953980183e+00
2.782799999710954285e+10 2.460687112287697431e+00 1.389888190791900513e+00
2.782799999712103271e+10 2.381319065787724121e+00 1.722830789767192838e+00
2.782799999745805359e+10 2.432724527518298707e+00 1.755352553402145244e+00
2.782799999765930557e+10 2.600844382450318015e+00 1.975613863608624898e+00
2.782799999743394852e+10 2.405219046450999265e+00 2.143621614988691526e+00
2.782799999757389069e+10 2.433139385745309191e+00 1.832303636451345197e+00
2.782799999786981964e+10 2.336260013581587636e+00 1.974858535545622962e+00
2.782799999786889648e+10 2.620622692872986104e+00 2.165696343522799605e+00
2.782799999793778610e+10 2.590860543896312151e+00 1.831555285055499249e+00
2.782799999803901672e+10 2.439203371158010114e+00 2.121442466802454518e+00
2.782799999793077850e+10 2.744325359520097152e+00 2.233099518816149320e+00
2.782799999768675995e+10 2.608637289494430966e+00 2.034791496609144268e+00
2.782799999757445145e+10 2.290158195845386047e+00 2.091712329699130013e+00
2.782799999777629089e+10 2.560705317842814743e+00 2.033852348063005522e+00
2.782799999750163269e+10 2.765217700060318862e+00 2.038171855072472116e+00
2.782799999748204803e+10 2.775146423987784328e+00 1.696411768306047563e+00
2.782799999781530380e+10 2.742731808953261297e+00 1.624501514722186402e+00
2.782799999809460831e+10 2.598095917769221330e+00 1.759970604084885704e+00
2.782799999794274902e+10 2.628979499381916440e+00 2.065366702001655508e+00
2.782799999801543427e+10 2.930230312374330737e+00 2.211129413753385897e+00
2.782799999767851639e+10 2.960492731241465947e+00 2.264549706383050420e+00
2.782799999768141937e+10 2.910199697872873248e+00 1.925810524436899707e+00
2.782799999753960037e+10 3.066544461298496227e+00 1.656134325795032503e+00
2.782799999751740646e+10 3.405783449747690650e+00 1.614825387435385284e+00
2.782799999737452698e+10 3.380202633854987315e+00 1.925008263375980189e+00
2.782799999735653687e+10 3.608092857024650879e+00 1.670009418192949679e+00
2.782799999735710144e+10 3.950307561279089441e+00 1.683079636131342482e+00
2.782799999752313614e+10 4.124847576999315812e+00 1.926492956548286450e+00
2.782799999743903732e+10 3.803551631306790970e+00 2.010029197752317032e+00
2.782799999745470047e+10 3.823421726118901187e+00 1.668500374693631105e+00
2.782799999764160538e+10 4.095200688383956233e+00 1.760614223425742253e+00
2.782799999784358215e+10 4.010732013623719894e+00 1.497265935411541626e+00
2.782799999780477524e+10 4.129336651529947666e+00 1.178347264539182371e+00
2.782799999762642670e+10 4.339636868820652360e+00 1.381443982505033974e+00
2.782799999759738922e+10 4.333518606296313358e+00 1.722620593696546187e+00
2.782799999790898132e+10 4.296598598342855624e+00 1.585402089540868920e+00
2.782799999790972137e+10 4.284401304222070550e+00 1.243155488290598409e+00
2.782799999783802032e+10 4.089551105668504327e+00 9.708061337793119083e-01
2.782799999807426453e+10 4.319084653318486566e+00 1.064537639687638926e+00
2.782799999834788513e+10 4.160457434952232525e+00 9.331944046058839870e-01
2.782799999816097641e+10 4.080315930511051015e+00 6.576508059046400900e-01
2.782799999805894089e+10 4.400240928434859811e+00 5.904305559918585633e-01
2.782799999838228607e+10 4.512982023578509860e+00 5.860356693079014079e-01
2.782799999811412811e+10 4.307140791068409413e+00 6.408271831681869868e-01
2.782799999823991013e+10 4.596223783009706132e+00 7.745880959351902906e-01
2.782799999815472412e+10 4.896095754974070680e+00 9.163702298477778285e-01
2.782799999798901749e+10 4.596411755612734851e+00 9.128491235579805352e-01
2.782799999825311661e+10 4.602117128717597261e+00 6.949019847543782546e-01
2.782799999846340561e+10 4.339991271220430491e+00 7.608610946810832054e-01
2.782799999838130569e+10 4.199139326588735344e+00 1.062029979689505410e+00
2.782799999863464355e+10 4.143173603265490890e+00 1.285570432635587235e+00
2.782799999863809204e+10 3.885855576961230629e+00 1.511529703203540853e+00
2.782799999851419449e+10 3.901899896673750145e+00 1.192665852387567949e+00
2.782799999873156357e+10 3.975120762785539164e+00 1.446972854598205460e+00
2.782799999851419067e+10 3.710984612742328714e+00 1.463176596464299317e+00
2.782799999872751999e+10 3.694296383991352517e+00 1.730560152387133899e+00
2.782799999866661453e+10 3.810829282187145228e+00 1.414343929099518782e+00
2.782799999870586395e+10 4.069789078298466478e+00 1.193705675730075466e+00
2.782799999852581024e+10 4.343640917135168422e+00 1.094365129720969998e+00
2.782799999859333038e+10 4.440709532660544134e+00 7.729604946388808351e-01
2.782799999829871368e+10 4.541586303643709854e+00 9.154613218455964763e-01
2.782799999828195572e+10 4.484093660016399419e+00 5.782732770402532196e-01
2.782799999814473724e+10 4.641924252992088995e+00 8.494601728086677017e-01
2.782799999827179718e+10 4.706810752183977264e+00 1.160791965181474206e+00
2.782799999843198776e+10 4.495418702315782333e+00 1.377436923509742339e+00
2.782799999831350708e+10 4.814077401283165969e+00 1.418675976209416989e+00
2.782799999829520798e+10 4.770831199805737555e+00 1.079446087477952121e+00
2.782799999825214767e+10 4.768901670608091337e+00 7.397049486621812830e-01
2.782799999824207687e+10 4.516431137185093370e+00 9.708742808451913398e-01
2.782799999834550095e+10 4.733866357931561630e+00 1.214404789699052856e+00
2.782799999842525864e+10 4.715869997649551060e+00 8.818438677015592031e-01
2.782799999841677475e+10 4.692606000119845966e+00 1.223412145225673875e+00
2.782799999841460037e+10 4.690550368280778315e+00 1.565863753136053749e+00
2.782799999841703033e+10 4.589589172729175104e+00 1.238628385379762165e+00
2.782799999850638962e+10 4.261975446458121652e+00 1.194282680021084841e+00
2.782799999850274658e+10 3.929252777188189771e+00 1.113261690863135644e+00
2.782799999846972275e+10 4.192685720748635880e+00 1.329582013037096777e+00
2.782799999851772690e+10 4.141751687622590161e+00 9.943459309767128662e-01
2.782799999854026794e+10 4.196263894088043678e+00 1.331691890176380122e+00
2.782799999853963089e+10 4.193624275527570333e+00 9.892379800211024143e-01
2.782799999851243591e+10 4.187658431093606914e+00 6.479070163931148763e-01
2.782799999860550690e+10 4.438514479172466665e+00 8.616622428340461326e-01
2.782799999860473633e+10 4.444500765689154420e+00 5.192507601350011548e-01
2.782799999867528152e+10 4.757485605156040798e+00 6.390255252973974232e-01
2.782799999865771866e+10 4.854680287264462990e+00 9.669382347956919643e-01
2.782799999841379166e+10 4.716225560750421764e+00 1.163435912024805008e+00
2.782799999868726349e+10 4.797801216528365664e+00 9.741172081510565128e-01
2.782799999844941330e+10 5.014428173492397889e+00 8.567191544077196186e-01
2.782799999845384598e+10 4.921144191816082980e+00 5.272339278779432092e-01
2.782799999879179764e+10 4.961221581290578442e+00 4.889783932989490434e-01
2.782799999897206879e+10 4.851159393274925513e+00 2.194044566010557862e-01
2.782799999926042175e+10 4.777020426729253977e+00 3.886319979839104599e-01
2.782799999912659454e+10 4.475028041175824534e+00 2.982299188427183778e-01
2.782799999934862518e+10 4.505246619529954977e+00 3.924967676440971331e-02
2.782799999949658203e+10 4.271031153778338307e+00 -1.620816816312296016e-01
2.782799999964934540e+10 4.092176493285590411e+00 8.682792765025326709e-02
2.782799999970324326e+10 4.147197125858661515e+00 4.205188328348103965e-01
2.782799999973110962e+10 4.425081226081887920e+00 2.223120476619174779e-01
2.782799999974278641e+10 4.437282526575122787e+00 5.643600380671427441e-01
2.782799999948052979e+10 4.637963805631192926e+00 6.550786694471451010e-01
2.782799999945634460e+10 4.738908912861504952e+00 3.287241328268717400e-01
2.782799999942961502e+10 4.408421564773162160e+00 2.430169150187374283e-01
2.782799999943696976e+10 4.395813976291066183e+00 -9.913654344807801277e-02
2.782799999972391510e+10 4.350072272187897937e+00 8.211506464972639918e-02
2.782799999957473755e+10 4.228072550420438169e+00 -2.009817182503315647e-01
2.782799999973191833e+10 4.241647515163943893e+00 1.029781962655765271e-01
2.782799999996631241e+10 4.236326782770492905e+00 -1.466460645967591347e-01
2.782799999999831009e+10 4.252129613292157551e+00 -4.872463030007395668e-01
2.782799999978592300e+10 4.517706656879244775e+00 -4.467202862799098950e-01
2.782799999955295181e+10 4.469384519370942499e+00 -6.930373287745121846e-01
2.782799999930377960e+10 4.672416290849048082e+00 -8.112431141913797328e-01
2.782799999933197403e+10 4.683851381069779052e+00 -4.701327084430521053e-01
2.782799999908956909e+10 4.734123488374156530e+00 -2.335009122592693331e-01
2.782799999910911560e+10 4.729872853085979045e+00 -5.753808383722974762e-01
2.782799999924882126e+10 4.894108250414189953e+00 -3.093145216318775037e-01
2.782799999924872208e+10 4.895898906240903514e+00 -6.517745030862265310e-01
2.782799999956813049e+10 4.779476159890720943e+00 -6.104765851095480533e-01
2.782799999976441574e+10 5.059423193704141397e+00 -6.300806926994829693e-01
2.782799999967648697e+10 5.112671659848688321e+00 -3.034076325936864160e-01
2.782799999972879028e+10 5.105861091496806559e+00 3.497094846222303932e-02
2.782799999997224426e+10 5.276883834166477882e+00 2.045691970343072319e-01
2.782800000010855865e+10 4.984509336815579950e+00 8.960348204233550828e-02
