5.565600000000000000e+10 0.000000000000000000e+00 0.000000000000000000e+00
5.565599999994725800e+10 2.393574711084248130e-01 7.605591202746421198e-01
5.565600000003075409e+10 7.767415916385767005e-01 1.346025669418044579e+00
5.565599999935576630e+10 4.172669108056182852e-01 1.577749176789678964e+00
5.565599999873661041e+10 8.286720332630567176e-01 1.284634201633252593e+00
5.565599999900666046e+10 7.625064276215145487e-01 5.354898095280782311e-01
5.565599999909953308e+10 2.616314550225157243e-01 1.151137486996408832e+00
5.565599999880216980e+10 -4.350740880231862562e-01 1.405504046201071278e+00
5.565599999903604126e+10 -5.950597308375562555e-01 6.583537763238440643e-01
5.565599999976562500e+10 -8.217248579114311280e-01 8.925621323034599319e-01
5.565600000035048676e+10 -2.818938696119818177e-01 9.635874053415103280e-01
