4.174200000000000000e+10 0.000000000000000000e+00 0.000000000000000000e+00
4.174199999989478302e+10 -3.213018609179938978e-01 2.961950455718024289e-01
4.174199999960704803e+10 -7.484326022761661479e-02 5.380651762273387373e-01
4.174199999950133514e+10 -2.153579074569167140e-01 9.517268608732374346e-01
4.174199999967038727e+10 1.808667045090308345e-01 1.080034764332603592e+00
4.174199999957143402e+10 -2.311127456101108868e-01 9.299783481646350936e-01
4.174199999954843140e+10 -6.659269242980403458e-01 8.184270676758500507e-01
4.174199999984058380e+10 -9.552206591722178786e-01 1.000063834415080732e+00
4.174200000004995728e+10 -8.652624165598077344e-01 6.126264332217838948e-01
4.174199999984782410e+10 -4.639991824118800401e-01 5.997078991487769795e-01
4.174199999954725647e+10 -1.357410281075829839e-01 5.369321405807508940e-01
4.174199999952485657e+10 1.220647960236126983e-01 9.044519397398049776e-01
4.174199999930330658e+10 1.173130232785461191e-01 1.295513952817480829e+00
4.174199999928081512e+10 1.263796396415087231e-01 8.466839248563544640e-01
4.174199999885343170e+10 9.680135422751987018e-02 7.106508157340631904e-01
4.174199999890773773e+10 -1.430954433468235310e-01 3.344375448220542890e-01
4.174199999884379578e+10 -4.312436524460652731e-02 7.679741225814771255e-01
4.174199999909346771e+10 1.097391057389941471e-01 4.268979779027415322e-01
4.174199999915799713e+10 8.199245749897655922e-02 8.708598679862165071e-01
4.174199999876408386e+10 2.054269322247919971e-01 1.048718697923749277e+00
4.174199999874335480e+10 1.399622813025413470e-01 6.045105422318726163e-01
4.174199999829454803e+10 1.585330246860144898e-01 5.882194500018770311e-01
4.174199999824063873e+10 6.046818818806837248e-01 5.791924045055532044e-01
4.174199999833140564e+10 7.745184551808806939e-01 9.853373886647598390e-01
4.174199999819941711e+10 7.674703020968162148e-01 5.557272150427182700e-01
4.174199999786152649e+10 8.600450267650654457e-01 2.741321579718337675e-01
4.174199999790198517e+10 1.224496981330035483e+00 5.340830634313771252e-01
4.174199999807128143e+10 1.070740944858087129e+00 1.471291301229767368e-01
4.174199999786891937e+10 9.188708802984982826e-01 5.186423423331891769e-01
4.174199999794631195e+10 1.123599465415762388e+00 1.260452745863276380e-01
4.174199999828594971e+10 8.519261158543962598e-01 2.395084105655090057e-01
4.174199999862184906e+10 6.026651317683939801e-01 7.496163399238528480e-02
4.174199999889241791e+10 8.788620745632592657e-01 3.041836519325189503e-01
4.174199999920447540e+10 8.398927858160601945e-01 6.253355588601559045e-01
4.174199999894711304e+10 9.241939257789694162e-01 9.840759519853274906e-01
4.174199999921183014e+10 1.161892200077734527e+00 1.258778718170790789e+00
4.174199999921502686e+10 1.161691834553947311e+00 1.708251858351423458e+00
4.174199999926517487e+10 1.112645497324477928e+00 2.152229106028537675e+00
4.174199999970755005e+10 1.038465474991055126e+00 2.123291979398005402e+00
4.174199999978391266e+10 6.799859959760976569e-01 1.863104138074183735e+00
4.174199999983736420e+10 6.987036670300988961e-01 2.309006816192027411e+00
4.174199999983464813e+10 7.017907127555799152e-01 2.758472541921308530e+00
4.174199999987469482e+10 6.930625352808711392e-01 2.310860796283504826e+00
4.174199999994130707e+10 9.998805183900474347e-01 1.989206392502179233e+00
4.174200000007931519e+10 1.281454266626308680e+00 2.311241745967620442e+00
4.174200000022628021e+10 1.076711981854647782e+00 1.939060449010925558e+00
