6.957000000000000000e+09 0.000000000000000000e+00 0.000000000000000000e+00
6.957000000007369041e+09 3.660446024871133464e-02 2.881671496807529653e-01
6.957000000037261963e+09 9.099339089386192236e-02 4.296137731110261093e-03
6.956999999984862328e+09 5.834368821612923722e-02 -2.796452732745710601e-01
6.957000000006734848e+09 -1.395916793086197649e-01 -6.803791137423381707e-02
6.956999999790864944e+09 -5.013813605273734209e-02 -2.407599698458460780e-01
6.956999999842906952e+09 1.115419106916182290e-01 -4.993724829476714477e-03
6.956999999570120811e+09 1.940108199304738101e-02 3.415317118652127365e-02
6.956999999606491089e+09 -2.398802037986320912e-04 3.217743478562067883e-01
6.956999999495409966e+09 2.527483431210896248e-01 4.117322915211675816e-01
6.956999999559288979e+09 2.092268483968058035e-01 1.316254071175610996e-01
6.956999999379178047e+09 9.828576570052809103e-02 3.308403236732932462e-01
6.956999999359766006e+09 1.899902358263625135e-01 5.579860216087334512e-02
6.956999999318950653e+09 2.304655831172209290e-01 -2.290352338681074240e-01
6.956999999394136429e+09 2.695201180323680834e-01 -5.069853578684707651e-01
6.956999999476593018e+09 1.655971105846028024e-01 -2.484597401442385500e-01
6.956999999232319832e+09 2.076450158302949323e-01 -9.681167235911955493e-02
6.956999999008177757e+09 2.307959655939706700e-01 -2.802749748601188751e-01
6.956999999067587852e+09 2.844896075796082280e-01 -5.595989945368506913e-01
6.956999998798094749e+09 1.847903956216189747e-01 -6.028214513682743636e-01
6.956999998778206825e+09 1.356447165463180171e-01 -8.885200447598666784e-01
6.956999998777255058e+09 3.199884643221024838e-01 -6.639070992955138362e-01
6.956999998776570320e+09 4.889783412575349208e-02 -7.685201917129149685e-01
6.956999998661519051e+09 1.725474399747200516e-01 -1.004970133436883462e+00
6.956999998395840645e+09 2.877783470742970584e-01 -1.028876560883298596e+00
6.956999998293435097e+09 4.035020770601585038e-01 -1.274956937664603940e+00
6.956999998181527138e+09 5.274828571369789554e-01 -1.037175893380823499e+00
6.956999998072454453e+09 4.205687915775082053e-01 -1.284374187596686090e+00
6.956999998077060699e+09 1.863828724967613870e-01 -1.456334173547887856e+00
6.956999997811036110e+09 9.091945087620999233e-02 -1.388865349267874638e+00
6.956999997895313263e+09 3.125108979749770532e-01 -1.556880643154122446e+00
6.956999997775944710e+09 1.834790734874735818e-01 -1.788260197169713184e+00
6.956999997665635109e+09 2.035164861561014893e-01 -1.520184189584401047e+00
6.956999997708213806e+09 2.240310985694302648e-01 -1.233477525530082719e+00
6.956999997707913399e+09 2.241009640920164636e-01 -1.524053509840444631e+00
6.956999997451649666e+09 2.007507675282354520e-01 -1.659028168594452568e+00
6.956999997296067238e+09 4.144993676586159470e-01 -1.538445850600610676e+00
6.956999997247317314e+09 5.721240143392831712e-01 -1.777637096976562692e+00
6.956999997360204697e+09 8.391187351639246561e-01 -1.797757234000619597e+00
6.956999997271707535e+09 7.825926484064755773e-01 -1.526819094075195338e+00
6.956999997374965668e+09 6.918171764527589751e-01 -1.270826657812670568e+00
6.956999997164626122e+09 8.921515100790923247e-01 -1.263221800150392093e+00
6.956999997302041054e+09 9.727894453441349176e-01 -1.020221210556132796e+00
6.956999997309809685e+09 8.568223080051049489e-01 -7.539022938351553904e-01
6.956999997060535431e+09 7.082203091916734472e-01 -7.392674847878355493e-01
6.956999996978569031e+09 9.740386997435366290e-01 -8.232713961648133738e-01
6.956999996989928246e+09 6.842079336957849200e-01 -8.406954322705820770e-01
6.956999996848753929e+09 7.936847392282547764e-01 -1.069865808838236676e+00
6.956999996755784988e+09 8.020335719542193154e-01 -7.946903236901114997e-01
6.956999996506781578e+09 9.516631417599406007e-01 -7.881592805122139556e-01
6.956999996492169380e+09 1.153072731348168345e+00 -5.792211427151784386e-01
6.956999996368600845e+09 9.114931741412264365e-01 -6.831666007210981384e-01
6.956999996464040756e+09 8.019876478400140840e-01 -9.348296890215431754e-01
6.956999996436454773e+09 9.026135270510611264e-01 -1.206026917788159292e+00
6.956999996458617210e+09 1.137901983548541329e+00 -1.036962819432520444e+00
6.956999996471293449e+09 9.893857642950508735e-01 -7.875299549436743929e-01
6.956999996710464478e+09 1.136594257751230019e+00 -8.621039355357457135e-01
6.956999996763567924e+09 1.174769102706513024e+00 -5.789834320834919001e-01
6.956999997019553185e+09 1.187037995714006922e+00 -7.159347432256562005e-01
6.956999996815206528e+09 1.205025463757567028e+00 -5.101352795333166101e-01
6.956999996777123451e+09 1.371303557962261666e+00 -2.748997193212470158e-01
6.956999996537840843e+09 1.508344524278409038e+00 -3.665396757162301400e-01
6.956999996390868187e+09 1.463579616681979889e+00 -1.199032966421118562e-01
6.956999996611515999e+09 1.652638506472542623e+00 -1.222762486204994475e-01
6.956999996803765297e+09 1.559006654505970424e+00 -3.190187460954432286e-01
6.956999996788052559e+09 1.848644772792344293e+00 -3.017741732742882377e-01
6.956999996776640892e+09 1.718080674210154646e+00 -4.243408681312499375e-02
6.956999996768640518e+09 2.005160624266199676e+00 1.788060633718530079e-03
6.956999996872560501e+09 1.863213885515377921e+00 2.330590880479634364e-01
6.956999997140109062e+09 1.759301407673053097e+00 1.877351933296181608e-01
6.956999997174078941e+09 1.721402325812414702e+00 4.738194705705657261e-01
6.956999997004402161e+09 1.522986104095413351e+00 6.013944853300634552e-01
6.956999996963980675e+09 1.463537366349290547e+00 8.829375088580085906e-01
6.956999996959079742e+09 1.474414900149954022e+00 5.926063886466248487e-01
6.956999996963180542e+09 1.477895861436948177e+00 8.831327393897303590e-01
6.956999996796299934e+09 1.585815642634311962e+00 6.711452243898126113e-01
6.956999996839853287e+09 1.336178533648757938e+00 5.289520634375493024e-01
6.956999996894740105e+09 1.562363249595846160e+00 7.029129661564028630e-01
6.956999996808247566e+09 1.622190489362974164e+00 4.320360239205692232e-01
6.956999997013411522e+09 1.603987101313452790e+00 2.270706292347131339e-01
6.956999996809922218e+09 1.646691349589186171e+00 4.300560463750612294e-01
6.956999996886262894e+09 1.746528438090094504e+00 1.680654292439198727e-01
6.956999997044312477e+09 1.506530185364742813e+00 2.111441219218198606e-01
6.956999997029721260e+09 1.556620656227240662e+00 -7.470993645917023418e-02
6.956999997313882828e+09 1.557887397312331945e+00 -1.354131761150523250e-01
6.956999997327592850e+09 1.746688939283471909e+00 -3.558684328397462293e-01
6.956999997257957458e+09 2.017345848134735942e+00 -2.763058726285830824e-01
6.956999997329236984e+09 2.076663522705597842e+00 -5.516877752564256499e-01
6.956999997120985985e+09 1.900777756471742963e+00 -6.523369089768139562e-01
6.956999997068944931e+09 1.720124050566238072e+00 -8.739006794037866843e-01
6.956999997114501953e+09 1.469735698540100666e+00 -1.014131801049095616e+00
6.956999997148670197e+09 1.476567285893108261e+00 -7.256524229260463699e-01
6.956999997248260498e+09 1.231162154750249815e+00 -6.061011532235476285e-01
6.956999997396641731e+09 1.115013131164417359e+00 -8.272957525524078370e-01
6.956999997605587959e+09 9.753125805455860053e-01 -9.731034403345512063e-01
6.956999997494569778e+09 1.047849591403522629e+00 -1.231653089936213252e+00
6.956999997437753677e+09 1.019416901340188142e+00 -1.515198484639602050e+00
6.956999997571599007e+09 7.946637739155605340e-01 -1.641713225415219135e+00
6.956999997498893738e+09 8.409433792501525007e-01 -1.919213828276561395e+00
6.956999997627484322e+09 6.458589830446962443e-01 -1.746468557010459000e+00
6.956999997891915321e+09 6.553297413609091571e-01 -1.866556283027359653e+00
6.956999998162071228e+09 6.958533837870524152e-01 -1.767521273186294817e+00
6.956999998433617592e+09 5.989224219059596788e-01 -1.731444508380431069e+00
6.956999998279564857e+09 3.539114363195687840e-01 -1.705526602205130970e+00
6.956999998008517265e+09 2.876378512931070386e-01 -1.624437247321447453e+00
6.956999997982972145e+09 2.886093014501318055e-01 -1.334987776312152707e+00
6.956999998051239967e+09 3.172085830209171453e-01 -1.615979056472269582e+00
6.956999998016418457e+09 3.479100289737941387e-01 -1.329135248980399808e+00
6.956999997793233871e+09 3.860376743377442188e-01 -1.511260415444513283e+00
6.956999997958704948e+09 4.440596443484660094e-01 -1.742965463840985718e+00
6.956999997942728996e+09 3.495744506144849995e-01 -2.017286106987200789e+00
6.956999997785284042e+09 4.041255258008676909e-01 -1.779232214823130098e+00
6.956999997915079117e+09 3.094896036677637907e-01 -2.021372259933004401e+00
6.956999997725043297e+09 1.219355044827286350e-01 -2.136021630378905467e+00
6.956999997709366798e+09 9.110575523086961169e-02 -1.847511193446525590e+00
6.956999997583834648e+09 1.662790018024105365e-01 -1.596462921754207898e+00
6.956999997472662926e+09 6.006342979441776919e-02 -1.843026303090515183e+00
6.956999997616182327e+09 -4.764811809957791855e-02 -2.071575641020575453e+00
6.956999997446712494e+09 1.845229519177633559e-01 -2.114131010302539249e+00
6.956999997369637489e+09 1.547069141134854720e-01 -1.835554337072732967e+00
6.956999997442439079e+09 -3.138759788660711036e-02 -2.046512455822163012e+00
6.956999997371341705e+09 -1.254616530770388261e-01 -2.312086728139427283e+00
6.956999997109115601e+09 -5.909177262010208154e-02 -2.205940211520864391e+00
6.956999996859346390e+09 -1.373144587132316130e-02 -2.347334626626148779e+00
6.956999997067137718e+09 -2.129035934281547637e-01 -2.387179046991338094e+00
6.956999996937183380e+09 -1.975601030501695499e-01 -2.646622375476534561e+00
6.956999997147332191e+09 -1.095414572200111847e-01 -2.466275953351533712e+00
6.956999997205554962e+09 3.227149923175445800e-02 -2.713123546089992733e+00
6.956999997085320473e+09 1.143717723603362296e-01 -2.964594751194789879e+00
6.956999997014848709e+09 -1.508641354922745093e-01 -3.060083553187219252e+00
6.956999996832818985e+09 6.255718331544019017e-02 -3.135918274108822068e+00
6.956999996579612732e+09 1.487491462938695941e-01 -3.249460337181369951e+00
6.956999996652373314e+09 -7.439169338818882316e-02 -3.420774521188900685e+00
6.956999996541312218e+09 1.940378548590234453e-01 -3.414026058308906375e+00
6.956999996537805557e+09 -7.150430496733931052e-02 -3.296087244446251674e+00
6.956999996537988663e+09 -7.158112623164317179e-02 -3.005511164464211404e+00
6.956999996644144058e+09 -1.277214531817877363e-01 -2.740910126262297020e+00
6.956999996579527855e+09 -9.605648878924188949e-02 -3.022435620490788732e+00
6.956999996569035530e+09 -1.488379636742938328e-01 -3.307985125636930590e+00
6.956999996756208420e+09 -2.214728548500046190e-01 -3.518044194288801663e+00
6.956999996966347694e+09 -2.343190424919797121e-02 -3.550535412075525699e+00
6.956999997010527611e+09 2.384921427755487267e-01 -3.432728719803526563e+00
6.956999996935584068e+09 2.064448149054781689e-02 -3.255640225207326210e+00
6.956999996773300171e+09 -6.251219593923355855e-02 -3.029403030541057085e+00
6.956999997026312828e+09 7.645291913612005386e-02 -3.062690129556790541e+00
6.956999997160082817e+09 -1.253178615855498612e-01 -3.223403316425168974e+00
6.956999996916995049e+09 -8.044707724121680226e-02 -3.070663844065404380e+00
6.956999996911005020e+09 -1.898577480419477437e-01 -3.339788209508926187e+00
6.956999996975894928e+09 4.466781828214455574e-02 -3.180975281393102705e+00
6.956999996783935547e+09 -6.898344111036534831e-02 -2.994777614271278754e+00
6.956999996769173622e+09 -1.064849113264162289e-02 -2.710500270399474498e+00
6.956999996906053543e+09 1.436794531651268969e-01 -2.505851398853490952e+00
6.956999996748866081e+09 6.180048289289449825e-02 -2.275585349114933376e+00
6.956999996574142456e+09 3.364813330581913758e-02 -2.045121650999927265e+00
6.956999996778632164e+09 -1.081417536101489663e-01 -2.195168068289567120e+00
6.956999996842050552e+09 -1.254516606537980916e-01 -2.478210423986386690e+00
6.956999996629259109e+09 -6.066622812740382620e-02 -2.291242043979323739e+00
6.956999996859026909e+09 -1.432442287214403254e-01 -2.133691244921792407e+00
6.956999996993342400e+09 4.323084134858470873e-02 -1.955868497684754237e+00
6.956999997087207794e+09 2.883219947679105943e-01 -2.080584401105899151e+00
6.956999997009714127e+09 5.333693835073524125e-01 -2.216161228585891596e+00
6.956999997017929077e+09 7.081274258216503359e-01 -1.984155547014702536e+00
6.956999997189303398e+09 5.750234662713700207e-01 -2.177413255916704315e+00
6.956999997170115471e+09 5.217110871227877977e-01 -2.462411704423016712e+00
6.956999996965294838e+09 6.959037757342972919e-01 -2.572592341261338511e+00
6.956999997074501038e+09 5.305603283101683054e-01 -2.360060050645316654e+00
6.956999997141538620e+09 4.997085600935652350e-01 -2.079010802649093659e+00
6.956999997369059563e+09 6.250573492820865606e-01 -1.948794432828075518e+00
6.956999997481142998e+09 3.572933465721437885e-01 -1.935593276135354701e+00
6.956999997235965729e+09 4.294231975030864956e-01 -1.797318576083993147e+00
6.956999997259668350e+09 2.694452940500200455e-01 -1.555906599487075770e+00
6.956999997283164978e+09 4.440841629805225566e-02 -1.738227201946512590e+00
6.956999997118530273e+09 -1.281173857724077492e-01 -1.572200887345907905e+00
6.956999996969645500e+09 -1.283843667671750732e-01 -1.821736063278306617e+00
6.956999996944201469e+09 -1.165372439489191780e-01 -2.110953544040318874e+00
6.956999996852161407e+09 -1.782010774341704629e-01 -2.379580997381263163e+00
6.956999996798582077e+09 -4.543553994463122025e-01 -2.452399745740100112e+00
6.956999997015045166e+09 -2.773837612868269575e-01 -2.531515779214016160e+00
6.956999997264758110e+09 -2.261607847763542345e-01 -2.670993447919693953e+00
6.956999997232164383e+09 -4.929302670042142731e-01 -2.560511857227522725e+00
6.956999997387871742e+09 -6.989330020133845967e-01 -2.693751161421037210e+00
6.956999997128387451e+09 -6.578058042896862689e-01 -2.569610417079690290e+00
6.956999997168653488e+09 -6.886161012262974612e-01 -2.283491790812908206e+00
6.956999997198904037e+09 -7.027312798369829139e-01 -1.994839501814619664e+00
6.956999997351659775e+09 -5.158249329512903936e-01 -1.833079359177419043e+00
6.956999997472466469e+09 -3.059003781903852359e-01 -1.993615661382083681e+00
6.956999997425064087e+09 -2.414867095498290372e-01 -2.272969141047151087e+00
6.956999997194012642e+09 -1.791303503541876452e-01 -2.437776339497472744e+00
6.956999997392441750e+09 -1.944894898634910718e-02 -2.577641398867354106e+00
6.956999997522324562e+09 1.586764479843341402e-01 -2.766946171184010872e+00
6.956999997567996979e+09 1.356625260891013984e-01 -2.480906134143784136e+00
6.956999997851120949e+09 1.136233323971944376e-01 -2.542464844037058302e+00
6.956999997947972298e+09 2.093436581107367966e-01 -2.799159043698383087e+00
6.956999997985381126e+09 5.451944076498510539e-02 -2.556127112142766222e+00
6.956999997759877205e+09 8.397747197468953539e-02 -2.736999243156598371e+00
6.956999997909049034e+09 3.266351783935859676e-01 -2.794441084395936414e+00
6.956999997690614700e+09 2.956204046384315332e-01 -2.983541916829381524e+00
6.956999997720303535e+09 3.096152398524120164e-01 -2.694825421807742316e+00
6.956999997602637291e+09 5.461595640148009245e-02 -2.769420766688135860e+00
6.956999997693401337e+09 -8.562869045007648339e-02 -2.531664873392285742e+00
6.956999997755498886e+09 -7.692529362907553347e-02 -2.247934916958579166e+00
6.956999997569624901e+09 -2.719029258883590705e-01 -2.356880228851627734e+00
6.956999997738804817e+09 -4.868080485260407042e-01 -2.455004234461171997e+00
6.956999997934509277e+09 -3.440093624943240669e-01 -2.294559133699832110e+00
6.956999998140397072e+09 -4.414851525385009579e-01 -2.114162168189777535e+00
6.956999998096660614e+09 -5.958654035153299056e-01 -2.356418932483414608e+00
6.956999998290148735e+09 -3.821098539750402701e-01 -2.320286909628069161e+00
6.956999998145787239e+09 -4.138054028710537180e-01 -2.070107857656918071e+00
6.956999998152005196e+09 -3.900386947048221642e-01 -2.359643663371602695e+00
6.956999998064269066e+09 -3.199464730832224935e-01 -2.091643750949963021e+00
6.956999997798188210e+09 -2.799340621657008810e-01 -1.981941498701604631e+00
6.956999997797081947e+09 -2.811103950566716803e-01 -2.272513160234404417e+00
6.956999997863492012e+09 -2.752185696520573766e-01 -1.989689106596350898e+00
6.956999997956324577e+09 -5.490927900131165051e-01 -2.018142272722526886e+00
6.956999998014254570e+09 -6.043682604273332704e-01 -1.738815832229110514e+00
6.956999997796715736e+09 -5.095813226890414382e-01 -1.571105955746099569e+00
6.956999997649629593e+09 -5.781165251790860715e-01 -1.812151926917180411e+00
6.956999997706103325e+09 -7.329045085725740538e-01 -2.051496713781594483e+00
6.956999997796970367e+09 -8.867954460183818943e-01 -1.822378147024725115e+00
6.956999997929313660e+09 -8.053341903699333670e-01 -2.067905785189450008e+00
6.956999998116149902e+09 -8.728606967416577822e-01 -1.855852223055336703e+00
6.956999998094772339e+09 -1.138766367287137093e+00 -1.971054940972934766e+00
6.956999997999458313e+09 -1.206726331066494184e+00 -1.705101633007788831e+00
6.956999997882068634e+09 -1.226908669929215545e+00 -1.970142982777552065e+00
6.956999998096484184e+09 -1.115211067928531419e+00 -2.131338860433231286e+00
6.956999998176452637e+09 -8.507202841716360320e-01 -2.221250973031986486e+00
6.956999998173565865e+09 -8.516645952492987171e-01 -1.930690697759257057e+00
6.956999998280833244e+09 -1.060864483558765503e+00 -1.759916940006114316e+00
6.956999998527775764e+09 -1.129082152335732392e+00 -1.897030959707339370e+00
6.956999998793684959e+09 -1.236917358369364228e+00 -1.851222142834412887e+00
6.956999998874521255e+09 -1.135652440099921279e+00 -2.111309564047238574e+00
6.956999998864992142e+09 -1.087152528913725380e+00 -1.824968052526364293e+00
6.956999998782515526e+09 -1.013004564600786583e+00 -1.556390066024295304e+00
6.956999999049314499e+09 -1.103100805389719108e+00 -1.484726152989967130e+00
6.956999999173419952e+09 -8.641918486672474087e-01 -1.594064845450733126e+00
6.956999998907615662e+09 -9.071849974463402910e-01 -1.703308341360309841e+00
6.956999998804384232e+09 -8.550507588709657103e-01 -1.969878888362088576e+00
6.956999998859035492e+09 -9.857966948267511409e-01 -2.223558348352807190e+00
6.956999998925316811e+09 -1.138244671635653793e+00 -1.985228928707870155e+00
6.956999998662889481e+09 -1.106752292962668527e+00 -1.864503048962105058e+00
6.956999998544459343e+09 -1.347021245415136237e+00 -1.751899582624977025e+00
6.956999998622634888e+09 -1.351104107501158280e+00 -1.472066684468371411e+00
6.956999998604231834e+09 -1.293401915725287399e+00 -1.187872610714347132e+00
6.956999998885958672e+09 -1.225286538160622163e+00 -1.167260524620954421e+00
6.956999998624157906e+09 -1.149465484629708323e+00 -1.267988260571501380e+00
6.956999998545359612e+09 -1.189235178435145146e+00 -1.544834211691928028e+00
6.956999998366886139e+09 -1.333997683365975018e+00 -1.366998947112523677e+00
6.956999998365736008e+09 -1.262152907554726200e+00 -1.085446992652132403e+00
6.956999998441843033e+09 -1.312682478575880607e+00 -8.096047768133824984e-01
6.956999998544347763e+09 -1.567592184832600211e+00 -7.150092587493548368e-01
6.956999998452165604e+09 -1.297298601376845051e+00 -7.686588313408809769e-01
6.956999998340096474e+09 -1.553163149326412640e+00 -6.886068502721666151e-01
6.956999998272484779e+09 -1.835663607569482547e+00 -6.810767557540439165e-01
6.956999998148153305e+09 -1.927642068520794671e+00 -4.350764033566304478e-01
6.956999998378217697e+09 -1.890401001367116862e+00 -6.086221642183144986e-01
6.956999998295106888e+09 -2.106893827008601949e+00 -4.335281360665755868e-01
6.956999998239684105e+09 -2.024216491142913910e+00 -1.605313959690127801e-01
6.956999998279979706e+09 -1.994415117055884812e+00 1.256899448894466254e-01
6.956999998163112640e+09 -1.906193492064871986e+00 -1.252953401429990343e-01
6.956999998386779785e+09 -2.013248101928132527e+00 2.618620145144384681e-02
6.956999998424768448e+09 -2.137756114034937927e+00 2.859728283786833192e-01
6.956999998567193985e+09 -2.154825869587177589e+00 3.327140575531128963e-02
6.956999998527240753e+09 -2.419703625161103933e+00 1.458679946991436882e-01
6.956999998562014580e+09 -2.307854376452060041e+00 4.117909930944739227e-01
6.956999998387129784e+09 -2.131856024963941554e+00 5.630339332957365883e-01
6.956999998515149117e+09 -1.976025287923313778e+00 3.538393654536622912e-01
6.956999998517036438e+09 -1.999460991444502733e+00 6.434627487961355197e-01
6.956999998350554466e+09 -1.995285701317823790e+00 8.815819719337714133e-01
6.956999998089238167e+09 -1.969789413548810098e+00 7.570907078280981750e-01
6.956999998153646469e+09 -1.832575872800142225e+00 1.004998885905431072e+00
6.956999998258232117e+09 -2.042914524583888447e+00 8.339609522642513761e-01
6.956999998280258179e+09 -1.775714289347397390e+00 9.460028230787258519e-01
6.956999998327249527e+09 -1.762776869005243885e+00 6.595435036405207230e-01
6.956999998330728531e+09 -1.763698027177500016e+00 3.689896470618784230e-01
6.956999998308506012e+09 -1.551099546405597440e+00 1.721584034963762055e-01
6.956999998218951225e+09 -1.732809415408457676e+00 3.804754286068885438e-01
6.956999998173640251e+09 -1.723614316823523618e+00 9.360111650128316585e-02
6.956999998055906296e+09 -1.905192693802799431e+00 -1.003126540139165912e-01
6.956999998174209595e+09 -1.967837837143645352e+00 -3.582164575544694585e-01
6.956999998149006844e+09 -2.002314808861697770e+00 -7.079572072078704759e-02
6.956999998129735947e+09 -1.859090343823546876e+00 -3.228867127378465263e-01
6.956999998271207809e+09 -1.975391106847453004e+00 -5.484842939963567865e-01
6.956999998035202026e+09 -2.122350724317879855e+00 -6.329757296502838138e-01
6.956999998306533813e+09 -2.048375572235025199e+00 -5.598913594098464674e-01
6.956999998261007309e+09 -1.992482430544286309e+00 -2.783992061841821797e-01
6.956999998259981155e+09 -1.991101995740225616e+00 -5.689702625578382245e-01
6.956999998256788254e+09 -1.996474960108186369e+00 -8.594791851876684152e-01
6.956999998366922379e+09 -2.207251917667898411e+00 -1.026446332882355206e+00
6.956999998277088165e+09 -2.129193064195054941e+00 -7.613593622902714575e-01
6.956999998306287766e+09 -2.013229703374110890e+00 -1.026188372711973829e+00
6.956999998252120018e+09 -1.911084498076876415e+00 -7.596048978857690148e-01
6.956999998174627304e+09 -1.987893847335647335e+00 -4.902915428920814889e-01
6.956999998137994766e+09 -2.076914790520378418e+00 -7.644590235301967907e-01
6.956999997868837357e+09 -1.988360575583983270e+00 -7.000615575403450475e-01
6.956999997970748901e+09 -1.957425418868202316e+00 -4.297070347490358211e-01
6.956999998001111984e+09 -1.988483635629111346e+00 -7.170186638445801286e-01
6.956999997989192009e+09 -1.698162237809947017e+00 -7.194464254087956645e-01
6.956999998228911400e+09 -1.674593657306943539e+00 -5.569243465402042848e-01
6.956999998042948723e+09 -1.452165880832078981e+00 -5.763766787487245580e-01
6.956999997961000443e+09 -1.520929408971184449e+00 -8.465442954647172114e-01
6.956999997813113213e+09 -1.271771828655035241e+00 -8.685538893356348211e-01
6.956999997628187180e+09 -1.346040610093962586e+00 -6.570804862858138362e-01
6.956999997338773727e+09 -1.365221129292201629e+00 -6.395688499107723413e-01
6.956999997379802704e+09 -1.499404359421029787e+00 -3.851164780595869308e-01
6.956999997547546387e+09 -1.504513816944021976e+00 -6.223304872551626010e-01
6.956999997790961266e+09 -1.556432971552548672e+00 -7.722900304182964693e-01
6.956999997867896080e+09 -1.559041584654982326e+00 -4.920959945531977464e-01
6.956999997975526810e+09 -1.715239651487219463e+00 -2.719769839185401938e-01
6.956999998127912521e+09 -1.812658570933956659e+00 -4.455070470660008053e-02
6.956999998276494026e+09 -1.737194768929977595e+00 1.934900028050770826e-01
6.956999998035654068e+09 -1.877205531747487388e+00 2.761181390064617602e-01
6.956999998054775238e+09 -2.152749936846070522e+00 1.858732308221449636e-01
6.956999997889382362e+09 -1.972994922994243172e+00 3.432515647329195674e-01
6.956999997679860115e+09 -1.939918366936776328e+00 5.418487005013205016e-01
6.956999997676519394e+09 -2.207120297744747717e+00 6.559822389606225768e-01
6.956999997740459442e+09 -2.235088769917500162e+00 3.739115482200462415e-01
6.956999997816879272e+09 -2.369054670874710222e+00 6.201788738652016519e-01
6.956999997806582451e+09 -2.399981478456068906e+00 9.089209888710849672e-01
6.956999997531007767e+09 -2.491898218910943985e+00 9.155933410067953471e-01
6.956999997557509422e+09 -2.584769329984701436e+00 1.189650100933626220e+00
6.956999997657263756e+09 -2.774044242851184006e+00 9.930321318710736422e-01
6.956999997515279770e+09 -2.639342890943161990e+00 1.207812455541066088e+00
6.956999997470501900e+09 -2.646211021473833025e+00 1.494835514906856400e+00
6.956999997590382576e+09 -2.900328867139075673e+00 1.568911200973891473e+00
6.956999997786573410e+09 -2.889337146877334561e+00 1.782973505394555680e+00
6.956999997692479134e+09 -2.858968365484897411e+00 2.056210639132249884e+00
6.956999997446844101e+09 -2.765268670372489357e+00 2.179977646955107318e+00
6.956999997220586777e+09 -2.615914121632277656e+00 2.075405686438226649e+00
6.956999997165296555e+09 -2.442969277145053741e+00 2.302270431488691926e+00
6.956999997109183311e+09 -2.430156996132647240e+00 2.017451750195733862e+00
6.956999997241855621e+09 -2.545936705288986968e+00 2.248596160634263263e+00
6.956999997009269714e+09 -2.664387752247859620e+00 2.120894217251176883e+00
6.956999997287988663e+09 -2.663513300350377033e+00 2.038740599187577107e+00
6.956999997374877930e+09 -2.629020988672708281e+00 2.313867980643061983e+00
6.956999997470184326e+09 -2.618912774984846425e+00 2.588183638612680415e+00
6.956999997395070076e+09 -2.791118575836104121e+00 2.366513960453070720e+00
6.956999997472785950e+09 -2.823721528142276060e+00 2.088428076226977126e+00
6.956999997435106277e+09 -2.811400886436022706e+00 1.800568834848422117e+00
6.956999997553966522e+09 -2.970093898802789845e+00 2.012991039011279071e+00
6.956999997772688866e+09 -2.938848293523976807e+00 2.201720877000197252e+00
6.956999997679601669e+09 -2.899195717654791338e+00 2.474112167578829791e+00
6.956999997550392151e+09 -2.777686210827064794e+00 2.243949648585325196e+00
6.956999997689102173e+09 -2.523913512787938629e+00 2.272116261078637844e+00
6.956999997831082344e+09 -2.448727709412608533e+00 2.514238756029667954e+00
6.956999997864668846e+09 -2.318998712223924841e+00 2.256407779107543199e+00
6.956999997776816368e+09 -2.116033177728501080e+00 2.067936350133397383e+00
6.956999997676297188e+09 -2.065604534321447527e+00 2.335867847110144169e+00
6.956999997524916649e+09 -1.849596868555206886e+00 2.457766122072371218e+00
6.956999997596216202e+09 -1.898841664877455759e+00 2.735121168132133906e+00
6.956999997856315613e+09 -2.014708646571285122e+00 2.793066546796804772e+00
6.956999997674432755e+09 -1.899333662793704303e+00 2.988109315416125344e+00
6.956999997599880219e+09 -1.745837426164856598e+00 3.223301432676183520e+00
6.956999997718687057e+09 -1.879038565343711831e+00 2.994004742034264144e+00
6.956999997683930397e+09 -1.880009831419088062e+00 3.282493129944457078e+00
6.956999997876097679e+09 -1.664998072476532753e+00 3.318217177490123682e+00
6.956999997769680977e+09 -1.932534227829449947e+00 3.357388060745330804e+00
6.956999997893848419e+09 -2.011265814983143052e+00 3.608023955601893817e+00
6.956999998029027939e+09 -2.265709862066044078e+00 3.645695844056170198e+00
6.956999997983277321e+09 -2.263687995598366420e+00 3.358751150657288687e+00
6.956999998029979706e+09 -2.348559800304913736e+00 3.632704076396776838e+00
6.956999997939633369e+09 -2.072554250433318757e+00 3.623061203721694934e+00
6.956999998004933357e+09 -2.347920724147201099e+00 3.557154707150224748e+00
6.956999997885314941e+09 -2.163964165275388929e+00 3.366665812819913395e+00
6.956999997840085983e+09 -2.247168875654929732e+00 3.641376199756513721e+00
6.956999997900385857e+09 -2.162552872275496085e+00 3.370012040668963316e+00
6.956999997955864906e+09 -2.112078451972450921e+00 3.089282826459162301e+00
6.956999998010346413e+09 -2.382275013843511147e+00 2.997304000744787977e+00
6.956999997808445930e+09 -2.591246435455329067e+00 2.996076379170863113e+00
6.956999997554500580e+09 -2.731124125333944885e+00 3.015578332145272711e+00
6.956999997313449860e+09 -2.569320674356178724e+00 3.003378857632675203e+00
6.956999997304835320e+09 -2.740892155828262400e+00 3.237736516257326169e+00
6.956999997140827179e+09 -2.708417326145730275e+00 3.475394187177378136e+00
6.956999997207966805e+09 -2.480307896346972907e+00 3.642405606688768227e+00
6.956999997215268135e+09 -2.345646911230200082e+00 3.899791701054664994e+00
6.956999996940634727e+09 -2.342625860277776528e+00 3.804913515188396378e+00
6.956999996975283623e+09 -2.344613931440996168e+00 3.516417442002808258e+00
6.956999997205428123e+09 -2.196802343697745741e+00 3.418337294326412312e+00
6.956999997033869743e+09 -2.320610623095265890e+00 3.219154965070490260e+00
6.956999997103716850e+09 -2.049731303932270432e+00 3.140540503726616084e+00
6.956999997324333191e+09 -1.865950137523976204e+00 3.095960651131866026e+00
6.956999997266833305e+09 -2.125306842677169961e+00 3.213699166434904164e+00
6.956999997237495422e+09 -2.219137193951370879e+00 2.940258756915347771e+00
6.956999997237876892e+09 -2.014910720592594906e+00 2.733556313630995493e+00
6.956999997241619110e+09 -2.089260297350082674e+00 2.452677988627271599e+00
6.956999997092154503e+09 -1.847985693075071323e+00 2.390376267475755601e+00
6.956999997124583244e+09 -1.998486607513173752e+00 2.143936982359015975e+00
6.956999997163202286e+09 -1.797982641006700355e+00 2.350676484248294784e+00
6.956999997129868507e+09 -1.879526926288627608e+00 2.627576994284138490e+00
6.956999997217383385e+09 -1.895331783658807501e+00 2.350943978530058320e+00
6.956999997258175850e+09 -1.867847846212485008e+00 2.637326771314620011e+00
6.956999997001675606e+09 -1.876461842811685043e+00 2.773590334623039944e+00
6.956999997223115921e+09 -1.955110044461510599e+00 2.944508394770713799e+00
6.956999997211217880e+09 -1.975957138735736196e+00 2.654925363148419759e+00
6.956999997203236580e+09 -1.959346978124970828e+00 2.364934166160345796e+00
6.956999997169728279e+09 -2.022495028360638880e+00 2.083288987698802774e+00
6.956999997181870461e+09 -1.999862848318896935e+00 1.793850144556801141e+00
6.956999996912548065e+09 -1.944465664273890670e+00 1.887824492283874278e+00
6.956999997026755333e+09 -1.922484542482927772e+00 2.154109954037138230e+00
6.956999996885010719e+09 -1.740556375474568096e+00 2.330872940409592697e+00
6.956999997110087395e+09 -1.572510344014970585e+00 2.256473119213773249e+00
6.956999997044742584e+09 -1.335041861456176759e+00 2.410658912058562198e+00
6.956999996825541496e+09 -1.483820922066082737e+00 2.530032277040855870e+00
6.956999996561362267e+09 -1.367358218761879129e+00 2.497162671116558652e+00
6.956999996408845901e+09 -1.120182733246928741e+00 2.488352653307012385e+00
6.956999996273551941e+09 -1.096108064897583390e+00 2.744381016169084919e+00
6.956999996074872971e+09 -1.077936802140343264e+00 2.955641369309757849e+00
6.956999995804170609e+09 -1.183378892112592506e+00 2.949579225875739397e+00
6.956999995841679573e+09 -1.101095954342223848e+00 2.673432400790852093e+00
6.956999995895496368e+09 -1.017022043104707452e+00 2.400540762883358159e+00
6.956999995877923965e+09 -9.970204950082510731e-01 2.111186894652497870e+00
6.956999996100800514e+09 -1.094599877194350146e+00 2.270054422187512966e+00
6.956999996123830795e+09 -1.057166704502395804e+00 2.557287535561171499e+00
6.956999996040680885e+09 -9.203990102411961916e-01 2.314769269620739589e+00
6.956999996117890358e+09 -6.526578468080423967e-01 2.232380340408671504e+00
6.956999996015365601e+09 -6.548095653861885079e-01 1.960500518475100540e+00
6.956999996050135612e+09 -8.024280759992616918e-01 1.712641068692753787e+00
6.956999996010098457e+09 -9.584694454860436252e-01 1.470809229218837055e+00
6.956999996004608154e+09 -1.109804180802802076e+00 1.222812947993872967e+00
6.956999995985007286e+09 -1.068000081515129818e+00 1.509697442868405348e+00
6.956999995981590271e+09 -1.113810325926832601e+00 1.796619462740120632e+00
6.956999996024693489e+09 -1.373207840719742778e+00 1.672968613628348145e+00
6.956999996164882660e+09 -1.396198878429437462e+00 1.419486867519047735e+00
6.956999995959523201e+09 -1.256223475466445416e+00 1.570048806514299011e+00
6.956999995861023903e+09 -1.324193125301541540e+00 1.834836616826586164e+00
6.956999996012242317e+09 -1.398036977174022422e+00 2.071721844240164589e+00
6.956999996008886337e+09 -1.396624292372589782e+00 1.781168505920700529e+00
6.956999995763052940e+09 -1.243281440838987839e+00 1.759113407726404343e+00
6.956999995958786964e+09 -1.079342038654842018e+00 1.897845831971464836e+00
6.956999996027838707e+09 -1.343119975959000012e+00 1.998282622785114482e+00
6.956999995931939125e+09 -1.210144542382332711e+00 1.758375850087742887e+00
6.956999995865620613e+09 -1.253171590038072880e+00 1.478759933616567768e+00
6.956999996059252739e+09 -1.138966878161886243e+00 1.662875324037121239e+00
6.956999995844497681e+09 -9.805373840238545968e-01 1.547919335311637168e+00
6.956999995714552879e+09 -7.856302789470243075e-01 1.719849766440234351e+00
6.956999995752034187e+09 -6.409445204318711120e-01 1.470659679270546638e+00
6.956999995762327194e+09 -5.428217308138029162e-01 1.197345803395002406e+00
6.956999995541461945e+09 -4.924992435224667675e-01 1.379336864801647744e+00
6.956999995611681938e+09 -6.572996615196775583e-01 1.150547834250630119e+00
6.956999995808234215e+09 -5.214176997769943700e-01 9.852058769149527606e-01
6.956999995754889488e+09 -4.859910239125317943e-01 7.017736473834123023e-01
6.956999995696567535e+09 -5.136877678800797487e-01 9.850860389951890950e-01
6.956999995685128212e+09 -5.266096260143834362e-01 1.275149248525752732e+00
6.956999995639770508e+09 -4.835267724276887114e-01 1.558911622731250501e+00
6.956999995679727554e+09 -6.212769091677828870e-01 1.811622613815279559e+00
6.956999995671281815e+09 -4.927698100876073406e-01 1.551144031839924775e+00
6.956999995724745750e+09 -5.512687674350805755e-01 1.271583656102037718e+00
6.956999995712820053e+09 -5.399447725952797317e-01 9.814732530242711306e-01
6.956999995758155823e+09 -4.824388076276169279e-01 1.262671156289916663e+00
6.956999995831795692e+09 -2.796790021926374159e-01 1.067991588505605716e+00
6.956999996101235390e+09 -3.798740066632675938e-01 1.110390731999837621e+00
6.956999995882749557e+09 -5.528614006062305686e-01 1.028087668720929715e+00
6.956999996075217247e+09 -6.701924384656103850e-01 1.211456068154745713e+00
6.956999996080799103e+09 -8.291510797617441808e-01 1.454633962199398223e+00
6.956999996014434814e+09 -8.397680032310101961e-01 1.737330967329931308e+00
6.956999996005400658e+09 -8.409960484680601978e-01 1.446897896633596359e+00
6.956999995925478935e+09 -7.635214823824129082e-01 1.715309347160729914e+00
6.956999996041793823e+09 -6.813108307697022248e-01 1.462037273007066540e+00
6.956999996326148033e+09 -6.921140551538706998e-01 1.520861961818087194e+00
6.956999996494700432e+09 -6.808796380697054174e-01 1.757290115821019238e+00
6.956999996479980469e+09 -6.639153148982749331e-01 2.046996912732391039e+00
6.956999996338150978e+09 -6.740899958603473463e-01 2.300404448147351566e+00
6.956999996391387939e+09 -9.054348409888781646e-01 2.132833764965316625e+00
6.956999996435047150e+09 -6.908360971169288378e-01 1.941847513628917277e+00
6.956999996404466629e+09 -5.373737817347827850e-01 2.186691669425343765e+00
6.956999996369973183e+09 -4.953305500527830918e-01 1.901249817631620598e+00
6.956999996310428619e+09 -2.784933517090915078e-01 1.717210342938449541e+00
6.956999996104434013e+09 -3.409311648482589163e-01 1.912408284109750944e+00
6.956999996322507858e+09 -5.198465740300898252e-01 1.982176112778634591e+00
6.956999996551393509e+09 -3.432800443308321459e-01 2.011676744660474636e+00
6.956999996554821014e+09 -3.341816933047457305e-01 2.302090186839222508e+00
6.956999996632312775e+09 -2.609082821005661024e-01 2.031792956156525776e+00
6.956999996745524406e+09 -6.547076815027141894e-03 1.948618441395999712e+00
6.956999996999930382e+09 6.967529707254828397e-02 2.066525227845166235e+00
6.956999997269549370e+09 5.839440351564910425e-02 1.958761742947972895e+00
6.956999997100701332e+09 -1.731998412412170674e-01 2.006604134192369937e+00
6.956999997114949226e+09 -2.725619140145904007e-01 1.733916262429469723e+00
6.956999997092071533e+09 -8.031195050060224716e-03 1.615871294525899282e+00
6.956999997170261383e+09 -1.022153362287874095e-01 1.879405220960807643e+00
6.956999997082862854e+09 -1.661903354952185552e-01 1.609769915946608343e+00
6.956999996963604927e+09 -2.872797364207127502e-02 1.383239482666950293e+00
6.956999997202850342e+09 -1.934806290858613886e-01 1.390500561547473701e+00
6.956999997306128502e+09 7.250139577257469492e-02 1.335531263660621804e+00
6.956999997275934219e+09 -5.313412227306207880e-02 1.075265070016267144e+00
6.956999997139516830e+09 1.931696820175452523e-01 1.003436596393036950e+00
6.956999997042611122e+09 1.512203386055321064e-01 1.274146993404245087e+00
6.956999997071816444e+09 3.896969877743950983e-01 1.110713687459472521e+00
6.956999997209096909e+09 3.805745848588201752e-01 8.547733883226574791e-01
6.956999997318141937e+09 4.664122822622969733e-01 5.994781965957953762e-01
6.956999997368284225e+09 4.695331624619059063e-01 8.856782931564806116e-01
6.956999997435562134e+09 5.815251964333042478e-01 6.261286816365574381e-01
6.956999997399217606e+09 7.741025360516690101e-01 8.406689367838264815e-01
6.956999997486212730e+09 9.281519213124819201e-01 6.101581871096221077e-01
6.956999997415637016e+09 1.209948530584562310e+00 6.168071600163348434e-01
6.956999997464254379e+09 9.234813485072155270e-01 6.195287363095127731e-01
6.956999997392787933e+09 1.195866914124174452e+00 5.478826374828587031e-01
6.956999997609693527e+09 1.137409549130986353e+00 7.321904802414815894e-01
6.956999997423284531e+09 9.904943728142966419e-01 8.998269200496857856e-01
6.956999997456118584e+09 1.061162168678591033e+00 1.179759926825593830e+00
6.956999997493515968e+09 1.147026706142112440e+00 1.454829400684642948e+00
6.956999997721323013e+09 1.112627294592345661e+00 1.277755829156475675e+00
6.956999997508698463e+09 1.299265635917720374e+00 1.344024099742898937e+00
6.956999997489672661e+09 1.301494763373564068e+00 1.633968135946090694e+00
6.956999997279780388e+09 1.496103993143175659e+00 1.583896424050347251e+00
6.956999997219099998e+09 1.607915895976555154e+00 1.322648466540432777e+00
6.956999997277594566e+09 1.601608804694417687e+00 1.038090811793399348e+00
6.956999997256219864e+09 1.375784301281173461e+00 1.219697321197031448e+00
6.956999997306982040e+09 1.309064611938919764e+00 1.497916924507354475e+00
6.956999997319775581e+09 1.363478397965938171e+00 1.783065925269826879e+00
6.956999997313520432e+09 1.533043009760878483e+00 1.547177787814187466e+00
6.956999997359165192e+09 1.282336773071502067e+00 1.407544606906317997e+00
6.956999997341949463e+09 1.033970161066040561e+00 1.557384987357069539e+00
6.956999997096567154e+09 1.188917557007987735e+00 1.571990134198644640e+00
6.956999997012969017e+09 1.217731024907720228e+00 1.848785322407994647e+00
6.956999996968114853e+09 9.424353595987702281e-01 1.930240315294835307e+00
6.956999997053130150e+09 1.218966828977290806e+00 1.957392547790807402e+00
6.956999997053616524e+09 1.277734526261919301e+00 1.672821610292702488e+00
6.956999996840428352e+09 1.201832443631119851e+00 1.490546616676730940e+00
6.956999996985251427e+09 1.445057178014329535e+00 1.556140354265047376e+00
6.956999997110858917e+09 1.606189724152524034e+00 1.349516222074433225e+00
6.956999997269564629e+09 1.382470132629992632e+00 1.445414712085633546e+00
6.956999997054493904e+09 1.484164050568673732e+00 1.278569344522331175e+00
6.956999997282189369e+09 1.434797650356666621e+00 1.452213187442524589e+00
6.956999997226736069e+09 1.693872197050094730e+00 1.571543684873910607e+00
6.956999997496747017e+09 1.708291109491762993e+00 1.465145066570769927e+00
6.956999997484288216e+09 1.808842815690192118e+00 1.192805863824297319e+00
6.956999997717272758e+09 1.974966918872710586e+00 1.243356292811900410e+00
6.956999997902358055e+09 1.794451151142802292e+00 1.110722029002091826e+00
6.956999997914429665e+09 1.762902643916208545e+00 1.399328105368961905e+00
6.956999997955733299e+09 1.908607205451029021e+00 1.151338822234543757e+00
6.956999997684974670e+09 1.803144954847206494e+00 1.152658901040595651e+00
6.956999997446623802e+09 1.652860007887762217e+00 1.223637919047881883e+00
6.956999997367300034e+09 1.572315394728233784e+00 9.559538105755093218e-01
6.956999997467928886e+09 1.306869046323952288e+00 8.939325939315385661e-01
6.956999997485417366e+09 1.189897695724221327e+00 1.159349922232759900e+00
6.956999997639653206e+09 9.553856309677528635e-01 1.084184076695460686e+00
6.956999997672957420e+09 9.471543285752407337e-01 7.956401568837263572e-01
6.956999997779729843e+09 6.843564239609349897e-01 8.586585188138790015e-01
6.956999997868682861e+09 4.088787762388602087e-01 8.334804267887311324e-01
6.956999997967683792e+09 6.709847841347925668e-01 7.564499602831357139e-01
6.956999998005924225e+09 6.448301750811759048e-01 4.695909825816494410e-01
6.956999997846192360e+09 4.875266299662426306e-01 2.847241845650844705e-01
6.956999997953338623e+09 5.050261446474593185e-01 1.519118715395378905e-02
6.956999997922040939e+09 6.851976504088839182e-01 2.410078486656743180e-01
6.956999997968905449e+09 7.104469402292485913e-01 -4.465056398326577858e-02
6.956999998230515480e+09 7.898775908859915207e-01 -1.430650949457921151e-01
6.956999998416821480e+09 7.098412298434028100e-01 6.506622797844591188e-02
6.956999998263973236e+09 9.211189384632193500e-01 1.932604711644335393e-01
6.956999998399517059e+09 1.154614716704375432e+00 8.582592497714947033e-02
6.956999998359193802e+09 1.190906413634703620e+00 -1.996411179220730636e-01
6.956999998609110832e+09 1.121960524874453080e+00 -3.308752424642142920e-01
6.956999998772455215e+09 1.298553839706975133e+00 -1.678782640640419654e-01
6.956999998748323441e+09 1.310614080230579015e+00 -4.571993999174928103e-01
6.956999998533698082e+09 1.343061977305015420e+00 -2.640212768871247340e-01
6.956999998728710175e+09 1.168172389213145257e+00 -1.382493936092705766e-01
6.956999998763532639e+09 1.307602829004770539e+00 -3.907984397844960767e-01
6.956999998887604713e+09 1.352952159754863493e+00 -1.319857034073933510e-01
6.956999998690524101e+09 1.473531694250188151e+00 4.423711090235785126e-02
6.956999998686835289e+09 1.568811434995169840e+00 3.187232938943264093e-01
6.956999998795041084e+09 1.573068148314005654e+00 4.907917969910385869e-02
6.956999998738541603e+09 1.613162710088013263e+00 -2.331170688461078333e-01
6.956999998464838028e+09 1.545801593547565744e+00 -3.037082529788514007e-01
6.956999998581665039e+09 1.699502757936938391e+00 -8.654042874846090694e-02
6.956999998530628204e+09 1.491363982384311893e+00 -2.827749399958939813e-01
6.956999998478313446e+09 1.720548772940672988e+00 -1.119769608589246124e-01
6.956999998593710899e+09 1.851106985222696677e+00 -3.445119926398281240e-01
6.956999998653918266e+09 2.023589557187534194e+00 -5.704752115233137078e-01
6.956999998570012093e+09 1.828272523233809954e+00 -7.685800654720817970e-01
6.956999998405523300e+09 2.060373791368375063e+00 -8.277985680354518205e-01
6.956999998336303711e+09 2.104857408149589659e+00 -5.491153230108594130e-01
6.956999998346219063e+09 2.093504579792834885e+00 -8.393002580997301898e-01
6.956999998497757912e+09 2.063139459660967123e+00 -5.932344894063477092e-01
6.956999998484951019e+09 2.203281759755564728e+00 -3.390089647246758431e-01
6.956999998718287468e+09 2.033925265116036218e+00 -3.751637555314665806e-01
6.956999998897091866e+09 2.262288321747560005e+00 -3.574465586457536426e-01
6.956999998972648621e+09 2.269347605452197048e+00 -6.379387482540748167e-01
6.956999998823205948e+09 2.185852365506590012e+00 -8.727363703122826832e-01
6.956999998889449120e+09 2.312939822134966850e+00 -6.199614624579690147e-01
6.956999998709624290e+09 2.226134157080655207e+00 -4.088633445166290903e-01
6.956999998568910599e+09 2.106181583725645456e+00 -6.330186710318344012e-01
6.956999998400333405e+09 2.014291615645741551e+00 -4.149076734888125784e-01
6.956999998167337418e+09 2.185333399176947022e+00 -4.447753349545637280e-01
6.956999998085128784e+09 1.924124160823267760e+00 -3.475851623394251022e-01
6.956999998070296288e+09 1.920632982588456938e+00 -6.377614772887048034e-01
6.956999998292462349e+09 2.088883610878046859e+00 -5.554903385504192936e-01
6.956999998351907730e+09 2.037774265279117980e+00 -8.352913206292249537e-01
6.956999998309593201e+09 2.164923946314365910e+00 -5.774600419919102556e-01
6.956999998305808067e+09 2.161021400224156785e+00 -2.869347628984235121e-01
6.956999998293460846e+09 2.177444534492384509e+00 -5.767835705435497839e-01
6.956999998301556587e+09 2.153091261208874396e+00 -8.662242076010946423e-01
6.956999998434502602e+09 2.011831824167340077e+00 -6.498783331688188225e-01
6.956999998378566742e+09 2.072749472675961879e+00 -9.284365322626136896e-01
6.956999998457272530e+09 2.221741397361421289e+00 -1.165166853633710531e+00
6.956999998511319160e+09 2.503914672233958250e+00 -1.208660708648067406e+00
6.956999998526015282e+09 2.749223511019279975e+00 -1.363715858921495938e+00
6.956999998568305969e+09 2.870627697890136609e+00 -1.624305570914544417e+00
6.956999998705965996e+09 2.617645875711828829e+00 -1.662833006503094957e+00
6.956999998643867493e+09 2.618168580446134985e+00 -1.378970382337881606e+00
6.956999998432462692e+09 2.613583672336047048e+00 -1.578273002921027679e+00
6.956999998588107109e+09 2.718666292543761465e+00 -1.800009008214326078e+00
6.956999998595059395e+09 2.798082766184870174e+00 -2.079435536654990369e+00
6.956999998727677345e+09 2.863743500613896931e+00 -1.829364098957674267e+00
6.956999998680027962e+09 2.921364437056920949e+00 -2.110155545275451683e+00
6.956999998409860611e+09 2.922759249003861193e+00 -2.003187388072159347e+00
6.956999998381931305e+09 2.965375924823668630e+00 -1.717113492397326802e+00
6.956999998438482285e+09 2.682708402069567288e+00 -1.680567852900992643e+00
6.956999998356375694e+09 2.953071145157545541e+00 -1.612766393338211923e+00
6.956999998355533600e+09 2.950722946216850939e+00 -1.322200954545466045e+00
6.956999998605360031e+09 3.029233345867735849e+00 -1.448126673621139116e+00
6.956999998851881981e+09 2.948620205295335861e+00 -1.579134864258217918e+00
6.956999998812114716e+09 2.961846513056165531e+00 -1.866672866728016134e+00
6.956999998782985687e+09 2.796031028473287439e+00 -2.103508675168980879e+00
6.956999998591842651e+09 2.614640516023580830e+00 -2.225968393644186083e+00
6.956999998629762650e+09 2.656338706731965704e+00 -1.940910827186703713e+00
6.956999998632771492e+09 2.670602320604326785e+00 -1.650700568118603551e+00
6.956999998439970016e+09 2.482281591838630952e+00 -1.759317136425887496e+00
6.956999998456109047e+09 2.487227227642868410e+00 -2.049402608865195319e+00
6.956999998505663872e+09 2.367357855252322452e+00 -1.789383048490197137e+00
6.956999998622220993e+09 2.413752217545045653e+00 -2.051483416784850800e+00
6.956999998633058548e+09 2.701726919802220461e+00 -2.088734037922721942e+00
6.956999998619482994e+09 2.678883985180287475e+00 -1.799375435939850387e+00
6.956999998532514572e+09 2.680563716523137074e+00 -2.076626437211575915e+00
6.956999998754673958e+09 2.692981403736914636e+00 -1.889743113490611082e+00
6.956999998867229462e+09 2.658611453063072894e+00 -1.624065868077873898e+00
6.956999999106802940e+09 2.547002841124560657e+00 -1.744823877476270102e+00
6.956999999305903435e+09 2.756936294437152934e+00 -1.717963816719533909e+00
6.956999999518631935e+09 2.829188300225933705e+00 -1.902247811952395562e+00
6.956999999540699959e+09 2.542012282822036617e+00 -1.940685494068642658e+00
6.956999999326276779e+09 2.505176635626625625e+00 -1.748071121414170204e+00
6.956999999184552193e+09 2.398981173244712384e+00 -1.517699346685380535e+00
6.956999999257130623e+09 2.418157545269700393e+00 -1.236987526382791858e+00
6.956999999433186531e+09 2.577287113856844059e+00 -1.404668022941046868e+00
6.956999999493528366e+09 2.300398313405733752e+00 -1.468901875680003855e+00
6.956999999284107208e+09 2.501706527810054315e+00 -1.461677348618682482e+00
6.956999999391596794e+09 2.297586726660162615e+00 -1.284997841473292990e+00
6.956999999332515717e+09 2.259690855718063940e+00 -1.566969096620411506e+00
6.956999999320679665e+09 2.258382718491724006e+00 -1.857301121939675781e+00
6.956999999154011726e+09 2.495991015679031477e+00 -1.843204510273358965e+00
6.956999999310856819e+09 2.251501544653548681e+00 -1.850881470869073508e+00
6.956999999464303970e+09 2.351190767136718485e+00 -1.625158972243868405e+00
6.956999999482394218e+09 2.629193330365093395e+00 -1.542564606082361012e+00
6.956999999663895607e+09 2.573870487938984208e+00 -1.322493635071863460e+00
6.956999999529965401e+09 2.323463700355615114e+00 -1.384085893054583405e+00
6.956999999639221191e+09 2.331902867312694028e+00 -1.114964437034225986e+00
6.956999999788955688e+09 2.297939963462898305e+00 -8.682650685551722702e-01
6.956999999806980133e+09 2.176553718472741039e+00 -6.048737041858767149e-01
6.956999999932185173e+09 1.925822255613649725e+00 -5.281142773669014190e-01
6.956999999924261093e+09 1.635383680506244719e+00 -5.322547992905557468e-01
6.957000000170856476e+09 1.778007999976764397e+00 -5.895582205605811588e-01
