4.174200000000000000e+10 0.000000000000000000e+00 0.000000000000000000e+00
4.174199999968384552e+10 -1.560022163574621423e-01 2.788271006881712921e-01
4.174199999983576202e+10 -4.078081880645540447e-01 -6.110252812306565806e-02
4.174199999940685272e+10 -2.754603672177361462e-01 -3.752033158633067550e-02
4.174199999940215302e+10 -2.709100629453694564e-01 4.119165618714518140e-01
4.174199999929280853e+10 -3.063871331157924649e-02 7.757152007796717097e-01
4.174199999936167145e+10 -4.597555418079458667e-01 8.904005838552994101e-01
4.174199999929048157e+10 -4.953795333337927542e-01 4.480217294457735089e-01
4.174199999939466858e+10 -8.857748920134378423e-01 6.449305383098071776e-01
4.174199999923632812e+10 -5.748135564254970298e-01 3.616150549606518272e-01
4.174199999915392303e+10 -6.016293627875393124e-01 -7.943685799308303208e-02
4.174199999907108307e+10 -4.450471852497409619e-01 3.336676738450091717e-01
4.174199999918037415e+10 -9.469546874819656512e-02 7.415817706869054504e-02
4.174199999906577301e+10 -4.999473239172113614e-01 -8.292132971082236126e-02
4.174199999870026398e+10 -4.951780201493885536e-01 1.786417854726193577e-01
4.174199999872541809e+10 -4.962178881725381463e-01 6.274206105336301853e-01
4.174199999879146576e+10 -6.930235200618645175e-01 1.026094863647681876e+00
4.174199999836380768e+10 -7.236993732284953129e-01 8.911731070077186789e-01
4.174199999851983643e+10 -7.130315732953492747e-01 1.312573071442570294e+00
4.174199999860963440e+10 -6.458153820036156567e-01 1.747837277825248448e+00
4.174199999823784637e+10 -8.399065871364861380e-01 1.586159279550855672e+00
4.174199999818965912e+10 -7.429839058491691794e-01 1.149901846521304893e+00
4.174199999817876434e+10 -3.612601737590119266e-01 1.386977134195549466e+00
4.174199999804364777e+10 -7.798159084157989529e-01 1.294284176066123448e+00
4.174199999782624054e+10 -5.198128047069300317e-01 9.990410305807899682e-01
4.174199999812420654e+10 -7.906950110548836008e-01 1.198730290624896000e+00
4.174199999819851685e+10 -7.663623782927799777e-01 7.560992273235946914e-01
4.174199999810385895e+10 -7.337842557970574164e-01 3.179046844361796964e-01
4.174199999799324036e+10 -8.612660355198334949e-01 -9.868640832139979890e-02
4.174199999766469574e+10 -7.256316268907145872e-01 -3.738169683964042700e-01
4.174199999769728088e+10 -5.284386712568727162e-01 -7.764206559478528114e-01
4.174199999785153961e+10 -2.197950340241883738e-01 -1.064480899935396740e+00
4.174199999749665070e+10 -2.257630911011804242e-02 -8.716155229266031590e-01
4.174199999774671936e+10 1.683497167476431799e-01 -1.192631237465034744e+00
4.174199999773899841e+10 1.752413676934441167e-01 -7.432658602782427071e-01
4.174199999745879364e+10 3.831791782102714761e-01 -4.599255674938179661e-01
4.174199999770046234e+10 4.718524714533844366e-01 -9.145457509900351001e-02
4.174199999799929810e+10 1.364462139805701635e-01 -7.602280943811791369e-02
4.174199999818973541e+10 2.680092413532962903e-01 3.092847441396236463e-01
4.174199999844408417e+10 -1.971137608482059767e-02 5.428679251312149567e-01
4.174199999833945465e+10 4.425252381970638804e-02 9.753004186882172633e-01
4.174199999792204285e+10 -6.041323097160965216e-02 8.454883263217638500e-01
4.174199999812657928e+10 1.012394543259092367e-01 4.793351861255996660e-01
4.174199999773384094e+10 1.735615486582043898e-01 2.730245742572421364e-01
4.174199999774561310e+10 2.039104075913308056e-01 -1.752797683292059983e-01
4.174199999775166321e+10 1.962552420045999002e-01 2.740987986763692152e-01
4.174199999777853394e+10 3.944620736642331371e-01 6.766263450653284828e-01
4.174199999748708344e+10 6.916068940011023125e-01 8.463312313994668656e-01
4.174199999704132843e+10 6.676458221309498064e-01 8.988797906841261565e-01
4.174199999724198914e+10 3.387666708245204439e-01 1.130418439059183378e+00
4.174199999757110596e+10 3.269113727284533866e-02 1.136585306408712803e+00
4.174199999752617645e+10 5.000032145946987222e-02 6.896871685203332936e-01
4.174199999765637970e+10 2.419479843449664699e-02 2.602494999175093415e-01
4.174199999729891968e+10 -2.937894614746271518e-02 -6.932245653899715698e-03
4.174199999707214355e+10 -2.570232175869978652e-01 3.073698597994251602e-01
4.174199999703704071e+10 -3.203113740133213816e-01 7.509899129670605245e-01
4.174199999709137726e+10 -4.394068182705955783e-01 1.180990495290909603e+00
4.174199999729708862e+10 -5.965289931084795105e-01 1.548458831101828359e+00
4.174199999740430450e+10 -5.067201779278109885e-01 1.121288154564845652e+00
4.174199999759871674e+10 -2.374240844501122605e-01 8.184334522421754521e-01
4.174199999715986633e+10 -2.380252635980913689e-01 7.212526595252869432e-01
4.174199999690689850e+10 7.833419735562832664e-02 9.160907886412646972e-01
4.174199999696730804e+10 4.517725981243686517e-01 1.158846644881756927e+00
4.174199999726441956e+10 5.071472424364472653e-01 1.491557873993292649e+00
4.174199999728681946e+10 3.605705834144312116e-01 1.915880888902402601e+00
4.174199999770250702e+10 4.190642951029356356e-01 1.755206911201699027e+00
4.174199999775587463e+10 3.175338825735274928e-01 2.189809869988239566e+00
4.174199999769820404e+10 2.755869294144164261e-01 2.633601441600261772e+00
4.174199999756071472e+10 2.813346010219319182e-01 3.061502444528315880e+00
4.174199999750996399e+10 3.142467068363538063e-01 3.506898407293422171e+00
4.174199999794535065e+10 2.388539524455210450e-01 3.589301620878515564e+00
4.174199999756763458e+10 4.490519244887311023e-01 3.466068170740802312e+00
4.174199999738186646e+10 1.224873708992610388e-01 3.712808933365825848e+00
4.174199999760505676e+10 -6.786932422863486969e-02 3.372241801441658193e+00
4.174199999764189148e+10 -1.522652450365831744e-01 2.932291055912075173e+00
4.174199999765328217e+10 -1.129656148177432679e-01 3.379909287342361068e+00
4.174199999808675385e+10 -1.847137778920401874e-01 3.474722701525863044e+00
4.174199999805364227e+10 -2.079426769844829048e-01 3.027061691275384270e+00
4.174199999806839752e+10 -4.292396022607928296e-01 3.418017459068221520e+00
4.174199999793621826e+10 -2.582393029447863642e-01 3.812127739019778083e+00
4.174199999794743347e+10 -8.846251839253388427e-02 4.228164247479970328e+00
4.174199999816847229e+10 1.405078982829006951e-01 3.910754136841049000e+00
4.174199999826071930e+10 2.635723528048440900e-01 4.333107162410620106e+00
4.174199999827721405e+10 2.997321749571262850e-01 3.885383077047351641e+00
4.174199999843187714e+10 6.743194889432605477e-01 4.079807858217700200e+00
4.174199999831561279e+10 1.084678814832573668e+00 4.221666923353907919e+00
4.174199999831697845e+10 1.135216661849876019e+00 4.668299220326530552e+00
4.174199999863950348e+10 8.273066447811866508e-01 4.724898855501819206e+00
4.174199999850063324e+10 4.915127568186183904e-01 4.460336769592556649e+00
4.174199999839461517e+10 5.981674665379670408e-01 4.036755436068450997e+00
4.174199999837996674e+10 9.282630985403709234e-01 4.341482706455015439e+00
4.174199999839077759e+10 8.662654196864644218e-01 3.896425590633295410e+00
4.174199999858780670e+10 1.149792475652357426e+00 4.184224717098914859e+00
4.174199999900173187e+10 1.031035456071653256e+00 4.313072345645192485e+00
4.174199999855920410e+10 1.071593439084890687e+00 4.380597414145001700e+00
4.174199999860346985e+10 1.493474322111867592e+00 4.529235668501809364e+00
4.174199999826573181e+10 1.632392305633896923e+00 4.791286033326628946e+00
4.174199999813951111e+10 1.704880530078736411e+00 5.216551294892229684e+00
4.174199999810195160e+10 2.140148923900933475e+00 5.322224771196172100e+00
4.174199999782348633e+10 1.791420049214488497e+00 5.375912934499753604e+00
4.174199999781908417e+10 1.809818676815782013e+00 5.824999150556378957e+00
4.174199999791007996e+10 1.839483879822676027e+00 5.385822992197861758e+00
4.174199999801201630e+10 1.558390322588832699e+00 5.050216214371888057e+00
4.174199999825824738e+10 1.193702399910916867e+00 4.958517045537575996e+00
4.174199999836470795e+10 7.641777616895305547e-01 5.037325516699970862e+00
4.174199999880157471e+10 7.910136719401100747e-01 4.935022296159385036e+00
4.174199999895466614e+10 9.284067444623645970e-01 4.535370444152090563e+00
4.174199999896778107e+10 5.301611028780379709e-01 4.743372414500086620e+00
4.174199999875672913e+10 8.176866479192900217e-01 4.469833701573105778e+00
4.174199999870480347e+10 1.239303944739041707e+00 4.616732595000689443e+00
4.174199999911672974e+10 1.345217853654867568e+00 4.762115475429903100e+00
4.174199999945262909e+10 1.637781064489668426e+00 4.701977717992257055e+00
4.174199999970222473e+10 1.783028202422956010e+00 5.046421352563328355e+00
4.174199999944503021e+10 1.416893136605207992e+00 5.089216040547677622e+00
4.174199999929498291e+10 1.348032906408561216e+00 4.671148304831017839e+00
4.174199999927005768e+10 9.021225219683827179e-01 4.721933709887392361e+00
4.174199999885007477e+10 8.029321049694514434e-01 4.847678733707786236e+00
4.174199999857403564e+10 1.104196438468999730e+00 5.034975722266014309e+00
4.174199999832204437e+10 1.455025070269818865e+00 4.910648654975503291e+00
4.174199999864348602e+10 1.563431830759588248e+00 4.615759911157966577e+00
4.174199999861126709e+10 1.586659117007092945e+00 5.063486134156941709e+00
4.174199999853355408e+10 1.340562533125102096e+00 5.431499638783697570e+00
4.174199999888072968e+10 1.558881946773328586e+00 5.615458627150570869e+00
4.174199999898526001e+10 1.174204613614764359e+00 5.823145566552250685e+00
4.174199999859766388e+10 1.180617986400852137e+00 5.595631312508932531e+00
4.174199999858321381e+10 1.189030784828750242e+00 5.146457962298476296e+00
4.174199999866213226e+10 1.363129448687623535e+00 5.553271755315254410e+00
4.174199999908702087e+10 1.334282414669520467e+00 5.697060608250544611e+00
4.174199999905359650e+10 1.388648365659503225e+00 5.252129853140555582e+00
4.174199999882938385e+10 1.047024996596921387e+00 5.439366044799605504e+00
4.174199999904624939e+10 6.730163251099252619e-01 5.316393205528985533e+00
4.174199999893655396e+10 9.391152127687414364e-01 5.661640015994271025e+00
4.174199999923863983e+10 9.116097877462294718e-01 5.993340484360827780e+00
4.174199999879381561e+10 8.498908921285391882e-01 6.012205425638975420e+00
4.174199999906767273e+10 4.951244926444950401e-01 6.046567273730969028e+00
4.174199999885637665e+10 8.485627833904562101e-01 6.226768794783039240e+00
4.174199999851539612e+10 9.485880268452695496e-01 6.502024309996418339e+00
4.174199999813980103e+10 1.184801009197104182e+00 6.573905692291992509e+00
4.174199999821080780e+10 1.157404971105890690e+00 7.016900458550198394e+00
4.174199999836549377e+10 8.598855321073379798e-01 7.316216630389015485e+00
4.174199999854141998e+10 9.506287179793443398e-01 7.719764317294027123e+00
4.174199999838417816e+10 7.702978308673867902e-01 8.100281337467825082e+00
4.174199999846710968e+10 1.031383015229089484e+00 7.743920797908469211e+00
4.174199999846730042e+10 1.242884966905143385e+00 7.347306079836093851e+00
4.174199999839150238e+10 1.681494667356006278e+00 7.284758519817242650e+00
4.174199999837294769e+10 1.652866636719603211e+00 7.732946471550979695e+00
4.174199999812331390e+10 1.738298781543929472e+00 8.096844029676445231e+00
4.174199999813478851e+10 2.157531697556627659e+00 7.935139210157140077e+00
4.174199999778616333e+10 2.195947118356992078e+00 8.216245695553535455e+00
4.174199999780858612e+10 2.237991185808351435e+00 7.769293800838692476e+00
4.174199999786098480e+10 2.583954938270967450e+00 7.487158922094549141e+00
4.174199999787749481e+10 2.365164357944953721e+00 7.879452620260649631e+00
4.174199999786306000e+10 2.500792476322969193e+00 8.307743373296865741e+00
4.174199999758251190e+10 2.587199224387321639e+00 7.967357745671830749e+00
4.174199999761988068e+10 2.450479000729640422e+00 7.540804522111970165e+00
4.174199999772385406e+10 2.176440339956391856e+00 7.881581806932405065e+00
4.174199999778075409e+10 2.171692726318000588e+00 8.327425233188165521e+00
4.174199999783680725e+10 1.954894686126114944e+00 7.937690422299779947e+00
4.174199999785132599e+10 1.995790833523544361e+00 8.385075219163542926e+00
4.174199999786512756e+10 2.181215223870319520e+00 7.975851943325324989e+00
4.174199999780806732e+10 1.930782158923765035e+00 7.606983916638862198e+00
4.174199999781465149e+10 1.917515076286699038e+00 7.157743451545017344e+00
4.174199999781134033e+10 2.299775174848436521e+00 6.921306190671085545e+00
4.174199999764581299e+10 2.292628835015482647e+00 6.503470074453149508e+00
4.174199999766766357e+10 2.739008918110997115e+00 6.455471280715363136e+00
4.174199999788870239e+10 2.362031535561804674e+00 6.350282331650668688e+00
4.174199999794418335e+10 1.974543663050736919e+00 6.571215124660682250e+00
4.174199999803709412e+10 1.743402742926837501e+00 6.197079523426721082e+00
4.174199999761007690e+10 1.676932586881722642e+00 6.073502848981108038e+00
4.174199999781078339e+10 1.525964720177045875e+00 5.700725983683665454e+00
4.174199999783506775e+10 1.830937876247479057e+00 5.371426548609395724e+00
4.174199999793734741e+10 1.820572267081670637e+00 4.933855495035538219e+00
4.174199999799351501e+10 1.380240420670112211e+00 5.004488549095642114e+00
4.174199999757973480e+10 1.204897206705369594e+00 4.995823528722068474e+00
4.174199999796843719e+10 1.023396310321908809e+00 4.861638445464338432e+00
4.174199999823173523e+10 7.658739734874661087e-01 4.603970007979233614e+00
4.174199999812504578e+10 8.923709581729944995e-01 5.021883236521426319e+00
4.174199999827130127e+10 1.315064355004734953e+00 5.066326627081691569e+00
4.174199999840540314e+10 1.721830852943909695e+00 5.202686178718102461e+00
4.174199999818100739e+10 1.497677729178016115e+00 5.521180873223292096e+00
4.174199999817176056e+10 1.533699320894219120e+00 5.969124258465750010e+00
4.174199999801100159e+10 1.534223057689251046e+00 6.388877544771021100e+00
4.174199999796751404e+10 1.484444849051066440e+00 6.833475801720625853e+00
4.174199999821406555e+10 1.484097040454556815e+00 6.457647087969806243e+00
4.174199999825843811e+10 1.405558632308645972e+00 6.017307591155033109e+00
4.174199999789360809e+10 1.143627935457627531e+00 6.035480054029935815e+00
4.174199999788549042e+10 7.054029526566917285e-01 6.135126262848670464e+00
4.174199999787414551e+10 3.002387947454266959e-01 6.329418942184917185e+00
4.174199999786089325e+10 3.376199724937508084e-01 5.881687479456649825e+00
4.174199999763617706e+10 6.179860366869275312e-01 6.151750759411201308e+00
4.174199999774935150e+10 1.915546600189899085e-01 6.065821598674655313e+00
4.174199999777825928e+10 -1.066741712568255451e-01 5.730768680920617975e+00
4.174199999794062042e+10 1.704192419300071260e-01 6.045245480443026231e+00
4.174199999814214325e+10 3.358900060550166211e-01 5.679124485207029949e+00
4.174199999820191193e+10 5.190603916447067423e-01 5.273029770696685326e+00
4.174199999862465668e+10 6.175161857063027337e-01 5.156291939705203831e+00
4.174199999871553040e+10 7.435386571277733392e-01 4.734514736077786168e+00
4.174199999909644318e+10 6.901245569346515785e-01 4.967079115208861140e+00
4.174199999938420105e+10 6.294052214917067456e-01 5.306998761973217071e+00
4.174199999930054474e+10 9.668954160720122371e-01 5.591845688311107843e+00
4.174199999962397766e+10 1.240473424168694550e+00 5.441577727254636621e+00
4.174199999965055084e+10 8.914130382825353749e-01 5.723512446189270797e+00
4.174200000007456207e+10 7.759537592987342247e-01 5.629063586583729517e+00
4.174200000006658936e+10 9.326407673666810005e-01 6.050278414726097509e+00
4.174199999976159668e+10 1.255869362504627773e+00 6.117661391055078113e+00
4.174200000013057709e+10 1.009180480154988402e+00 6.046705919588313272e+00
