3.478500000000000000e+10 0.000000000000000000e+00 0.000000000000000000e+00
3.478499999995501709e+10 -3.489885066858360307e-01 -1.526503260727181954e-01
3.478499999992189789e+10 -9.606543832960134921e-02 -4.390971698258222533e-01
3.478499999966402435e+10 -3.547424585899930927e-01 -5.561679162141089927e-01
3.478499999969709015e+10 1.323485774845584162e-02 -4.531244470159432325e-01
3.478499999963623810e+10 3.415297644692913415e-01 -2.643439922376948914e-01
3.478499999963660431e+10 3.520746322230684511e-01 1.190712051171389230e-01
3.478499999968067932e+10 3.565643144452002034e-01 5.000640448923787673e-01
3.478499999955313110e+10 6.938918864407549458e-01 3.694462908773329946e-01
3.478499999927093506e+10 4.658425291225958276e-01 2.450335454394037271e-01
3.478499999934616852e+10 5.349061864165790547e-01 6.147479133183875177e-01
3.478499999957114410e+10 3.204883329826965777e-01 8.395326277906673962e-01
3.478499999922650146e+10 4.865747890417760901e-01 8.670004290061090746e-01
3.478499999959408569e+10 5.721247494648044052e-01 9.354084631790459126e-01
3.478499999963178253e+10 2.095510586519083729e-01 1.054729604626143846e+00
3.478499999953730011e+10 4.778949357564832301e-01 1.311989562269743725e+00
3.478499999947119141e+10 4.518436873404960141e-01 1.688910657974137530e+00
3.478499999930958557e+10 7.946838556941027143e-01 1.747761912827199282e+00
3.478499999930590820e+10 5.639208692142740897e-01 1.441406743082876751e+00
3.478499999906093597e+10 8.547961821048624120e-01 1.491379681727726947e+00
3.478499999937095642e+10 7.159482029837831440e-01 1.313258671664860433e+00
3.478499999956435394e+10 7.520495568310954226e-01 9.839989202249381783e-01
3.478499999952745056e+10 1.132789641410880455e+00 1.012175647086505759e+00
3.478499999950897980e+10 9.587470423886633730e-01 6.708742722498621802e-01
3.478499999972469330e+10 1.082819021749126920e+00 3.789962446237669091e-01
3.478499999998422241e+10 8.889325124692430968e-01 5.843494064319387782e-01
3.478499999989093781e+10 6.878960740620562175e-01 8.974001004605047793e-01
3.478499999986612701e+10 7.264561514214179505e-01 1.278210015619682061e+00
3.478499999961354828e+10 5.505025495345641229e-01 1.049381339931078738e+00
3.478499999972831726e+10 1.959427454132717794e-01 1.140119662303820114e+00
3.478499999946791840e+10 4.640585495088049850e-01 1.226291739136637471e+00
3.478499999942989349e+10 4.347003613575827208e-01 8.457516588957231241e-01
3.478499999945021057e+10 6.109062431814947791e-01 1.185835845099375119e+00
3.478499999951450348e+10 8.737839209109096172e-01 1.457645195593157528e+00
3.478499999952503967e+10 8.609395136400683768e-01 1.840845506015150512e+00
3.478499999948912048e+10 8.800708191530131064e-01 2.222240508084940114e+00
3.478499999946562195e+10 1.041053357552283343e+00 1.874892246038188270e+00
3.478499999965566254e+10 1.192248685677625097e+00 2.171782339582517984e+00
3.478499999959790802e+10 1.080622693227221154e+00 1.809397458232943068e+00
3.478499999938401794e+10 1.052709835538071959e+00 2.126557024450422162e+00
3.478499999905609131e+10 8.687054184772511345e-01 2.050880835294157212e+00
3.478499999889500427e+10 9.858503526524996508e-01 1.723089371926484814e+00
3.478499999913374329e+10 7.547933743532523332e-01 1.914749015749230399e+00
3.478499999930895996e+10 9.629452082254199574e-01 2.185102281431424931e+00
3.478499999933576965e+10 9.586124445568965369e-01 2.567699903939029582e+00
3.478499999914375305e+10 1.197155348228281513e+00 2.336732728606820242e+00
3.478499999920409393e+10 1.537889311710030071e+00 2.502194029363847161e+00
3.478499999887517548e+10 1.414994331847422737e+00 2.656549558013011403e+00
3.478499999875299835e+10 1.248432531183470751e+00 2.333364395414932346e+00
3.478499999873110962e+10 1.049310220065140964e+00 2.006271476078624882e+00
3.478499999872854614e+10 8.116796631204561407e-01 1.705200545219291985e+00
3.478499999874662781e+10 6.682130721932151296e-01 1.349941483349721194e+00
3.478499999849610901e+10 5.434172201755232967e-01 1.612207695821031628e+00
3.478499999859677124e+10 2.030466040530810590e-01 1.757581201178337382e+00
3.478499999850353241e+10 5.047797363236106172e-01 1.975254632630744966e+00
3.478499999834468842e+10 4.067846198760989296e-01 1.640165472600606966e+00
3.478499999846644592e+10 7.636677169068791793e-01 1.710371831998630965e+00
3.478499999837545013e+10 8.962853071886623946e-01 2.058581938512133114e+00
3.478499999820334625e+10 7.280127953432228294e-01 1.759948473871228547e+00
3.478499999856484222e+10 6.778212691365704812e-01 1.641975638683814465e+00
3.478499999852494049e+10 8.300514540398673535e-01 1.991764301935379233e+00
3.478499999874860382e+10 6.858042781554501977e-01 1.715566368025671862e+00
3.478499999890541077e+10 6.597707571629249923e-01 2.064640634630188210e+00
3.478499999883268738e+10 7.587536229779889840e-01 2.428002810401757472e+00
3.478499999907987976e+10 7.126298023723243169e-01 2.138373407388198810e+00
3.478499999907911682e+10 8.081628694936791035e-01 2.509845340932761459e+00
3.478499999928024292e+10 6.378841861806792135e-01 2.231148138532703218e+00
3.478499999956723785e+10 4.439303547561300745e-01 2.395871523208346066e+00
3.478499999982955170e+10 7.233789694857299946e-01 2.381063346184621121e+00
3.478499999982008362e+10 4.684407460871192752e-01 2.667481610904686828e+00
3.478499999999512482e+10 6.316662420722117810e-01 2.967209568845878387e+00
3.478499999988314056e+10 7.519746175829009616e-01 2.620650334432037987e+00
3.478499999994846344e+10 4.131525267330831142e-01 2.788134970133228308e+00
3.478500000015397644e+10 4.294962532761991691e-01 2.464692385925164153e+00
