5.565600000000000000e+10 0.000000000000000000e+00 0.000000000000000000e+00
5.565599999999980927e+10 1.787628652362863863e-02 -7.988768569338530190e-01
5.565599999949128723e+10 1.316448797369762780e-01 -1.930861860063334268e-01
5.565599999874469757e+10 3.844083005295109157e-01 -3.243717652981636945e-01
5.565599999835205841e+10 1.005668681459620739e+00 -1.069105219581828470e-02
5.565599999897145844e+10 1.396177075333767004e+00 -3.306464783146594311e-01
5.565599999862763977e+10 1.687465637414397923e+00 -9.905415358628970601e-01
5.565599999912909698e+10 1.964686255629064515e+00 -4.335738074815558285e-01
5.565599999936788177e+10 2.568233470546338104e+00 3.251365379287213253e-02
5.565600000000548553e+10 2.613624431812008542e+00 -4.469899951273492156e-01
5.565599999982595062e+10 2.218395588383720973e+00 2.238942794339950360e-01
5.565599999995076752e+10 2.291045769206940363e+00 -5.620227898939600397e-01
5.565599999977088928e+10 2.382479586475147570e+00 2.111580528952099467e-01
5.565599999925592804e+10 1.773178785662228751e+00 1.654002763596402747e-01
5.565599999959716797e+10 1.922686468857751629e+00 8.723139476495949118e-01
5.565600000007540131e+10 2.542006646333623276e+00 1.034351255135256498e+00
5.565600000022734070e+10 2.573846415904901264e+00 2.504984930812369504e-01
