4.174200000000000000e+10 0.000000000000000000e+00 0.000000000000000000e+00
4.174199999995944977e+10 4.081155500754313388e-03 4.476330369372104045e-01
4.174199999953213501e+10 1.260568444522899012e-01 3.801187909426611000e-01
4.174199999941526031e+10 6.404681407141982197e-02 -4.945254458066117298e-02
4.174199999945658875e+10 2.781173882365765015e-01 3.436146626548725047e-01
4.174199999955735779e+10 -1.593289480624805465e-01 3.207386135153800222e-01
4.174199999932053375e+10 -4.859396285384795511e-01 5.189164853914722819e-01
4.174199999946965027e+10 -8.375034705322332851e-01 7.559896519185735908e-01
4.174199999979133606e+10 -8.464845322252839699e-01 4.421866926759958072e-01
4.174199999998543549e+10 -5.272168015632485716e-01 6.920451352291624447e-01
4.174199999954673004e+10 -4.695438320683618105e-01 6.129974715187432865e-01
4.174199999949721527e+10 -1.659066804434997100e-01 2.852943961280523522e-01
4.174199999969662476e+10 -2.769037036006892771e-01 -1.019402280193563715e-01
4.174199999961125183e+10 -4.690028072478640286e-01 2.953583627335087947e-01
4.174199999979651642e+10 -8.572019437840937561e-01 1.649188020300688950e-01
4.174199999985480499e+10 -4.530122152356176879e-01 3.527213435514030548e-01
4.174199999952929688e+10 -4.436993425032799143e-01 4.289403117910667307e-02
4.174199999957981110e+10 -1.238530373712663502e-01 -2.688477714457128132e-01
4.174199999961010742e+10 -1.831332550294326456e-01 -7.133749693232107614e-01
4.174199999982647705e+10 6.181252798752112643e-02 -1.021953161138731581e+00
4.174200000005963135e+10 4.400640355876699328e-01 -1.089777259088631434e+00
4.174200000007295227e+10 1.284568588605555228e-01 -7.661109597522541836e-01
4.174199999988330078e+10 5.318555647322809055e-01 -7.083435599915757219e-01
4.174200000013273621e+10 9.050435093845566881e-01 -7.318120380457450169e-01
