6.261300000000000000e+10 0.000000000000000000e+00 0.000000000000000000e+00
6.261299999976443481e+10 -6.119203822023081690e-02 1.494248623128858089e+00
6.261299999964614868e+10 -2.931787617903819920e-01 2.985625306986991134e+00
6.261299999978146362e+10 -1.327024171355700721e+00 4.083290030363638579e+00
6.261300000006103516e+10 -2.414032653958888552e+00 5.099295376491004284e+00
6.261299999968887329e+10 -2.165280503625544029e+00 6.545543407044306150e+00
6.261299999891499329e+10 -1.565405910882761376e+00 7.700217293486550929e+00
6.261299999804142761e+10 -2.061550278075661158e+00 8.832797891169958504e+00
6.261299999721334839e+10 -2.484344615478667251e+00 7.637998322707709065e+00
6.261299999673735809e+10 -1.951258597239425630e+00 8.972640376828900699e+00
6.261299999585406494e+10 -2.930111715362825109e+00 8.228559355399637454e+00
6.261299999570097351e+10 -1.818403001450193957e+00 7.212350517438811615e+00
6.261299999708676910e+10 -2.413591433579330925e+00 7.344012527936036427e+00
6.261299999706886292e+10 -2.429602524240991102e+00 8.857761830343868326e+00
6.261299999782008362e+10 -2.870495799389878755e+00 1.009602506636721664e+01
6.261299999781274414e+10 -2.922693781624457809e+00 1.160904699271531371e+01
6.261299999884063721e+10 -2.177858961803864624e+00 1.078401623970626844e+01
6.261299999738150787e+10 -1.895940873024113182e+00 1.107292271520073967e+01
6.261299999788574219e+10 -2.559844842624553252e+00 9.809200698377024352e+00
6.261299999791151428e+10 -2.803860187847465824e+00 1.130312372096265072e+01
6.261299999809588623e+10 -2.914973418950907114e+00 1.280168095652167892e+01
6.261299999699501038e+10 -3.531026582394157565e+00 1.196468026951662722e+01
6.261299999707399750e+10 -2.602389396275497369e+00 1.315774699408107296e+01
6.261299999674741364e+10 -1.181427620400068657e+00 1.356545602348245971e+01
6.261299999812390900e+10 -1.270451882827603018e+00 1.294147763149296182e+01
6.261299999757228088e+10 -1.844537049155621222e-01 1.204240825722920505e+01
6.261299999697595215e+10 -4.714366548485527941e-01 1.068077410705173058e+01
6.261299999585821533e+10 -5.918138680743673108e-01 1.169476692340948887e+01
6.261299999492893982e+10 -1.641901440958846159e+00 1.226553718091838086e+01
6.261299999441061401e+10 -8.794357354555311090e-01 1.106470411261304676e+01
6.261299999446772003e+10 6.174031292596044995e-01 1.128430815815838173e+01
6.261299999560773468e+10 -2.856609462529132726e-01 1.170485824196824076e+01
6.261299999525599670e+10 5.153436252169391052e-02 1.313824421427174549e+01
6.261299999446761322e+10 1.342370170312200184e+00 1.307338969334127654e+01
6.261299999563899994e+10 1.110179371577058260e+00 1.400395521092877615e+01
6.261299999555321503e+10 1.581634986898170725e+00 1.256785489072228756e+01
6.261299999605297089e+10 2.506167084789860500e+00 1.365757812246188863e+01
6.261299999696146393e+10 2.758115039092254417e+00 1.247301902892039749e+01
6.261299999671773529e+10 3.848509628731057397e+00 1.145142681448605160e+01
6.261299999671749115e+10 3.884639433885533233e+00 1.296493544746596349e+01
6.261299999786702728e+10 3.556590843459159323e+00 1.389388967690381271e+01
6.261299999698974609e+10 4.617503607916398245e+00 1.452385913204531320e+01
6.261299999658358002e+10 6.060056166923919463e+00 1.430918729938333733e+01
6.261299999643627167e+10 6.101861024510115250e+00 1.280301123697934074e+01
6.261299999712687683e+10 5.395479214827254566e+00 1.165579591076696531e+01
6.261299999848777771e+10 5.733394502653028191e+00 1.108503099330527419e+01
6.261299999716457367e+10 6.188233092973792537e+00 1.166318656149781674e+01
6.261299999706005096e+10 6.210668696394345822e+00 1.015302602561004441e+01
6.261299999653384399e+10 6.568903335561450341e+00 1.152663117448791397e+01
6.261299999746741486e+10 6.706222100793309160e+00 1.034273588816137668e+01
6.261299999718161774e+10 5.753747314865421458e+00 1.148428165698431869e+01
6.261299999699095917e+10 5.810999338566743333e+00 1.298507631926589845e+01
6.261299999776483917e+10 5.888897657726919199e+00 1.168621019238844028e+01
6.261299999826555634e+10 5.669160621366708064e+00 1.027446947127468135e+01
6.261299999939810944e+10 4.834810605128504690e+00 9.714821843915666832e+00
6.261299999957334900e+10 4.723385493773063715e+00 8.215192321269880082e+00
6.261299999810136414e+10 4.626323082829928879e+00 7.874807362667784361e+00
6.261299999799715424e+10 5.512105356353074193e+00 9.098140257164859079e+00
6.261299999741640472e+10 5.223107820517886246e+00 1.046606840463588561e+01
6.261299999703765106e+10 4.420609677617115096e+00 1.169267305217154096e+01
6.261299999776784515e+10 5.733290704913496683e+00 1.150372204194925629e+01
6.261299999726676178e+10 5.627314828912026279e+00 1.292839596878127928e+01
6.261299999864273834e+10 5.037351904675313463e+00 1.315344946271205728e+01
6.261299999879070282e+10 5.645343368633159109e+00 1.177487538480377616e+01
6.261299999995425415e+10 6.048303975877521665e+00 1.265566476740766255e+01
6.261300000017323303e+10 5.577368412548837640e+00 1.407773426503244885e+01
