2.782800000000000000e+10 0.000000000000000000e+00 0.000000000000000000e+00
2.782799999997031021e+10 9.761407234733478905e-03 -3.410356560300036310e-01
2.782799999998700333e+10 1.676702310362415335e-02 -6.830214720726869304e-01
2.782800000000859833e+10 8.895147594915706057e-02 -3.489480662484283902e-01
2.782799999999705124e+10 9.452587056811921629e-02 -6.723573284566963792e-03
2.782799999991173553e+10 -1.677157112832491359e-01 1.963346235080916935e-01
2.782799999984647369e+10 -3.766883009096925194e-01 4.596849324399423509e-01
2.782799999995881653e+10 -5.723011025016018216e-01 2.020084716432516969e-01
2.782800000000244522e+10 -6.439560326264130996e-01 -1.300217468722724146e-01
2.782800000019260025e+10 -3.602804493863603907e-01 -1.044910962334883314e-01
