4.869900000000000000e+10 0.000000000000000000e+00 0.000000000000000000e+00
4.869899999982367706e+10 -2.260314426365371832e-01 4.857797136103823021e-01
4.869899999949776459e+10 -4.396412300892543201e-01 7.796185694025220547e-02
4.869899999970260620e+10 -1.435691273355507169e-01 5.121764598219562536e-01
4.869899999950115204e+10 -4.179897157329446888e-01 6.243142457577288695e-02
4.869899999933775330e+10 -4.103043814235183273e-01 -4.773866285349255278e-01
4.869899999878793335e+10 -5.281426322965769860e-01 -4.329364996677170785e-01
4.869899999931816101e+10 -4.461768355236829797e-01 -6.070216809994324336e-01
4.869899999919864655e+10 -4.610875213833370845e-02 -2.277799568558945831e-01
4.869899999923215485e+10 -1.572281717130811010e-02 3.344616487163445395e-01
4.869899999926281738e+10 -3.559120666456788012e-02 -2.284118132927439593e-01
4.869899999881798553e+10 1.961461310561704030e-01 -4.864443914175784478e-01
4.869899999839117432e+10 2.825381530902930649e-01 -1.279308174007058874e-01
4.869899999794978333e+10 -6.858689304172882473e-02 -1.346800860482913476e-01
4.869899999750578308e+10 2.390996814263329773e-01 2.766712210851035580e-02
4.869899999751581573e+10 7.932542452628323915e-01 -7.708761497870428303e-02
4.869899999738160706e+10 2.804933461461625033e-01 1.158519492693553254e-01
4.869899999734333038e+10 3.183618484941669324e-01 6.773343795568127490e-01
4.869899999738635254e+10 1.126467456977566783e-01 1.538918393731399936e-01
4.869899999738083649e+10 2.006594889756379840e-01 -4.032301502212898292e-01
4.869899999725531006e+10 -1.998989029719691612e-02 -9.069352736615380328e-01
4.869899999686151886e+10 1.067083581612173482e-01 -1.290393072245659134e+00
4.869899999651075745e+10 3.605759646397440621e-01 -9.288940803732439466e-01
4.869899999645175171e+10 5.115407293130436184e-01 -1.469162096370020709e+00
4.869899999595597839e+10 7.600429106110917488e-01 -1.572194757375067198e+00
4.869899999595326996e+10 2.346135043413763999e-01 -1.367065108105967708e+00
4.869899999555310822e+10 -1.577836006395513802e-01 -1.303395494933442533e+00
4.869899999558317566e+10 -4.468706253780815318e-01 -8.199844114801622119e-01
4.869899999586354828e+10 -9.076685709383891520e-01 -9.849628158280548940e-01
4.869899999605612183e+10 -1.228280268863565006e+00 -1.407199632687860413e+00
4.869899999555711365e+10 -1.236094220778302111e+00 -1.670052422129216341e+00
4.869899999540217590e+10 -1.430409435428718234e+00 -1.163696502285806567e+00
4.869899999590435791e+10 -1.614466097465481198e+00 -1.342863167562771576e+00
4.869899999565199280e+10 -1.145495179840453348e+00 -1.528710733234207142e+00
4.869899999565959930e+10 -1.050063898832670706e+00 -2.084585346238054804e+00
4.869899999560211945e+10 -1.458692632848184623e+00 -1.700033261130771134e+00
4.869899999615920258e+10 -1.378718426490723736e+00 -1.662317986111829571e+00
4.869899999660984039e+10 -1.667078851169034870e+00 -1.483611021242501771e+00
4.869899999648892975e+10 -1.992841696566139520e+00 -1.927932132245114394e+00
4.869899999639148712e+10 -2.543030452566697797e+00 -2.005120970286802251e+00
4.869899999625067902e+10 -2.706990068725402931e+00 -2.526131433096188150e+00
4.869899999678316498e+10 -2.694788818915619277e+00 -2.711785547742788793e+00
4.869899999684509277e+10 -2.647727921983999533e+00 -2.153115570169735538e+00
4.869899999693141937e+10 -3.015561011350873066e+00 -2.571933410526033637e+00
4.869899999735728455e+10 -2.649445824851791365e+00 -2.519377561206643357e+00
4.869899999740302277e+10 -2.665352460994433237e+00 -1.957402114945895555e+00
4.869899999736696625e+10 -3.055591736464367436e+00 -2.363080581943298508e+00
4.869899999739078522e+10 -3.101167667034787634e+00 -2.924789669980931706e+00
4.869899999710503387e+10 -2.743535896228130433e+00 -3.254343402990380163e+00
4.869899999679166412e+10 -3.091414834553326330e+00 -3.568896026322659676e+00
4.869899999661933899e+10 -3.590375691347810871e+00 -3.370138530420926148e+00
4.869899999657913208e+10 -3.946924211604261767e+00 -3.805360260727127741e+00
4.869899999631926727e+10 -4.405905050380428456e+00 -3.605435134382920737e+00
4.869899999640045929e+10 -4.374053241775502698e+00 -4.162709825292866483e+00
4.869899999612585449e+10 -4.762403039105027602e+00 -3.859495187925769510e+00
4.869899999578869629e+10 -4.660237311265908566e+00 -3.418987071797412014e+00
4.869899999634840393e+10 -4.655373734816267373e+00 -3.349217452988912491e+00
4.869899999667045593e+10 -4.998602143676746046e+00 -3.038349244335733612e+00
4.869899999651380920e+10 -4.751271468727331637e+00 -3.520479737719496516e+00
4.869899999625728607e+10 -4.444337196709182258e+00 -3.122801327769401780e+00
4.869899999598368073e+10 -4.653916730789878109e+00 -2.676283346924051898e+00
4.869899999607759094e+10 -4.451842061816996043e+00 -3.194460563684912824e+00
4.869899999557762146e+10 -4.295975901969004696e+00 -3.403985013658662684e+00
4.869899999611386871e+10 -4.390569950583492975e+00 -3.256841482843182867e+00
4.869899999557658386e+10 -4.219194949204513101e+00 -3.267745056029045969e+00
4.869899999607602692e+10 -4.324759614941412700e+00 -3.507684497285598724e+00
4.869899999607020569e+10 -4.229593356595363396e+00 -4.063626080976838750e+00
4.869899999570623016e+10 -4.513824307195520191e+00 -4.387503490592936650e+00
4.869899999609500122e+10 -4.245173502974656898e+00 -4.695473460460190651e+00
4.869899999566561890e+10 -4.610109263007655223e+00 -4.670686539198917409e+00
4.869899999522228241e+10 -4.551275688017870635e+00 -4.326951856436790145e+00
4.869899999548497772e+10 -4.713196871294324630e+00 -4.799112534804071295e+00
4.869899999568502808e+10 -4.933061927448450845e+00 -5.278487668043176484e+00
4.869899999571577454e+10 -4.940044270142539773e+00 -4.715311618621697676e+00
4.869899999575241089e+10 -4.630568162398468246e+00 -4.245158315671739402e+00
4.869899999601382446e+10 -4.829747536916434214e+00 -3.786734582739567312e+00
4.869899999566885376e+10 -4.756244699977482782e+00 -3.346559394675543420e+00
4.869899999555110168e+10 -4.650942771022467781e+00 -2.805072776747548069e+00
4.869899999603333282e+10 -4.363860283415601948e+00 -2.748516989275792799e+00
4.869899999637311554e+10 -4.115730032460565901e+00 -3.124205487937828263e+00
4.869899999594376373e+10 -3.967622312883448021e+00 -3.458697930147051736e+00
4.869899999555632019e+10 -3.806233033997791448e+00 -3.835530085187436544e+00
4.869899999573401642e+10 -3.910175220581653566e+00 -4.360679984974521695e+00
4.869899999535159302e+10 -3.506680099909571968e+00 -4.456092155576653724e+00
4.869899999585068512e+10 -3.413716211720869698e+00 -4.701907413477530717e+00
4.869899999563202667e+10 -3.927901091602422401e+00 -4.779144832437203227e+00
4.869899999616558838e+10 -3.871078418308632418e+00 -4.953050869828346414e+00
4.869899999625381470e+10 -3.706733919845125236e+00 -5.485374158896444641e+00
4.869899999665380859e+10 -4.072192286629633173e+00 -5.642238293734409993e+00
4.869899999669412231e+10 -3.648643638500696618e+00 -5.271910298314265830e+00
4.869899999648699188e+10 -3.190538356525207675e+00 -5.527639477109985933e+00
4.869899999695154572e+10 -3.510223151689996435e+00 -5.515170822550722107e+00
4.869899999715833282e+10 -3.365217095412898374e+00 -5.010816379044243263e+00
4.869899999725711823e+10 -3.227995522477347112e+00 -5.548936864313263939e+00
4.869899999723849487e+10 -3.140304743663823839e+00 -6.105825635842188071e+00
4.869899999722573090e+10 -3.579838359357732536e+00 -5.752542763272790793e+00
4.869899999778157806e+10 -3.645622322566403728e+00 -5.822323275648296992e+00
4.869899999739109802e+10 -3.317911426451181534e+00 -5.580888598907306708e+00
4.869899999750109863e+10 -2.982873854645855527e+00 -6.021128728553254206e+00
4.869899999730984497e+10 -2.905515981170278650e+00 -5.496153375466930946e+00
4.869899999771230316e+10 -3.202588800186280782e+00 -5.235504998216906181e+00
4.869899999721189117e+10 -3.289418014179934513e+00 -4.990129714027942143e+00
4.869899999723049164e+10 -3.320122592322806376e+00 -5.553044303219173194e+00
4.869899999756707764e+10 -3.137779276309952792e+00 -5.967315145667064336e+00
4.869899999741245270e+10 -2.697311140882046043e+00 -5.650706355974629780e+00
4.869899999738953400e+10 -2.699538356692468888e+00 -5.087118396204051152e+00
4.869899999740444946e+10 -2.756274866804598211e+00 -4.526119168840328832e+00
4.869899999723799133e+10 -2.754215310482228229e+00 -5.065052953254157941e+00
4.869899999670648956e+10 -2.942347811477391772e+00 -5.048627499489060533e+00
4.869899999669761658e+10 -3.500924214061498674e+00 -4.970684119123763622e+00
4.869899999689011383e+10 -3.939312370489702175e+00 -4.672485102507776489e+00
4.869899999725833893e+10 -4.342089030447632503e+00 -4.529849517392454672e+00
4.869899999709302521e+10 -4.490344364590125537e+00 -5.048358955180053620e+00
4.869899999688034058e+10 -4.639537062378497723e+00 -4.547690847859773733e+00
4.869899999726363373e+10 -4.943972878597923781e+00 -4.267390449224955695e+00
4.869899999691503143e+10 -4.992823593739982080e+00 -3.826649119046788616e+00
4.869899999705760193e+10 -4.459317334717860071e+00 -3.711732216249949978e+00
4.869899999658058929e+10 -4.460650006343138685e+00 -3.410705200217820643e+00
4.869899999638729858e+10 -4.238011872143191638e+00 -3.891570873258720198e+00
4.869899999643049622e+10 -4.238385076343648805e+00 -3.329169171469996691e+00
4.869899999611515808e+10 -4.528778329362615374e+00 -2.962567932737619092e+00
4.869899999599580383e+10 -4.468317760531366645e+00 -2.414607486274551018e+00
4.869899999595789337e+10 -4.540387030583520556e+00 -1.856458533780663611e+00
4.869899999619149017e+10 -4.228584355222904101e+00 -1.448568073724649352e+00
4.869899999611592865e+10 -4.007842422895367740e+00 -9.350263055975682747e-01
4.869899999613121796e+10 -3.528979091921359945e+00 -6.373392090071601235e-01
4.869899999581800842e+10 -3.061507927480803026e+00 -5.981746951980919658e-01
4.869899999587245941e+10 -3.034239177335468440e+00 -3.741324939617840517e-02
4.869899999602742004e+10 -2.966945030405752526e+00 5.007511283887966513e-01
4.869899999546865082e+10 -2.889898574590419322e+00 4.999209085367037897e-01
4.869899999547850800e+10 -2.860644275974690842e+00 1.063133675687082835e+00
4.869899999602886200e+10 -2.739720263566124192e+00 1.088537739332178456e+00
4.869899999608821869e+10 -2.798909230496691158e+00 5.307433621360851950e-01
4.869899999603712463e+10 -2.755737244889994830e+00 1.090821135544125742e+00
4.869899999588977051e+10 -3.137008500514208098e+00 7.021308760651177039e-01
4.869899999572846222e+10 -2.886979243506944570e+00 1.181323870583365521e+00
4.869899999596567535e+10 -2.378225127927394489e+00 1.236652817594609877e+00
4.869899999595059204e+10 -2.316187052440140004e+00 1.797085970080396278e+00
4.869899999606743622e+10 -2.841628700845467037e+00 1.965671131753531808e+00
4.869899999598012543e+10 -2.818051258795239100e+00 1.408909890145990218e+00
4.869899999645840454e+10 -2.522536238685007870e+00 1.363248817102138855e+00
4.869899999626154327e+10 -2.013944262563602816e+00 1.219233198349802150e+00
4.869899999577313995e+10 -1.980549063668888943e+00 1.499425045354550123e+00
4.869899999538400269e+10 -1.601685825824412879e+00 1.651728812663490364e+00
4.869899999569925690e+10 -2.067451923912701162e+00 1.608838169075960334e+00
4.869899999533804321e+10 -2.045900239440729518e+00 1.176146097220705844e+00
4.869899999534292603e+10 -1.635262041494567775e+00 1.562816441206974716e+00
4.869899999531269073e+10 -1.656366194870511954e+00 2.125668269152312551e+00
4.869899999536127472e+10 -1.674487166831242657e+00 1.563998640519902450e+00
4.869899999502610779e+10 -2.114389121606006672e+00 1.674956245443036451e+00
4.869899999452196503e+10 -1.861617642055022337e+00 1.685242116767321496e+00
4.869899999431896973e+10 -1.650762827425473978e+00 1.203065840728997582e+00
4.869899999401136780e+10 -1.335958829099273881e+00 1.555828802165251545e+00
4.869899999405464172e+10 -1.429935746093856430e+00 1.001340385806978261e+00
4.869899999367320251e+10 -1.014471257835313667e+00 1.008911472461230474e+00
4.869899999328773499e+10 -1.219360963568387302e+00 6.517069442181095962e-01
4.869899999323139191e+10 -1.139220085230266521e+00 9.622141123509797556e-02
4.869899999313651276e+10 -1.113506333902768652e+00 6.516474280345199155e-01
4.869899999293381500e+10 -1.053335066879022452e+00 1.287194460174601041e-01
4.869899999266755676e+10 -1.442985770287284808e+00 -1.802124506048387587e-01
4.869899999262984467e+10 -1.423039373648012917e+00 3.822301693032542080e-01
4.869899999251404572e+10 -1.900956247388039699e+00 6.585417526523839049e-01
4.869899999249805450e+10 -1.904808430966707711e+00 1.222360088131169364e+00
4.869899999219721985e+10 -1.973428896202987559e+00 7.501811840032761580e-01
4.869899999205367279e+10 -2.160951451611561769e+00 1.262421430988414084e+00
4.869899999246563721e+10 -2.542496569241364135e+00 1.315978684595658255e+00
4.869899999231982422e+10 -1.998306986267518459e+00 1.343519456719147520e+00
4.869899999219955444e+10 -1.852533378050017721e+00 8.120630139910014478e-01
4.869899999212927246e+10 -1.840651549652886576e+00 2.525264571128837954e-01
4.869899999158749390e+10 -1.685987694074936760e+00 2.792790068712249774e-01
4.869899999209974670e+10 -1.812683043214703194e+00 8.000347604753946240e-02
4.869899999219850922e+10 -2.305157870347635196e+00 -1.766586559378514332e-01
4.869899999242418671e+10 -2.734926770550371700e+00 1.106226110081463820e-01
4.869899999214219666e+10 -2.722353954764921369e+00 5.989723674325778680e-01
4.869899999260360718e+10 -2.855193917213490362e+00 8.949761214020199862e-01
4.869899999219975281e+10 -2.694945935969712103e+00 5.352738815206392609e-01
4.869899999232324219e+10 -2.486579935351870496e+00 2.586602707998597594e-02
4.869899999192363739e+10 -2.328377364524924609e+00 3.911731093648437296e-01
4.869899999213910675e+10 -2.328616916198193554e+00 -1.301096843142547366e-01
4.869899999219699860e+10 -2.457764874072656536e+00 -6.761232628673127243e-01
4.869899999238076019e+10 -2.988103260163180508e+00 -7.320997049194922779e-01
4.869899999229275513e+10 -3.354726880260637589e+00 -3.125711655707321124e-01
4.869899999233874512e+10 -3.103927910110870325e+00 1.905653971050652040e-01
4.869899999221014404e+10 -3.050807609728628300e+00 -3.560626116498905591e-01
4.869899999188424683e+10 -2.733382287404263700e+00 -6.895166997153414634e-01
4.869899999188521576e+10 -2.309481708937751954e+00 -3.174025778673796316e-01
4.869899999181990051e+10 -2.407694289990024217e+00 2.341856008207803819e-01
4.869899999184590149e+10 -2.262312090341198179e+00 7.785656303584642668e-01
4.869899999162192535e+10 -2.062599798008708074e+00 3.009561950776303840e-01
4.869899999153258514e+10 -2.062046236313168635e+00 -2.559819002027143853e-01
4.869899999170452881e+10 -2.126621551863344450e+00 2.773353660331817627e-01
4.869899999153232574e+10 -2.625377650002599150e+00 7.796016580002326779e-02
4.869899999189241791e+10 -2.910479235494735306e+00 4.053899580411064463e-01
4.869899999188241577e+10 -2.914614308771196871e+00 9.693442521702326786e-01
4.869899999184093475e+10 -2.824067010279150303e+00 4.141485778494274905e-01
4.869899999178236389e+10 -2.953584568536462118e+00 -1.317054227069015537e-01
4.869899999221762848e+10 -2.879163317329486382e+00 -4.826546679187845856e-01
4.869899999221390533e+10 -2.887778232629990338e+00 8.132538852323673018e-02
4.869899999233337402e+10 -2.376589709051084132e+00 2.876627051915083833e-01
4.869899999222315979e+10 -2.524587172710759386e+00 8.206834657322594762e-01
4.869899999237024689e+10 -2.746424189824168582e+00 3.233759123041630712e-01
4.869899999255646515e+10 -3.053187600910237443e+00 -1.118019590126234641e-01
4.869899999216496277e+10 -3.216007005281547926e+00 -4.837908560519705303e-01
4.869899999221861267e+10 -3.554411970633797768e+00 -9.318597498593077511e-01
4.869899999186511230e+10 -3.305282872320580267e+00 -5.697374574495250865e-01
4.869899999159710693e+10 -3.169716956602896651e+00 -9.228895182553376042e-02
4.869899999208290863e+10 -3.138411909960308055e+00 1.926285440862611220e-01
4.869899999160386658e+10 -3.388144415703835399e+00 3.548408189157301607e-01
4.869899999181723022e+10 -3.521815740543819295e+00 -1.499060914236007847e-01
4.869899999193339539e+10 -3.502620543057876734e+00 4.017272093333269511e-01
4.869899999207478333e+10 -3.669893770593528171e+00 9.215252319022890770e-01
4.869899999220965576e+10 -3.905148621219937777e+00 1.416122643329451369e+00
4.869899999220490265e+10 -3.906891372897115744e+00 8.520872171358734315e-01
4.869899999230885315e+10 -4.138059033282138977e+00 1.355989474256539706e+00
4.869899999247280884e+10 -4.097003645687511408e+00 1.894128332850470997e+00
4.869899999251940155e+10 -4.118790004780474412e+00 1.332420195352256531e+00
4.869899999241719055e+10 -4.480307490375931678e+00 9.116839443228357265e-01
4.869899999256591034e+10 -4.385963669709822987e+00 3.758258914355206981e-01
4.869899999268161774e+10 -4.590933407927857424e+00 8.884278304059883835e-01
4.869899999285070038e+10 -4.813790636239123621e+00 1.378230694401693768e+00
4.869899999293750763e+10 -5.355705540424740896e+00 1.248020039087501587e+00
4.869899999327890015e+10 -5.588557433395214602e+00 8.641033860130468147e-01
4.869899999293053436e+10 -5.903572492972191554e+00 1.176466428101709649e+00
4.869899999312039948e+10 -5.818700824550196771e+00 1.700783886764180686e+00
4.869899999323759460e+10 -5.812861612363694697e+00 1.149066248792091738e+00
4.869899999296864319e+10 -5.671719419501308757e+00 6.737699820855918009e-01
4.869899999322469330e+10 -5.198342596395571391e+00 8.426279495687289955e-01
4.869899999366781616e+10 -5.124419824467557838e+00 5.015475881176334472e-01
4.869899999365580750e+10 -5.665440251335390087e+00 3.424433168865591570e-01
4.869899999313188934e+10 -5.630146022418482943e+00 5.484089597758603496e-01
4.869899999281079865e+10 -5.541993310521647231e+00 1.003701684943681061e+00
4.869899999249826813e+10 -6.007372435529530819e+00 1.066226254260914663e+00
4.869899999244117737e+10 -6.112782507726828740e+00 5.150542801116612113e-01
4.869899999249852753e+10 -6.068871928767411106e+00 -4.435992028260526965e-02
4.869899999230027008e+10 -5.659730597472705682e+00 -3.782131037404655172e-01
4.869899999182933807e+10 -5.902236410455184767e+00 -5.720509697574460706e-01
4.869899999186785889e+10 -5.674590238971823020e+00 -5.741016757140737781e-02
4.869899999138665009e+10 -5.954743555717552539e+00 -1.474759279451268168e-01
4.869899999137027740e+10 -5.894294299984347951e+00 -7.080464516762154936e-01
4.869899999128802490e+10 -5.976137972261402531e+00 -1.260040328747418670e+00
4.869899999125408173e+10 -5.914565100625910787e+00 -1.819699401268321637e+00
4.869899999167701721e+10 -6.064207956229606289e+00 -1.477804624285633972e+00
4.869899999167121124e+10 -6.053256100743009682e+00 -2.041726498440842086e+00
4.869899999192575836e+10 -5.819801160144447927e+00 -2.487669934705187380e+00
4.869899999174350739e+10 -5.292691683555528215e+00 -2.571942164769971395e+00
4.869899999149606323e+10 -5.474450907641164932e+00 -3.045118611056937930e+00
4.869899999129618835e+10 -5.997382039057498559e+00 -3.114063828066776729e+00
4.869899999146649170e+10 -5.940239558480703508e+00 -2.579375285902012038e+00
4.869899999098979187e+10 -5.811693057382338878e+00 -2.852134569557947863e+00
4.869899999152194214e+10 -5.882464166161128993e+00 -2.679028448199676671e+00
4.869899999173291016e+10 -6.338689108355936241e+00 -2.934981396523778319e+00
4.869899999141130829e+10 -6.290107747321122211e+00 -3.395819679542635861e+00
4.869899999176049042e+10 -6.688293664107256120e+00 -3.589931864467823530e+00
4.869899999169784546e+10 -6.733189161526156319e+00 -4.148699381554383336e+00
4.869899999204576874e+10 -6.960864034793104338e+00 -3.767547380536386825e+00
4.869899999235085297e+10 -7.176684178870570641e+00 -3.345044451932194463e+00
4.869899999216622162e+10 -7.551959800999543226e+00 -3.723515297104337929e+00
4.869899999186290741e+10 -7.336754472837142771e+00 -3.299429687560492042e+00
4.869899999165404510e+10 -6.815113135427761648e+00 -3.250156029642344180e+00
4.869899999163140106e+10 -6.927370282352373287e+00 -2.697845368027782964e+00
4.869899999145818329e+10 -7.231325044075162189e+00 -3.140304218202374376e+00
4.869899999160593414e+10 -7.701574409468364024e+00 -3.414524374419395603e+00
4.869899999181604767e+10 -8.225034089897325984e+00 -3.416811953342611563e+00
4.869899999230281830e+10 -8.213833123755859944e+00 -3.132053358660988884e+00
4.869899999253139496e+10 -8.378701194381161343e+00 -3.620657618691557555e+00
4.869899999215075684e+10 -8.528290499452220175e+00 -3.232196841695648359e+00
4.869899999195436096e+10 -8.789137010055918964e+00 -2.772253038446803153e+00
4.869899999190773010e+10 -8.350856942267190774e+00 -2.420262152495902264e+00
4.869899999201816559e+10 -7.806458814441740834e+00 -2.518223310075881294e+00
4.869899999160218048e+10 -7.605916470453552236e+00 -2.842108662743739522e+00
4.869899999180799866e+10 -8.013750685009004115e+00 -3.172975346501529792e+00
4.869899999191567230e+10 -8.160874542294266121e+00 -2.639194547237587063e+00
4.869899999242230988e+10 -8.399803796078089135e+00 -2.705456363040771084e+00
4.869899999252011871e+10 -8.944314297333718855e+00 -2.595441872007849149e+00
4.869899999269902802e+10 -8.973206270522842587e+00 -2.061289894148210955e+00
4.869899999261653137e+10 -8.746870835163750968e+00 -2.571317635919728506e+00
4.869899999300841522e+10 -8.798825421278932524e+00 -2.168961677888442630e+00
4.869899999340355682e+10 -8.399678555010144265e+00 -2.221000462010021881e+00
4.869899999339906311e+10 -8.678975859071366372e+00 -1.730965404117573492e+00
4.869899999362386322e+10 -9.072914818183129171e+00 -1.395644258311849795e+00
4.869899999370430756e+10 -9.592264592595860506e+00 -1.190788675750040548e+00
4.869899999370633698e+10 -9.305677524376694265e+00 -1.676613008582582776e+00
4.869899999327085876e+10 -9.609623292521657589e+00 -1.486516461576576242e+00
4.869899999337708282e+10 -9.624498461723334231e+00 -9.327509505457306505e-01
4.869899999356317902e+10 -9.104364129366883773e+00 -1.046721654041045113e+00
4.869899999375389099e+10 -9.103006100738086914e+00 -1.577558204248778573e+00
4.869899999416105652e+10 -9.116934926220409352e+00 -1.967668989678141411e+00
4.869899999441871643e+10 -8.647550887083504279e+00 -2.145017318191035027e+00
4.869899999422080994e+10 -8.363365525827989089e+00 -1.699783508454052461e+00
4.869899999467998505e+10 -8.594392701127121725e+00 -1.467520878739948076e+00
4.869899999492279053e+10 -8.995537301935742747e+00 -1.781030982745636315e+00
4.869899999544940186e+10 -8.829098333931035825e+00 -1.666402675941282885e+00
4.869899999547152710e+10 -9.110563731727161496e+00 -1.178089972254123374e+00
4.869899999535449982e+10 -9.456752973999073220e+00 -7.484159880820642208e-01
4.869899999538290405e+10 -9.548246071525813505e+00 -1.304279056949238846e+00
4.869899999514362335e+10 -9.154578559840416574e+00 -1.629753699533621925e+00
4.869899999527806854e+10 -9.355067627352182669e+00 -1.119959235369130113e+00
4.869899999530033112e+10 -9.183763104932598509e+00 -1.656914310979190841e+00
4.869899999584794617e+10 -9.228660517307677225e+00 -1.784443727081172382e+00
4.869899999589584351e+10 -8.693745832619798719e+00 -1.612008285369048943e+00
4.869899999635813141e+10 -8.562553563033628024e+00 -1.907377707599458461e+00
4.869899999627289581e+10 -8.565119519847867124e+00 -2.464953179138880124e+00
4.869899999580696106e+10 -8.882509835218845851e+00 -2.483063865292447936e+00
4.869899999617735291e+10 -8.713400461911257722e+00 -2.873413877948522988e+00
4.869899999581905365e+10 -8.279605063239094065e+00 -2.913500707552452607e+00
4.869899999561486816e+10 -8.157506836340436607e+00 -3.424933038385008288e+00
4.869899999555911255e+10 -8.351669132040983712e+00 -3.951577074215753438e+00
4.869899999509286499e+10 -8.314745951662219525e+00 -3.636279250182225642e+00
4.869899999462265778e+10 -8.279754819751030226e+00 -3.945862684225137862e+00
4.869899999463381195e+10 -7.937286428880065969e+00 -3.497808602129457434e+00
4.869899999478804016e+10 -8.396829840145002777e+00 -3.209373445672690117e+00
4.869899999432757568e+10 -8.348722823046552222e+00 -3.531578843501465670e+00
4.869899999387654877e+10 -8.538533610068247626e+00 -3.251025938609152011e+00
4.869899999418424225e+10 -8.667481677510565419e+00 -3.705844989851093008e+00
4.869899999367900848e+10 -8.917246912999789998e+00 -3.683163341960487447e+00
4.869899999409195709e+10 -9.110966507687884075e+00 -4.014991187762453784e+00
4.869899999363372803e+10 -9.243389328237457292e+00 -4.316076525345262205e+00
4.869899999349880219e+10 -9.389086030865327004e+00 -4.844025166460777854e+00
4.869899999361879730e+10 -9.910401308053572222e+00 -4.665158740801538251e+00
4.869899999339284515e+10 -9.524233188744430478e+00 -5.008642911063434511e+00
4.869899999340093994e+10 -8.976810482882527253e+00 -5.144379256828411684e+00
4.869899999333966064e+10 -8.707797162176737160e+00 -4.652405004150393708e+00
4.869899999357424164e+10 -8.956665199209702166e+00 -5.100956028113643015e+00
4.869899999385667419e+10 -8.605321465722044039e+00 -5.439997203186120345e+00
4.869899999412460327e+10 -8.264151215021128039e+00 -5.079469373155348855e+00
4.869899999385895538e+10 -8.305748968593881898e+00 -5.575315486799621745e+00
4.869899999339450073e+10 -8.621763985215094905e+00 -5.626071442128972144e+00
4.869899999347249603e+10 -8.481115673746652206e+00 -5.085426956247944830e+00
4.869899999387367249e+10 -8.143057851731864361e+00 -5.292640701461279740e+00
4.869899999402779388e+10 -8.392909187008028127e+00 -4.810995758408202150e+00
4.869899999437342072e+10 -8.081021561926078789e+00 -4.492517414310629675e+00
4.869899999396475220e+10 -8.416592818103953988e+00 -4.688841324101489683e+00
4.869899999395049286e+10 -8.943766620089421693e+00 -4.488726173433470912e+00
4.869899999436522675e+10 -9.018853906100032347e+00 -4.863589197941717401e+00
4.869899999458083344e+10 -8.960808522704807544e+00 -4.345607018248733411e+00
4.869899999473265839e+10 -9.161473009201872131e+00 -4.850428413328351063e+00
4.869899999520640564e+10 -8.855438093162252500e+00 -4.858730420379393067e+00
4.869899999520624542e+10 -8.526740150779529515e+00 -5.317118023547427796e+00
4.869899999534584808e+10 -9.071840665287062677e+00 -5.277902774924843499e+00
4.869899999538097382e+10 -9.235479196472294205e+00 -4.739246879452440275e+00
4.869899999510646057e+10 -9.672307110151361798e+00 -4.967247893133075465e+00
4.869899999464456940e+10 -9.634738552554372504e+00 -5.288815662185983868e+00
4.869899999502441406e+10 -9.785898019529094327e+00 -5.677441830310322679e+00
4.869899999542359924e+10 -9.657953029509348752e+00 -5.300029396490386624e+00
4.869899999541505432e+10 -9.549316082728473987e+00 -5.853461042713886897e+00
4.869899999521921539e+10 -9.468132094478708183e+00 -6.376164715683961148e+00
4.869899999487438202e+10 -9.087383245712047142e+00 -6.143183717953102807e+00
4.869899999467496490e+10 -8.999948567362697105e+00 -6.663520161382195717e+00
4.869899999469743347e+10 -9.433229096820261006e+00 -6.303069535468409867e+00
4.869899999500038910e+10 -8.994811676768998510e+00 -6.118215016086037572e+00
4.869899999503546143e+10 -9.127300361688181596e+00 -6.665369908623739903e+00
4.869899999536764526e+10 -9.581963138217975740e+00 -6.632217348394867429e+00
4.869899999572852325e+10 -9.761902748529154294e+00 -6.237815771187731784e+00
4.869899999519570923e+10 -9.942235423321358567e+00 -6.279623643625577678e+00
4.869899999505034637e+10 -9.473631767665374070e+00 -6.001338604775216190e+00
4.869899999490157318e+10 -9.579594753692466824e+00 -5.467671073975987284e+00
4.869899999491947937e+10 -9.675486622443484563e+00 -6.023229979742486861e+00
4.869899999471627045e+10 -9.734694279161072217e+00 -6.546071147110864352e+00
4.869899999477832031e+10 -9.712353284568530754e+00 -5.985881676813395558e+00
4.869899999454019165e+10 -9.660293411658939178e+00 -5.477210460205461651e+00
4.869899999437562561e+10 -9.823007326332518829e+00 -5.991606962262567393e+00
4.869899999453738403e+10 -1.036325424984374521e+01 -5.980286967235648454e+00
4.869899999462284088e+10 -1.091612165322907124e+01 -5.908200106275058872e+00
4.869899999443667603e+10 -1.040228069396567356e+01 -6.047739397059939570e+00
4.869899999443376160e+10 -1.068448215870821905e+01 -5.559359019946269242e+00
4.869899999393538666e+10 -1.058004013281589017e+01 -5.801997415124832358e+00
4.869899999413292694e+10 -1.026241802355868948e+01 -5.379794491833902015e+00
4.869899999430985260e+10 -1.018841690306159364e+01 -5.910248974809155342e+00
4.869899999436393738e+10 -1.013432555321187856e+01 -5.351401706833772920e+00
4.869899999439614105e+10 -1.057684331196375815e+01 -5.003116812047530004e+00
4.869899999484868622e+10 -1.051512542339264833e+01 -5.334103541072102495e+00
4.869899999488012695e+10 -1.053652776277582070e+01 -4.771329191578127293e+00
4.869899999434249878e+10 -1.036693575449797322e+01 -4.752556423317965795e+00
4.869899999388436890e+10 -1.053984664758595358e+01 -4.472592630325924468e+00
4.869899999370135498e+10 -1.079526153497327634e+01 -4.004159373635600261e+00
4.869899999389251709e+10 -1.079242103302100020e+01 -4.534828992008642423e+00
4.869899999336313629e+10 -1.098160179747867282e+01 -4.580976104368748025e+00
4.869899999292923737e+10 -1.094766621106983351e+01 -4.939781795352717886e+00
4.869899999278458405e+10 -1.149276733019087438e+01 -4.929688743231946724e+00
4.869899999233646393e+10 -1.145571090339625187e+01 -5.270245960099583904e+00
4.869899999236952972e+10 -1.148845921405159132e+01 -5.832380993418456505e+00
4.869899999253076935e+10 -1.120209216242956352e+01 -5.373952248657524855e+00
4.869899999198046112e+10 -1.129005369252884350e+01 -5.286868446885901740e+00
4.869899999201559448e+10 -1.082162593353240609e+01 -4.974613904322829683e+00
4.869899999203639984e+10 -1.036728772971105172e+01 -4.640989030336351462e+00
4.869899999229057312e+10 -1.005912799199421492e+01 -5.039228829535768561e+00
4.869899999185620117e+10 -1.039279146395571907e+01 -5.173958738926884848e+00
4.869899999187580109e+10 -1.022323260385440413e+01 -5.711571166919529929e+00
4.869899999160259247e+10 -1.048228311924314049e+01 -6.131584513688785876e+00
4.869899999117343140e+10 -1.082225177141526196e+01 -6.267244529422436372e+00
4.869899999083486176e+10 -1.087994311308352202e+01 -5.819800837921700776e+00
4.869899999093349457e+10 -1.139666099863992876e+01 -6.023360335904541785e+00
4.869899999094088745e+10 -1.193419836817991886e+01 -6.194124673639842982e+00
4.869899999095011902e+10 -1.183996733231863274e+01 -5.638069922113512433e+00
4.869899999120802307e+10 -1.164597197056611755e+01 -6.100683040566386772e+00
4.869899999110178375e+10 -1.111714827581812770e+01 -6.265670307953215890e+00
4.869899999162260437e+10 -1.092235800904182419e+01 -6.170995932618557056e+00
4.869899999161412048e+10 -1.061603544120653631e+01 -6.644552720220770148e+00
4.869899999178630829e+10 -1.057328661830356076e+01 -6.109122746239604496e+00
4.869899999233331299e+10 -1.043665180955994742e+01 -6.092526295948563764e+00
4.869899999178649902e+10 -1.029958127602259310e+01 -6.073253221203647634e+00
4.869899999149436188e+10 -1.050654840623814223e+01 -6.509125001057763704e+00
4.869899999127872467e+10 -1.045277365463189234e+01 -7.027555190795599316e+00
4.869899999093076324e+10 -1.030731647710497256e+01 -6.608116024732945348e+00
4.869899999083501434e+10 -9.825807213159743370e+00 -6.885862308584681735e+00
4.869899999118778229e+10 -1.022027832143036541e+01 -6.690653519108166414e+00
4.869899999090009308e+10 -1.057708006933052580e+01 -6.361882273103292462e+00
4.869899999125972748e+10 -1.082596155786031922e+01 -6.718086412857709355e+00
4.869899999127908325e+10 -1.117531451781656848e+01 -6.275661778010970693e+00
4.869899999158473206e+10 -1.160349266463932416e+01 -6.479141891257484964e+00
4.869899999153913879e+10 -1.161913841878198284e+01 -7.041136553895349870e+00
4.869899999109101868e+10 -1.141552884553252412e+01 -6.765649895287342730e+00
4.869899999119258881e+10 -1.192513360738576544e+01 -6.985076295196760654e+00
4.869899999149787140e+10 -1.226110718257759835e+01 -6.650281005545751079e+00
4.869899999108749390e+10 -1.246623352292448850e+01 -6.978419120351980531e+00
4.869899999138518524e+10 -1.274330963937082650e+01 -7.369275898908203892e+00
4.869899999156458282e+10 -1.284314470921202833e+01 -6.843909033269873987e+00
4.869899999132382965e+10 -1.301995941429154158e+01 -7.322382368603475022e+00
4.869899999139546967e+10 -1.253534823227873396e+01 -7.042774177783902800e+00
4.869899999137995911e+10 -1.248111863264247923e+01 -7.604005117093260324e+00
4.869899999127802277e+10 -1.299688549722482556e+01 -7.808347095575855157e+00
4.869899999127816010e+10 -1.299707599309970973e+01 -8.372405163096523495e+00
4.869899999114265442e+10 -1.246298632097881587e+01 -8.251788166805265945e+00
4.869899999161356354e+10 -1.239871032871620748e+01 -7.948023171184097180e+00
4.869899999183936310e+10 -1.228707899551809746e+01 -8.452717393884146446e+00
4.869899999195668793e+10 -1.232853987689644981e+01 -9.002878916542329080e+00
4.869899999193237305e+10 -1.288609283385150839e+01 -9.084762554677068280e+00
4.869899999145674133e+10 -1.261635973796867205e+01 -9.223256110977647637e+00
4.869899999169017792e+10 -1.248057842827231134e+01 -9.718466484050720666e+00
4.869899999166368103e+10 -1.235137413011619678e+01 -1.026688777093293581e+01
4.869899999183768463e+10 -1.288504265409233795e+01 -1.021137749538914363e+01
4.869899999173290253e+10 -1.253377250087209127e+01 -1.064008711552848396e+01
4.869899999118422699e+10 -1.266459968021741744e+01 -1.064026015596078523e+01
4.869899999099832916e+10 -1.315301653702032780e+01 -1.085251738113124986e+01
4.869899999137012482e+10 -1.336719749601882867e+01 -1.121865353577717528e+01
4.869899999170787048e+10 -1.326573470328027149e+01 -1.165887275677918744e+01
4.869899999200225830e+10 -1.280049199361339873e+01 -1.178154496382827254e+01
4.869899999215315247e+10 -1.314205900862954124e+01 -1.135878545643295290e+01
4.869899999210858917e+10 -1.258439266139156665e+01 -1.143078366773438681e+01
4.869899999244023132e+10 -1.279150284351447908e+01 -1.183733305589776919e+01
4.869899999260693359e+10 -1.243435918837777265e+01 -1.224084348438484859e+01
4.869899999205461121e+10 -1.245964689551479232e+01 -1.212920695007433913e+01
4.869899999205400085e+10 -1.251854145637826221e+01 -1.156823224379923865e+01
4.869899999201044464e+10 -1.228764916380838557e+01 -1.208102195364567066e+01
4.869899999215850067e+10 -1.275153646216778647e+01 -1.179633028898636304e+01
4.869899999178008270e+10 -1.287616621651073245e+01 -1.219561540674300026e+01
4.869899999125731659e+10 -1.284079220232723451e+01 -1.240447969444501730e+01
4.869899999143115234e+10 -1.289084333907508473e+01 -1.293874386499859952e+01
4.869899999154847717e+10 -1.340617059575039249e+01 -1.313580915295692719e+01
4.869899999155265808e+10 -1.360447907938221768e+01 -1.260777714973697350e+01
4.869899999198735809e+10 -1.390937651115594598e+01 -1.241742751173803505e+01
4.869899999188807678e+10 -1.445332852383549138e+01 -1.252887643874152879e+01
4.869899999217073059e+10 -1.483784825918123573e+01 -1.282956649196509957e+01
4.869899999179491425e+10 -1.441758368721448136e+01 -1.281214099646238402e+01
4.869899999150765228e+10 -1.475959849695645687e+01 -1.315662464485653338e+01
4.869899999145438385e+10 -1.491854901193361549e+01 -1.369519584708656446e+01
4.869899999103497314e+10 -1.506011432348164369e+01 -1.334560007379912072e+01
4.869899999158179474e+10 -1.510232216163110763e+01 -1.347737144000530485e+01
4.869899999127790833e+10 -1.503800309644257638e+01 -1.300654498019767757e+01
4.869899999119689178e+10 -1.520860705178857586e+01 -1.353804530669307837e+01
4.869899999127258301e+10 -1.529493535744502530e+01 -1.409029498122743007e+01
4.869899999128844452e+10 -1.529604158368857370e+01 -1.352646096581788626e+01
4.869899999158038330e+10 -1.577516652432544220e+01 -1.358452806310096861e+01
4.869899999208375549e+10 -1.552868956627350983e+01 -1.364796592720306023e+01
4.869899999167089844e+10 -1.550366156874421009e+01 -1.403147793992676817e+01
4.869899999164244080e+10 -1.516440532652597106e+01 -1.358174793719062556e+01
4.869899999197245026e+10 -1.518222707649515080e+01 -1.403884593450746188e+01
4.869899999181549835e+10 -1.517045289516013185e+01 -1.458050029638891232e+01
4.869899999226257324e+10 -1.485960530869091656e+01 -1.443333935619746278e+01
4.869899999209667206e+10 -1.521440413686634763e+01 -1.402743768163808902e+01
4.869899999209661865e+10 -1.521447213470463389e+01 -1.346337957188595347e+01
4.869899999238994598e+10 -1.499564498853092154e+01 -1.303415456987940146e+01
4.869899999258383942e+10 -1.471000672778105312e+01 -1.258808607753699782e+01
4.869899999294803619e+10 -1.435062236910258093e+01 -1.235066796513337373e+01
4.869899999332585144e+10 -1.467418561890541540e+01 -1.261661047044069761e+01
4.869899999317326355e+10 -1.480961877823046891e+01 -1.314247668176225403e+01
4.869899999372387695e+10 -1.490897633204818540e+01 -1.307094292048021167e+01
4.869899999343299866e+10 -1.457764279195392731e+01 -1.342275091785792185e+01
4.869899999363843536e+10 -1.463373845807236684e+01 -1.290043732479022154e+01
4.869899999372494507e+10 -1.519028396472312359e+01 -1.286986540224981290e+01
4.869899999415090942e+10 -1.509739538634264733e+01 -1.322775422428959224e+01
4.869899999394548798e+10 -1.556731955488471364e+01 -1.346256488381960281e+01
4.869899999400284576e+10 -1.585597895935461210e+01 -1.394375894239773928e+01
4.869899999408865356e+10 -1.532094280933546848e+01 -1.410039683047381232e+01
4.869899999371124268e+10 -1.552717041309101198e+01 -1.373543839167297342e+01
4.869899999349378204e+10 -1.531601069534193549e+01 -1.421113000766583490e+01
4.869899999338200378e+10 -1.530889412654197557e+01 -1.365830409118519917e+01
4.869899999306783295e+10 -1.558553362734980396e+01 -1.403636209055684425e+01
4.869899999313482666e+10 -1.536022928934589693e+01 -1.352361329904311482e+01
4.869899999357284546e+10 -1.541270863870246366e+01 -1.387510418707617355e+01
4.869899999362576294e+10 -1.597425457288989037e+01 -1.388034708552495289e+01
4.869899999377304077e+10 -1.575408157536483955e+01 -1.338235640030924678e+01
4.869899999321527863e+10 -1.580078787030341125e+01 -1.345220958665629496e+01
4.869899999344309235e+10 -1.608290283804516108e+01 -1.302015191167887664e+01
4.869899999314598846e+10 -1.608252907486356165e+01 -1.349962229712096295e+01
4.869899999268842316e+10 -1.601435128549760378e+01 -1.317690893623936788e+01
4.869899999317723083e+10 -1.593934614194288102e+01 -1.344820251973997927e+01
4.869899999300014496e+10 -1.540768146670333216e+01 -1.338389385735410109e+01
4.869899999321204376e+10 -1.557284926542542003e+01 -1.288793045248173108e+01
4.869899999275511169e+10 -1.524216714087437552e+01 -1.288324543671682676e+01
4.869899999285202789e+10 -1.468695381989091153e+01 -1.286072769432085217e+01
4.869899999335679626e+10 -1.483170688169644258e+01 -1.306667640866862889e+01
4.869899999380709076e+10 -1.515510454965314224e+01 -1.296269273086537943e+01
4.869899999417620087e+10 -1.523093062191480129e+01 -1.254296367265018475e+01
4.869899999365489197e+10 -1.518647548677162362e+01 -1.233219434916905399e+01
4.869899999348733521e+10 -1.464853264960443013e+01 -1.230564184074183132e+01
4.869899999395657349e+10 -1.493315437104192256e+01 -1.243589991568482489e+01
4.869899999397702026e+10 -1.539370946269414908e+01 -1.276091140822391701e+01
4.869899999400159454e+10 -1.536488712505137677e+01 -1.219812628964901791e+01
4.869899999451918030e+10 -1.519871504437678844e+01 -1.204761564009375974e+01
4.869899999490625763e+10 -1.541276285646139854e+01 -1.169759106228730694e+01
4.869899999452146149e+10 -1.508471031517355065e+01 -1.194754076486185745e+01
4.869899999479412079e+10 -1.546203525932716261e+01 -1.162903745442736181e+01
4.869899999472500610e+10 -1.495210160087902374e+01 -1.186001861978099825e+01
4.869899999485408020e+10 -1.546749662195631103e+01 -1.167062649461145796e+01
4.869899999468266296e+10 -1.493652808232410223e+01 -1.158786698061678422e+01
4.869899999432202911e+10 -1.483841775009552144e+01 -1.201033445193800375e+01
4.869899999428359985e+10 -1.493208520893788638e+01 -1.256523185829786726e+01
4.869899999375270844e+10 -1.511868497167469982e+01 -1.260390712941817348e+01
4.869899999407301331e+10 -1.517111854059220377e+01 -1.214258377048307658e+01
4.869899999439140320e+10 -1.519318387046639884e+01 -1.167750133920952216e+01
4.869899999440696716e+10 -1.573120235307140824e+01 -1.184618877556662397e+01
4.869899999467991638e+10 -1.567138613287273508e+01 -1.233617031048370905e+01
4.869899999422098541e+10 -1.545997377823814034e+01 -1.258686033925942560e+01
4.869899999424790192e+10 -1.550100165329865654e+01 -1.202494058284753820e+01
4.869899999470649719e+10 -1.580635269252218578e+01 -1.190406131798212996e+01
4.869899999504609680e+10 -1.555622218882742835e+01 -1.152953648240306528e+01
4.869899999503038025e+10 -1.557119529074108932e+01 -1.209317673673444027e+01
4.869899999459458160e+10 -1.564056080343305410e+01 -1.244450652812550295e+01
4.869899999473495483e+10 -1.590923346534135341e+01 -1.292018665102574104e+01
4.869899999463249969e+10 -1.646370937069717755e+01 -1.293503433011131420e+01
4.869899999482083130e+10 -1.634052055348919552e+01 -1.241781270764410827e+01
4.869899999498490143e+10 -1.685759841239585199e+01 -1.226330470632007952e+01
4.869899999446810913e+10 -1.663262163615422295e+01 -1.228501844537110266e+01
4.869899999427340698e+10 -1.662097976317764392e+01 -1.281428023513181280e+01
4.869899999420022583e+10 -1.609647774395858377e+01 -1.262010703877547435e+01
4.869899999386677551e+10 -1.588135057110827830e+01 -1.221924052812735972e+01
4.869899999393167114e+10 -1.557194325726674400e+01 -1.268637761187934032e+01
4.869899999365371704e+10 -1.553802754668268449e+01 -1.219673071219027172e+01
4.869899999372574615e+10 -1.550552492209945932e+01 -1.163823515146503773e+01
4.869899999390162659e+10 -1.529463376737844804e+01 -1.114553623055626019e+01
4.869899999410974121e+10 -1.548397409021371729e+01 -1.065665867199722960e+01
4.869899999447642517e+10 -1.550769304380233038e+01 -1.022870827620754852e+01
4.869899999449197388e+10 -1.566472222233383604e+01 -1.077024472101069996e+01
4.869899999464086151e+10 -1.569871832367680398e+01 -1.022725490020297912e+01
4.869899999496440887e+10 -1.554569937163031312e+01 -1.066321579698920630e+01
4.869899999440502167e+10 -1.560719791519790967e+01 -1.070147405871126800e+01
4.869899999403311920e+10 -1.590725075900007646e+01 -1.040177750696871151e+01
4.869899999401142883e+10 -1.542835277223848855e+01 -1.010454404920635341e+01
4.869899999391659546e+10 -1.504682037281050988e+01 -1.050902051937476678e+01
4.869899999445157623e+10 -1.519306455692346880e+01 -1.040622337564521160e+01
4.869899999442953491e+10 -1.513726221916755321e+01 -1.096708137168515051e+01
4.869899999443254089e+10 -1.553784660335537993e+01 -1.056998605872337116e+01
4.869899999395916748e+10 -1.561613357294657867e+01 -1.086655120614486769e+01
4.869899999427007294e+10 -1.606407955164751655e+01 -1.072218194243351519e+01
4.869899999456498718e+10 -1.566561428489330687e+01 -1.099128046812655768e+01
4.869899999455547333e+10 -1.566712298415279392e+01 -1.155525626317510124e+01
4.869899999482819366e+10 -1.550410231124050142e+01 -1.202131383999092407e+01
4.869899999465797424e+10 -1.559063414918483126e+01 -1.149056094772538827e+01
4.869899999433533478e+10 -1.533818907746057469e+01 -1.110282993794971773e+01
4.869899999456568909e+10 -1.578231613694083713e+01 -1.084235173287810383e+01
4.869899999452115631e+10 -1.545404039340635727e+01 -1.038582818565815202e+01
4.869899999419801331e+10 -1.530463123205127651e+01 -9.948315047254286725e+00
4.869899999464257050e+10 -1.495895040737768333e+01 -9.980455884461058247e+00
4.869899999509026337e+10 -1.466837498999988121e+01 -9.797967570846610741e+00
4.869899999559477997e+10 -1.463543450238668520e+01 -9.547888696443109779e+00
4.869899999590770721e+10 -1.502851988575091546e+01 -9.291529671013847747e+00
4.869899999604829407e+10 -1.540097863377372001e+01 -9.691118296588324910e+00
4.869899999567390442e+10 -1.579607815182457564e+01 -9.839066830447952938e+00
4.869899999572156525e+10 -1.523434749034711544e+01 -9.857732511346689819e+00
4.869899999600833893e+10 -1.514593941496803176e+01 -1.033533949189231826e+01
4.869899999609461975e+10 -1.510464459002129445e+01 -9.779451487638729290e+00
4.869899999655771637e+10 -1.522135625078620613e+01 -1.007958889108854983e+01
4.869899999691135406e+10 -1.508280182822721649e+01 -1.049660780794631343e+01
4.869899999720027924e+10 -1.498257361678756538e+01 -1.097056732946513158e+01
4.869899999762226868e+10 -1.489960345544444920e+01 -1.133553342880212433e+01
4.869899999756512451e+10 -1.505061221257193971e+01 -1.187598934228523007e+01
4.869899999773269653e+10 -1.518029155114112250e+01 -1.239873630306604113e+01
4.869899999760063934e+10 -1.523681256355076741e+01 -1.294419783974698746e+01
4.869899999796409607e+10 -1.555008726042540168e+01 -1.264768496178859181e+01
4.869899999841486359e+10 -1.579789268834734095e+01 -1.241624953755435001e+01
4.869899999860208130e+10 -1.588848445180388680e+01 -1.294056167505400623e+01
4.869899999852119446e+10 -1.582177378631806697e+01 -1.238633345053163559e+01
4.869899999855807495e+10 -1.552193571740492750e+01 -1.286267239565302667e+01
4.869899999826978302e+10 -1.503813038676285352e+01 -1.289397086494460787e+01
4.869899999787968445e+10 -1.516478137886999278e+01 -1.328119808587414319e+01
4.869899999796544647e+10 -1.534860977771135104e+01 -1.275487773922296952e+01
4.869899999785449982e+10 -1.527666585776455044e+01 -1.220653871731153473e+01
4.869899999757234192e+10 -1.541163605788021229e+01 -1.267593173244224047e+01
4.869899999771340179e+10 -1.496842966269227837e+01 -1.299504134202944172e+01
4.869899999764404297e+10 -1.492578340933340186e+01 -1.355319158863344420e+01
4.869899999748223877e+10 -1.473151583542791165e+01 -1.304896715431245191e+01
4.869899999744069672e+10 -1.496253206530578517e+01 -1.356186813194531204e+01
4.869899999753067017e+10 -1.450048121886169561e+01 -1.325110224044433416e+01
4.869899999720019531e+10 -1.495154244853307368e+01 -1.317698223206697428e+01
4.869899999701313019e+10 -1.444054657070797454e+01 -1.332547963171759164e+01
4.869899999715111542e+10 -1.408475266611994137e+01 -1.374085091020194405e+01
4.869899999746395874e+10 -1.387102491975945817e+01 -1.332298833601357124e+01
4.869899999745304871e+10 -1.394124864597552182e+01 -1.276342500091664434e+01
4.869899999711991119e+10 -1.436641039234413597e+01 -1.260088705745547877e+01
4.869899999720504761e+10 -1.449201253506873677e+01 -1.314415215180932428e+01
4.869899999776361847e+10 -1.455688658902010957e+01 -1.309996312809107621e+01
4.869899999805928040e+10 -1.456338591805899974e+01 -1.261964958010734961e+01
4.869899999756294250e+10 -1.437127973036338169e+01 -1.280648265883639603e+01
4.869899999735526276e+10 -1.409331602267053718e+01 -1.236177240670819266e+01
4.869899999720131683e+10 -1.419857481250394393e+01 -1.182943529859197618e+01
4.869899999714643097e+10 -1.364758227853140760e+01 -1.172193388016725457e+01
4.869899999680761719e+10 -1.406872052487850056e+01 -1.156065731814530118e+01
4.869899999689781952e+10 -1.425107533893810796e+01 -1.208674818197940404e+01
4.869899999705703735e+10 -1.429494212302407163e+01 -1.154740975022224347e+01
4.869899999750395203e+10 -1.406356806833500706e+01 -1.180215782373195843e+01
4.869899999743050385e+10 -1.389388572580338277e+01 -1.126926512606066133e+01
4.869899999732331848e+10 -1.400737083091340551e+01 -1.181129324404403569e+01
4.869899999778948975e+10 -1.397315759592907547e+01 -1.149558198587452829e+01
4.869899999795563507e+10 -1.344100240388178413e+01 -1.158141610628972629e+01
4.869899999789424133e+10 -1.399888520338919840e+01 -1.152521071641630357e+01
4.869899999809314728e+10 -1.347171996489096202e+01 -1.155158350291517166e+01
4.869899999807180023e+10 -1.356299944334035246e+01 -1.210779732959630728e+01
4.869899999842156219e+10 -1.400402012079515401e+01 -1.207137264217017858e+01
4.869899999888069916e+10 -1.418363177039231360e+01 -1.179733791059773118e+01
4.869899999892105103e+10 -1.423308726089345200e+01 -1.123690259519013779e+01
4.869899999924947357e+10 -1.380233417082909142e+01 -1.139422562333701450e+01
4.869899999926068115e+10 -1.387999672740304113e+01 -1.083565206907595346e+01
4.869899999917952728e+10 -1.355806676024253576e+01 -1.037965121369057542e+01
4.869899999965652466e+10 -1.344398918345903660e+01 -1.010103904240461148e+01
4.869899999958290863e+10 -1.329591908546766987e+01 -9.561764128157259179e+00
4.869899999956488037e+10 -1.325214091488478019e+01 -8.999696453115619832e+00
4.869899999911286926e+10 -1.291619095663074290e+01 -8.968337593667378371e+00
4.869899999878279114e+10 -1.321414940168588359e+01 -8.621308328132222698e+00
4.869899999875519562e+10 -1.316599258493796043e+01 -9.182629172404729090e+00
4.869899999910603333e+10 -1.278350143968270736e+01 -9.403484267509558236e+00
4.869899999927345276e+10 -1.252167532322494914e+01 -9.874207359459346023e+00
4.869899999961854553e+10 -1.244902001542941328e+01 -9.433987461778013284e+00
4.869899999940342712e+10 -1.195924006857918798e+01 -9.255098931547577124e+00
4.869899999966899109e+10 -1.160831013444635573e+01 -9.607921544103568579e+00
4.869899999916451263e+10 -1.141714819926800217e+01 -9.443241505136581893e+00
4.869899999908217621e+10 -1.157774920723260870e+01 -8.908835291232067632e+00
4.869899999936580658e+10 -1.182659806395422564e+01 -8.489563393405509473e+00
4.869899999941915894e+10 -1.131550102008524838e+01 -8.256980656059862866e+00
4.869899999995198059e+10 -1.120964601689073525e+01 -8.408826749995153449e+00
4.869899999994428253e+10 -1.141255811877102921e+01 -8.935067188876464783e+00
4.869900000001152039e+10 -1.136055931872699709e+01 -8.377449829496018907e+00
4.869899999989178467e+10 -1.094755729300309888e+01 -8.742489615279781745e+00
4.869899999997682190e+10 -1.039057097877717339e+01 -8.768879471111882040e+00
4.869900000047815704e+10 -1.013449983475067384e+01 -8.733439273127684643e+00
