4.174200000000000000e+10 0.000000000000000000e+00 0.000000000000000000e+00
4.174200000000066376e+10 3.349287176443289937e-03 -4.494715696148851580e-01
4.174199999958605194e+10 -1.431661546672427510e-01 -3.563932203119982711e-01
4.174199999932758331e+10 -2.485954262919531921e-01 -7.086919106136772006e-01
4.174199999889373779e+10 -1.895176013265471027e-01 -6.070748554920359918e-01
4.174199999898247528e+10 -1.363012522801525794e-01 -1.696616926991955654e-01
4.174199999872200775e+10 2.212753361512640182e-01 -9.009410256969031805e-02
4.174199999883063507e+10 6.003586837623089423e-01 1.256205355837635707e-01
4.174199999847621155e+10 7.397201401079857019e-01 3.643589584377555646e-01
4.174199999844819641e+10 6.564226055089429357e-01 8.051685320114929656e-01
4.174199999844093323e+10 1.054090624823965872e+00 1.014557482732138194e+00
4.174199999877867889e+10 8.996510900237462138e-01 1.267760391030314793e+00
4.174199999873045349e+10 1.223693444886670978e+00 1.575506079967003314e+00
4.174199999878204346e+10 1.642503289881626971e+00 1.730339701092706184e+00
4.174199999860797119e+10 2.020242330333359870e+00 1.900777540189978909e+00
4.174199999868039703e+10 2.082074197431763363e+00 1.461496274328044853e+00
4.174199999840910339e+10 2.361429877683255629e+00 1.685986940716928562e+00
4.174199999796626282e+10 2.364498698645649988e+00 1.609040675198903481e+00
4.174199999808232117e+10 2.001267838001647092e+00 1.371069951623894223e+00
4.174199999852927399e+10 1.967317890270454894e+00 1.404529336590620181e+00
4.174199999859140778e+10 2.165833966698908597e+00 1.006073079442197482e+00
4.174199999851470947e+10 2.001896733109133741e+00 1.417507718734142053e+00
4.174199999830359650e+10 2.229495932661921032e+00 1.092445791693271939e+00
4.174199999843148804e+10 2.323236900981293651e+00 6.718587941349425385e-01
4.174199999832373810e+10 2.414408719412016069e+00 2.451104069299745447e-01
4.174199999821330261e+10 2.823650750465885206e+00 3.946472248402440597e-01
4.174199999821283722e+10 2.931980215026565695e+00 -4.158764345891841074e-02
4.174199999830292511e+10 2.492969243776132604e+00 -7.608084056550815100e-02
4.174199999855234528e+10 2.145675165548396102e+00 -2.146907964745872199e-01
4.174199999874898529e+10 2.265731492332453190e+00 1.712550658097898859e-01
4.174199999836968231e+10 2.429551422309624176e+00 -5.741345588386848053e-03
4.174199999858910370e+10 2.348302082410286040e+00 3.780430153046739350e-01
4.174199999882273102e+10 2.440414392936040233e+00 5.256882424950204413e-03
4.174199999885970306e+10 2.865307316387251113e+00 1.471556206132615119e-01
4.174199999901747894e+10 3.193830200146962728e+00 -1.159344071912064844e-01
4.174199999899993134e+10 3.161389983416637683e+00 -5.639031117726246434e-01
4.174199999904630280e+10 3.518148680837756448e+00 -8.333643386143804177e-01
4.174199999892898560e+10 3.733307427906288556e+00 -1.210167214608130815e+00
4.174199999878273773e+10 4.010942458601707727e+00 -8.883508579990559983e-01
4.174199999916650391e+10 3.848040308881289562e+00 -7.203504867433154768e-01
4.174199999898352051e+10 3.972765255218780656e+00 -1.111497371802371070e+00
4.174199999883538818e+10 3.610470795340910755e+00 -8.905066297637026507e-01
4.174199999910188293e+10 3.971553774529338554e+00 -9.156966018151923015e-01
4.174199999923883057e+10 4.396846386283304930e+00 -8.666233173929135392e-01
4.174199999937993622e+10 4.700417920822731688e+00 -5.666748832709802564e-01
4.174199999971929169e+10 4.591405587990892379e+00 -2.928277616994519605e-01
4.174200000001329041e+10 4.395454881236472211e+00 -1.496844428440524677e-02
4.174199999974649811e+10 4.295364806131098057e+00 -3.625890027353563805e-01
4.174199999986829376e+10 3.998445248779310290e+00 -6.772961231276242167e-01
4.174200000017824554e+10 4.300089792092621543e+00 -7.996781271941406644e-01
