6.957000000000000000e+09 0.000000000000000000e+00 0.000000000000000000e+00
6.956999999830708504e+09 -1.989656594465644412e-01 1.272304227201727367e-01
6.956999999770733833e+09 -8.880584015753351101e-02 3.893417032682507939e-01
6.956999999952897072e+09 -5.054079862514247040e-02 1.662117427197068453e-01
6.956999999873095512e+09 -1.418042565924276521e-01 -9.786634469182819984e-02
6.956999999647743225e+09 3.859653194989037805e-02 -6.460514629550061227e-02
6.956999999551904678e+09 8.566279668352828891e-02 2.056432643790903070e-01
6.956999999638297081e+09 3.323692275410093377e-01 7.873062936378419363e-02
6.956999999733038902e+09 4.668496815770686315e-01 3.182581020084107593e-01
6.956999999734587669e+09 4.856438100627169518e-01 6.082216837953901001e-01
6.956999999748899460e+09 7.044481314524733140e-01 7.988897906238783264e-01
6.956999999778069496e+09 9.563477269824106619e-01 9.407706659376466884e-01
6.956999999864803314e+09 7.540860698349368674e-01 7.510289401280330068e-01
6.957000000098856926e+09 7.856278669605551990e-01 5.817411818074762486e-01
6.956999999923013687e+09 1.015224995227279159e+00 5.534793778060070890e-01
6.957000000010978699e+09 8.869741648202001949e-01 3.080238217104867005e-01
6.957000000011122704e+09 8.875229152415711198e-01 1.744822785476257687e-02
6.957000000095535278e+09 7.947977140794566520e-01 -2.446796307451875596e-01
6.956999999986981392e+09 7.613517285250208655e-01 2.277491898545025428e-02
6.956999999838799477e+09 5.751404763225934635e-01 1.895137989032028569e-01
6.956999999870463371e+09 5.750942984480431619e-01 -9.933196742048799877e-02
6.956999999784424782e+09 8.140498911685886130e-01 -2.405132748142531363e-01
6.956999999804904938e+09 8.565352319775312306e-01 4.620966319671940270e-02
6.956999999695910454e+09 6.351166601202707929e-01 1.995997497776408336e-01
6.956999999711167336e+09 6.159985736462096906e-01 -8.994510698643420898e-02
6.956999999587454796e+09 8.183022125170733574e-01 7.799248598529126553e-02
6.956999999779336929e+09 6.171816563129021160e-01 1.626459220682462403e-01
6.956999999874130249e+09 5.351902158152463951e-01 -9.951061284792217521e-02
6.956999999929645538e+09 4.521640230863989696e-01 1.733615594258036130e-01
6.956999999945240021e+09 4.088773565245248931e-01 4.602719616342252906e-01
6.956999999798835754e+09 5.145314127169334784e-01 6.879505916895256590e-01
6.956999999528609276e+09 5.418977274328721228e-01 5.846884989748115657e-01
6.956999999396856308e+09 7.676745871388898079e-01 4.578006694003274868e-01
6.956999999108393669e+09 7.816716518065978114e-01 4.898591675319612926e-01
6.956999999124374390e+09 8.914168202958985265e-01 2.212793566280366608e-01
6.956999999172004700e+09 8.804511079088706005e-01 -6.515663691522183276e-02
6.956999999321690559e+09 9.493119877826923236e-01 -3.045031733181486899e-01
6.956999999461557388e+09 1.118904725567935188e+00 -4.945297047890622189e-01
6.956999999473045349e+09 1.151478709464577310e+00 -7.830456665067151434e-01
6.956999999693276405e+09 1.182380246456661288e+00 -9.700696694165544809e-01
6.956999999427036285e+09 1.093272686760406787e+00 -8.951658134267967970e-01
6.956999999390234947e+09 9.065532455340281626e-01 -6.755844416991643175e-01
6.956999999295975685e+09 1.047394924947996797e+00 -9.116212360145432569e-01
6.956999999031619072e+09 1.040136965394015789e+00 -1.032026669915862893e+00
6.956999999239558220e+09 1.139156132425482415e+00 -1.209202320544189524e+00
6.956999999080426216e+09 1.363660097643093261e+00 -1.302526390686889801e+00
6.956999999287635803e+09 1.566991132170866274e+00 -1.314978965546703016e+00
6.956999999267622948e+09 1.546586298140521620e+00 -1.025811832278168634e+00
6.956999999213272095e+09 1.516107010409131872e+00 -7.419958035568059440e-01
6.956999999167102814e+09 1.492474979954368397e+00 -1.027905614815547208e+00
6.956999999352277756e+09 1.412206034257692977e+00 -1.236955180868775317e+00
6.956999999130799294e+09 1.304099655053088780e+00 -1.390885876417850664e+00
6.956999999375872612e+09 1.263815600816504459e+00 -1.541719005932958853e+00
6.956999999459709167e+09 9.863026015091043153e-01 -1.561528494690703317e+00
6.956999999491136551e+09 8.701655812664026435e-01 -1.826026177740927681e+00
6.956999999591202736e+09 7.036622993472545495e-01 -2.042123118663210057e+00
6.956999999783055305e+09 8.922617261014307299e-01 -2.151929611315324120e+00
6.956999999660894394e+09 9.523026268342860146e-01 -2.408651777003846473e+00
6.956999999447816849e+09 7.681782241358339203e-01 -2.337024423536565809e+00
6.956999999573177338e+09 8.660303123415876714e-01 -2.580220343319235443e+00
6.956999999602545738e+09 8.265332383921546455e-01 -2.866597660268527026e+00
6.956999999688374519e+09 1.012925132724905808e+00 -3.072330642647449483e+00
6.956999999723033905e+09 1.186768436327696907e+00 -3.302573441459728087e+00
6.956999999475631714e+09 1.114082817506548251e+00 -3.168620766345283446e+00
6.956999999360456467e+09 1.226017099370674712e+00 -2.926464189171172681e+00
6.956999999217358589e+09 1.465223674100464279e+00 -3.008548430373462867e+00
6.956999999236145020e+09 1.503865598897232037e+00 -3.295930352781550443e+00
6.956999999278059959e+09 1.516161171816773789e+00 -3.008656160909498833e+00
6.956999999452426910e+09 1.572692070962520727e+00 -2.783190369109189266e+00
6.956999999338284492e+09 1.464475926686453988e+00 -3.027516747350146975e+00
6.956999999286849022e+09 1.383645575308282805e+00 -3.301843749279754991e+00
6.956999999246366501e+09 1.293981480330805622e+00 -3.575259195755565056e+00
6.956999999033790588e+09 1.395252597659352389e+00 -3.404994094902443980e+00
6.956999999036329269e+09 1.449965591443713731e+00 -3.690361475874949448e+00
6.956999998973308563e+09 1.407575884868000227e+00 -3.970836089414008452e+00
6.956999998902827263e+09 1.406485729191008893e+00 -4.252732689601463001e+00
6.956999998642829895e+09 1.531812640565646921e+00 -4.286332132716266230e+00
6.956999998655775070e+09 1.670405265107238302e+00 -4.031265444300113465e+00
6.956999998729677200e+09 1.692989764172295519e+00 -3.751153144533895922e+00
6.956999998519655228e+09 1.858946315552049589e+00 -3.638088891744232001e+00
6.956999998723757744e+09 1.803482016304965185e+00 -3.438839323917428192e+00
6.956999998731513977e+09 1.848144581594066249e+00 -3.151820877904398799e+00
6.956999998730978012e+09 1.848835621083918523e+00 -2.861246045255074311e+00
6.956999998473134041e+09 1.847205730918947575e+00 -2.727273814353110115e+00
6.956999998536254883e+09 1.790385855986531993e+00 -3.005161865528901188e+00
6.956999998397487640e+09 2.042790808219914656e+00 -3.043502013862038780e+00
6.956999998393580437e+09 2.014858153351831049e+00 -3.332706084952277159e+00
6.956999998393547058e+09 2.036256016417483217e+00 -3.042918873335367369e+00
6.956999998374253273e+09 2.020598569883725215e+00 -2.753407036563253030e+00
6.956999998640889168e+09 2.071492754646340639e+00 -2.649727000803942634e+00
6.956999998378125191e+09 2.179928817932840879e+00 -2.709984591669563514e+00
6.956999998601848602e+09 2.360624162637806833e+00 -2.751596754557169788e+00
6.956999998809175491e+09 2.558746501412776375e+00 -2.798473300766529448e+00
6.956999998621455193e+09 2.339522605691746193e+00 -2.832183896348003049e+00
6.956999998775942802e+09 2.554282255669566570e+00 -2.711990452401913387e+00
6.956999998652825356e+09 2.788515988455427141e+00 -2.591943540882170716e+00
6.956999998655776978e+09 2.785609920345532675e+00 -2.301396916556957883e+00
6.956999998481993675e+09 2.579597884809163411e+00 -2.192801574019679567e+00
6.956999998605672836e+09 2.494739807290969669e+00 -1.943930169139738373e+00
6.956999998572810173e+09 2.411114544498111911e+00 -1.667594606440980121e+00
6.956999998759947777e+09 2.354270939626482484e+00 -1.452692513403849306e+00
6.956999998733782768e+09 2.358305075781912841e+00 -1.163324856932183238e+00
6.956999998737734795e+09 2.629519878466206162e+00 -1.267542949593944090e+00
6.956999998617530823e+09 2.432609649857899292e+00 -1.444211849245442547e+00
6.956999998781349182e+09 2.439935998473689693e+00 -1.684095804077355485e+00
6.956999998700965881e+09 2.704321186653871223e+00 -1.773948412770449679e+00
6.956999998835449219e+09 2.937004011123446112e+00 -1.663461399499700288e+00
6.956999998952242851e+09 2.994697211828493799e+00 -1.403720538114478389e+00
6.956999998953793526e+09 2.977746896158846468e+00 -1.693797734729082460e+00
6.956999998934169769e+09 3.240574051770397368e+00 -1.816154983251894617e+00
6.956999999126070023e+09 3.451864066641278761e+00 -1.761701797056250962e+00
6.956999999092389107e+09 3.508697426163819966e+00 -2.044668350560193915e+00
6.956999999073788643e+09 3.621675050551894426e+00 -1.777601734548563517e+00
6.956999999178909302e+09 3.723892933294861596e+00 -2.028471592725029193e+00
6.956999998927801132e+09 3.581650500092773637e+00 -2.062327679927429713e+00
6.956999998904937744e+09 3.666092033967048636e+00 -1.785233113484746559e+00
6.956999998913066864e+09 3.688825053814702493e+00 -2.074804570909543511e+00
6.956999998970165253e+09 3.581943586110678979e+00 -1.810701124692916331e+00
6.956999999067912102e+09 3.700314376752942724e+00 -2.057416428620258753e+00
6.956999999055971146e+09 3.679261930444295281e+00 -2.346982844324815076e+00
6.956999998968089104e+09 3.864442176721750055e+00 -2.141022680517184806e+00
6.956999999231023788e+09 3.972204114464220392e+00 -2.080300159886334210e+00
6.956999999220023155e+09 3.979834748225604457e+00 -1.790032590553404912e+00
6.956999999358373642e+09 3.729627760323260155e+00 -1.841899250080606842e+00
6.956999999312458038e+09 3.604835850329294544e+00 -2.100265739481102401e+00
6.956999999377532005e+09 3.603001397146774920e+00 -1.817075860241610830e+00
6.956999999388032913e+09 3.519031430184328624e+00 -2.095056578477616505e+00
6.956999999416194916e+09 3.584144527328445573e+00 -2.376839625659817656e+00
6.956999999638023376e+09 3.716601643867815774e+00 -2.243866970468127331e+00
6.956999999377451897e+09 3.844631245591708435e+00 -2.255921719467056885e+00
6.956999999185296059e+09 4.046317316223243310e+00 -2.338585240466409143e+00
6.956999999122163773e+09 3.845358295743436017e+00 -2.138424552929878431e+00
6.956999999295360565e+09 3.811828749521914084e+00 -1.907527874096553777e+00
6.956999999539847374e+09 3.880698026607561246e+00 -1.766397296834072650e+00
6.956999999616101265e+09 4.143182433891163363e+00 -1.864996333873768952e+00
6.956999999356369972e+09 4.097919336185284145e+00 -1.987165415194146689e+00
6.956999999331341743e+09 4.134794324177199165e+00 -2.274303551089341902e+00
6.956999999197207451e+09 4.125410752287046456e+00 -2.016709939360898929e+00
6.956999999287207603e+09 3.976481005102431077e+00 -1.783998793143315220e+00
6.956999999149273872e+09 4.002919835850602404e+00 -1.529617418075534196e+00
6.956999999367459297e+09 4.154501796105997791e+00 -1.411919924578520780e+00
6.956999999578356743e+09 4.343873818446392754e+00 -1.475910788848492361e+00
6.956999999615244865e+09 4.484497344226499926e+00 -1.727503324755077951e+00
6.956999999668985367e+09 4.589169308882930842e+00 -1.993191509077351098e+00
6.956999999385610580e+09 4.571957373847873818e+00 -2.055133337577981667e+00
6.956999999200644493e+09 4.359118935360235092e+00 -1.984977616585775539e+00
6.956999999481353760e+09 4.300997572193900886e+00 -1.937450803341516758e+00
6.956999999320935249e+09 4.065492243520703930e+00 -1.880551133539201780e+00
6.956999999291296005e+09 4.271810601649470129e+00 -2.083007867685283010e+00
6.956999999163427353e+09 4.354619824929260474e+00 -2.330448168768087580e+00
6.956999998990560532e+09 4.380732546431133301e+00 -2.562546492038034085e+00
6.956999998784508705e+09 4.293291440263394598e+00 -2.377259385944271664e+00
6.956999998947193146e+09 4.132619082916094477e+00 -2.556570830216777335e+00
6.956999999041088104e+09 3.957539485247743016e+00 -2.768621105196106491e+00
6.956999999158590317e+09 3.996584575235400116e+00 -2.505746144328874880e+00
6.956999999063203812e+09 4.270013649674922362e+00 -2.481819087198966933e+00
6.956999999277724266e+09 4.447901772334062365e+00 -2.399531866742160346e+00
6.956999999333981514e+09 4.172864061313047657e+00 -2.474524278583248638e+00
6.956999999179237366e+09 4.040421085237331233e+00 -2.681762005695491613e+00
6.956999998983671188e+09 4.194436993848784212e+00 -2.531870583104559369e+00
6.956999998859387398e+09 4.238951782438643789e+00 -2.273014700619838901e+00
6.956999998852540970e+09 4.258135242590646463e+00 -1.983153327447058967e+00
6.956999998764800072e+09 4.024130921658384707e+00 -1.834903336675564933e+00
6.956999998601407051e+09 3.972666485041472129e+00 -2.069613291950460621e+00
6.956999998817241669e+09 3.844968217196163884e+00 -2.216389356581758729e+00
6.956999998724139214e+09 3.632818553171775378e+00 -2.391771596098713815e+00
6.956999998941728592e+09 3.731030752363022618e+00 -2.226110099903433337e+00
6.956999998993785858e+09 3.682837521657611024e+00 -2.507893583608260979e+00
6.956999998947241783e+09 3.700008703193773396e+00 -2.794203436567780585e+00
6.956999998667762756e+09 3.639771125799719620e+00 -2.846141992013916155e+00
6.956999998534433365e+09 3.603191006805078089e+00 -2.590565031262558549e+00
6.956999998540946007e+09 3.618798012822946220e+00 -2.880648651653568315e+00
6.956999998772530556e+09 3.751574970192789404e+00 -2.765873997587873667e+00
6.956999998871500015e+09 3.843596890713433911e+00 -3.023112311376920491e+00
6.956999998669653893e+09 3.997322641859387460e+00 -2.881475000516686702e+00
6.956999998646480560e+09 4.111320157940008713e+00 -3.147749422249130458e+00
6.956999998684055328e+09 4.013855803639730269e+00 -2.876597531992758139e+00
6.956999998884185791e+09 4.077401206978905179e+00 -2.675738251786635047e+00
6.956999998762841225e+09 3.939466180283355268e+00 -2.450607094709650990e+00
6.956999998527097702e+09 4.101712447742427159e+00 -2.400250267464955733e+00
6.956999998316699982e+09 4.002771748586940959e+00 -2.574543009564864704e+00
6.956999998567331314e+09 4.148666097105953909e+00 -2.556286114243152330e+00
6.956999998523939133e+09 4.434469946690995812e+00 -2.585743744366872043e+00
6.956999998380542755e+09 4.613173298774961850e+00 -2.407034603891459845e+00
6.956999998456083298e+09 4.406895163311296493e+00 -2.597238209556784305e+00
6.956999998431383133e+09 4.128457493855431260e+00 -2.517885308440649617e+00
6.956999998498707771e+09 3.871307910488694937e+00 -2.635256617664357925e+00
6.956999998355512619e+09 4.117910872880665707e+00 -2.579429298887543798e+00
6.956999998259992599e+09 4.174239900553508242e+00 -2.848013455415022044e+00
6.956999998242912292e+09 4.142317497130932225e+00 -2.559701633741998883e+00
6.956999998341235161e+09 3.939974737495849144e+00 -2.375787332434551313e+00
6.956999998586027145e+09 4.086340402014418949e+00 -2.431360289581424805e+00
6.956999998597544670e+09 4.083854703100911365e+00 -2.721697447986603624e+00
6.956999998776710510e+09 4.183549385143087385e+00 -2.927597891657186757e+00
6.956999998794180870e+09 4.132450143719340829e+00 -2.642084049394411327e+00
6.956999998677539825e+09 4.085643872010511934e+00 -2.904073819082782393e+00
6.956999998508739471e+09 3.962959408782558146e+00 -3.106285212831813691e+00
6.956999998337349892e+09 4.095231546719513283e+00 -3.300099721051345192e+00
6.956999998529353142e+09 4.279859080374865954e+00 -3.183987661511144651e+00
6.956999998797795296e+09 4.333083060845686063e+00 -3.086311660256147338e+00
6.956999998714349747e+09 4.379291606577581319e+00 -3.360785827120109204e+00
6.956999998742252350e+09 4.665916885055872321e+00 -3.322031455971230507e+00
6.956999998778818130e+09 4.382195451206009729e+00 -3.373017422225649931e+00
6.956999998892102242e+09 4.215347566105264399e+00 -3.582213384331377704e+00
6.956999999135572433e+09 4.373934149308974284e+00 -3.584853784400312104e+00
6.956999999073451996e+09 4.582161533574420353e+00 -3.777770694333806745e+00
6.956999999245127678e+09 4.625474776198212012e+00 -3.547366811985920521e+00
6.956999999406583786e+09 4.384412096065180897e+00 -3.531393108244766932e+00
6.956999999314107895e+09 4.594840764358858465e+00 -3.709164065080384987e+00
6.956999999149230957e+09 4.424899599141483897e+00 -3.877597861188343931e+00
6.956999998966447830e+09 4.592200604593245750e+00 -4.029371727774023526e+00
6.956999998937795639e+09 4.798714953082855672e+00 -4.231770743886466235e+00
6.956999998719526291e+09 4.887198086165196464e+00 -4.401958238983318950e+00
6.956999998702485085e+09 4.894135990519219881e+00 -4.691951296146385175e+00
6.956999998613368034e+09 4.943190390636753584e+00 -4.964139246795735261e+00
6.956999998575297356e+09 4.692599325947905520e+00 -5.106228079343267723e+00
6.956999998712377548e+09 4.939462989345940080e+00 -5.037657119835802000e+00
6.956999998645051956e+09 4.757182479948166787e+00 -5.253702337635731467e+00
6.956999998532563210e+09 5.003267252233971618e+00 -5.147763759937519445e+00
6.956999998540266991e+09 5.044713464429379179e+00 -5.435265695881913217e+00
6.956999998525337219e+09 5.259946084993605275e+00 -5.629910256729015572e+00
6.956999998486129761e+09 5.281231273674916515e+00 -5.917041279105503371e+00
6.956999998498039246e+09 5.097185238190302670e+00 -5.692497918551700842e+00
6.956999998221424103e+09 5.186154807813203149e+00 -5.690846034831857914e+00
6.956999998111145973e+09 4.919816505204682500e+00 -5.654277911689032265e+00
6.956999998078875542e+09 4.758941148305295243e+00 -5.894094992231729613e+00
6.956999998282745361e+09 4.615333408183086128e+00 -6.043254386192815630e+00
6.956999998411798477e+09 4.803686850288600318e+00 -6.222984010205460770e+00
6.956999998642282486e+09 4.950070349504768430e+00 -6.322400646953142633e+00
6.956999998767854691e+09 5.125332318389776098e+00 -6.517206578269489015e+00
6.956999998974986076e+09 4.923868737004145402e+00 -6.547925713166758754e+00
6.956999998741302490e+09 5.077071997812947046e+00 -6.468206884726608763e+00
6.956999998606662750e+09 4.937722629220068882e+00 -6.251669482212400375e+00
6.956999998600312233e+09 4.948169016983188229e+00 -5.961350621795348914e+00
6.956999998708548546e+09 5.210520536690848914e+00 -5.898971542139128665e+00
6.956999998805162430e+09 5.204848092178076868e+00 -6.172957030194758055e+00
6.956999998770688057e+09 5.234472351628668640e+00 -5.885958085663063777e+00
6.956999998672653198e+09 5.026543079908394773e+00 -5.708224858420674508e+00
6.956999998547039032e+09 5.028322057435230086e+00 -5.446208869094053995e+00
6.956999998714037895e+09 4.880620744260136590e+00 -5.259848346645998873e+00
6.956999998426260948e+09 4.871920067919630171e+00 -5.220564945130202084e+00
6.956999998423967361e+09 4.806260625987228252e+00 -5.503616311425190588e+00
6.956999998440649033e+09 4.867598849489007229e+00 -5.787154401504799317e+00
6.956999998356262207e+09 5.130024725636567418e+00 -5.695252080118936355e+00
6.956999998636092186e+09 5.176163663039668350e+00 -5.632000610098186755e+00
6.956999998633745193e+09 5.233339727826645138e+00 -5.347114866409879319e+00
6.956999998627676964e+09 5.237447279339347617e+00 -5.056631121767918735e+00
6.956999998569166183e+09 5.238069481201651278e+00 -4.772007498031404005e+00
6.956999998568410873e+09 5.269762264305708932e+00 -4.483165854998791389e+00
6.956999998623199463e+09 5.021303354970595656e+00 -4.623525564191965920e+00
6.956999998852209091e+09 4.846677688789353233e+00 -4.584861658829551878e+00
6.956999998824405670e+09 4.941917710904833783e+00 -4.311748476544684294e+00
6.956999998861730576e+09 5.129358781177767668e+00 -4.092871404147902403e+00
6.956999999021780968e+09 5.067250544625101050e+00 -3.858433817528057030e+00
6.956999998890935898e+09 5.022757330216284899e+00 -3.602827882193253561e+00
6.956999998737364769e+09 5.262429024617585327e+00 -3.544451169707568461e+00
6.956999998497514725e+09 5.286052034836286495e+00 -3.706772802353237140e+00
6.956999998495210648e+09 5.434523824277525783e+00 -3.956543329080972615e+00
6.956999998581244469e+09 5.445465706052334376e+00 -4.233875267427380074e+00
6.956999998849149704e+09 5.332971155012892872e+00 -4.236399862538801742e+00
6.956999998777635574e+09 5.096086448039867101e+00 -4.084065257589780451e+00
6.956999998680925369e+09 5.340736998215009024e+00 -4.207466030278633085e+00
6.956999998740571976e+09 5.600970982835723255e+00 -4.322161313284793138e+00
6.956999998693077087e+09 5.606141901867893296e+00 -4.608783054361428988e+00
6.956999998909155846e+09 5.520863387647056086e+00 -4.783345351297112913e+00
6.956999998861229897e+09 5.602480238210328700e+00 -5.058074761940446251e+00
6.956999998878793716e+09 5.456563398779280760e+00 -4.807407077825951447e+00
6.956999998900741577e+09 5.477851999358974489e+00 -5.096370006428767141e+00
6.956999999099903107e+09 5.528243266061276806e+00 -5.301869011563418610e+00
6.956999998844181061e+09 5.391268651036482673e+00 -5.285168038573001326e+00
6.956999998845072746e+09 5.358260001762420899e+00 -5.573861875088005569e+00
6.956999998801479340e+09 5.337046981583978500e+00 -5.860365168816271009e+00
6.956999998819379807e+09 5.325659369830146872e+00 -5.570564565943951330e+00
6.956999998763562202e+09 5.450248553665414164e+00 -5.314056357829400667e+00
6.956999998887846947e+09 5.690864666311620468e+00 -5.208738976179186686e+00
6.956999998660295486e+09 5.557699835499072982e+00 -5.086583741102056244e+00
6.956999998645741463e+09 5.749204213692905796e+00 -4.868527008167389702e+00
6.956999998646421432e+09 5.749147393255156224e+00 -4.577951661487157153e+00
6.956999998848668098e+09 5.952925973879637844e+00 -4.533171652171649413e+00
6.956999998856188774e+09 6.031754289553757253e+00 -4.812749972984446067e+00
6.956999998702669144e+09 5.885628861039404747e+00 -4.613969524789528265e+00
6.956999998933116913e+09 5.999440181433785213e+00 -4.749525589637483947e+00
6.956999999007873535e+09 6.273555255422617272e+00 -4.810409948553395765e+00
6.956999998990909576e+09 6.071055796702180984e+00 -4.602706554260134197e+00
6.956999998969331741e+09 6.071300547743763154e+00 -4.312932810630135450e+00
6.956999999218279839e+09 6.184042267857390307e+00 -4.214198206763805743e+00
6.956999999376032829e+09 6.128964859535734000e+00 -3.976469154665219996e+00
6.956999999505386353e+09 6.388811327573746368e+00 -3.962979853295761856e+00
6.956999999400155067e+09 6.560556665444034152e+00 -3.753541695880277640e+00
6.956999999583973885e+09 6.735225475337404788e+00 -3.611640860967102018e+00
6.956999999626617432e+09 6.736836522144152184e+00 -3.899066383044489381e+00
6.956999999684604645e+09 6.715825247305795997e+00 -4.183021575713431695e+00
6.956999999586579323e+09 6.624029421809498608e+00 -4.440701805037728711e+00
6.956999999632000923e+09 6.852253718744127475e+00 -4.614727814531725869e+00
6.956999999541427612e+09 6.923221305960439942e+00 -4.347904565872690696e+00
6.956999999580643654e+09 6.743622722348668219e+00 -4.122869099562418427e+00
6.956999999741044044e+09 6.894530477846666727e+00 -4.312428937365878845e+00
6.956999999701932907e+09 7.178896555222332054e+00 -4.267254528087809362e+00
6.956999999500481606e+09 7.079931520396816502e+00 -4.082707032895842580e+00
6.956999999725233078e+09 7.189959385406122117e+00 -3.935007564354274123e+00
6.956999999510185242e+09 7.353230669145803589e+00 -4.042391388437641453e+00
6.956999999529958725e+09 7.363418763041971182e+00 -3.752667879602058054e+00
6.956999999581830025e+09 7.531927147232973851e+00 -3.983641384289566378e+00
6.956999999426468849e+09 7.773238879077721819e+00 -3.938186652982018643e+00
6.956999999213117599e+09 7.932582222407032368e+00 -3.821887726274952879e+00
6.956999999445075989e+09 7.989831648415243848e+00 -3.656502034751768271e+00
6.956999999411314964e+09 7.942091506524387334e+00 -3.941134423710594525e+00
6.956999999363351822e+09 8.160601356564454179e+00 -3.755695883858902739e+00
6.956999999336121559e+09 8.013364369013208588e+00 -3.506669256108859489e+00
6.956999999589379311e+09 8.078421363321538706e+00 -3.633406891950312634e+00
6.956999999444508553e+09 8.313428644910752396e+00 -3.724062741495338003e+00
6.956999999528013229e+09 8.057126075174180002e+00 -3.615570985461634468e+00
6.956999999574332237e+09 7.873815576010375850e+00 -3.394921320508427875e+00
6.956999999625976562e+09 8.108200250367859852e+00 -3.231118959568762605e+00
6.956999999738614082e+09 8.374370667752092601e+00 -3.201107556757806449e+00
6.956999999727851868e+09 8.543382617377103472e+00 -2.964985498512067608e+00
6.956999999731128693e+09 8.460007780229798158e+00 -2.686646857851374026e+00
6.956999999674002647e+09 8.378242220117725125e+00 -2.959567150078135533e+00
6.956999999740535736e+09 8.096885665685036315e+00 -2.988657950750957415e+00
6.956999999509114265e+09 8.125914718487949884e+00 -3.161966097298899658e+00
6.956999999525953293e+09 8.181535063681250719e+00 -3.446671758852296374e+00
6.956999999586410522e+09 8.350414728602727266e+00 -3.675274161295230435e+00
6.956999999513847351e+09 8.116637661993683750e+00 -3.518693781390849651e+00
6.956999999550282478e+09 8.089103548344816375e+00 -3.805658664206808428e+00
6.956999999580438614e+09 8.135954499811388629e+00 -3.520474376889795920e+00
6.956999999611156464e+09 8.113062238868014475e+00 -3.808514078272634773e+00
6.956999999596890450e+09 8.186683837927599683e+00 -4.089246766778384057e+00
6.956999999610961914e+09 8.293723320833768398e+00 -3.819470881096528547e+00
6.956999999577163696e+09 8.243304079599736767e+00 -4.103636451138434005e+00
6.956999999347443581e+09 8.265909199895421722e+00 -3.927137180656053772e+00
6.956999999360016823e+09 8.352370459917018763e+00 -3.650007516105418404e+00
6.956999999330121994e+09 8.374814519896778719e+00 -3.361846023053010946e+00
6.956999999286260605e+09 8.548399295209959448e+00 -3.132981438772152405e+00
6.956999999297560692e+09 8.690460209538974468e+00 -2.879751298600846887e+00
6.956999999352719307e+09 8.653191709733020431e+00 -3.162599417297162763e+00
6.956999999411954880e+09 8.806402362756898583e+00 -3.402291253360723466e+00
6.956999999462171555e+09 8.694969365817803109e+00 -3.138671288649117930e+00
6.956999999183157921e+09 8.708295206407438371e+00 -3.218723009844354888e+00
6.956999999407470703e+09 8.751037861681096430e+00 -3.398421414829392084e+00
6.956999999200013161e+09 8.930188707809817217e+00 -3.494862415476641004e+00
6.956999999123723030e+09 8.820099983054349835e+00 -3.236996688515016096e+00
6.956999999061654091e+09 8.745013204637738014e+00 -3.510755453693931827e+00
6.956999998811203957e+09 8.651061568149868819e+00 -3.397254120208474504e+00
6.956999998917386055e+09 8.457734303411596599e+00 -3.586421818158464614e+00
6.956999998906501770e+09 8.468171215047464173e+00 -3.876606428211911481e+00
6.956999998624913216e+09 8.496171395740892862e+00 -3.810588843346427002e+00
6.956999998656423569e+09 8.771518604847965861e+00 -3.897912838655585688e+00
6.956999998638851166e+09 8.891602658047810692e+00 -3.633894774396833061e+00
6.956999998744033813e+09 8.981365163078574909e+00 -3.889460451451866252e+00
6.956999998747321129e+09 9.115955228418322065e+00 -3.631954715256989541e+00
6.956999998662139893e+09 9.377953310352038940e+00 -3.539566379139207797e+00
6.956999998687982559e+09 9.451207541042258242e+00 -3.819567259305404860e+00
6.956999998408422470e+09 9.501883256792051924e+00 -3.758637385842062972e+00
6.956999998344029427e+09 9.496747543893722110e+00 -4.041942257567226804e+00
6.956999998552577972e+09 9.696935224960625987e+00 -4.012497804819405545e+00
6.956999998640639305e+09 9.903023356428647617e+00 -3.827545344326133581e+00
6.956999998700261116e+09 9.975332487160537553e+00 -3.552497767118286021e+00
6.956999998688687325e+09 9.999720650915337572e+00 -3.841817252639225355e+00
6.956999998644596100e+09 1.009038982448263511e+01 -4.114341641347875722e+00
6.956999998599416733e+09 1.035674311314066998e+01 -4.007340373533324396e+00
6.956999998583149910e+09 1.028829943594156937e+01 -4.289271850621696025e+00
6.956999998562355995e+09 1.001339971328163969e+01 -4.381099044144364463e+00
6.956999998649322510e+09 1.028769565370286010e+01 -4.421511123459310078e+00
6.956999998835390091e+09 1.046444360778681393e+01 -4.557796026197554085e+00
6.956999999084816933e+09 1.050185048158819434e+01 -4.702093078647579638e+00
6.956999999008109093e+09 1.043527325978446640e+01 -4.974339195132450264e+00
6.956999998857617378e+09 1.065369327434645719e+01 -4.855681826247647770e+00
6.956999999066080093e+09 1.075751305821105674e+01 -5.029461267165494576e+00
6.956999999063314438e+09 1.082436674185559156e+01 -5.312228718146275952e+00
6.956999998998691559e+09 1.073552067702311419e+01 -5.043221639506599629e+00
6.956999999241549492e+09 1.065268309743469288e+01 -5.179576267815626522e+00
6.956999999339203835e+09 1.075884336393345464e+01 -4.927329971437799827e+00
6.956999999546072960e+09 1.056485188152256960e+01 -4.990631560624904317e+00
6.956999999836269379e+09 1.057968668891291486e+01 -4.991376371363188902e+00
6.956999999764277458e+09 1.054329337921556409e+01 -4.712221970702870522e+00
6.956999999973347664e+09 1.037001490542601267e+01 -4.815656689986336225e+00
6.956999999935704231e+09 1.049124511572268936e+01 -5.077038959495117965e+00
6.957000000002157211e+09 1.037729435935093569e+01 -5.335947692934770892e+00
6.956999999903511047e+09 1.011727036326564999e+01 -5.251739394440946285e+00
6.956999999815321922e+09 9.973375384359236762e+00 -5.488279844997515866e+00
6.956999999986934662e+09 1.019149564469634228e+01 -5.402215636444743119e+00
6.957000000026201248e+09 9.959497819058437784e+00 -5.231717508487627732e+00
6.957000000183636665e+09 9.825991858237790311e+00 -5.027206228180333802e+00
