6.957000000000000000e+09 0.000000000000000000e+00 0.000000000000000000e+00
6.957000000053040504e+09 -2.333886790152741447e-02 2.847393550912566407e-01
6.957000000021572113e+09 9.020119306688731409e-02 1.912135912051465825e-02
6.956999999792918205e+09 2.653867604186461726e-01 -1.911219410745334385e-02
6.956999999881517410e+09 1.860276330167542069e-01 2.460043460731695109e-01
6.956999999942382812e+09 -9.752478978824150047e-02 2.278947160461482768e-01
6.957000000045392990e+09 -1.033174770967373729e-01 4.995374209882872396e-01
6.957000000042970657e+09 6.366320763721751430e-02 2.617432177855911757e-01
6.957000000069219589e+09 1.884583579416318488e-01 5.228402263851734677e-01
6.957000000246613503e+09 6.203242782816020817e-02 3.305324036130724563e-01
