1.391400000000000000e+10 0.000000000000000000e+00 0.000000000000000000e+00
1.391400000001398087e+10 -2.112282986483749250e-02 2.985840918610996320e-01
1.391399999998647499e+10 -6.202871114147021081e-02 5.941584412146766470e-01
1.391399999999272919e+10 8.641175166445805300e-02 3.339269807235131782e-01
1.391399999977653313e+10 2.937251056829163209e-01 3.252833598400974302e-01
1.391399999979237747e+10 2.813811678827833895e-01 6.242661204170281142e-01
1.391400000004971313e+10 4.013258273569063617e-01 5.284229903647168491e-01
1.391400000003075790e+10 1.022899984829312992e-01 5.249007398079814646e-01
1.391400000004316711e+10 1.303968546963066022e-01 2.268233925020076147e-01
1.391400000017065048e+10 3.548745261471401014e-01 3.789811589765212929e-01
