6.957000000000000000e+09 0.000000000000000000e+00 0.000000000000000000e+00
6.957000000025578499e+09 3.880658812322035356e-02 2.868349193840918909e-01
6.957000000098587036e+09 1.423520794587006533e-01 5.483354312081354376e-01
6.957000000033653259e+09 1.383882407935466130e-01 2.651352612675536569e-01
6.956999999998338699e+09 1.643031421546712889e-01 -2.212034699920628622e-02
6.956999999721645355e+09 7.957561623923713190e-02 -4.851382891966733724e-02
6.956999999650255203e+09 1.811862457623206468e-01 -3.112175261157209549e-01
6.956999999405824661e+09 9.441876256598734363e-02 -1.802226007484722670e-01
6.956999999405165672e+09 9.415672558686319360e-02 1.103526814866316597e-01
6.956999999613449097e+09 -1.059162832357628814e-01 1.423438307157026406e-01
6.956999999616893768e+09 -1.070842357003791989e-01 4.328972177959691248e-01
6.956999999694240570e+09 5.642927779781656272e-02 2.054871425617486591e-01
6.956999999603186607e+09 1.295100725491647731e-01 -6.060107510078222015e-02
6.956999999868680954e+09 1.123080158128778872e-01 -1.774396425883264516e-01
6.957000000155295372e+09 7.021314654236142372e-02 -2.001298497030342682e-01
