2.782800000000000000e+10 0.000000000000000000e+00 0.000000000000000000e+00
2.782799999992902756e+10 9.204862515415379587e-02 3.221366562269319389e-01
2.782799999974909210e+10 4.719473419083103360e-03 6.001285331184920135e-01
2.782799999978835678e+10 6.692211656012761467e-02 9.346000341000052503e-01
2.782799999957163239e+10 -8.121986511020626298e-03 1.188924423672178765e+00
2.782799999960393524e+10 2.379008495949357094e-02 8.494835286042288214e-01
2.782799999970911026e+10 2.226699967738038008e-02 1.175394203888538547e+00
2.782799999945303345e+10 1.587078368006519247e-01 1.357302755601200062e+00
2.782799999957210922e+10 -7.087543603221196920e-02 1.581790350206724760e+00
2.782799999953199005e+10 -8.088242907834662654e-02 1.241830805114397362e+00
2.782799999951071167e+10 -2.246116820872470776e-01 9.317160864527093134e-01
2.782799999966649628e+10 -3.254447106403037249e-01 6.438860204501251072e-01
2.782799999975916672e+10 -6.546075329402575305e-01 6.252736530694525952e-01
2.782799999993424606e+10 -5.992776703421449636e-01 9.143551164780217011e-01
2.782799999997110367e+10 -7.379683325777938174e-01 1.225302699151506580e+00
2.782800000030975723e+10 -7.147232255545236113e-01 1.179966630118918003e+00
