6.957000000000000000e+09 0.000000000000000000e+00 0.000000000000000000e+00
6.956999999878036499e+09 -1.536294517569100904e-01 -2.143767559219618701e-01
6.956999999855979919e+09 -2.071371754954606792e-02 -4.718285507120401623e-01
6.956999999725889206e+09 2.129733216946804730e-01 -5.854125300468279169e-01
6.956999999652742386e+09 1.459311526638271128e-01 -3.123020419053168517e-01
6.956999999518120766e+09 1.527579051919616404e-01 -5.488250796720944846e-02
6.956999999686123848e+09 1.143508047772899550e-01 1.790712596197610029e-01
6.956999999578345299e+09 3.748963688139353989e-01 1.088271471681149516e-01
6.956999999634526253e+09 5.161249716508210517e-01 3.564815245859748183e-01
6.956999999628427505e+09 5.365897274304105569e-01 6.669109100726139383e-02
6.956999999397010803e+09 6.114792501769462651e-01 2.256646205230175284e-01
6.956999999575005531e+09 6.405327547454741088e-01 4.534981498045095316e-01
6.956999999719496727e+09 6.151176082074688578e-01 2.026776200864033872e-01
6.956999999807068825e+09 6.396448776784554591e-01 -7.330070132072835642e-02
6.956999999833704948e+09 7.236022924670409973e-01 2.036039492195577671e-01
6.956999999840423584e+09 9.852769071953942914e-01 3.297616112326635651e-01
6.956999999565682411e+09 1.021436835044207792e+00 4.171923468213363240e-01
6.956999999495802879e+09 8.424540251549772485e-01 6.351750610874673519e-01
6.956999999528321266e+09 7.887049980730670429e-01 3.514707873219218293e-01
6.956999999745744705e+09 6.645047097134191283e-01 2.040396965053521416e-01
6.956999999785808563e+09 6.596401788983524694e-01 -8.372010183447614606e-02
6.956999999637824059e+09 4.425783203366229213e-01 4.045415496741334993e-02
6.956999999488093376e+09 6.823925025716748305e-01 -2.665959629789324548e-02
6.956999999510183334e+09 7.854693306216046222e-01 2.441202352840398937e-01
6.956999999736119270e+09 6.194724463757107502e-01 3.204921232387296093e-01
6.956999999748802185e+09 6.290460573975099612e-01 3.035080824527147669e-02
6.956999999959888458e+09 8.269575238723789745e-01 3.737881890137080554e-03
6.957000000075793266e+09 7.637669408906297974e-01 2.625961171897674418e-01
6.957000000238848686e+09 7.115287715244159594e-01 4.973695208940361878e-01
