6.261300000000000000e+10 0.000000000000000000e+00 0.000000000000000000e+00
6.261299999901393890e+10 -7.912777566099991056e-01 8.328099913402350341e-01
6.261300000009153748e+10 -1.853361937751111022e+00 7.800876134151950581e-01
6.261299999934236145e+10 -1.645748151517636426e+00 -5.190067953316606086e-01
6.261299999855397797e+10 -1.419992351610440240e+00 7.535869803974002412e-01
6.261299999729857635e+10 -1.214470201941300509e+00 1.574406484992012301e+00
6.261299999676584625e+10 -2.309846494025228125e+00 2.473497668500459046e+00
6.261299999662953949e+10 -1.918030233921338645e+00 3.929489970690318579e+00
6.261299999800468445e+10 -2.288007039509007523e+00 4.443402811228375882e+00
6.261299999788057709e+10 -3.424599336204385391e+00 5.435757770558679702e+00
6.261299999868572998e+10 -3.494566753233451006e+00 4.155582613787858648e+00
6.261299999773464203e+10 -3.920499273270002139e+00 3.057392028320866650e+00
6.261299999921613312e+10 -4.201999042648564497e+00 2.923404684361231354e+00
6.261299999969356537e+10 -4.353700937226574474e+00 1.494748608564369974e+00
6.261299999954499817e+10 -4.252714846760194511e+00 2.997992527776253802e+00
6.261299999847726440e+10 -5.228559930746411233e+00 3.444853858155740856e+00
6.261299999849477386e+10 -5.228227459691211720e+00 1.931015327329634435e+00
6.261299999860348511e+10 -5.300967617281574285e+00 3.439294062470576119e+00
6.261299999933252716e+10 -4.916515592937263257e+00 4.709219502260815204e+00
6.261300000029799652e+10 -6.080571702232331788e+00 4.778879288794282587e+00
