4.869900000000000000e+10 0.000000000000000000e+00 0.000000000000000000e+00
4.869900000001036072e+10 -1.518776359253725117e-01 -5.431274122932976400e-01
4.869899999973365784e+10 -1.667090645106448221e-01 -5.182408125379689423e-02
4.869899999980275726e+10 -1.972244348872578268e-01 -6.108013125748054106e-01
4.869899999982154846e+10 -3.310759382112771210e-01 -1.158425516361726304e+00
4.869899999970920563e+10 -6.208127198256461199e-01 -6.876880268102767424e-01
4.869899999943647003e+10 -6.105412015677493809e-01 -1.181318124350908771e+00
4.869899999905108643e+10 -3.168169267774075260e-01 -8.925872211767060804e-01
4.869899999912696075e+10 -3.497710459387992632e-01 -3.346273554070117173e-01
4.869899999911840057e+10 -3.537680381445025835e-01 -8.986063295839430420e-01
4.869899999911335754e+10 1.570791604590236479e-01 -6.595012282278572835e-01
4.869899999876253510e+10 4.373520497979350163e-01 -1.000867211572298077e+00
4.869899999922560120e+10 7.551644393184782089e-01 -1.053093387720572371e+00
4.869899999939989471e+10 5.651224677487005632e-01 -1.554757222044294007e+00
4.869899999887520599e+10 7.173318497158698293e-01 -1.695105520186332093e+00
4.869899999868519592e+10 6.212016418873742563e-01 -1.172787199540695546e+00
4.869899999902998352e+10 8.735093312336369431e-01 -8.045168000598954539e-01
4.869899999916786957e+10 9.937857069126382337e-01 -1.338073029705481698e+00
4.869899999905352020e+10 7.107896392810030273e-01 -8.637324298666138045e-01
4.869899999930117035e+10 1.215885669525102797e+00 -9.050879321519450516e-01
4.869899999881682587e+10 1.289099194728971387e+00 -1.184748182537714412e+00
4.869899999899559021e+10 7.552317441130044218e-01 -1.150229974415886813e+00
4.869899999904048920e+10 4.511387077336296847e-01 -6.772889343173875698e-01
4.869899999903503418e+10 4.712863494609764725e-01 -1.240960694576016543e+00
4.869899999868451691e+10 3.848938656779289369e-01 -8.075588869272354309e-01
4.869899999856469727e+10 5.186133356686268847e-01 -2.728402393895907885e-01
4.869899999811283875e+10 5.980722964637248396e-01 -6.009756458350623554e-01
4.869899999863504791e+10 8.068915318332081643e-01 -6.440749543264050470e-01
4.869899999861089325e+10 1.115733384490452007e+00 -1.115450603776616312e+00
4.869899999903310394e+10 1.484323397325993055e+00 -1.051860378068645741e+00
4.869899999936251068e+10 1.221198569898751973e+00 -1.426586565601844159e+00
4.869899999983968353e+10 1.305833635579615404e+00 -1.715208201056615867e+00
4.869899999965779114e+10 1.838554207490462389e+00 -1.751080945944749834e+00
4.869899999992881775e+10 2.132887643909986419e+00 -2.148664305811717856e+00
4.869899999994509888e+10 2.183319416193953977e+00 -1.587101147910863208e+00
4.869899999954862213e+10 1.782736135243781828e+00 -1.609411777109060360e+00
4.869899999999819183e+10 1.447418740680768590e+00 -1.669510714376831739e+00
4.869899999979655457e+10 1.330866386904834275e+00 -2.183240745472891042e+00
4.869900000005962372e+10 1.238962912805876782e+00 -1.692821458759348641e+00
4.869900000051003265e+10 1.215738550197301704e+00 -1.354070153828329959e+00
