3.478500000000000000e+10 0.000000000000000000e+00 0.000000000000000000e+00
3.478499999975122833e+10 1.898477760612455045e-01 2.217846975204630089e-01
3.478499999973477936e+10 -1.437918780149723685e-01 4.102854079731658721e-01
3.478499999947716522e+10 -2.797136881129745900e-01 6.598416445269613684e-01
3.478499999969484711e+10 -2.814814161402347525e-01 9.756408297486932613e-01
3.478499999955384064e+10 2.778297369435306363e-02 1.153377567501219003e+00
3.478499999969767761e+10 -1.347435793308519036e-01 8.371257234359972266e-01
3.478499999960434723e+10 -8.699516179827047890e-02 4.681700053065760425e-01
3.478499999978290558e+10 2.447115692706375856e-01 3.960188444404325603e-01
3.478500000002933502e+10 4.619067758771487897e-01 1.979867387178367022e-01
3.478500000036599731e+10 4.861788596477227276e-01 3.801578601176024419e-01
