2.782800000000000000e+10 0.000000000000000000e+00 0.000000000000000000e+00
2.782799999983449173e+10 8.328536498920179054e-02 2.880140422718160398e-01
2.782799999964832687e+10 2.816514534938049374e-01 4.960416194704290183e-01
2.782799999965582275e+10 2.115873613880634718e-01 1.609045348922981677e-01
2.782799999965082932e+10 5.090539378789912250e-01 3.305239798932170237e-01
2.782799999936065292e+10 5.779916828573175014e-01 1.622182845324978417e-01
2.782799999935027313e+10 2.704863092927793922e-01 3.126004453381860393e-01
2.782799999933233643e+10 7.853180940568460500e-02 2.955667138219064682e-02
2.782799999954413986e+10 3.415543326885158160e-01 -2.737244210505778569e-02
2.782799999964154434e+10 4.541999959676576437e-01 2.810193432934379176e-01
2.782799999968493271e+10 6.774238313299985048e-01 2.495161163795939219e-02
2.782799999989772034e+10 5.874210803133587122e-01 -2.278389407293382463e-01
2.782799999993162918e+10 6.770632665595693878e-01 1.009414025124050762e-01
2.782800000009487152e+10 7.907621650498251054e-01 -1.778174008453612953e-01
2.782800000013599396e+10 5.728375309319541087e-01 -4.387765881440943150e-01
