1.391400000000000000e+10 0.000000000000000000e+00 0.000000000000000000e+00
1.391399999971100807e+10 -2.555979200216230290e-02 -7.499334939255881960e-02
1.391399999979168892e+10 2.351828283435170586e-01 -1.986786683916185736e-01
1.391399999965508080e+10 1.975597435949255631e-02 -3.559152901266409152e-01
1.391399999943697357e+10 -1.814882598161678962e-01 -3.143960874235857128e-01
1.391399999942075729e+10 -2.201514082803823769e-01 -1.768702192389903782e-02
1.391399999971121788e+10 -1.681934472818455983e-01 -6.990812723967354536e-02
1.391399999973176575e+10 -2.205727881527857481e-01 2.244186756255508453e-01
1.391399999954422569e+10 -7.967267447272419201e-02 3.795099160026799145e-02
1.391399999936528206e+10 1.488900583573363468e-01 -3.642983302569852144e-02
1.391399999951286125e+10 3.479781120398365291e-01 -2.048884970366061098e-01
1.391399999968062592e+10 1.048391712074145110e-01 -1.545630599715037690e-01
1.391399999987815094e+10 -6.138430695732233211e-02 -2.419844553984140667e-03
1.391399999994153786e+10 -2.240217464455500351e-01 2.411479487304781510e-01
1.391399999978085899e+10 -4.691528226157539727e-01 1.788030283588673552e-01
1.391399999989861870e+10 -4.413761781426646102e-01 -9.534126203782578024e-02
1.391400000002259636e+10 -1.817483274939544757e-01 -1.157299176102474791e-02
1.391400000021204376e+10 2.789381529157575201e-02 -1.113417607953460092e-01
