1.391400000000000000e+10 0.000000000000000000e+00 0.000000000000000000e+00
1.391399999991119766e+10 5.858835412215363664e-02 2.801349780297360259e-01
1.391400000005564308e+10 1.441753707772180371e-01 5.283374271888920948e-01
1.391399999999698257e+10 1.148903853853011081e-01 2.359412073772155227e-01
1.391400000001288033e+10 -1.841126475103843085e-01 2.477123510534475492e-01
1.391399999974338531e+10 -5.338936050907977515e-02 2.565470155624054449e-01
1.391399999988714600e+10 -1.118184546892893039e-01 5.128929507328481296e-01
1.391399999966645622e+10 5.245227599113630457e-02 3.941267121278227425e-01
1.391399999937669945e+10 -2.121001815566536663e-02 4.143525661290912709e-01
1.391399999937670135e+10 -2.106759212682395022e-02 1.146959559729999745e-01
1.391399999932497215e+10 -1.037307151844343717e-01 -1.686502018217531651e-01
1.391399999913464737e+10 4.734441166306906090e-02 6.698495100506712818e-03
1.391399999906060982e+10 -6.272278441634117352e-02 -2.619976820710685494e-01
1.391399999909337616e+10 -1.860306389425789020e-01 -5.331353106372264117e-01
1.391399999905976868e+10 -7.859684191103970263e-02 -8.108448159345282846e-01
1.391399999930239868e+10 -2.523131683844661577e-01 -7.835024928270699629e-01
1.391399999939400482e+10 -4.343046361670267475e-01 -1.003232827445026842e+00
1.391399999938466835e+10 -5.391017147901141504e-01 -7.226539510750455975e-01
1.391399999927607155e+10 -4.977896156836715824e-01 -9.988677793213563971e-01
1.391399999937662697e+10 -6.418802657914414178e-01 -7.561323357585498783e-01
1.391399999957472229e+10 -4.290039819365837337e-01 -8.284934402707895273e-01
1.391399999952431488e+10 -4.141321202758168063e-01 -1.123505452368969371e+00
1.391399999924260712e+10 -3.526357923291588703e-01 -1.041939760949129434e+00
1.391399999925348663e+10 -2.176993795190118597e-01 -1.309274604663966945e+00
1.391399999917420006e+10 -1.051708758841507774e-01 -1.043106959291349778e+00
1.391399999926022339e+10 1.814235102094559349e-01 -1.027048865610116879e+00
1.391399999955165100e+10 1.310645951164819412e-01 -1.075300040542630287e+00
1.391399999953772736e+10 1.125802428066757788e-01 -1.374061734574613336e+00
1.391399999966143990e+10 2.623511365298595299e-01 -1.145899512630095263e+00
1.391399999959596825e+10 1.422642422294940201e-01 -8.792786212096770360e-01
1.391399999979264832e+10 2.043385040514650308e-01 -1.096666502534617171e+00
1.391399999963718414e+10 1.343737110694338543e-01 -1.343101457284101796e+00
1.391399999942052269e+10 2.641271580805355512e-01 -1.504396307744219508e+00
1.391399999959574509e+10 3.185162255169736722e-01 -1.267471809023486884e+00
1.391399999980540848e+10 4.861945240027225612e-01 -1.134359173860837178e+00
1.391399999977479553e+10 7.157646380237892014e-01 -9.442158529061270844e-01
1.391399999970283699e+10 6.703270600929422951e-01 -1.231533494343845181e+00
1.391399999970080757e+10 5.993754943316531580e-01 -1.522662087661794672e+00
1.391399999967997742e+10 6.070460501723486946e-01 -1.223828732189652380e+00
1.391399999966948700e+10 9.058743202330300504e-01 -1.243468469802964327e+00
1.391399999964447975e+10 8.113666361483663492e-01 -9.602070769727830690e-01
1.391399999961742401e+10 7.675902198227745332e-01 -6.650025751552119946e-01
1.391399999989535713e+10 8.734916998821407041e-01 -7.015042306573494590e-01
1.391399999988685417e+10 8.993421510188379653e-01 -4.030857894725821122e-01
1.391399999993252754e+10 8.995304687036811409e-01 -1.069303988437981245e-01
1.391400000005061340e+10 9.473896807081927385e-01 1.642875643408130970e-01
1.391400000007000923e+10 1.005022391421893646e+00 4.577094622444125571e-01
1.391399999984962654e+10 1.040323542746152796e+00 2.577613741815776849e-01
1.391400000004328918e+10 1.016857383483229960e+00 4.852212464805990555e-01
1.391399999987064362e+10 1.021215261706780675e+00 2.403360276393573247e-01
1.391399999983208084e+10 1.051538389979654653e+00 5.359499090810133648e-01
1.391399999974832726e+10 1.040412639963716801e+00 2.484511650972492380e-01
1.391399999984008026e+10 1.022920381101451781e+00 5.331785217350264450e-01
1.391399999955483437e+10 1.071617167863161635e+00 6.110116029697167939e-01
1.391399999978120041e+10 9.147513376138010077e-01 4.929212215484252702e-01
1.391399999997642899e+10 6.983202517748523519e-01 5.624741395973339442e-01
1.391399999973269463e+10 7.697383519116512973e-01 7.214938775492134582e-01
1.391399999981791878e+10 8.037781556661784954e-01 4.362359098112318923e-01
1.391399999973760605e+10 1.056363871048622061e+00 5.760369548184208766e-01
1.391399999995441628e+10 8.874655194745915132e-01 4.566200683007218819e-01
1.391399999998589134e+10 7.977984059606454403e-01 1.724314191151203879e-01
1.391399999972049522e+10 9.177267585762797220e-01 1.018923106245922389e-01
1.391399999965477562e+10 8.544322642555256531e-01 -1.835353230102833577e-01
1.391399999968977356e+10 8.178214329271344951e-01 1.118099777527048477e-01
1.391399999953265381e+10 9.285803418102474005e-01 3.416798057211392070e-01
1.391399999927157593e+10 7.928183146154057503e-01 2.851017774742269917e-01
1.391399999933939362e+10 6.783572110784046316e-01 5.536039347397434529e-01
1.391399999940715027e+10 3.875047470865951027e-01 5.782600252728952173e-01
1.391399999941284752e+10 4.023850972752181510e-01 2.790272915295436973e-01
1.391399999939921570e+10 3.868084023140835881e-01 -1.991354407018730566e-02
1.391399999910385132e+10 4.149620183411963925e-01 -6.188448631819020579e-02
1.391399999930147552e+10 2.764166388325486334e-01 1.157214697714378793e-01
1.391399999927631950e+10 2.846614901014828947e-01 -1.827635732398617541e-01
1.391399999957122803e+10 2.367473382782060987e-01 -2.057299069664211000e-01
1.391399999963321495e+10 -5.419584936564170174e-02 -2.418368474729848394e-01
1.391399999988110924e+10 -2.097847195893059735e-01 -3.061378865415381734e-01
1.391399999989366531e+10 -4.927544191970121279e-01 -2.083391082421328644e-01
1.391399999990708542e+10 -5.457242933054854417e-01 8.629324344092043075e-02
1.391399999968290901e+10 -3.617290651600202911e-01 1.616902176102679445e-01
1.391399999956572914e+10 -8.654626330527120937e-02 1.800553303943061845e-01
1.391399999958811760e+10 -2.694481909140048481e-01 -5.624898511634737752e-02
1.391399999969467926e+10 -5.472681986175966795e-01 -9.167439810153654722e-02
1.391399999988134766e+10 -3.177561961104569122e-01 -4.399329802201337042e-02
1.391399999983279228e+10 -2.304370293945792181e-01 2.385165516444182343e-01
1.391399999984104729e+10 -2.423937834964656479e-01 -6.078761956722136817e-02
1.391399999988063049e+10 4.956587839854506572e-02 -6.135225830232279853e-03
1.391400000003255653e+10 2.293145508293090995e-01 -1.916150647911826210e-01
1.391399999991834641e+10 1.374046576435075107e-01 6.973247503063734198e-02
1.391399999990900803e+10 2.870212324994817488e-01 -1.897319427988022889e-01
1.391400000015232658e+10 4.330721605702830823e-01 -9.350777978373739363e-02
