6.957000000000000000e+09 0.000000000000000000e+00 0.000000000000000000e+00
6.957000000002860069e+09 -8.982003889506443017e-03 2.904232149366466897e-01
6.956999999913288116e+09 8.377533251657304225e-02 5.508217590993529367e-01
6.956999999913458824e+09 2.833577961745671892e-01 3.396315396935705166e-01
6.956999999904493332e+09 2.673617079784748052e-01 6.296285099373479799e-01
6.956999999754718781e+09 4.961864668999331207e-01 5.314387268826585853e-01
6.956999999654271126e+09 6.282915567137214996e-01 7.699612016147907578e-01
6.956999999509393692e+09 4.299480631180380152e-01 9.252191268102907262e-01
6.956999999297004700e+09 5.322557619240749771e-01 1.095096604561227149e+00
6.956999999173031807e+09 3.573837919150817943e-01 1.291272831835311052e+00
6.956999999042265892e+09 2.991757631599927247e-01 1.038396313395149928e+00
6.956999999061715126e+09 1.760371394616992158e-01 1.300871290946360670e+00
6.956999999077636719e+09 2.459254724544935322e-01 1.019274715480281035e+00
6.956999999239929199e+09 7.953037779477545310e-02 8.448949171068708131e-01
6.956999999377440453e+09 3.889961641390965452e-03 1.089442661786784061e+00
6.956999999657505989e+09 -7.008270265331385807e-02 1.112377855220346046e+00
6.956999999622278214e+09 -8.696092779041070253e-02 1.400316438618096626e+00
6.956999999603361130e+09 -8.151596395499483005e-02 1.110407861675478669e+00
6.956999999364259720e+09 -1.483055169529248207e-01 9.593974816855467269e-01
6.956999999295377731e+09 -1.634806255072118741e-03 7.181973864508297556e-01
6.956999999080702782e+09 -5.753230287778996616e-02 9.058794177534860159e-01
6.956999998826279640e+09 8.279791128101895992e-02 9.025879148112879724e-01
6.956999999111548424e+09 1.070762088029149905e-01 9.522532227749078704e-01
6.956999999266212463e+09 1.043993777097822484e-01 7.062728421723114547e-01
6.956999999311878204e+09 -1.015413565698514431e-01 9.061165899308177840e-01
6.956999999310441971e+09 -9.742627453305084673e-02 6.155731330772673537e-01
6.956999999431208611e+09 -7.734947779371834087e-02 3.520455558477922908e-01
6.956999999488720894e+09 -2.010529702386875117e-01 6.086079795239209833e-01
6.956999999536754608e+09 6.530888852526256505e-02 7.143369826317357285e-01
6.956999999342525482e+09 1.393218756072314435e-01 5.112808152710484055e-01
6.956999999275962830e+09 3.222726599603636388e-01 7.269955900202322852e-01
6.956999998993944168e+09 3.739521802836071052e-01 6.797837465661414891e-01
6.956999999273016930e+09 3.131631520621734888e-01 6.263272357620651709e-01
6.956999999364997864e+09 3.690063150528668512e-01 8.962447900968397718e-01
6.956999999608524323e+09 2.202224985281937553e-01 9.509487546050362505e-01
6.956999999642187119e+09 2.471385593999217423e-01 1.238310563529925634e+00
6.956999999772232056e+09 3.253374465326121512e-01 9.905049303095514457e-01
6.957000000022351265e+09 3.236641309685142076e-01 8.426125695916975022e-01
6.956999999910170555e+09 1.230381518437683175e-01 1.020374366538863375e+00
6.957000000044061661e+09 -1.245396695066131043e-01 1.092575533605474547e+00
6.957000000288839340e+09 -2.606117790135348278e-01 1.015096684509836367e+00
