3.478500000000000000e+10 0.000000000000000000e+00 0.000000000000000000e+00
3.478499999983934021e+10 3.302637053991210325e-01 1.106042497283939580e-01
3.478500000002525330e+10 6.363541088260271650e-01 -2.673652332862259950e-02
3.478499999975096893e+10 3.723406425432068123e-01 2.000000532746474408e-02
3.478499999984790802e+10 6.433485704106266523e-01 2.735264172613804390e-01
3.478499999951467133e+10 6.265850242591562980e-01 8.434649507547220537e-02
3.478499999964378357e+10 5.233711669321752247e-01 -2.617676996134403189e-01
3.478499999976972198e+10 5.837473015305366664e-01 -6.189971499135084043e-01
3.478499999968569946e+10 6.425128447948976751e-01 -9.885994228968243425e-01
3.478499999942367554e+10 4.444497841736982924e-01 -1.186673201254096144e+00
3.478499999919004059e+10 5.655176672050985509e-01 -1.465737049095614530e+00
3.478499999909051514e+10 5.503064195552768156e-01 -1.835847394736529470e+00
3.478499999912025452e+10 5.924170588949573268e-01 -2.215927539509452870e+00
3.478499999934635925e+10 6.018547568896570610e-01 -1.906238252984391757e+00
3.478499999904194641e+10 3.896018524835141994e-01 -1.809282642776738559e+00
3.478499999928751373e+10 1.454033537456589364e-01 -1.974152849505695473e+00
3.478499999932942963e+10 -2.195456137914142403e-01 -2.084487745022737037e+00
3.478499999969633484e+10 -3.254965649069248568e-01 -2.048796061673523905e+00
3.478499999971865845e+10 -2.926970993717646352e-01 -1.667293354148014828e+00
3.478499999969194794e+10 -3.425977186204116065e-01 -2.046654705846658651e+00
3.478499999985632324e+10 -2.863910989165452392e-02 -1.899922482732556928e+00
3.478499999956501007e+10 2.038033953894473616e-01 -1.990617294700491646e+00
3.478499999961766815e+10 2.638207715420707311e-01 -1.615458904058872269e+00
3.478499999929512024e+10 4.179951043409256273e-01 -1.754425873124236590e+00
3.478499999930815125e+10 3.368367660044025991e-01 -1.379776756051398268e+00
3.478499999912125397e+10 3.688845823185398776e-01 -1.046369252437975295e+00
3.478499999943001556e+10 2.753470816671881316e-01 -8.389219715140660005e-01
3.478499999979347229e+10 1.756430808437831614e-01 -7.676674665657386987e-01
3.478499999967384338e+10 3.957234882233601203e-02 -1.105739820554591413e+00
3.478499999999501038e+10 1.036124224062397042e-01 -1.305407764623845113e+00
3.478499999973307037e+10 5.283681189324845873e-03 -1.043040829541197922e+00
3.478499999973075867e+10 -5.992839884461770295e-02 -1.421009835441218616e+00
3.478499999979461670e+10 -1.301141549597349123e-01 -1.792648206183199644e+00
3.478499999951552582e+10 -2.192299518047819695e-01 -2.040203665788447918e+00
3.478499999943677521e+10 -4.793772349816953771e-01 -2.310832087183301020e+00
3.478499999906864166e+10 -4.034663801962221075e-01 -2.234465420114978063e+00
3.478499999888686371e+10 -3.251783190013450286e-01 -1.905915100045712851e+00
3.478499999878666687e+10 3.411006654200132715e-02 -1.816521500490105190e+00
3.478499999867095184e+10 3.665873905786910525e-01 -1.968793535893196500e+00
3.478499999858961487e+10 2.036322966039479376e-01 -2.306355896994574550e+00
3.478499999845584869e+10 4.367760085655765234e-01 -2.579976458320821564e+00
3.478499999846151733e+10 4.504567336145564038e-01 -2.963250779854036399e+00
3.478499999847593689e+10 4.795547907317021519e-01 -3.345433972533677913e+00
3.478499999842404938e+10 2.673013705727042000e-01 -3.030197033836422804e+00
3.478499999842174530e+10 1.105150318649164298e-01 -3.380241734888243865e+00
3.478499999842375183e+10 1.132833127198697998e-01 -3.763786833405445176e+00
3.478499999874605560e+10 -1.448742013378348514e-02 -3.927844439225169459e+00
3.478499999874788666e+10 -3.770825699469705361e-01 -4.052904224120339904e+00
3.478499999861384583e+10 -2.216638145149213424e-02 -3.996455871346103361e+00
3.478499999836923218e+10 2.559290583095223393e-01 -4.096192493607338392e+00
3.478499999820223236e+10 5.521436144491886910e-01 -3.918750481127923013e+00
3.478499999814314270e+10 4.556036916048025187e-01 -4.285230019867400486e+00
3.478499999841790771e+10 2.048049486097705540e-01 -4.378614842695009557e+00
3.478499999821390533e+10 1.679284663342303641e-01 -4.055906344436400524e+00
3.478499999815945435e+10 2.468940446071370975e-01 -3.684532581766583270e+00
3.478499999805777740e+10 2.071644439563314066e-01 -3.316834318941121129e+00
3.478499999790530396e+10 5.108866864602338298e-01 -3.139004317736315830e+00
3.478499999784847260e+10 5.826319928988732411e-01 -2.766524766759661080e+00
3.478499999753514862e+10 6.910128291791026722e-01 -2.573652840017200738e+00
3.478499999720161438e+10 6.523288382447980371e-01 -2.388247560291657745e+00
3.478499999694277954e+10 8.638263861993271675e-01 -2.200116269464486685e+00
3.478499999695179749e+10 1.123948824338790509e+00 -1.918383148349027234e+00
3.478499999676864624e+10 1.148144712954970004e+00 -1.582243998539139218e+00
3.478499999680278778e+10 1.143724592381926808e+00 -1.200231431744451127e+00
3.478499999684560394e+10 7.885118253472200855e-01 -1.338468170914447031e+00
3.478499999663078308e+10 9.774024823986910970e-01 -1.082945907549651032e+00
3.478499999685549164e+10 1.076526348379812648e+00 -7.883270319224456868e-01
3.478499999687506104e+10 1.067156899507846424e+00 -1.171273300380823335e+00
3.478499999703490448e+10 1.034732159328555445e+00 -8.241182234854722566e-01
3.478499999721675110e+10 7.088698573923071233e-01 -9.127929258719909011e-01
3.478499999728697205e+10 1.066200958642943952e+00 -7.923680504225263377e-01
3.478499999692321777e+10 1.121816271744942251e+00 -6.841511814305879513e-01
3.478499999692961121e+10 1.294149020824411966e+00 -1.026757435921059169e+00
3.478499999711209106e+10 1.411725924194673798e+00 -1.342978963611784371e+00
3.478499999682096100e+10 1.273869443987086347e+00 -1.134752795022463401e+00
3.478499999666584015e+10 1.250811782184036769e+00 -1.484786269986794638e+00
3.478499999670426178e+10 1.407005609428257920e+00 -1.832990232604005509e+00
3.478499999678598785e+10 1.153863409314225708e+00 -2.109321476243376736e+00
3.478499999684385681e+10 8.275776358807256372e-01 -1.916171572832905179e+00
3.478499999690297699e+10 6.837318743013511835e-01 -1.565555865130297875e+00
3.478499999728340912e+10 6.865821462421243249e-01 -1.516752896366953873e+00
3.478499999763371277e+10 5.944409379457513687e-01 -1.642906749199496197e+00
3.478499999780462646e+10 3.923463191679603668e-01 -1.920512915985884028e+00
3.478499999781897736e+10 3.119517685916756156e-02 -2.048897099549689571e+00
3.478499999800074768e+10 1.506087277225514331e-01 -2.364839042430404881e+00
3.478499999806387329e+10 5.005550884885402452e-01 -2.221062544132918148e+00
3.478499999826779175e+10 3.849902769523576573e-01 -2.524675237020640672e+00
3.478499999794992065e+10 5.867846216485157473e-01 -2.451507389301711637e+00
3.478499999762356567e+10 6.584458356725216843e-01 -2.639859961658991949e+00
3.478499999761164856e+10 6.897711112751032658e-01 -2.257766720008514305e+00
3.478499999778332520e+10 6.335511616167825988e-01 -1.919408948534417680e+00
3.478499999790545654e+10 4.031659493638622416e-01 -1.638117209069989588e+00
3.478499999781487274e+10 5.435048172030056968e-01 -1.292836464493044568e+00
3.478499999777240753e+10 8.098400589026142349e-01 -1.020108127477876714e+00
3.478499999777467346e+10 7.655791794861374067e-01 -1.401099428527089241e+00
3.478499999739281464e+10 7.376066779289088826e-01 -1.378296306747062383e+00
3.478499999742511749e+10 9.352936721938451825e-01 -1.705397231591066598e+00
3.478499999740349579e+10 5.803671342011794687e-01 -1.561598464183199475e+00
3.478499999765564728e+10 6.660735118787768361e-01 -1.837627653487383217e+00
3.478499999744599152e+10 9.871671013295707509e-01 -1.829789316109007746e+00
3.478499999737429810e+10 1.029975079571224805e+00 -1.455429069143623799e+00
3.478499999755313873e+10 6.972508507432885194e-01 -1.521975516086830016e+00
3.478499999772207642e+10 9.270087907180702969e-01 -1.778472590096878081e+00
3.478499999742627716e+10 7.876593888120160258e-01 -1.577969997566148086e+00
3.478499999762229919e+10 1.117323552294998468e+00 -1.574201670294566036e+00
3.478499999762232208e+10 1.117297055361271552e+00 -1.190641323284982400e+00
3.478499999763095093e+10 1.118257459508422480e+00 -8.071793246807772437e-01
3.478499999738746643e+10 8.539132425661259962e-01 -9.411782177766990776e-01
3.478499999733894348e+10 9.304271527104983619e-01 -5.684723442480432709e-01
3.478499999734005737e+10 1.009456280707878850e+00 -1.931435644943191865e-01
3.478499999715060425e+10 1.145223343791111237e+00 1.114787772567557567e-01
3.478499999733232117e+10 8.526581922011521320e-01 2.803043715722465246e-01
3.478499999753002930e+10 8.142331776783721109e-01 6.067309917109252604e-01
3.478499999742727661e+10 1.118585552754502110e+00 8.163258995306328369e-01
3.478499999737350464e+10 9.917367639557784775e-01 4.583647961696068474e-01
3.478499999715201569e+10 1.223974832068423613e+00 2.483047555638674131e-01
3.478499999720521545e+10 1.182160005002280689e+00 -1.292400172749085530e-01
3.478499999731964111e+10 1.422731534525456976e+00 -4.051926441477179397e-01
3.478499999722231293e+10 1.147130007430030796e+00 -1.568175273797151048e-01
3.478499999687145996e+10 1.064912264645345941e+00 -2.543036385470473504e-02
3.478499999710113525e+10 1.203750387235207331e+00 2.485991542234145812e-01
3.478499999707860565e+10 1.255402114638047850e+00 6.279973873155909603e-01
3.478499999700804138e+10 1.424074879494482637e+00 9.651752820470571592e-01
3.478499999696298981e+10 1.046509557100917753e+00 9.148419329123735899e-01
3.478499999686380005e+10 1.015083885367369820e+00 5.456637115334633803e-01
3.478499999692833710e+10 1.048443361080791281e+00 9.222809853535272051e-01
3.478499999686748505e+10 1.270094349944167256e+00 1.229341424639258884e+00
3.478499999700450897e+10 1.342361654837246565e+00 1.580227628448047650e+00
3.478499999676013947e+10 1.060517303721881355e+00 1.490979193994818264e+00
3.478499999661587524e+10 1.022370344751997173e+00 1.137636222973999800e+00
3.478499999639060211e+10 1.331807956750368005e+00 1.162511040683849473e+00
3.478499999644487762e+10 1.197578242833151174e+00 1.517693676272125147e+00
3.478499999645258331e+10 1.142377793153505072e+00 1.897182934779642283e+00
3.478499999674137115e+10 1.068663104838707856e+00 1.655761349379434755e+00
3.478499999668045044e+10 1.088821039545844416e+00 2.033915912437564977e+00
3.478499999663072205e+10 1.064789626904750541e+00 1.654352503234498117e+00
3.478499999662206268e+10 1.026099364264511093e+00 1.272846734919764522e+00
3.478499999699335480e+10 1.087997591384604723e+00 1.199157310582162683e+00
3.478499999670146942e+10 1.331306340700253221e+00 1.146978955073359119e+00
3.478499999669311523e+10 1.477558771055901721e+00 1.501462975828586011e+00
3.478499999658619690e+10 1.353908368285062114e+00 1.154479754121957802e+00
3.478499999639170837e+10 1.351425790774888780e+00 8.238964721793520241e-01
3.478499999622689819e+10 1.480270559681531983e+00 5.024057962893905271e-01
3.478499999631664276e+10 1.135908225614008726e+00 6.455130157542520175e-01
3.478499999657208252e+10 9.222755153588824140e-01 8.358501316701028028e-01
3.478499999688594055e+10 1.141861000328689091e+00 8.556406554426078115e-01
3.478499999680857849e+10 7.738426698024806205e-01 9.311110004262663775e-01
3.478499999656795502e+10 4.941256327269339388e-01 8.263360629763365495e-01
3.478499999668261719e+10 4.752782613002811685e-01 4.608012455111433203e-01
3.478499999677384186e+10 4.400684756592139757e-01 8.316871486261773194e-01
3.478499999677919006e+10 4.511201762687271355e-01 4.483233929176113630e-01
3.478499999704267120e+10 7.276362239712110824e-01 4.834637193904302577e-01
3.478499999706142426e+10 6.400201628815394006e-01 8.564119637003752006e-01
3.478499999714057922e+10 6.404287086242700378e-01 4.811081327740800995e-01
3.478499999728586578e+10 4.480517896305659109e-01 7.794379426086577300e-01
3.478499999734268951e+10 8.222745533253728034e-01 8.414617910306889659e-01
3.478499999747210693e+10 8.643946898319333494e-01 1.200064825957464887e+00
3.478499999776548767e+10 1.106913798291408124e+00 1.152831627277889348e+00
3.478499999781566620e+10 8.802256887510792049e-01 8.475236652598414633e-01
3.478499999794904327e+10 9.310605103604145949e-01 4.915108354634819543e-01
3.478499999781903839e+10 9.894899373459381531e-01 8.476054331867209912e-01
3.478499999746175385e+10 1.122142977814665654e+00 8.908519680855840894e-01
3.478499999754881287e+10 1.142199360891056781e+00 5.178415979900865551e-01
3.478499999718104553e+10 1.037529844876962981e+00 4.876821983484301293e-01
3.478499999705345154e+10 1.243010547489457718e+00 1.899969970067164615e-01
3.478499999721645355e+10 1.223085838384797119e+00 5.366252295011050277e-01
3.478499999717137146e+10 1.597415044453635247e+00 6.070791652671236882e-01
3.478499999709751892e+10 1.485388331289120512e+00 9.664034847640429193e-01
3.478499999726467133e+10 1.603708356688656300e+00 1.290716082497386674e+00
3.478499999736181641e+10 1.948863070226907190e+00 1.154516663758703210e+00
3.478499999771768188e+10 1.996486435692319317e+00 1.289456176057900194e+00
3.478499999768209839e+10 2.322779325654091398e+00 1.487913966365085994e+00
3.478499999781918335e+10 2.132102537684117838e+00 1.791178803580331991e+00
3.478499999794606781e+10 2.357226967811138163e+00 1.507740054428817533e+00
3.478499999782373810e+10 2.168627105258567944e+00 1.818518631534169483e+00
3.478499999783574677e+10 2.238404187150994318e+00 1.441549714039095820e+00
3.478499999800023651e+10 2.008377579051594086e+00 1.700679373078002099e+00
3.478499999799966431e+10 2.218039797071611030e+00 1.379494119514357298e+00
3.478499999802511597e+10 2.099551712828487737e+00 1.743405486506971691e+00
3.478499999838623047e+10 2.228840399082519408e+00 1.742771782606306052e+00
3.478499999805467987e+10 2.046452440287708008e+00 1.680097175589722713e+00
3.478499999823969269e+10 1.999257483581198480e+00 2.012754015439036870e+00
3.478499999843553162e+10 1.978363611157835322e+00 2.341889814085651000e+00
3.478499999859822845e+10 1.668564866948057501e+00 2.184809471579088669e+00
3.478499999863045502e+10 1.667708641459189955e+00 2.567012386310771888e+00
3.478499999871848297e+10 1.879466558236600582e+00 2.874465848933766665e+00
3.478499999868428040e+10 2.144851877817168351e+00 2.599657903313826512e+00
3.478499999879580688e+10 1.868109915239815733e+00 2.358631649518948770e+00
3.478499999907394409e+10 2.022432486350888681e+00 2.144284249143484811e+00
3.478499999875833130e+10 2.189115926722815519e+00 2.284721692972131457e+00
3.478499999890679169e+10 1.990403419155498455e+00 1.992161158479528460e+00
3.478499999882239532e+10 2.191251523960381142e+00 1.676477248324740765e+00
3.478499999850296783e+10 2.319091013257283507e+00 1.506949358165903252e+00
3.478499999826394653e+10 2.492049216446139415e+00 1.261851244512024461e+00
3.478499999826253510e+10 2.479405176064873206e+00 8.785019561798806942e-01
3.478499999816595459e+10 2.473889098894463956e+00 1.249663385899226320e+00
3.478499999817955780e+10 2.821088449776571583e+00 1.412101633115746768e+00
3.478499999821160889e+10 2.462729139241417897e+00 1.545030548246872026e+00
3.478499999829476166e+10 2.217401595193202013e+00 1.827905523727124448e+00
3.478499999824510193e+10 2.170463600466529641e+00 1.450480843084916760e+00
3.478499999832759857e+10 1.837088351795556074e+00 1.279676037663250110e+00
3.478499999840949249e+10 2.199073915062454976e+00 1.182837162357025962e+00
3.478499999855518341e+10 2.178579323143968072e+00 8.286172080725155986e-01
3.478499999840564728e+10 1.862409703782713200e+00 6.711549240666205840e-01
3.478499999821795654e+10 2.059283902395644628e+00 4.007256240695531435e-01
3.478499999800798035e+10 2.196406141238951282e+00 1.105094590436703217e-01
3.478499999834988403e+10 2.027994971913608779e+00 6.739114015198052754e-02
3.478499999850226593e+10 1.896213886936020998e+00 -2.590010655412261498e-01
3.478499999834365082e+10 1.620067822673048941e+00 -4.521632145034160111e-02
3.478499999845736694e+10 1.459276690223082484e+00 -3.743569079604346372e-01
3.478499999845336914e+10 1.428622031379966018e+00 -7.566694233693831428e-01
3.478499999834654236e+10 1.498322950697012823e+00 -1.118399692710256410e+00
3.478499999812892151e+10 1.264357702796247818e+00 -9.062198366445960440e-01
3.478499999817830658e+10 1.303811486866289782e+00 -5.279042438078145327e-01
3.478499999795388794e+10 1.098567751016594984e+00 -7.616379420943286682e-01
3.478499999813455963e+10 9.708596594177421046e-01 -1.074953055713104622e+00
3.478499999827354431e+10 1.215876602199541745e+00 -8.146272368014051413e-01
3.478499999844161224e+10 1.399470212663251223e+00 -5.227987055388255699e-01
3.478499999824201965e+10 1.675209108486567677e+00 -6.995774837711897787e-01
3.478499999836970520e+10 1.632996698269247204e+00 -3.403660804566870923e-01
3.478499999811327362e+10 1.729081219930310054e+00 -7.180097256954398599e-02
3.478499999798600006e+10 2.058238632775290622e+00 -2.220515312137485986e-01
3.478499999808451080e+10 2.406740591947346797e+00 -9.571500650342060212e-02
3.478499999800203705e+10 2.219276092493871477e+00 2.285893166047628100e-01
3.478499999790822601e+10 2.321803819625081644e+00 -1.289102405876944302e-01
3.478499999810135651e+10 2.079142467770345615e+00 -3.545985310351607023e-01
3.478499999817752838e+10 2.389614917836786478e+00 -5.665499990234473815e-01
3.478499999826483154e+10 2.197658175857358120e+00 -8.869387151629084531e-01
3.478499999815667725e+10 2.515500085733612501e+00 -7.014731265037215113e-01
3.478499999808753967e+10 2.526641055807761660e+00 -3.243604055299271205e-01
3.478499999830751038e+10 2.286831968667054404e+00 -1.213264646246641487e-01
3.478499999827090454e+10 2.010741328715483167e+00 -3.850550876444128745e-01
3.478499999826184845e+10 2.025990235368080761e+00 -1.904914005061320026e-03
3.478499999808598328e+10 2.044143526053011861e+00 -3.422895806361985760e-01
3.478499999811936951e+10 2.034298724083515530e+00 -7.242671493155925511e-01
3.478499999815702057e+10 2.062888555697917070e+00 -3.436313478465191085e-01
3.478499999813630676e+10 2.437289371073553035e+00 -2.629251124823019925e-01
3.478499999800691223e+10 2.222024970955954082e+00 -5.528166784713273163e-01
3.478499999784979248e+10 2.230228897915483177e+00 -9.026247776873683737e-01
3.478499999806677246e+10 2.042836343847977076e+00 -6.478278670022974417e-01
3.478499999810916901e+10 2.421770512440924339e+00 -6.894182013585140600e-01
3.478499999822858429e+10 2.090319549625533568e+00 -5.377670337389540700e-01
3.478499999787458801e+10 2.235705028835493380e+00 -5.636666720398092467e-01
3.478499999822921753e+10 2.166380699649016695e+00 -4.350112936400968300e-01
3.478499999802825928e+10 1.843843657820894766e+00 -4.870093150668529658e-01
3.478499999821886444e+10 1.803044046510567489e+00 -8.173474752039994184e-01
3.478499999824188232e+10 1.825460231357552976e+00 -1.199559726775419000e+00
3.478499999833129120e+10 2.196166101797789150e+00 -1.158315572483239242e+00
3.478499999801574707e+10 2.399469963465501010e+00 -1.237175627391401633e+00
3.478499999799331665e+10 2.334902793711849167e+00 -8.597550024645987943e-01
3.478499999798807526e+10 2.659665298799609445e+00 -6.557443044384796416e-01
3.478499999772421265e+10 2.504137718431356241e+00 -8.866238274169477851e-01
3.478499999761517334e+10 2.459371040119475715e+00 -5.216230950376465891e-01
3.478499999792455292e+10 2.588328747318205725e+00 -3.351513825206915431e-01
3.478499999792202759e+10 2.534946525947204599e+00 -7.149704384038840788e-01
3.478499999818580627e+10 2.793024321159313761e+00 -6.103974561563755286e-01
3.478499999822985077e+10 2.761261417557594022e+00 -2.307001374395575843e-01
3.478499999859463501e+10 2.824737742371033811e+00 -3.307964376586018385e-01
3.478499999829431152e+10 2.612184115103809212e+00 -4.391636886779765603e-01
3.478499999841982269e+10 2.738372931390787635e+00 -9.939626536365264720e-02
3.478499999838288879e+10 2.717943636890884918e+00 2.818346485068898843e-01
3.478499999855696869e+10 2.668859699407119201e+00 6.200728324819815285e-01
3.478499999855251312e+10 2.842199628823184554e+00 2.779442952659321731e-01
3.478499999861432648e+10 2.955476095781134571e+00 6.391457442527516131e-01
3.478499999839691162e+10 2.640419188041237319e+00 6.633883420475304993e-01
3.478499999852743530e+10 2.703755386120221704e+00 3.083239450491752076e-01
3.478499999876091766e+10 2.690588379140528286e+00 4.299062506269490935e-03
3.478499999861286163e+10 2.407795577712802171e+00 2.169643832147651052e-01
3.478499999835688019e+10 2.363521237303832567e+00 -6.522760642823985378e-02
3.478499999862626648e+10 2.094419114908356416e+00 -1.902317582929719669e-02
3.478499999847026062e+10 2.331882305870091265e+00 2.386439583376433471e-01
3.478499999861068726e+10 1.993221354452002547e+00 3.513692006712406668e-01
3.478499999827558899e+10 1.808253226899995347e+00 3.761627638141353258e-01
3.478499999809557343e+10 1.655885777839675166e+00 7.367723060413405856e-02
3.478499999807207489e+10 1.894357216652970521e+00 -2.258184330244163984e-01
3.478499999820790100e+10 1.861112660034305089e+00 -5.829790542181081392e-01
3.478499999820147705e+10 1.567979321722073660e+00 -3.356935565972520852e-01
3.478499999796985626e+10 1.296899253622849191e+00 -1.943222994716057861e-01
3.478499999805496216e+10 1.054499779617026123e+00 9.048935256407530936e-02
3.478499999835042572e+10 1.298985938186118183e+00 9.733830217604418078e-02
3.478499999834641266e+10 9.322966545925994719e-01 2.097722565233006708e-01
3.478499999823307037e+10 9.326087815069024067e-01 5.762032063011386374e-01
3.478499999842842102e+10 6.421464780149572782e-01 7.330081715591143521e-01
3.478499999853193665e+10 9.558815830710507555e-01 9.278762343612931840e-01
3.478499999827391815e+10 8.294747347825706107e-01 6.737781753014823183e-01
3.478499999822521210e+10 5.374785886878392649e-01 9.176730312423698743e-01
3.478499999794270325e+10 7.432214923107841598e-01 7.596277234677639711e-01
3.478499999769931793e+10 9.950104763464537871e-01 9.161028844232413926e-01
3.478499999766278076e+10 7.814702405555006282e-01 5.995837217305314271e-01
3.478499999757762146e+10 1.149493771252146246e+00 5.330599527668065107e-01
3.478499999756153870e+10 1.045000102907909234e+00 9.017617539093603085e-01
3.478499999757426453e+10 1.122310459336261390e+00 1.277234399616630878e+00
3.478499999755297852e+10 1.011991546574870560e+00 9.104985771900493408e-01
3.478499999741973877e+10 1.140228991200718411e+00 5.744615147891998230e-01
3.478499999746606445e+10 7.995521524979577466e-01 7.444970483247672632e-01
3.478499999723553467e+10 7.270965266413479400e-01 4.466301162279156522e-01
3.478499999758707428e+10 8.552493721444854868e-01 3.622805157087627403e-01
3.478499999757270813e+10 9.708525060572096299e-01 7.277229585057134464e-01
3.478499999785604858e+10 1.194639232821373076e+00 8.571721557706514227e-01
3.478499999823545837e+10 1.224263721064158927e+00 9.050233726532112000e-01
3.478499999830253601e+10 1.120865801899163960e+00 1.268242653658862462e+00
3.478499999833815765e+10 1.029394232012918797e+00 1.639029198043822522e+00
3.478499999829319000e+10 9.697674762774695090e-01 1.262809855286506133e+00
3.478499999808752441e+10 1.032898980188846627e+00 9.452642857121867914e-01
3.478499999840093231e+10 1.202581371456492798e+00 8.034897025169945861e-01
3.478499999807073975e+10 1.390594713414630368e+00 7.511171526554960565e-01
3.478499999801199341e+10 1.043011571587348030e+00 9.022905680786759142e-01
3.478499999786846924e+10 8.338171952047106483e-01 6.146142688696534240e-01
3.478499999792540741e+10 1.177075885560788127e+00 4.532140627173699143e-01
3.478499999789380646e+10 1.262887597857142774e+00 8.257141483327246068e-01
3.478499999764575958e+10 1.036106091677958085e+00 6.408843501843852763e-01
3.478499999759167480e+10 1.254937947414990651e+00 9.512167487971712188e-01
3.478499999746910095e+10 1.133525285638305569e+00 6.086489863755433216e-01
3.478499999750388336e+10 7.525356129018485607e-01 6.361401499075699517e-01
3.478499999751106262e+10 7.521420825250844100e-01 2.526472001947405732e-01
3.478499999752956390e+10 7.901883740488443442e-01 -1.285727551633989996e-01
3.478499999753010559e+10 7.894858671810819351e-01 -5.121320828227207134e-01
3.478499999724607849e+10 9.770990611534386971e-01 -6.889067607405452431e-01
3.478499999722724152e+10 8.916023558467894849e-01 -1.062342120299098580e+00
3.478499999715605164e+10 5.804408600122440420e-01 -8.496714814583485875e-01
3.478499999716922760e+10 8.059734709176625822e-01 -5.397036419956111608e-01
3.478499999751319885e+10 7.008711830066329806e-01 -4.064538513055663271e-01
3.478499999742195892e+10 6.729679562865414910e-01 -3.494898887140712729e-02
3.478499999775309753e+10 5.310549616468112077e-01 9.667411132241393590e-02
3.478499999766605377e+10 7.205603459899638796e-01 -2.252415743903767864e-01
3.478499999761943054e+10 8.697997788090907623e-01 -5.754878433430805629e-01
3.478499999741618347e+10 1.194825948014876627e+00 -5.625793798698915937e-01
3.478499999742749786e+10 1.189626672376083771e+00 -1.792211072212619993e-01
3.478499999753278351e+10 1.298804633163221478e+00 -5.315190962110318829e-01
3.478499999738134766e+10 1.644473092134751457e+00 -4.629678086938776582e-01
3.478499999739131927e+10 1.624935877097815728e+00 -8.003512394755352144e-02
3.478499999756268311e+10 1.637841824560699377e+00 2.628738340624215408e-01
3.478499999757636261e+10 1.657454249402061874e+00 -1.199404550744395115e-01
3.478499999786241150e+10 1.401948955615175185e+00 -1.166211532309004151e-01
3.478499999764562988e+10 1.205156208579708510e+00 1.311644476883439270e-01
3.478499999776089478e+10 1.332499418959544935e+00 4.741170474190629092e-01
3.478499999769622803e+10 1.692607440858572065e+00 3.589676689084583261e-01
3.478499999782372284e+10 1.691719957565960497e+00 -2.781143762334903347e-03
3.478499999768579102e+10 1.694930882887739854e+00 -3.606668517463174073e-01
3.478499999800833893e+10 1.832065622607868205e+00 -2.048565728848780187e-01
3.478499999773052979e+10 1.642347517091030884e+00 -2.060467750679836896e-02
3.478499999768840027e+10 1.861822685555086343e+00 2.911236613818574126e-01
3.478499999743836975e+10 1.627554348330989775e+00 4.635252810517738187e-01
3.478499999756656647e+10 1.584029225911766314e+00 8.223976925310259034e-01
3.478499999753252411e+10 1.233054070316671913e+00 6.714796785940458923e-01
3.478499999786300659e+10 1.042372287500366479e+00 7.107350350991954446e-01
3.478499999817785645e+10 1.187198253150565375e+00 8.750986283159649659e-01
3.478499999814053345e+10 1.235438846452555195e+00 1.253778166040565800e+00
3.478499999839546204e+10 9.559591219127294703e-01 1.317177990937362431e+00
3.478499999876354218e+10 8.734705205352425450e-01 1.386674834253854405e+00
3.478499999872460175e+10 1.243448833071067794e+00 1.293302238383761127e+00
3.478499999901718903e+10 1.323222334126575417e+00 1.528140267071546932e+00
3.478499999883425140e+10 1.169082914958305741e+00 1.827960368488474430e+00
3.478499999885765839e+10 9.985202729287649959e-01 2.170712573701131021e+00
3.478499999879130554e+10 7.014579767972966007e-01 2.404099584928732103e+00
3.478499999901199341e+10 6.550434630308843431e-01 2.093838872178897859e+00
3.478499999923293304e+10 9.326939588733860198e-01 2.239493550135800870e+00
3.478499999924833679e+10 5.599728286083178741e-01 2.150273798769901656e+00
3.478499999900749969e+10 7.706460019944521012e-01 1.938769467187532403e+00
3.478499999885430145e+10 1.119219339832785876e+00 1.892443570713744139e+00
3.478499999878958130e+10 1.422376279119063502e+00 2.118331676002790154e+00
3.478499999847084045e+10 1.280714604724865424e+00 2.277879517076302651e+00
3.478499999844698334e+10 1.297175213160103535e+00 1.895415754595408231e+00
3.478499999848076630e+10 1.299110562968865068e+00 2.277480245349989385e+00
3.478499999835514069e+10 1.181263012428642956e+00 1.934772171824464149e+00
3.478499999829660797e+10 1.209226796527581582e+00 2.312807415146882040e+00
3.478499999855139160e+10 1.107634292220128547e+00 2.044696732683484175e+00
3.478499999841762543e+10 7.482091861978634739e-01 2.050853775910474575e+00
3.478499999837210083e+10 7.502960507686843306e-01 2.431697403086723774e+00
3.478499999824313354e+10 6.996733227178983938e-01 2.074033216385509082e+00
3.478499999861146545e+10 6.344791668730245249e-01 1.989170270975464172e+00
3.478499999858486176e+10 6.018701747886532338e-01 2.370415074780121145e+00
3.478499999858407593e+10 6.293590894989559148e-01 1.987841833363780175e+00
3.478499999843840027e+10 6.428975051177031608e-01 1.633279949185590496e+00
3.478499999841442108e+10 6.885419498404528049e-01 2.013359243363889828e+00
3.478499999878419495e+10 6.545470698447858338e-01 2.109437484859347567e+00
3.478499999878417969e+10 6.545337562345578952e-01 2.492997832822955395e+00
3.478499999875344849e+10 7.586359887492892806e-01 2.125116225631528799e+00
3.478499999866776276e+10 4.921000306439319294e-01 2.387290624421150032e+00
3.478499999881184387e+10 3.605260766947278595e-01 2.717514103164212713e+00
3.478499999876290131e+10 2.711851842169165083e-01 2.347728424125608893e+00
3.478499999856787109e+10 3.076483551183660792e-01 2.675986117182078239e+00
3.478499999873271942e+10 8.017874320779649899e-02 2.414830253994096676e+00
3.478499999836697388e+10 1.577957259033918036e-01 2.329255045123131307e+00
3.478499999818957520e+10 -1.267834517500936453e-01 2.515436983944380867e+00
3.478499999809099579e+10 -1.563915043702877039e-01 2.884928179556292438e+00
3.478499999836040497e+10 -3.653876651196499292e-01 3.060592459181968650e+00
3.478499999807707214e+10 -2.786776541472713031e-01 2.817032563273150103e+00
3.478499999810072327e+10 -3.903511606385017263e-01 2.450852207985239506e+00
3.478499999809102631e+10 -3.993698592761178445e-01 2.067520526420470794e+00
3.478499999777178955e+10 -6.062245270571342548e-01 2.018361080528212170e+00
3.478499999763775635e+10 -4.805773409623077530e-01 1.681660371515415919e+00
3.478499999765027618e+10 -6.020249987920971435e-01 1.318050411354738882e+00
3.478499999742932129e+10 -7.522564654911435555e-01 1.593240483356130888e+00
3.478499999731784058e+10 -9.699320625675984520e-01 1.297762704037727977e+00
3.478499999763807678e+10 -1.141248255626826857e+00 1.421128975296715780e+00
3.478499999763733673e+10 -1.134636018826997494e+00 1.037626344583198357e+00
3.478499999788944244e+10 -1.365901462800369615e+00 1.211051887931193116e+00
3.478499999785597229e+10 -9.845290661056647075e-01 1.187529799818865861e+00
3.478499999773681641e+10 -1.342687867350450759e+00 1.255662158499374792e+00
3.478499999737133026e+10 -1.332891820881608513e+00 1.371614643012099677e+00
3.478499999735551453e+10 -1.113373172231441721e+00 1.685748212707774529e+00
3.478499999711184692e+10 -8.229284625079218429e-01 1.743926176800050021e+00
3.478499999700907898e+10 -8.497490637574567351e-01 1.375363971020529208e+00
3.478499999669020081e+10 -1.009471812065946938e+00 1.234219432120804427e+00
3.478499999692910767e+10 -1.247327655595979357e+00 1.417157721383737412e+00
3.478499999695232391e+10 -1.359665882481579047e+00 1.783162544350682222e+00
3.478499999684277344e+10 -1.394861125475085784e+00 2.149056098345405452e+00
3.478499999693991089e+10 -1.641758772717468506e+00 2.426047117515317986e+00
3.478499999727901459e+10 -1.652096829848086035e+00 2.604990316934749917e+00
3.478499999745541382e+10 -1.353664210418223934e+00 2.769119823276885217e+00
3.478499999758760834e+10 -1.713573438540503480e+00 2.758684146762426792e+00
3.478499999759466553e+10 -1.513121609384973087e+00 3.085621146101245937e+00
3.478499999762322998e+10 -1.625374800134403497e+00 2.719968697746838693e+00
3.478499999752668762e+10 -1.840007530711880168e+00 2.417098684425927679e+00
3.478499999781044006e+10 -2.094286994229054955e+00 2.461183378014477618e+00
3.478499999808092499e+10 -2.181397849691221413e+00 2.203566201134168789e+00
3.478499999830210114e+10 -1.868634292781164774e+00 2.184098990516199379e+00
3.478499999849458313e+10 -2.154523936721138622e+00 2.352435757461357024e+00
3.478499999814833832e+10 -1.990982622374651623e+00 2.374519832505124661e+00
3.478499999821035004e+10 -1.810700333734494016e+00 2.041696238876883562e+00
3.478499999838814545e+10 -1.776126339034809432e+00 2.379797884088811877e+00
3.478499999840319061e+10 -1.799320928761128258e+00 2.762360663657329241e+00
3.478499999832964325e+10 -1.925975594063484397e+00 3.116856890262643009e+00
3.478499999841980743e+10 -1.968524331631790858e+00 3.487234038215168308e+00
3.478499999842131805e+10 -1.992393743323702004e+00 3.104420091555679218e+00
3.478499999804444885e+10 -2.000448546585195331e+00 3.175280813615158237e+00
3.478499999792472076e+10 -1.839533913252063169e+00 3.502221623133541240e+00
3.478499999782984924e+10 -1.468077586471601803e+00 3.513989183978338371e+00
3.478499999759341431e+10 -1.212477070458664707e+00 3.353094416850895598e+00
3.478499999776296234e+10 -1.216900067488866588e+00 3.009070148288651048e+00
3.478499999758119965e+10 -1.052659465362333790e+00 3.304206534346164847e+00
3.478499999758978271e+10 -1.043137742202619789e+00 3.687552518510616828e+00
3.478499999757412720e+10 -1.096309316021979008e+00 3.308018211305442602e+00
3.478499999767568970e+10 -9.584524309162817390e-01 3.651237193835306094e+00
3.478499999762026978e+10 -7.370893623541544537e-01 3.342942528762442578e+00
3.478499999760225677e+10 -4.419132832473350314e-01 3.098677795059518125e+00
3.478499999746926880e+10 -7.997733501252310973e-01 3.061684913526254270e+00
3.478499999719203186e+10 -5.448342671438322071e-01 3.134244065775331212e+00
3.478499999718495941e+10 -4.280625337757309468e-01 3.499528719737084348e+00
3.478499999726561737e+10 -3.001729814557254628e-01 3.852029529724452672e+00
3.478499999741331482e+10 -5.734370795830148193e-01 4.077044259814794458e+00
3.478499999758816528e+10 -2.857430110170898763e-01 4.260829887718950104e+00
3.478499999778084564e+10 -5.793322353493544075e-01 4.106564389449325780e+00
3.478499999813776398e+10 -6.506767504110708700e-01 4.227554601606710705e+00
3.478499999847747803e+10 -4.983013362436978233e-01 4.135390784690796906e+00
3.478499999819280243e+10 -2.937105202382445102e-01 3.979763183428998374e+00
3.478499999812338257e+10 -3.506015877095277622e-01 3.606851248779266328e+00
3.478499999785494995e+10 -2.779305987412695189e-01 3.871012169935589942e+00
3.478499999756816864e+10 -4.779702136375987842e-01 3.713348377263665512e+00
3.478499999751589203e+10 -7.079791440144457271e-01 4.015807499099939726e+00
3.478499999772051239e+10 -7.701509469644930439e-01 4.334217040719921421e+00
3.478499999762015533e+10 -6.045548778389124855e-01 4.665313524326218264e+00
3.478499999756981659e+10 -4.012084346795683487e-01 4.344011536710732813e+00
3.478499999761088562e+10 -3.706672596044829904e-01 4.724142164871611982e+00
3.478499999769395447e+10 -2.813035014111801013e-01 5.087779648581109093e+00
3.478499999744183350e+10 -4.229489775225300785e-01 4.835808461456667651e+00
3.478499999756025696e+10 -1.369486883292492796e-01 5.062301029631455229e+00
3.478499999757945251e+10 -2.416530690000748827e-01 5.430794060034527249e+00
3.478499999722387695e+10 -3.432774654964709238e-01 5.532564805722280710e+00
3.478499999727038574e+10 -3.942153230821557885e-01 5.909872510283347147e+00
3.478499999719158173e+10 -7.039100130750678419e-01 6.121998258072797405e+00
3.478499999723817444e+10 -6.403178131079122481e-01 6.497369470461593188e+00
3.478499999722314453e+10 -6.603975883176124162e-01 6.880108867897472003e+00
3.478499999696337128e+10 -5.035931712368193480e-01 7.114730320717066014e+00
3.478499999699884796e+10 -4.183172882533996439e-01 6.742456248592027634e+00
3.478499999700190735e+10 -4.179343903546108852e-01 7.126004193609367654e+00
3.478499999703583527e+10 -8.100474270787738629e-02 7.306131834246697210e+00
3.478499999739975739e+10 -1.340838165163076856e-01 7.415036501009101499e+00
3.478499999772261047e+10 -2.119552208056903198e-01 7.223144349792424812e+00
3.478499999770712280e+10 -2.213499449079948667e-01 7.606276695923830822e+00
3.478499999763213348e+10 1.545413159763420752e-01 7.592116579546436483e+00
3.478499999753632355e+10 -1.780916035552256305e-01 7.426907330421602893e+00
3.478499999753654480e+10 -2.161251794455716357e-01 7.808577264922056393e+00
3.478499999722222900e+10 -3.585772839350858110e-01 7.641144340901947274e+00
3.478499999744316864e+10 -6.949996824989168598e-02 7.519748199302288327e+00
3.478499999755432892e+10 -1.486960310848622624e-01 7.161294010803070265e+00
3.478499999769096375e+10 2.078176886205396201e-02 6.845499634490174401e+00
3.478499999801407623e+10 2.204442560214933122e-01 6.898907238198927594e+00
3.478499999799048615e+10 2.318786337045566914e-01 6.516243914118696523e+00
3.478499999832463074e+10 1.976214792446814028e-01 6.331059759812514898e+00
3.478499999818527985e+10 -1.941264555418820148e-03 6.627497238625835507e+00
3.478499999834738159e+10 2.400124428280825395e-01 6.377896678159565624e+00
3.478499999845668030e+10 2.977419977972022291e-01 6.014798554460639046e+00
3.478499999838051605e+10 2.251631670522142858e-01 6.383647632499917179e+00
3.478499999869898987e+10 3.891689699653747003e-01 6.246551083550722971e+00
3.478499999899369812e+10 3.800594762672853122e-01 6.001229585253373244e+00
3.478499999877336121e+10 2.331461818220149917e-01 5.723762378560762087e+00
3.478499999860594177e+10 2.563256736987780116e-01 6.068076929851600632e+00
3.478499999844103241e+10 6.023993806210879987e-01 6.080627441920224641e+00
3.478499999840345764e+10 5.453434728287813726e-01 6.458054452343697349e+00
3.478499999860317230e+10 5.384383356794470998e-01 6.785443761545844055e+00
3.478499999870535278e+10 6.202520758747082086e-01 6.424910664703608276e+00
3.478499999906795502e+10 6.765901734858036365e-01 6.313274664756493237e+00
3.478499999895366669e+10 9.040754553972454310e-01 6.600167269547402071e+00
3.478499999874888611e+10 8.052758725006463614e-01 6.909069715361569664e+00
3.478499999899303436e+10 8.570447802363437839e-01 7.200327107408390326e+00
3.478499999919335938e+10 1.183457859728120898e+00 7.221364596584291640e+00
3.478499999899051666e+10 1.117135138740456890e+00 6.902656433380370160e+00
3.478499999885114288e+10 1.454275577491548122e+00 7.021106121876186990e+00
3.478499999888091278e+10 1.484124867343661336e+00 6.639869550475805404e+00
3.478499999907978821e+10 1.214469105331311916e+00 6.453180008387935374e+00
3.478499999922460938e+10 1.327173346455390979e+00 6.789992928172141617e+00
3.478499999947760773e+10 1.044146946727097180e+00 6.844839922945604727e+00
3.478499999929602814e+10 7.715675400515518145e-01 6.645222866288339247e+00
3.478499999947081757e+10 7.851208927595855203e-01 6.304072529160329452e+00
3.478499999955293274e+10 1.050546661880455535e+00 6.039639983054986949e+00
3.478499999946348572e+10 1.005431015817348950e+00 5.669393566627642933e+00
3.478499999961154175e+10 9.701375651213692830e-01 6.021463140902069355e+00
3.478499999948591614e+10 7.786030496391853628e-01 5.713810135321002903e+00
3.478499999957344818e+10 1.150966873937949719e+00 5.742128011883404604e+00
3.478499999941909027e+10 8.348787415898319964e-01 5.895034145313268859e+00
3.478499999946235657e+10 8.438034716442617267e-01 6.276042147918217573e+00
3.478499999960713959e+10 1.059735996865849739e+00 5.994032978749530116e+00
3.478499999946603394e+10 1.254660780724980995e+00 5.695348592236044283e+00
3.478499999965973663e+10 1.097511727363840839e+00 5.986728813610654676e+00
3.478499999980445862e+10 1.056272296701047386e+00 6.339538000794752826e+00
3.478499999992642212e+10 1.292906385925692625e+00 6.615666701749451484e+00
3.478499999974274445e+10 1.353809853756206882e+00 6.946834988797384369e+00
3.478499999974140167e+10 1.353776501803704901e+00 7.330392975701174763e+00
3.478499999972970581e+10 1.737019838312859443e+00 7.320086232245064828e+00
3.478499999975657654e+10 1.740709138437642745e+00 7.702686641433015957e+00
3.478499999986790466e+10 1.840474351246399909e+00 7.349456992870230465e+00
3.478499999961975098e+10 2.022458541010021094e+00 7.578408461786002803e+00
3.478499999958177948e+10 1.640855503961943018e+00 7.570937067819701660e+00
3.478499999973011017e+10 1.626458284295196011e+00 7.924360940847751777e+00
3.478499999971381378e+10 1.594803493487121582e+00 7.542456681212243552e+00
3.478499999971502686e+10 1.583693723380993124e+00 7.925854171447515029e+00
3.478499999967367554e+10 1.390492414779185504e+00 7.597096176172576598e+00
3.478499999937672424e+10 1.229037562891350799e+00 7.778399995202913253e+00
3.478499999969911957e+10 1.162776989853833376e+00 7.975352997534152166e+00
3.478499999947383118e+10 1.366826521552956697e+00 8.209292341319244457e+00
3.478499999915921021e+10 1.419889735308544232e+00 8.422173225360127802e+00
3.478499999887162018e+10 1.641927599249915160e+00 8.545086564924774919e+00
3.478499999885060120e+10 1.952790894247205644e+00 8.768784437927156006e+00
3.478499999885642242e+10 1.940178077191971662e+00 8.385475767388250290e+00
3.478499999896601868e+10 1.858820490825240146e+00 8.027023745756267203e+00
3.478499999902543640e+10 1.480204798285072343e+00 8.011581403450914962e+00
3.478499999909036255e+10 1.607353530558944366e+00 7.655580486909168592e+00
3.478499999945922852e+10 1.700449573515166790e+00 7.606684059165446321e+00
3.478499999937056732e+10 1.506626744281095887e+00 7.925573090249486974e+00
3.478499999906137848e+10 1.292990776967977373e+00 7.848902954749082284e+00
3.478499999930472565e+10 1.066435620831848841e+00 7.657656595532734478e+00
3.478499999924845886e+10 1.221566129466840511e+00 7.311409841210472216e+00
3.478499999960401917e+10 1.224768236898377660e+00 7.167592808986696262e+00
3.478499999937834930e+10 9.427092599586657240e-01 7.038622954170425494e+00
3.478499999933416748e+10 7.548878408155517139e-01 6.707127006288539306e+00
3.478499999899292755e+10 8.671087988660838297e-01 6.572659599318398271e+00
3.478499999901203918e+10 5.069888496910657238e-01 6.442019442853421651e+00
3.478499999899163055e+10 4.711840896492683339e-01 6.060679715383946231e+00
3.478499999923670959e+10 3.540391155267639811e-01 5.789883208080818910e+00
3.478499999895567322e+10 1.378622404299831294e-01 5.936179436794435382e+00
3.478499999906790924e+10 1.269129182895334107e-01 5.569570061968603270e+00
3.478499999906977844e+10 6.734786990975605292e-02 5.190667649484671742e+00
3.478499999914215088e+10 5.775883160265333355e-02 5.567216549920702917e+00
3.478499999893663788e+10 6.999760157165452190e-02 5.243593388322322468e+00
3.478499999923635864e+10 -1.536009684006251763e-01 5.158208419878581807e+00
3.478499999894336700e+10 -1.379560369041037682e-01 4.911162427156663846e+00
3.478499999931648254e+10 -2.143690051582459732e-01 4.956605579639174586e+00
3.478499999929058075e+10 -1.611934752609516797e-01 5.335577883254500442e+00
3.478499999953823090e+10 -3.265248610489935310e-01 5.577350260836653639e+00
3.478499999917780304e+10 -2.309688495197020908e-01 5.667242196886196126e+00
3.478499999884642029e+10 -3.558636760820367284e-01 5.814561974169022207e+00
3.478499999876464081e+10 -4.514554265599032834e-01 5.452218778019245704e+00
3.478499999838677216e+10 -4.000022825279079819e-01 5.411163582974582553e+00
3.478499999839376068e+10 -4.371955843796504482e-01 5.029474702813534037e+00
3.478499999851078796e+10 -2.473349550888223058e-01 4.717424644533617872e+00
3.478499999847824860e+10 -5.515826133341821258e-01 4.948710894726624510e+00
3.478499999844132233e+10 -5.762837927151918116e-01 5.329689672061095784e+00
3.478499999845495605e+10 -4.642702240803576741e-01 5.696275999500123532e+00
3.478499999815435028e+10 -4.940757454348360111e-01 5.459914647863612913e+00
3.478499999853563690e+10 -4.558550605964468705e-01 5.476626445477205785e+00
3.478499999875025177e+10 -2.627312881544531242e-01 5.224116424193223196e+00
3.478499999844228363e+10 -3.410574333541332992e-02 5.225882837883723653e+00
3.478499999810388947e+10 -1.895159570216177758e-01 5.133922262921390534e+00
3.478499999822219086e+10 -2.203050289372976700e-01 5.497482750924260309e+00
3.478499999813506317e+10 -1.812320864778957930e-01 5.125998582629058831e+00
3.478499999816819000e+10 -4.830896752250182224e-01 5.360313096667080224e+00
3.478499999798882294e+10 -7.126384245213310820e-01 5.110807557027342796e+00
3.478499999811280823e+10 -6.964896222984096052e-01 4.748197328093522351e+00
3.478499999845244598e+10 -5.225779120032907343e-01 4.787191068995079846e+00
3.478499999818682098e+10 -4.969618389924030377e-01 4.511682510579165140e+00
3.478499999835620117e+10 -1.528724536910008869e-01 4.506032746497028008e+00
3.478499999831649780e+10 -3.041248428281400074e-01 4.155797062237598816e+00
3.478499999808464050e+10 -2.600469800650062613e-01 4.458152596714892724e+00
3.478499999780828094e+10 -4.959899853528773050e-01 4.335375022726732475e+00
3.478499999757251740e+10 -4.652407376764503000e-01 4.636354469018287183e+00
3.478499999776530457e+10 -4.777129814659500928e-01 4.967709836400735490e+00
3.478499999812425995e+10 -3.593089062819715407e-01 5.032901362664400580e+00
3.478499999788762665e+10 -5.360176321763303608e-01 5.277643656565167873e+00
3.478499999799245453e+10 -8.422745425494961857e-01 5.071886198281404745e+00
3.478499999799040985e+10 -8.311650178983090997e-01 4.688492238387261146e+00
3.478499999768372345e+10 -8.156210286327812975e-01 4.918315907511622065e+00
3.478499999777033234e+10 -5.931394008086738889e-01 4.618117675692841040e+00
3.478499999775659180e+10 -5.160541781682848050e-01 4.242634427456161816e+00
3.478499999754077148e+10 -8.329220521690139378e-01 4.254192121093423040e+00
3.478499999791614532e+10 -7.869995843015619164e-01 4.318236105873562103e+00
3.478499999810691833e+10 -8.023019378769917775e-01 3.985835044187279408e+00
3.478499999808522034e+10 -8.255393092723235515e-01 3.603594377112690150e+00
3.478499999818876648e+10 -5.990717207790753340e-01 3.895328258764738205e+00
3.478499999804317474e+10 -5.764458504503456870e-01 3.541196978239439463e+00
3.478499999806905365e+10 -8.612859410260949033e-01 3.796765078999143395e+00
3.478499999834280396e+10 -9.953507225302015149e-01 3.563942407474284924e+00
3.478499999835945129e+10 -9.522733359174617718e-01 3.183172423804470075e+00
3.478499999836436462e+10 -9.444471855618633560e-01 3.566621473282697963e+00
3.478499999828704834e+10 -6.861069508807691175e-01 3.839387597948430653e+00
3.478499999853736115e+10 -5.885902499953071798e-01 3.565616141815985962e+00
3.478499999874841309e+10 -9.013743509870359993e-01 3.634474354526268769e+00
3.478499999903668213e+10 -1.109423872944561573e+00 3.490480602989533665e+00
3.478499999891478729e+10 -1.169866042190514044e+00 3.849097428199412363e+00
3.478499999914286041e+10 -1.383171732515537267e+00 4.071812893098915254e+00
3.478499999911036682e+10 -1.383081560365433837e+00 4.453994214470972324e+00
3.478499999909146118e+10 -1.367115153063523714e+00 4.836755568053471954e+00
3.478499999906633759e+10 -1.693563475516514094e+00 5.036553027986373721e+00
3.478499999937910461e+10 -1.853082101411027027e+00 5.190991029504183452e+00
3.478499999965960693e+10 -1.650167508705461250e+00 5.025881274873056803e+00
3.478499999942541504e+10 -1.871382475174315330e+00 5.234052995812031206e+00
3.478499999927647400e+10 -1.729674029572843663e+00 4.910243203852685312e+00
3.478499999946985626e+10 -1.402853510826364225e+00 4.964184288279802182e+00
3.478499999966985321e+10 -1.421175164394601342e+00 5.290964590584854577e+00
3.478499999984375763e+10 -1.103996311948878040e+00 5.418528217339114050e+00
3.478499999962829590e+10 -8.258965869464048870e-01 5.571356788778540903e+00
3.478499999958974457e+10 -6.868113375883240224e-01 5.215987409802804287e+00
3.478499999982275391e+10 -6.072290808087378311e-01 5.510081795405881167e+00
3.478499999963270569e+10 -4.648852948794785500e-01 5.208854424031507335e+00
3.478499999983950806e+10 -4.261039724556952568e-01 5.529550997341782903e+00
3.478499999981729126e+10 -4.500237185773165449e-01 5.911719376018761629e+00
3.478499999968215179e+10 -8.089729678194403917e-01 5.915086145966008679e+00
3.478499999937680054e+10 -1.037990301165859774e+00 5.952904166308859324e+00
3.478499999928007507e+10 -9.690192858233993567e-01 5.588203720691569565e+00
3.478499999910620880e+10 -1.045179086006885916e+00 5.254903103341686865e+00
3.478499999889261627e+10 -1.320538217733871367e+00 5.415139213743118241e+00
3.478499999887185669e+10 -1.359385596018009235e+00 5.796161935987464098e+00
3.478499999917756653e+10 -1.584992446432025970e+00 5.848718827061477832e+00
3.478499999893878174e+10 -1.605996399828218291e+00 6.148148412891742964e+00
3.478499999891721344e+10 -1.583296529547254305e+00 5.765868295335098814e+00
3.478499999900527954e+10 -1.805510491815565777e+00 5.465894869500101727e+00
3.478499999912393951e+10 -1.667477564842057003e+00 5.803510856257240391e+00
3.478499999908657074e+10 -1.640544450875847549e+00 6.184295075965291488e+00
3.478499999872113800e+10 -1.692569905582789636e+00 6.288570127446922342e+00
3.478499999852989197e+10 -1.491400374081248037e+00 6.553283637329470501e+00
3.478499999832410431e+10 -1.672355661705978491e+00 6.284907620167508924e+00
3.478499999816313171e+10 -1.718132912445167415e+00 5.939784320427742514e+00
3.478499999853611755e+10 -1.743057489010700012e+00 6.025693380048937620e+00
3.478499999854406738e+10 -1.744496379789310048e+00 6.409168590580387459e+00
3.478499999824956512e+10 -1.894743818707750993e+00 6.214716373027426854e+00
3.478499999839935303e+10 -2.178274949988018960e+00 6.425175606099477577e+00
3.478499999828139496e+10 -1.848780499098387153e+00 6.582140668426379015e+00
3.478499999843401337e+10 -1.604715776340774003e+00 6.835633274660825265e+00
3.478499999837586212e+10 -1.508752706620584583e+00 7.202413612160511569e+00
3.478499999839952087e+10 -1.309351156816593642e+00 7.529212928147590134e+00
3.478499999823772430e+10 -1.510014018389977952e+00 7.813245735017442684e+00
3.478499999841059875e+10 -1.320434639936971966e+00 8.098363680395330277e+00
3.478499999813019562e+10 -1.576836119555605764e+00 8.150793605428084732e+00
3.478499999801103210e+10 -1.490290359613170690e+00 7.796635652003246264e+00
3.478499999800084686e+10 -1.657621183523809272e+00 8.141621539684898323e+00
3.478499999834410858e+10 -1.522027763243208653e+00 8.246037629212340292e+00
3.478499999842510223e+10 -1.445456282638697187e+00 8.613046709997846051e+00
3.478499999837413025e+10 -1.282741824511673512e+00 8.269470427470709595e+00
3.478499999833007812e+10 -1.663703652988964166e+00 8.276232427717916451e+00
3.478499999825464630e+10 -1.826527221268550161e+00 7.937238498812311249e+00
3.478499999830349731e+10 -1.451861867392028715e+00 8.003255482437232615e+00
3.478499999830377197e+10 -1.470481943886113863e+00 8.386363507795699945e+00
3.478499999827561188e+10 -1.443121357545796624e+00 8.004817760344998590e+00
3.478499999821394348e+10 -1.750930824893321081e+00 7.784433832387958496e+00
3.478499999852857208e+10 -1.961574310997405313e+00 7.723123440715444765e+00
3.478499999844736481e+10 -2.026092610556369245e+00 8.092395232564527419e+00
3.478499999811827087e+10 -1.892230270397352143e+00 8.236950208762829462e+00
3.478499999798268890e+10 -1.588773644180921485e+00 8.045509361992349895e+00
3.478499999765644836e+10 -1.788660545438552907e+00 8.018507987678674453e+00
3.478499999767847443e+10 -1.408623143868399374e+00 7.971550080109618186e+00
3.478499999741799927e+10 -1.385154570503139837e+00 7.690979319862921493e+00
3.478499999732375336e+10 -1.456939793762315860e+00 8.055785022102519122e+00
3.478499999759200287e+10 -1.224495180949639828e+00 8.201141760131216429e+00
3.478499999762741852e+10 -8.453258698104291202e-01 8.155370094446983131e+00
3.478499999750486755e+10 -9.940602578176876980e-01 8.487000383771698964e+00
3.478499999715407562e+10 -9.021245120457004329e-01 8.611945954369149447e+00
3.478499999714466095e+10 -7.538001671367091650e-01 8.258350444580701222e+00
3.478499999694564819e+10 -9.655214819310876662e-01 8.508724479523538164e+00
3.478499999691991425e+10 -9.415255579710476441e-01 8.126781286076528943e+00
3.478499999667211914e+10 -1.171922219353125350e+00 8.307425799397272215e+00
3.478499999681319427e+10 -1.528540283043520409e+00 8.301076019015582119e+00
3.478499999693621063e+10 -1.221456995889624420e+00 8.495204050902074755e+00
3.478499999722928619e+10 -1.449918294692374765e+00 8.400169451173832513e+00
3.478499999719680023e+10 -1.499330579761313453e+00 8.779143685627230909e+00
3.478499999708318329e+10 -1.388225991810760451e+00 9.128236903250638079e+00
3.478499999735532379e+10 -1.387851440587994700e+00 9.398530139690391749e+00
3.478499999722885895e+10 -1.749267682737197571e+00 9.420967593093303449e+00
3.478499999706468201e+10 -1.497565528205909713e+00 9.182616716873782892e+00
3.478499999699182129e+10 -1.766293681613791078e+00 8.918807381697611447e+00
3.478499999711466217e+10 -2.122225942498683349e+00 8.845732020247199401e+00
3.478499999717506409e+10 -2.071343975498963985e+00 8.470390924653072418e+00
3.478499999740595245e+10 -1.915907751667441428e+00 8.206477912594419166e+00
3.478499999769553375e+10 -1.998395701229226606e+00 7.968870699007450931e+00
3.478499999754517365e+10 -1.661840469830368594e+00 7.862845200169103599e+00
3.478499999771947479e+10 -1.505516116094067325e+00 7.559034413781859918e+00
3.478499999762122345e+10 -1.789328958258155522e+00 7.320466171715882098e+00
3.478499999762113953e+10 -1.897497456025106111e+00 7.688458168504601176e+00
3.478499999734480286e+10 -1.669425947122739284e+00 7.825355760664578497e+00
3.478499999731819153e+10 -1.868257459006341881e+00 8.152275140749416948e+00
3.478499999755667877e+10 -2.124358225525230903e+00 8.309288219815000431e+00
3.478499999739151764e+10 -2.278999518857887985e+00 7.999569641905051043e+00
3.478499999735013580e+10 -2.131386067080148106e+00 8.351160418788380113e+00
3.478499999708018494e+10 -2.168938551531359948e+00 8.621036518976840313e+00
3.478499999740409851e+10 -2.172758913940557868e+00 8.415649097229158215e+00
3.478499999707862854e+10 -2.354249571167237765e+00 8.324811560076298633e+00
3.478499999695388031e+10 -2.491073152871869922e+00 7.988899988196784818e+00
3.478499999726742554e+10 -2.583988942562324365e+00 7.788458676141755355e+00
3.478499999761690521e+10 -2.732572031802411594e+00 7.734561375014005868e+00
3.478499999770379639e+10 -2.635209898129915018e+00 7.373882537571870621e+00
3.478499999780647278e+10 -2.648721244057319346e+00 7.743196457737403726e+00
3.478499999770323181e+10 -2.640323073289624123e+00 7.373886682981099838e+00
3.478499999802938080e+10 -2.441507959102106273e+00 7.408760598452373003e+00
3.478499999809654999e+10 -2.437676675401457160e+00 7.786374552797607151e+00
3.478499999794512177e+10 -2.759923227197296658e+00 7.643736590633478656e+00
3.478499999771731567e+10 -2.791363492793575318e+00 7.950713734458851434e+00
3.478499999772222137e+10 -2.781464237574076126e+00 7.567312508186891051e+00
3.478499999765614319e+10 -2.789845298995718537e+00 7.189579759487922495e+00
3.478499999743520355e+10 -3.038304881557981396e+00 7.380820666337479352e+00
3.478499999740058899e+10 -3.363929985030103431e+00 7.580541906671052210e+00
3.478499999726221466e+10 -3.696410487262911104e+00 7.448529992881010919e+00
3.478499999718302155e+10 -3.729298052004336839e+00 7.074677626462534619e+00
3.478499999718788147e+10 -3.478263766343145491e+00 6.784717727244762742e+00
3.478499999713417053e+10 -3.847595027695425163e+00 6.873195586001064505e+00
3.478499999706185150e+10 -3.835015700858313448e+00 7.249666076269017267e+00
3.478499999716945648e+10 -3.959668908593381165e+00 6.903253841353063969e+00
3.478499999724362183e+10 -3.877973533039077658e+00 6.535907194370130568e+00
3.478499999714214325e+10 -4.164666331626756701e+00 6.769633654363744313e+00
3.478499999720101929e+10 -4.299422743357745880e+00 6.415384472052079623e+00
3.478499999720883179e+10 -4.287573761085888613e+00 6.798682211539481379e+00
3.478499999686418152e+10 -4.240980631137663437e+00 6.960438458783269944e+00
3.478499999719658661e+10 -4.405377926618172957e+00 6.862469065173006477e+00
3.478499999718067169e+10 -4.492743017613489265e+00 7.235607798594758222e+00
3.478499999737802887e+10 -4.534126298995241555e+00 7.561885745846412377e+00
3.478499999738636017e+10 -4.514922890476275263e+00 7.178896980381541226e+00
3.478499999741381073e+10 -4.559321537875105967e+00 7.558889026080453988e+00
3.478499999759917450e+10 -4.464753671826198200e+00 7.236685315671077312e+00
3.478499999763893127e+10 -4.588795207368042917e+00 7.597450769406441040e+00
3.478499999748446655e+10 -4.818196723109252844e+00 7.863221577986560185e+00
3.478499999713023376e+10 -4.962057730061843586e+00 7.832533142598752107e+00
3.478499999743263245e+10 -4.782368223425947029e+00 7.679606289937925823e+00
3.478499999765605927e+10 -4.749404790562072876e+00 7.369587872271102569e+00
3.478499999787229919e+10 -4.525598730545857151e+00 7.593798825144002507e+00
3.478499999783552551e+10 -4.517745649026474908e+00 7.975511542982951951e+00
3.478499999821812439e+10 -4.528442473958626202e+00 7.950530417547890139e+00
3.478499999787796783e+10 -4.364735605482032099e+00 8.018439984250173680e+00
3.478499999797855377e+10 -4.345491887991316027e+00 8.388075029899308532e+00
3.478499999814289093e+10 -4.139983866394677747e+00 8.109006959869821785e+00
3.478499999811891937e+10 -4.159898025182728887e+00 8.491299366750515887e+00
3.478499999792501831e+10 -4.412895128141242296e+00 8.277961563794887567e+00
3.478499999777717590e+10 -4.199442300199680567e+00 7.995649424676146033e+00
3.478499999740622711e+10 -4.287518870843983976e+00 7.953742773578489356e+00
3.478499999728993225e+10 -4.002081630908691068e+00 8.182039535137592523e+00
3.478499999727069855e+10 -3.962329046292393464e+00 8.563049348865016341e+00
3.478499999729065704e+10 -3.895291769259360493e+00 8.185920553787674692e+00
3.478499999745410156e+10 -4.042131811461180391e+00 8.500311403368451479e+00
3.478499999751268005e+10 -3.799251553561877159e+00 8.791337588937830461e+00
3.478499999734829712e+10 -3.673485439503339833e+00 9.114260489724559378e+00
3.478499999711426544e+10 -3.715814108938068738e+00 9.415184767026659074e+00
3.478499999717234802e+10 -3.858506992953337988e+00 9.766445028695375896e+00
3.478499999716689301e+10 -3.731186516412684284e+00 9.404674004221076800e+00
3.478499999699996185e+10 -4.043385677026350322e+00 9.257076733544643332e+00
3.478499999695839691e+10 -3.750204647936878466e+00 9.013282301898875915e+00
3.478499999729672241e+10 -3.658481364118939538e+00 9.168976954875683205e+00
3.478499999755466461e+10 -3.392836722676852546e+00 9.068885429594795156e+00
3.478499999755062866e+10 -3.395340036780312154e+00 9.452416384121599791e+00
3.478499999777987671e+10 -3.583889593851239397e+00 9.695343333943359454e+00
3.478499999780958557e+10 -3.966267847695907012e+00 9.690590621228917456e+00
3.478499999784007263e+10 -4.074100834087888146e+00 9.323764982952916114e+00
3.478499999749674988e+10 -4.185249139498495197e+00 9.193782228654205468e+00
3.478499999753495789e+10 -4.011296471090260773e+00 8.854078050378008768e+00
3.478499999763346100e+10 -3.913763365710528408e+00 8.496443844557129310e+00
3.478499999765378571e+10 -4.233662316043706575e+00 8.707086120627739234e+00
3.478499999782929993e+10 -4.527990337801474752e+00 8.879374046042633140e+00
3.478499999803128052e+10 -4.223651186625607679e+00 8.996419025757388610e+00
3.478499999830694580e+10 -4.173074084121689786e+00 8.734557906984075970e+00
3.478499999810321808e+10 -4.492441422378679050e+00 8.674400798740164120e+00
3.478499999786302948e+10 -4.720057353486138751e+00 8.868352403553808827e+00
3.478499999789930725e+10 -4.647261571086653831e+00 9.243189999899433573e+00
3.478499999791287231e+10 -4.995370127905494506e+00 9.403673607015601732e+00
3.478499999790560913e+10 -4.979678961552972183e+00 9.786844094731717902e+00
3.478499999774583435e+10 -4.967085930289006690e+00 9.438374282875821919e+00
3.478499999762016296e+10 -4.925370162058457346e+00 9.078394970163040867e+00
3.478499999788118744e+10 -4.961035607554354243e+00 8.799623200135933132e+00
3.478499999760324097e+10 -5.225094816817103194e+00 8.787839098291499340e+00
3.478499999735689545e+10 -5.034734258680482633e+00 9.011878821671171380e+00
3.478499999735395813e+10 -5.016152780036330583e+00 9.394977554774731843e+00
3.478499999737483215e+10 -5.056730968277434179e+00 9.775813953315038773e+00
3.478499999708403015e+10 -4.807301603046388649e+00 9.794173215771582619e+00
3.478499999687552643e+10 -4.692940648561584993e+00 1.009511422367094546e+01
3.478499999690032959e+10 -4.718465149661006386e+00 9.713208907925945823e+00
3.478499999684180450e+10 -4.919005246229257722e+00 9.391529845359634976e+00
3.478499999695011902e+10 -4.793511073566449454e+00 9.045643004275126131e+00
3.478499999715248108e+10 -4.722097932055962843e+00 9.363554492182464273e+00
3.478499999727361298e+10 -4.647322215210870411e+00 9.719720829179134824e+00
3.478499999714215851e+10 -4.994348616038693400e+00 9.622709291324905934e+00
3.478499999708763123e+10 -5.002385179683336958e+00 1.000228886809959761e+01
3.478499999712602234e+10 -5.010857384800580405e+00 9.620748454780727599e+00
3.478499999713935852e+10 -4.698376686709575090e+00 9.842776586461109645e+00
3.478499999721267700e+10 -4.694734145715691476e+00 1.021924609428496211e+01
3.478499999739771271e+10 -4.999616682166576176e+00 1.007807949163473715e+01
3.478499999723784637e+10 -5.062920402960696009e+00 1.042094092413485740e+01
3.478499999744285583e+10 -4.910504457976734294e+00 1.070704864347049146e+01
3.478499999767671967e+10 -4.850228840963167087e+00 1.100502939612715103e+01
3.478499999729498291e+10 -4.877681922346298826e+00 1.097964925906264888e+01
3.478499999719107056e+10 -4.873517716731057270e+00 1.134884232019292760e+01
3.478499999714971924e+10 -4.618037745445169762e+00 1.163192973560166443e+01
3.478499999721455383e+10 -4.750889494897053922e+00 1.198585898392584781e+01
3.478499999701686859e+10 -4.473872555211698021e+00 1.216277653689417093e+01
3.478499999735500336e+10 -4.464461034412621210e+00 1.198196505844708604e+01
3.478499999749403381e+10 -4.652549208342259490e+00 1.228595889135392305e+01
3.478499999735813141e+10 -4.304189420669391808e+00 1.237136096266834784e+01
3.478499999718592834e+10 -4.581498363657876105e+00 1.257277018102839072e+01
3.478499999696301270e+10 -4.686714420186806507e+00 1.286663676670998235e+01
3.478499999722396851e+10 -4.548288463848335184e+00 1.262197904336757226e+01
3.478499999738181305e+10 -4.507422489186160952e+00 1.227479996064347212e+01
3.478499999775028229e+10 -4.410285470238568095e+00 1.223105119536052499e+01
3.478499999758072662e+10 -4.383257709018237414e+00 1.257403544811899110e+01
3.478499999757991791e+10 -4.354136269095580047e+00 1.295648783327352760e+01
3.478499999792816925e+10 -4.365606965437820008e+00 1.311682543394034006e+01
3.478499999820951080e+10 -4.325655783403422383e+00 1.285920085518591449e+01
3.478499999819419098e+10 -4.105867415564041778e+00 1.254523106767072882e+01
3.478499999787860107e+10 -4.081426212413618693e+00 1.276184732170525216e+01
3.478499999783222198e+10 -4.314139692572753759e+00 1.306319697318906137e+01
3.478499999757600403e+10 -4.117771419530908972e+00 1.327034940443385658e+01
3.478499999732814026e+10 -3.894323753302037616e+00 1.308126018299842741e+01
3.478499999731403351e+10 -3.892486409285863314e+00 1.346455662532118858e+01
3.478499999767668152e+10 -3.772985031335154726e+00 1.350097288270965912e+01
3.478499999778190613e+10 -3.931474543392096344e+00 1.383403052722198012e+01
3.478499999779430389e+10 -3.738440811685692200e+00 1.416524471871920809e+01
3.478499999778973389e+10 -4.072513958598603878e+00 1.435363999768246579e+01
3.478499999793281555e+10 -4.000536906578219920e+00 1.400512192639311415e+01
3.478499999787059784e+10 -4.111395672411974900e+00 1.436700338130880361e+01
3.478499999781510162e+10 -3.972540498833855960e+00 1.472021426164396374e+01
3.478499999769690704e+10 -3.976569560875355069e+00 1.508508628124694972e+01
3.478499999795502472e+10 -3.819741750496398858e+00 1.532151299214481988e+01
3.478499999817689514e+10 -3.764897845340418048e+00 1.501348059184540773e+01
3.478499999844048309e+10 -4.042585572939915828e+00 1.503646373158037441e+01
3.478499999841168976e+10 -3.838873626818104068e+00 1.471274929760721584e+01
3.478499999861777496e+10 -3.516533058597046235e+00 1.468544522374888217e+01
3.478499999843611908e+10 -3.851928773323498589e+00 1.464507900340207769e+01
3.478499999851638031e+10 -4.174274213277198164e+00 1.483683299809011480e+01
3.478499999851124573e+10 -4.146426145516173278e+00 1.445431940134757198e+01
3.478499999861951447e+10 -4.086707740912959963e+00 1.409123536818900213e+01
3.478499999875692749e+10 -4.294958680234213233e+00 1.379991400560833448e+01
3.478499999862477875e+10 -4.348227750142611647e+00 1.415602893900729242e+01
3.478499999896572876e+10 -4.173492726059039093e+00 1.417441076673125444e+01
3.478499999894841766e+10 -3.908634232503705341e+00 1.445130234060973429e+01
3.478499999912475586e+10 -3.756340298541203992e+00 1.475598231977710562e+01
3.478499999937618256e+10 -3.911227594823442288e+00 1.451120996634702642e+01
3.478499999943983459e+10 -3.547516807449326848e+00 1.440737547440506106e+01
3.478499999945401764e+10 -3.337511757061932816e+00 1.408672735051525038e+01
3.478499999909630585e+10 -3.202527020445813388e+00 1.405605291515032107e+01
3.478499999878644562e+10 -3.396780227044009948e+00 1.394042083911928742e+01
3.478499999860346985e+10 -3.092911039004408114e+00 1.379446745298416666e+01
3.478499999837208557e+10 -3.229906145372090531e+00 1.406798495002561644e+01
3.478499999812476349e+10 -2.943841639493016693e+00 1.413215622343132871e+01
3.478499999814124298e+10 -2.914462390602475583e+00 1.375007796296820217e+01
3.478499999790145874e+10 -2.622610226855476512e+00 1.368340556741675407e+01
3.478499999797809601e+10 -2.960947777720930763e+00 1.384703155963939381e+01
3.478499999789195251e+10 -2.978015253466901768e+00 1.347365884532528035e+01
3.478499999827468109e+10 -3.002634841000689114e+00 1.347937595236819419e+01
3.478499999794418335e+10 -2.808100088667673244e+00 1.347270100971264739e+01
3.478499999778745270e+10 -2.618941361670945156e+00 1.376727349812271406e+01
3.478499999795531464e+10 -2.412649929822536787e+00 1.404365267494446101e+01
3.478499999813522339e+10 -2.519469298571973770e+00 1.372218470327772977e+01
3.478499999781407166e+10 -2.461768681794077818e+00 1.352056556820828703e+01
3.478499999756067657e+10 -2.567698241936893666e+00 1.378831235128382460e+01
3.478499999778536224e+10 -2.519246651270876658e+00 1.409537741677104528e+01
3.478499999784596252e+10 -2.541416923155017660e+00 1.447347072543756319e+01
3.478499999820401764e+10 -2.407730264574841517e+00 1.450577541669832904e+01
3.478499999839168549e+10 -2.476608594975730160e+00 1.483312236117857985e+01
3.478499999840827179e+10 -2.470769011803716442e+00 1.444996543736775330e+01
3.478499999832562256e+10 -2.394351807250214126e+00 1.408329403400662017e+01
3.478499999822451019e+10 -2.463980847997601753e+00 1.371991257017342214e+01
3.478499999810012054e+10 -2.198688214838464994e+00 1.347239500911831378e+01
3.478499999808694458e+10 -2.072284919651105728e+00 1.311050105203272764e+01
3.478499999836351013e+10 -2.302230949900913703e+00 1.324374417670839676e+01
3.478499999835654449e+10 -2.610985184883990229e+00 1.347121036377111913e+01
3.478499999814320374e+10 -2.830990646362620655e+00 1.324055226857006673e+01
3.478499999828397369e+10 -2.817403073899296118e+00 1.359708739295503754e+01
3.478499999839207458e+10 -2.499368534089893679e+00 1.341191854021360896e+01
3.478499999877512360e+10 -2.502018154050794418e+00 1.339232959915583443e+01
3.478499999840458679e+10 -2.404088916001907439e+00 1.337707039802024589e+01
3.478499999838618469e+10 -2.451486740345167892e+00 1.299689502445561828e+01
3.478499999854084778e+10 -2.280193253082715366e+00 1.269053560230798894e+01
3.478499999838384247e+10 -2.075807094391306062e+00 1.297460198288097821e+01
3.478499999869753265e+10 -1.864474923234143988e+00 1.303829127506654650e+01
3.478499999855652618e+10 -1.688911100438454715e+00 1.334879585881692776e+01
3.478499999841401672e+10 -2.043156750230155083e+00 1.331247097050188621e+01
3.478499999844963074e+10 -2.116016966168478231e+00 1.368735980946642705e+01
3.478499999850962067e+10 -2.235837617928813081e+00 1.332796703909006375e+01
3.478499999826844788e+10 -2.532386745603149691e+00 1.329612477629152778e+01
3.478499999817883301e+10 -2.790916806098708847e+00 1.356491808374661190e+01
3.478499999852657318e+10 -2.635353755713224722e+00 1.360956776089296483e+01
3.478499999845063019e+10 -2.913375311136127799e+00 1.386265819498944651e+01
3.478499999846493530e+10 -2.881109615487919662e+00 1.348072529134303288e+01
3.478499999859333038e+10 -2.575575947111139907e+00 1.328764085814384188e+01
3.478499999863945007e+10 -2.579744180793700270e+00 1.290688610471651643e+01
3.478499999863788605e+10 -2.962036252055011865e+00 1.293801258855656222e+01
3.478499999881206512e+10 -2.953275809187783540e+00 1.259639286502971345e+01
3.478499999898953247e+10 -3.070552388453854142e+00 1.291556215017947373e+01
3.478499999931517029e+10 -2.867899952231256933e+00 1.291883883330178051e+01
3.478499999952385712e+10 -2.633704329487617013e+00 1.313956760988812178e+01
3.478499999953981018e+10 -2.565372200654800316e+00 1.276248048297799365e+01
3.478499999949491119e+10 -2.399000928878462613e+00 1.241980936604836039e+01
3.478499999965470886e+10 -2.053107216320884110e+00 1.237576827342247476e+01
3.478499999996794128e+10 -1.861033709181708629e+00 1.248581685134169916e+01
3.478500000012493896e+10 -2.203066516401841923e+00 1.241176834431722575e+01
