4.869900000000000000e+10 0.000000000000000000e+00 0.000000000000000000e+00
4.869899999975102234e+10 -2.390880444970511776e-01 -4.461045942124325925e-01
4.869899999925350189e+10 -3.874098955261200405e-01 -2.255635136622081705e-01
4.869899999933586121e+10 -5.935006927821921963e-01 -7.441239659116486438e-01
4.869899999909280396e+10 -1.095108093356593981e+00 -8.305867395886572524e-01
4.869899999909204865e+10 -1.099210824148600052e+00 -1.394629433840053556e+00
4.869899999949799347e+10 -1.288733936456072815e+00 -1.051915390654584614e+00
4.869899999963817596e+10 -1.183655489452141829e+00 -1.588076898699928741e+00
4.869899999943120575e+10 -8.855340785853954566e-01 -1.156280616563586161e+00
4.869899999887837219e+10 -9.015217948383708046e-01 -1.267102136000779478e+00
4.869899999846416473e+10 -7.657035838467060040e-01 -1.625077498386396702e+00
4.869899999888216400e+10 -5.748195791205987781e-01 -1.952188770561317233e+00
4.869899999848409271e+10 -6.567264717176245492e-01 -2.343329703629614347e+00
4.869899999842787170e+10 -1.141815680072051808e+00 -2.061036853387151258e+00
4.869899999869080353e+10 -1.634157115692970841e+00 -1.979613936057831314e+00
4.869899999869087982e+10 -1.634141258706192978e+00 -1.415555824789070716e+00
4.869899999841735840e+10 -1.351521939602529532e+00 -1.011236863901446181e+00
4.869899999798825836e+10 -1.094948399195445177e+00 -1.272397496745525602e+00
4.869899999752141571e+10 -1.190976446759577589e+00 -1.574054426634523107e+00
4.869899999716467285e+10 -1.517552421738966206e+00 -1.283801874095013895e+00
4.869899999690353394e+10 -1.482066000363089442e+00 -1.782508687972053973e+00
4.869899999662818909e+10 -1.443629421713422678e+00 -2.273291975970126000e+00
4.869899999678427887e+10 -1.983083080187937774e+00 -2.326093514765689818e+00
4.869899999706038666e+10 -2.419100091798213725e+00 -2.098462086511777791e+00
4.869899999675144958e+10 -2.480908774642452741e+00 -2.566330595236632206e+00
4.869899999682250214e+10 -2.884066556612905785e+00 -2.178287554475849763e+00
4.869899999711999512e+10 -2.503928277804431612e+00 -2.470097086327931901e+00
4.869899999768186951e+10 -2.545919556588968291e+00 -2.496392216702315370e+00
4.869899999739759827e+10 -2.778781063383108929e+00 -2.068460906691459211e+00
4.869899999765290833e+10 -2.743114861302474061e+00 -2.570164887447718094e+00
4.869899999806488800e+10 -3.115038072891220367e+00 -2.670708813508821944e+00
4.869899999800041962e+10 -3.095997743927891399e+00 -3.230747297069514801e+00
4.869899999803440857e+10 -3.453145708314453444e+00 -2.795487121951577336e+00
4.869899999833468628e+10 -2.993183213017045485e+00 -2.667309953955056212e+00
4.869899999789369202e+10 -3.327811944172642367e+00 -2.559086580468729277e+00
4.869899999792185974e+10 -3.333937332961620204e+00 -1.995765560320746035e+00
4.869899999785105896e+10 -3.482691712408543250e+00 -1.456301577970572581e+00
4.869899999806970215e+10 -3.021933413791277889e+00 -1.697255570660278767e+00
4.869899999856762695e+10 -2.890793660335625681e+00 -1.927556053350143017e+00
4.869899999894291687e+10 -3.304963884185654344e+00 -2.003581355630133842e+00
4.869899999870885468e+10 -3.095774504193459897e+00 -2.472215137245436622e+00
4.869899999861936188e+10 -2.736802013181725446e+00 -2.897998705715669310e+00
4.869899999861989594e+10 -2.764522286713127830e+00 -3.461375006843304014e+00
4.869899999888565826e+10 -2.678758543414210269e+00 -2.971296640158917590e+00
4.869899999862449646e+10 -2.709005491718967651e+00 -3.470335893642455538e+00
4.869899999909336090e+10 -2.927511018335489101e+00 -3.245430997721239663e+00
4.869899999890349579e+10 -2.691502764171935791e+00 -3.721259566076437153e+00
4.869899999932613373e+10 -3.064897345548352359e+00 -3.732005771855963605e+00
4.869899999947347260e+10 -3.489823405077117968e+00 -3.391578165131797551e+00
4.869899999913171387e+10 -3.403335969687382168e+00 -2.951259591513494041e+00
4.869899999914635468e+10 -3.180310646234412619e+00 -3.469146624496714182e+00
4.869899999863690948e+10 -3.035522107970152650e+00 -3.275068499063543026e+00
4.869899999857415009e+10 -2.993204042088362105e+00 -2.716111947525515546e+00
4.869899999852112579e+10 -2.502247645731107362e+00 -2.988714007496099612e+00
4.869899999895384979e+10 -2.803775652139456120e+00 -2.788739279260592951e+00
4.869899999938687134e+10 -2.910256605026643850e+00 -2.443314695032873907e+00
4.869899999945591736e+10 -2.841154866045797256e+00 -1.887780028929906484e+00
4.869899999943036652e+10 -2.777049235429088103e+00 -1.327959192477655259e+00
4.869899999943397522e+10 -2.629685737993300521e+00 -7.835029990356165985e-01
4.869899999964488983e+10 -2.803334202909748551e+00 -2.900215096873573484e-01
4.869899999948446655e+10 -2.392366988165880226e+00 6.144922287075221812e-02
4.869899999921990204e+10 -2.851908488851411683e+00 2.537745523612979781e-01
4.869899999912887573e+10 -2.481239315848841276e+00 -1.615335591728118136e-01
4.869899999944286346e+10 -2.012876631309934439e+00 -1.470038280899904348e-01
4.869899999975048828e+10 -2.127160973355974871e+00 -6.057732081819838799e-01
4.869899999980769348e+10 -2.206675544219975471e+00 -1.161260819625523855e+00
4.869900000010051727e+10 -1.808752698548041993e+00 -8.890951796283881325e-01
