1.391400000000000000e+10 0.000000000000000000e+00 0.000000000000000000e+00
1.391399999991357231e+10 -5.939037404947456605e-02 2.807080508950089981e-01
1.391399999982951164e+10 2.248707002160464929e-01 2.368497684493501565e-01
1.391399999972535515e+10 -4.846800475264606556e-02 1.717986704732344383e-01
1.391399999985926056e+10 -4.679088026661544497e-02 4.398673684657845029e-01
1.391399999970898438e+10 9.611922997223630583e-02 2.235627475790642193e-01
1.391399999975191498e+10 -4.210510654578918099e-02 4.859462501558901026e-01
1.391399999963831711e+10 1.112924670681843670e-01 2.549508671280740213e-01
1.391399999965930367e+10 -5.833119512411945318e-02 8.817731774936526934e-03
1.391399999967230225e+10 -5.735282260202984039e-02 3.081906760489011576e-01
1.391399999950079155e+10 7.713277249836544835e-03 7.124168210779510679e-02
1.391399999946634865e+10 2.874393124109104192e-01 -3.054822175706864429e-02
1.391399999967248917e+10 4.888602549977139056e-01 -1.125817463460111884e-01
1.391399999973089981e+10 2.030059225510312260e-01 -1.809163327397742826e-01
1.391399999986991692e+10 8.942345393333500647e-02 5.901568896799844199e-02
1.391399999986957550e+10 9.174947517903274397e-02 -2.406317336268088691e-01
1.391400000010234261e+10 -7.993657044714251592e-02 -1.622885803818828743e-01
