2.087100000000000000e+10 0.000000000000000000e+00 0.000000000000000000e+00
2.087099999983141708e+10 -2.285634491087121800e-01 1.388201010412463687e-01
2.087099999984765625e+10 -1.879050599212575834e-01 4.518949489638899308e-01
2.087099999975055313e+10 -1.380223591589077592e-01 1.552212333621456053e-01
2.087099999982846451e+10 -1.800825693350038281e-01 -1.482479453320186269e-01
2.087099999971413803e+10 9.385757072248623878e-02 -2.569636640957448370e-01
2.087099999961715698e+10 3.944558707544323362e-01 -2.439922666975139487e-01
2.087099999934547043e+10 2.479699147828870742e-01 -3.122599734075869327e-01
2.087099999923745728e+10 2.792090643099574554e-01 -6.077092137293838015e-01
2.087099999904748154e+10 5.313976663380319820e-01 -6.232835346062949311e-01
2.087099999892581940e+10 4.565669051971411596e-01 -9.052960448465927623e-01
2.087099999894059372e+10 6.474447160904319709e-01 -6.537408705613307891e-01
2.087099999885070801e+10 8.934602341336971287e-01 -8.307423794420919494e-01
2.087099999911901474e+10 8.558639550381071937e-01 -9.936264444006064345e-01
2.087099999919908905e+10 1.159979699271061371e+00 -1.025790711944658096e+00
2.087099999915612030e+10 1.296019424462694136e+00 -7.436919783545603568e-01
2.087099999913913345e+10 1.611205897718830160e+00 -7.263262187404145864e-01
2.087099999915102386e+10 1.555128148115448194e+00 -4.154459421412307618e-01
2.087099999938833618e+10 1.687374372414425894e+00 -5.770800798818270794e-01
2.087099999922217178e+10 1.681612024887997769e+00 -3.082153787393322464e-01
2.087099999901758194e+10 1.836874260657733959e+00 -1.239076624502754853e-01
2.087099999910539246e+10 1.817176279285174667e+00 1.791335371134432364e-01
2.087099999939070129e+10 1.757785021893578215e+00 5.663845988384880181e-02
2.087099999913188553e+10 1.839717635399545692e+00 -1.053318567984889154e-01
2.087099999921075058e+10 1.779761098427286470e+00 -4.055289120376674994e-01
2.087099999934673309e+10 1.616813887949327233e+00 -1.712438267893782173e-01
2.087099999935304642e+10 1.614362048349536227e+00 -4.872925572337151179e-01
2.087099999962586594e+10 1.727627857931062438e+00 -5.998658381210199009e-01
2.087099999962599945e+10 1.727646611510656571e+00 -2.837445911374504859e-01
2.087099999950037384e+10 1.935632624663859547e+00 -8.152442866656919862e-02
2.087099999948467636e+10 1.826153032287377354e+00 2.146182889910496494e-01
2.087099999951018524e+10 1.787200145216645719e+00 5.272916358884975896e-01
2.087099999969815063e+10 1.687399827176125688e+00 2.935369557593529022e-01
2.087099999953388977e+10 1.662514922393309780e+00 2.459097980026331287e-02
2.087099999981259918e+10 1.777751936468602301e+00 -7.013704857167681050e-02
2.087100000005570221e+10 1.576673575849798503e+00 -5.010863659197808961e-02
2.087099999995481110e+10 1.675368252902169619e+00 -3.329743903442373698e-01
2.087099999994464874e+10 1.615830339157148243e+00 -6.432720406342470332e-01
2.087099999965740967e+10 1.501177466461371290e+00 -7.086941202757945923e-01
2.087099999977224731e+10 1.773411497524636893e+00 -5.962945074064146533e-01
2.087099999971208954e+10 1.640756690613227153e+00 -8.768592167419899663e-01
2.087099999982313919e+10 1.344925730111885098e+00 -8.860510575956319634e-01
2.087099999980346680e+10 1.425218530504286374e+00 -1.191171919424231174e+00
2.087100000001909256e+10 1.208219511142281544e+00 -1.111487536418696909e+00
2.087100000006180191e+10 9.302561012558947517e-01 -1.255865072526401116e+00
2.087100000011491394e+10 1.078617227013913826e+00 -9.818202376369763451e-01
