1.391400000000000000e+10 0.000000000000000000e+00 0.000000000000000000e+00
1.391400000002687073e+10 2.711563364801206633e-01 -1.246850293379024172e-01
1.391399999987540817e+10 4.268342996660347555e-01 8.175546670127502302e-02
1.391399999975284767e+10 5.847443892188693981e-01 -1.414874957379965159e-01
1.391399999999323845e+10 5.463521714452995726e-01 3.324791548552658016e-02
1.391399999982715225e+10 3.479073632041974617e-01 1.843419133404570476e-01
1.391399999976745796e+10 3.142122173977840438e-01 -1.073691985030010565e-01
1.391399999984411621e+10 2.473078606832301851e-02 -1.182427285465490474e-01
1.391399999980086136e+10 1.957358386931621064e-01 -3.604831072692126215e-01
1.391399999989976120e+10 2.702324492467944594e-01 -8.760392246238851710e-02
1.391400000007051849e+10 3.236299540671383479e-02 -1.512758077013261482e-01
1.391400000019318581e+10 1.995991428703923765e-01 -3.675600310969225348e-01
