5.565600000000000000e+10 0.000000000000000000e+00 0.000000000000000000e+00
5.565599999943601227e+10 -2.022215569662514090e-01 5.287266261484309116e-01
5.565599999980416870e+10 -4.327290529658605056e-01 1.199437433693177679e+00
5.565599999984578705e+10 -6.757860712813256177e-01 4.393618182914903469e-01
5.565599999950284576e+10 -1.339508817114344108e+00 7.228882552661626271e-01
5.565599999882793427e+10 -1.169660861688746500e+00 3.302411172707480080e-01
5.565599999865104675e+10 -1.917618902337344444e+00 5.488610175519682555e-01
5.565599999851354218e+10 -1.829723477192495062e+00 -2.333732411739425361e-01
5.565599999817929077e+10 -1.846032064176912346e+00 -9.590005632317543105e-01
5.565599999871207428e+10 -2.435065039611414406e+00 -1.046760698606262530e+00
5.565599999889027405e+10 -2.227102972734893882e+00 -2.960813076669125410e-01
5.565599999906896973e+10 -2.187966604133972037e+00 -1.073938029021315188e+00
5.565599999853868103e+10 -1.860314322697314227e+00 -1.573900005573656724e+00
5.565599999847160339e+10 -1.576021959993297195e+00 -8.301243187549498526e-01
5.565599999842660522e+10 -7.886122921113444262e-01 -9.585194855221808030e-01
5.565599999843750000e+10 -8.743845785530701686e-01 -1.641340706871320387e-01
5.565599999855366516e+10 -9.335123126013734618e-01 -9.525084539153109153e-01
5.565599999791255188e+10 -1.401174376043584857e+00 -1.046238454837792320e+00
5.565599999762919617e+10 -1.541606789011175538e+00 -1.780073601651031012e+00
5.565599999775543976e+10 -2.314396725391372645e+00 -1.939393861960057031e+00
5.565599999766130066e+10 -2.277993351571396818e+00 -2.732070600412580319e+00
5.565599999769418335e+10 -1.667322098691318422e+00 -2.217752476104140946e+00
5.565599999798638153e+10 -1.016159453102514210e+00 -2.577101099876152102e+00
5.565599999857135773e+10 -1.496589949212260295e+00 -2.833056376107413232e+00
5.565599999795001221e+10 -1.486630143846121133e+00 -3.335408701821987343e+00
5.565599999786719513e+10 -9.251081053932181941e-01 -2.772951552116744267e+00
5.565599999741312408e+10 -2.963505928878933382e-01 -2.965330153488095366e+00
5.565599999804993439e+10 -3.789545321347235762e-01 -3.440910457568982839e+00
5.565599999766306305e+10 2.322202893350736042e-01 -3.101325241276320366e+00
5.565599999768629456e+10 2.151526150448316022e-01 -2.302768507361522055e+00
5.565599999804718018e+10 1.350584235535767230e-01 -3.011196001195109773e+00
5.565599999745542908e+10 5.812642605687745601e-01 -2.712436206732201871e+00
5.565599999752784729e+10 4.678724894266819700e-01 -3.500104637731341839e+00
5.565599999811896515e+10 3.944031796597750605e-01 -2.967460190468474757e+00
5.565599999878288269e+10 7.257028232560404080e-01 -2.670854890897053746e+00
5.565599999873099518e+10 1.039129753580762650e+00 -3.404063690110699092e+00
5.565599999873009491e+10 1.109600983956286813e+00 -2.608100861587671293e+00
5.565599999938925934e+10 1.121984205252666067e+00 -3.059628938133909681e+00
5.565600000014986420e+10 1.329872954277466768e+00 -3.189179241526145070e+00
