6.957000000000000000e+09 0.000000000000000000e+00 0.000000000000000000e+00
6.956999999892062187e+09 -4.002571063674537771e-02 -2.667994125110078052e-01
6.956999999895867348e+09 -4.438856391421811681e-02 -5.573178817035522314e-01
6.956999999850334167e+09 4.732619142566277942e-02 -2.853810763781338133e-01
6.956999999912272453e+09 -2.333230328111236818e-01 -3.282078844977471821e-01
6.956999999974233627e+09 -4.893972508639452546e-01 -2.056466255316981573e-01
6.957000000023776054e+09 -7.748929588261803669e-01 -2.273772466037855544e-01
6.956999999737642288e+09 -8.115484261880168138e-01 -2.622813458152860600e-01
6.956999999709848404e+09 -7.205898289588663630e-01 1.228838360195716461e-02
6.956999999590404510e+09 -6.471138126932761692e-01 -2.422091243085493506e-01
6.956999999540845871e+09 -6.134968640612564750e-01 4.212934228698012040e-02
6.956999999582918167e+09 -5.670602914175693066e-01 3.258687039734217139e-01
6.956999999593954086e+09 -6.463293810275825280e-01 4.653177172806033379e-02
6.956999999533926964e+09 -6.273283205080055769e-01 -2.371409206942767245e-01
6.956999999533256531e+09 -3.380994885491098723e-01 -2.650824805807354134e-01
6.956999999677237511e+09 -4.806418321737592203e-01 -5.679049846453573802e-02
6.956999999474441528e+09 -2.767037519456221339e-01 -9.823476607186935883e-02
6.956999999222094536e+09 -3.475008279509674836e-01 2.723655094252545872e-02
6.956999999087692261e+09 -5.943296045101955638e-01 1.010337106152392611e-01
6.956999998868330956e+09 -4.096926549577160070e-01 5.387102253621570830e-02
6.956999999051352501e+09 -2.657705207437762729e-01 -1.199797843594711810e-01
6.956999999208184242e+09 -2.478097737167149206e-01 -3.639383371815583246e-01
6.956999999191863060e+09 -2.453956628408205110e-01 -7.383097659721282735e-02
6.956999999195967674e+09 -3.077836597564980736e-01 -3.576009286586612768e-01
6.956999999128811836e+09 -2.698836558239248173e-01 -6.377582537245585215e-01
6.956999998970906258e+09 -4.226291109695398673e-02 -7.254461515731656096e-01
6.956999999047819138e+09 2.364427183333817351e-01 -7.544638548721990245e-01
6.956999998781269073e+09 3.499447820202147841e-01 -7.320385999741420013e-01
6.956999998553041458e+09 2.990236747304853560e-01 -5.595463601594954373e-01
6.956999998839454651e+09 2.550263033139867908e-01 -5.811404327822087268e-01
6.956999998867310524e+09 2.531778838834902734e-01 -8.703724196901012622e-01
6.956999998998511314e+09 2.750190792580746169e-01 -6.120240413766051546e-01
6.956999998894252777e+09 2.362561061559404763e-01 -3.435801300789133594e-01
6.956999998820846558e+09 4.068755737548083173e-01 -5.670415789662239803e-01
6.956999998933048248e+09 4.171138850205013404e-01 -2.991974385819809457e-01
6.956999998695755959e+09 3.747922931338074637e-01 -4.614809048791981283e-01
6.956999998779742241e+09 1.027775202335283189e-01 -5.196944507003921077e-01
6.956999998588723183e+09 -6.556653760517833218e-02 -3.796717690047326510e-01
6.956999998855390549e+09 -1.176463806422616415e-01 -4.826809750595252302e-01
6.956999998700986862e+09 -5.277506158101992473e-02 -7.201379036045073567e-01
6.956999998725955963e+09 1.567709598798361359e-02 -1.001430161509858863e+00
6.956999998577957153e+09 -2.062012273054769362e-01 -8.861006660888628428e-01
6.956999998766210556e+09 -2.503902881529322944e-01 -1.102993655974890741e+00
6.956999998686504364e+09 -2.248594876217503424e-01 -1.381255333808708352e+00
6.956999998709182739e+09 -2.109052314474172685e-01 -1.091901829313566941e+00
6.956999998672974586e+09 2.793974816369557135e-02 -1.253384070494404368e+00
6.956999998744305611e+09 -9.990520770890079505e-02 -1.504386227360410500e+00
6.956999998454033852e+09 -1.102085241150789902e-01 -1.512776708499901090e+00
6.956999998422752380e+09 -5.329438828247085036e-02 -1.229551121939369551e+00
6.956999998436334610e+09 -7.924309876848596723e-02 -1.518647468446786331e+00
6.956999998395914078e+09 -3.964274840190329385e-02 -1.803660608195845505e+00
6.956999998213788033e+09 -1.793406943277494128e-02 -2.029034563769138266e+00
6.956999998096329689e+09 1.639796568427683288e-01 -1.835267918534004394e+00
6.956999997855370522e+09 3.072460161931749312e-01 -1.758796434477441162e+00
6.956999997754675865e+09 7.325234354228088440e-02 -1.619003285657442781e+00
6.956999997636740685e+09 2.198719249149545529e-01 -1.840426891284268507e+00
6.956999997919411659e+09 2.816613380441186365e-01 -1.813709554782052535e+00
6.956999998004892349e+09 1.978471686739114999e-01 -2.078478653293882594e+00
6.956999998042243004e+09 3.682411684110473704e-01 -2.310869124076357473e+00
6.956999998231425285e+09 4.497369138093559870e-01 -2.105922845405777455e+00
6.956999998130430222e+09 5.075335189558448645e-01 -1.839663462684249851e+00
6.956999998309843063e+09 4.070751714073034822e-01 -2.044976604730174063e+00
6.956999998292607307e+09 1.555150171073293452e-01 -1.900564256200398372e+00
6.956999998443264008e+09 1.666406142783906086e-01 -1.652343759112545829e+00
6.956999998511226654e+09 4.485299036364126524e-01 -1.671159631629507203e+00
6.956999998415513992e+09 3.916684994619004101e-01 -1.402756222566153621e+00
6.956999998304996490e+09 5.981407030878167497e-01 -1.574772526674969919e+00
6.956999998091621399e+09 5.805684054202012723e-01 -1.378311429075080419e+00
6.956999998095877647e+09 5.906562380545510305e-01 -1.087941628031495078e+00
6.956999998225152969e+09 8.331707714148699484e-01 -1.182329943142147233e+00
6.956999998365539551e+09 1.029695909208925064e+00 -1.020762391571189420e+00
6.956999998311122894e+09 1.111601176535225166e+00 -1.294193937834928976e+00
6.956999998223202705e+09 1.380920372732937773e+00 -1.229605521069745855e+00
6.956999998171689034e+09 1.519787333723159772e+00 -1.479599089769122244e+00
6.956999998459398270e+09 1.498969711858971987e+00 -1.444604233482441158e+00
6.956999998653384209e+09 1.391068618622469888e+00 -1.257090767907738327e+00
6.956999998738615990e+09 1.219996677366221416e+00 -1.475961403772697800e+00
6.956999998747824669e+09 1.144428414359761836e+00 -1.756388118625851869e+00
6.956999998818119049e+09 1.389406442176567502e+00 -1.616820968460411789e+00
6.956999998849403381e+09 1.416796845024631324e+00 -1.329235258088429239e+00
6.956999999028337479e+09 1.194743774853183282e+00 -1.273471594347469704e+00
6.956999998973764420e+09 9.316765796251815779e-01 -1.384159865864048600e+00
6.956999999237284660e+09 1.045873191348419828e+00 -1.428326901958016482e+00
6.956999999294605255e+09 1.159387427022742223e+00 -1.167054312867931820e+00
6.956999999057098389e+09 1.302597128535752713e+00 -1.080360256215038950e+00
6.956999998988236427e+09 1.035053142643353574e+00 -1.170431301546654979e+00
6.956999999060007095e+09 8.026156892816491695e-01 -1.329353582044921822e+00
6.956999998787003517e+09 7.063093994932668762e-01 -1.354422917085418732e+00
6.956999998839459419e+09 6.967705191544718568e-01 -1.068779958605200031e+00
6.956999998765117645e+09 6.137936627452367233e-01 -1.337150266985466907e+00
6.956999998707287788e+09 6.475548191757920513e-01 -1.619905332847581203e+00
6.956999998733143806e+09 6.708758899456686020e-01 -1.908387717996481658e+00
6.956999998737903595e+09 6.795323486611188901e-01 -1.617979547487438552e+00
6.956999998523145676e+09 7.696137760695570540e-01 -1.444200864540981177e+00
6.956999998554524422e+09 6.325290246676469330e-01 -1.189922144570257023e+00
6.956999998825144768e+09 6.815064289938567166e-01 -1.096113204921887130e+00
6.956999998732455254e+09 4.527516637149643364e-01 -9.427690029479378619e-01
6.956999998632885933e+09 2.678904192380007210e-01 -7.419041192202968649e-01
6.956999998835794449e+09 3.064889916267641290e-01 -9.462883298379094477e-01
6.956999998789600372e+09 4.017321221460204428e-01 -1.216897534791511859e+00
6.956999998598859787e+09 5.964393666293600349e-01 -1.317602351954269224e+00
6.956999998407005310e+09 5.428147001651284498e-01 -1.529146448225543020e+00
6.956999998403435707e+09 5.486152341309546987e-01 -1.819642767548039330e+00
6.956999998387260437e+09 4.500327122665515045e-01 -1.546779538645856045e+00
6.956999998513873100e+09 5.324484554177668638e-01 -1.794995837569081765e+00
6.956999998452436447e+09 5.685059929466799167e-01 -2.076704683967158349e+00
6.956999998472238541e+09 2.786740804850741382e-01 -2.070393485934955091e+00
6.956999998249789238e+09 3.824369252328344015e-01 -2.225905835151585688e+00
6.956999998119592667e+09 4.111027006616450596e-01 -2.484094994179149918e+00
6.956999998192959785e+09 1.540575879206129151e-01 -2.370167143701016332e+00
6.956999998040694237e+09 2.504861410848231440e-01 -2.598095225660664198e+00
6.956999997938282967e+09 3.479603801309681943e-01 -2.851955785879587424e+00
6.956999997934929848e+09 5.353874425681848237e-01 -2.629932472484099115e+00
6.956999998180606842e+09 4.253208538814107209e-01 -2.520559187557062764e+00
6.956999998115490913e+09 3.968839978024733539e-01 -2.238804335618114205e+00
6.956999998325694084e+09 5.560179188025418107e-01 -2.116634965746041264e+00
6.956999998172160149e+09 5.766659135157616856e-01 -2.362471183526735796e+00
6.956999998278020859e+09 7.358479480174043852e-01 -2.143635370293924147e+00
6.956999998277575493e+09 8.389572671878748888e-01 -1.871968721896029475e+00
6.956999998127556801e+09 8.075448093452003429e-01 -1.625104072741219152e+00
6.956999998043697357e+09 6.990279137454011860e-01 -1.881280084862096746e+00
6.956999998302164078e+09 8.192686469384842241e-01 -1.937597403182816480e+00
6.956999998317477226e+09 8.863286461871070498e-01 -1.655280278955628237e+00
6.956999998324859619e+09 8.069562686501136062e-01 -1.375852244697315596e+00
6.956999998483958244e+09 9.295309403804312698e-01 -1.165857981741129201e+00
6.956999998382056236e+09 1.121410793864473510e+00 -9.729005343840236852e-01
6.956999998333954811e+09 1.138891191829295879e+00 -6.868669153174253861e-01
6.956999998077724457e+09 1.248571424125987539e+00 -7.690294414897367314e-01
6.956999997884969711e+09 1.462304963983664052e+00 -7.290515579273871838e-01
6.956999997990425110e+09 1.256129091440760348e+00 -9.045657763903693915e-01
6.956999998104078293e+09 1.398125319656209120e+00 -6.779505133801100314e-01
6.956999998211054802e+09 1.524503195913729847e+00 -4.391637618341780458e-01
6.956999997936323166e+09 1.606105177670872575e+00 -4.871036795064304092e-01
6.956999997765874863e+09 1.378970241400384600e+00 -4.255279753465328052e-01
6.956999997765160561e+09 1.654492556397834324e+00 -3.332163181747423431e-01
6.956999997665684700e+09 1.872634519696407818e+00 -1.690424559527162196e-01
6.956999997870804787e+09 2.057526010291878649e+00 -7.862561190064552841e-02
6.956999997883149147e+09 2.004222592275271886e+00 2.067528536240332837e-01
6.956999997861632347e+09 2.000143398983260656e+00 4.965025370567476837e-01
6.956999997820002556e+09 1.717115176775911856e+00 4.455468080780390361e-01
6.956999997787813187e+09 1.690227687513292443e+00 1.580135499316513981e-01
6.956999997525197029e+09 1.569682454612333355e+00 1.886084925728961359e-01
6.956999997361532211e+09 1.743403962603873536e+00 3.543464371996090101e-01
6.956999997262479782e+09 1.479967940072456356e+00 2.820649489738443760e-01
6.956999997255956650e+09 1.466877143259773808e+00 -8.142870992154660481e-03
6.956999997375901222e+09 1.387949399870551659e+00 -2.607657379958464583e-01
6.956999997248527527e+09 1.335290041630750490e+00 -4.958188658278850358e-03
6.956999996993207932e+09 1.278559970731086626e+00 1.216435072677813645e-01
6.956999997242088318e+09 1.235163513925837453e+00 2.652046018708218433e-01
6.956999997409923553e+09 1.021169121760044707e+00 3.675383998628125592e-01
6.956999997565114975e+09 1.008155972639251496e+00 1.222209924751871124e-01
6.956999997378223419e+09 1.227330721130651003e+00 1.605401651967898469e-01
6.956999997414353371e+09 1.409738576418205547e+00 3.838258260607990136e-01
6.956999997413243294e+09 1.698810101915291915e+00 3.543144998823373748e-01
6.956999997394533157e+09 1.611489508085413025e+00 6.308276609767986542e-01
6.956999997137316704e+09 1.481191282082935157e+00 6.668359936604316696e-01
6.956999997318031311e+09 1.555075723734404614e+00 4.516204613667017531e-01
6.956999997061872482e+09 1.449355363868945812e+00 3.642115803708313448e-01
6.956999997289254189e+09 1.517525687344529972e+00 5.317973947640801669e-01
6.956999997246994019e+09 1.523372180158276468e+00 2.443702076110392252e-01
6.956999997196298599e+09 1.432092215227936061e+00 5.155389172723949809e-01
6.956999997016782761e+09 1.510608176888476040e+00 3.009604973366238334e-01
6.956999996903149605e+09 1.365010715760553772e+00 7.663185133415528760e-02
6.956999997110280037e+09 1.161221987866242866e+00 7.541062742815463071e-02
6.956999996880111694e+09 1.304503618205664628e+00 -2.912317343781851975e-02
6.956999997160372734e+09 1.255947588240970081e+00 -8.854136432101034071e-02
6.956999997100906372e+09 1.321386938679870893e+00 -3.653371433159338655e-01
6.956999997096130371e+09 1.381763949199011021e+00 -8.114300720771105979e-02
6.956999996842764854e+09 1.497202850805897656e+00 2.008141827473650110e-03
6.956999996831171989e+09 1.573349628862215299e+00 2.821898150647735304e-01
6.956999996850275040e+09 1.655956565163508420e+00 5.601208850348362578e-01
6.956999997038248062e+09 1.782001068611002825e+00 7.423664266848813975e-01
6.956999996844343185e+09 1.995358512530629680e+00 7.786151910218090944e-01
6.956999996845980644e+09 2.278353400464780965e+00 7.126931924384420913e-01
6.956999997010531425e+09 2.132498716209504153e+00 5.227352254623464090e-01
6.956999996917707443e+09 2.154760838173341853e+00 2.482856677151183966e-01
6.956999996962419510e+09 1.940692034522822462e+00 4.396228307728875517e-01
6.956999997002130508e+09 1.681346626026850366e+00 5.645127831730798462e-01
6.956999997077710152e+09 1.607907402783852469e+00 2.937196494328590535e-01
6.956999997275485039e+09 1.730726380554136190e+00 4.676021749295978802e-01
6.956999997402794838e+09 1.477573860464377109e+00 5.319496987914816843e-01
6.956999997219126701e+09 1.608316136035161437e+00 3.486278558126287841e-01
6.956999997278448105e+09 1.825461720868991167e+00 5.323756112458084555e-01
6.956999997097476959e+09 1.651584085268872126e+00 3.859157240733449568e-01
6.956999997308945656e+09 1.477171415355772011e+00 2.895020426775702926e-01
6.956999997400988579e+09 1.360667044451610241e+00 5.392805394385116191e-01
6.956999997560014725e+09 1.352287150953025874e+00 2.962270265278615922e-01
6.956999997424907684e+09 1.408502531282612935e+00 5.472657787277064312e-01
6.956999997434436798e+09 1.479600778330473210e+00 8.288483366974308542e-01
6.956999997655718803e+09 1.475498614254075580e+00 1.017134808484890351e+00
6.956999997528813362e+09 1.492752874609317493e+00 7.563057702453064302e-01
6.956999997795724869e+09 1.581891310728253286e+00 6.838700483420442344e-01
6.956999997552330017e+09 1.489173340601633200e+00 5.550407959925258705e-01
6.956999997566328049e+09 1.482431972902383599e+00 8.452012960445027812e-01
6.956999997681606293e+09 1.540445699785538469e+00 5.848556804357543104e-01
6.956999997681639671e+09 1.628874446683104216e+00 8.616495627474044516e-01
6.956999997710915565e+09 1.374735197240471329e+00 9.994562053371618404e-01
6.956999997685144424e+09 1.547178049392662125e+00 7.670044943138928373e-01
6.956999997528173447e+09 1.367398977421839135e+00 6.012515367159798618e-01
6.956999997397853851e+09 1.527252109358130161e+00 3.965606799493207602e-01
6.956999997455970764e+09 1.362915960575168395e+00 6.290483515933101843e-01
6.956999997588191032e+09 1.377209643365063574e+00 3.706922268981721613e-01
6.956999997644324303e+09 1.484979362153565852e+00 1.067428181809149113e-01
6.956999997852982521e+09 1.435387011889220243e+00 -8.930984163120736508e-02
6.956999997832877159e+09 1.171246203983439038e+00 3.010495984922552382e-02
6.956999997837705612e+09 1.145178960080216690e+00 3.194692301234815512e-01
6.956999998029805183e+09 1.330827501702514404e+00 4.337793693949069662e-01
6.956999998116621017e+09 1.607568965864941024e+00 4.161272368090146445e-01
6.956999998181960106e+09 1.607528624069199052e+00 6.992619236243544645e-01
6.956999998190038681e+09 1.597934776954218039e+00 9.895672734461140596e-01
6.956999998480371475e+09 1.600485139865385653e+00 9.779444388829512391e-01
6.956999998227488518e+09 1.472007872711661003e+00 9.148699781730564862e-01
6.956999998224742889e+09 1.471895942129003654e+00 1.205433132214227765e+00
6.956999998266071320e+09 1.345002891538583434e+00 9.473156236773324634e-01
6.956999998174345970e+09 1.266385838152107590e+00 1.211588780138129540e+00
6.956999997970534325e+09 1.253047450587098766e+00 1.004906446816897336e+00
6.956999997907709122e+09 1.277487088786916747e+00 7.222579454097273199e-01
6.956999998089291573e+09 1.086782362257520118e+00 8.451158743989606315e-01
6.956999998300809860e+09 1.255074166922929724e+00 9.517576246624693814e-01
6.956999998205653191e+09 1.218617490745421472e+00 1.223880143780889940e+00
6.956999998287336349e+09 1.129354890022569613e+00 1.488066808346127257e+00
6.956999998541953087e+09 1.175487478834315924e+00 1.355867424832610801e+00
6.956999998384348869e+09 9.364488710691317719e-01 1.306309921883041625e+00
6.956999998198008537e+09 7.208869165703999382e-01 1.363273875692163184e+00
6.956999998204315186e+09 7.333956058872734829e-01 1.653512146816687345e+00
6.956999998106082916e+09 4.608494426766577279e-01 1.675952697698805505e+00
6.956999998110187531e+09 4.631337553641008964e-01 1.385414520714620457e+00
6.956999997980183601e+09 3.572687902604787524e-01 1.622745817727748507e+00
6.956999997987861633e+09 3.593168102742070324e-01 1.332278355491292476e+00
6.956999998221055031e+09 3.931177617882884445e-01 1.502316500541862609e+00
6.956999998197976112e+09 1.506132638535170321e-01 1.343907491236161489e+00
6.956999998352540970e+09 -1.152943600271294500e-02 1.528985542153669774e+00
6.956999998231762886e+09 -1.606422563051564459e-02 1.264738255946956880e+00
6.956999998123124123e+09 -1.504959612192613427e-01 1.498319505352148306e+00
6.956999997991793633e+09 -3.632202796125060251e-01 1.350214265472003294e+00
6.956999997800959587e+09 -4.216062473716314929e-01 1.561420366561480089e+00
6.956999998025765419e+09 -3.819017646529981325e-01 1.381642125376527197e+00
6.956999998113097191e+09 -1.675355811485381985e-01 1.557297625572098054e+00
6.956999998105411530e+09 -2.470234262475365927e-01 1.277910591542765539e+00
6.956999997942823410e+09 -1.277859804246197217e-01 1.068668928013068342e+00
6.956999997891477585e+09 1.464373255540164787e-01 1.149907194983642578e+00
6.956999997701574326e+09 1.702531659444785905e-01 9.312659800480229677e-01
6.956999997697183609e+09 2.643529592413104146e-01 1.206148594163625853e+00
6.956999997682762146e+09 -2.387421625182750695e-02 1.172213008214900487e+00
6.956999997676712990e+09 -8.118203075548788283e-02 1.457017715646149458e+00
6.956999997606127739e+09 2.003453982145929901e-01 1.443071838168051180e+00
6.956999997838090897e+09 1.771160379075412128e-01 1.616530652119898104e+00
6.956999997748773575e+09 1.135392921802870075e-01 1.885630827313687918e+00
6.956999997819032669e+09 -1.993913118227243209e-02 2.133988674783517059e+00
6.956999997959336281e+09 8.978885870076280806e-02 2.363573503325328673e+00
6.956999997770649910e+09 2.976861207696190892e-01 2.438477837227589262e+00
6.956999997799530029e+09 2.513868061876431970e-01 2.723884230780606153e+00
6.956999997646045685e+09 4.559735029152985897e-01 2.861802580440859334e+00
6.956999997664949417e+09 6.636201168572264386e-01 3.064188385886733368e+00
6.956999997387931824e+09 5.925410714510870314e-01 3.115601849278740954e+00
6.956999997447113037e+09 5.089254886675774747e-01 2.843681796276053664e+00
6.956999997642349243e+09 6.598530098877848360e-01 2.997103055505397684e+00
6.956999997870866776e+09 6.234422566427206824e-01 3.172853854167247967e+00
6.956999997872853279e+09 3.768864478309990607e-01 3.326609451341927315e+00
6.956999997970872879e+09 5.961361342657283124e-01 3.490182688731179539e+00
6.956999998230721474e+09 5.686677111551737829e-01 3.363066374848143525e+00
6.956999998117363930e+09 7.654228410316148423e-01 3.181759908443652307e+00
6.956999998130225182e+09 8.064679234951007691e-01 3.469134908247857307e+00
6.956999998152984619e+09 8.228894177602475990e-01 3.179917295577137093e+00
6.956999998033210754e+09 9.987027878987491114e-01 3.377852865472509958e+00
6.956999998055648804e+09 1.106096311445007307e+00 3.108784751060617246e+00
6.956999998284484863e+09 1.248041406764698769e+00 3.217963744645035984e+00
6.956999998357829094e+09 1.517082776755620088e+00 3.136282265454421569e+00
6.956999998247506142e+09 1.447530776431514621e+00 3.395947112584375649e+00
6.956999998309128761e+09 1.331863198518761893e+00 3.655288796036495924e+00
6.956999998576029778e+09 1.248545297460808889e+00 3.576191194248777627e+00
6.956999998335232735e+09 1.409511956532696564e+00 3.552931382473310862e+00
6.956999998344640732e+09 1.359972718176616802e+00 3.839098898669679016e+00
6.956999998577185631e+09 1.433858052392008586e+00 3.681307156037496586e+00
6.956999998603606224e+09 1.365997010008301649e+00 3.400004212884248034e+00
6.956999998657534599e+09 1.413148772659237107e+00 3.681612008359893995e+00
6.956999998667450905e+09 1.159596159443835095e+00 3.540023709664323892e+00
6.956999998916608810e+09 1.206539300388043801e+00 3.681979383053579191e+00
6.956999998900272369e+09 1.215546652455981480e+00 3.971956056921414291e+00
6.956999999159955025e+09 1.108189044477043028e+00 4.045941417014121910e+00
6.956999999081904411e+09 1.294972039624078253e+00 3.837483637591699193e+00
6.956999999240576744e+09 1.336791080601263504e+00 3.597673566889959762e+00
6.956999999395041466e+09 1.565308919572294233e+00 3.689078146006318004e+00
6.956999999295232773e+09 1.438117961395810829e+00 3.930522255712700641e+00
6.956999999333391190e+09 1.386883964868695251e+00 3.647055298003240242e+00
6.956999999204372406e+09 1.157944456255512788e+00 3.523057913440409195e+00
6.956999999109385490e+09 9.968244570252458026e-01 3.745436705488474516e+00
6.956999999155702591e+09 1.237496115923531148e+00 3.901533968036185129e+00
6.956999999193769455e+09 1.188697456099322203e+00 3.617625289584631698e+00
6.956999998979948044e+09 1.003299273143161585e+00 3.683522088657290361e+00
6.956999998703824043e+09 9.683159815309582141e-01 3.600057968513424189e+00
6.956999998864372253e+09 7.440807510675014891e-01 3.508529789147149636e+00
6.956999999144089699e+09 7.842488341780263772e-01 3.576198760647118835e+00
6.956999999049103737e+09 6.841093893104859269e-01 3.831902114777423041e+00
6.956999999096789360e+09 6.819171278610028919e-01 4.118530326078936099e+00
6.956999999348701477e+09 8.171343977068586950e-01 4.066654970641294220e+00
6.956999999088555336e+09 7.505853786613347900e-01 3.955616204566710259e+00
6.956999998929023743e+09 5.366450921688479259e-01 3.840665697617209329e+00
6.956999999207830429e+09 4.724073314871977125e-01 3.789922056368833392e+00
6.956999998925432205e+09 4.846262457370931198e-01 3.857276711631234090e+00
6.956999998999979973e+09 2.197054152745240296e-01 3.950518658486243950e+00
6.956999999129544258e+09 3.384830763358550598e-01 3.719132631104357767e+00
6.956999999102328300e+09 3.083235246466479174e-01 4.006855037006793019e+00
6.956999999258437157e+09 8.066572433363791705e-02 4.097609470314911739e+00
6.956999999405492783e+09 -1.360229984657658486e-01 3.971692455454859605e+00
6.956999999195663452e+09 1.288734730568244502e-02 3.836666703890522001e+00
6.956999999389149666e+09 -4.610424797282807602e-02 3.628057699054078711e+00
6.956999999416640282e+09 -6.110429207711851052e-02 3.916941387290759025e+00
6.956999999240852356e+09 -1.648217543316614631e-01 4.123764566801008336e+00
6.956999999034253120e+09 -3.504943302217717327e-01 4.209069165065030482e+00
6.956999998936707497e+09 -2.577789004701793729e-01 4.466602245638055635e+00
6.956999999090858459e+09 -4.927739128388657353e-01 4.540421785569797919e+00
6.956999998831235886e+09 -5.615849183844608961e-01 4.651307367948148475e+00
6.956999999107146263e+09 -4.760640145785389188e-01 4.619779892803857813e+00
6.956999998949027061e+09 -2.418403584278802643e-01 4.687396365482545235e+00
6.956999998928602219e+09 -5.303953835733213884e-01 4.714843259694377231e+00
6.956999998763178825e+09 -5.164020290245836531e-01 4.953325323182246720e+00
6.956999998747745514e+09 -5.198711366698258729e-01 4.663180057092540132e+00
6.956999998792829514e+09 -4.719572625469030669e-01 4.380149746917489928e+00
6.956999998634991646e+09 -5.777265967283281567e-01 4.600001078493226814e+00
6.956999998553455353e+09 -8.482460590002509626e-01 4.667865312192008176e+00
6.956999998276043892e+09 -8.671113806866954654e-01 4.752255615423498725e+00
6.956999998208901405e+09 -8.815892025977715152e-01 5.034597190298540248e+00
6.956999998223230362e+09 -8.437765620317614346e-01 5.322345992330604680e+00
6.956999998189448357e+09 -1.132091158640214257e+00 5.309384615561186571e+00
6.956999998390702248e+09 -1.079523754508843414e+00 5.106485388082085741e+00
6.956999998379386902e+09 -7.968826351132103358e-01 5.039998884841907056e+00
6.956999998267532349e+09 -8.644076249368791709e-01 5.299543459198879702e+00
6.956999998413023949e+09 -1.106122487723236958e+00 5.229968969798738598e+00
6.956999998396224022e+09 -1.081037392129052810e+00 4.940965523234407186e+00
6.956999998407481194e+09 -1.089976265245832687e+00 4.650745155831498501e+00
6.956999998274103165e+09 -8.385770428703827051e-01 4.592066097168267191e+00
6.956999998411054611e+09 -7.516186163933751274e-01 4.350991168693601807e+00
6.956999998547238350e+09 -9.975994133349552762e-01 4.424352285336719426e+00
6.956999998553270340e+09 -9.853119982384531683e-01 4.714605844410637125e+00
6.956999998462803841e+09 -1.258907858750767605e+00 4.751964845617117739e+00
6.956999998433400154e+09 -9.698659925677763916e-01 4.756938552628912298e+00
6.956999998435743332e+09 -7.085878855887111083e-01 4.629805720828001014e+00
6.956999998401086807e+09 -7.163500681475033494e-01 4.341408084454096539e+00
6.956999998517976761e+09 -7.284797714898222365e-01 4.075656242865780321e+00
6.956999998454003334e+09 -5.627053868646678669e-01 4.305570902194280514e+00
6.956999998443629265e+09 -3.228815901844591107e-01 4.141828960096667345e+00
6.956999998367889404e+09 -1.554119506316966326e-01 3.916769286971252484e+00
6.956999998367070198e+09 3.455147797740526494e-02 4.136650442063147359e+00
6.956999998622499466e+09 3.586566123900279679e-02 4.275173780975035420e+00
6.956999998646819115e+09 1.701926942385758035e-01 4.531687537960334744e+00
6.956999998469379425e+09 1.994992853659525167e-01 4.759921518672713958e+00
6.956999998388823509e+09 2.735702365725393714e-01 5.029103238586699831e+00
6.956999998308541298e+09 5.426622250749163490e-02 5.202004971118158849e+00
6.956999998155694008e+09 2.673434379319234999e-01 5.327186073118471477e+00
6.956999998020394325e+09 4.319425781015666654e-01 5.524760385176726629e+00
6.956999998177079201e+09 4.989583368144799858e-01 5.760118131367064187e+00
6.956999998205975533e+09 3.453403983926484067e-01 5.515167082597514536e+00
6.956999998191883087e+09 3.845968662758171841e-01 5.227599984491790863e+00
6.956999998450524330e+09 2.646581591199697048e-01 5.171440121532467238e+00
6.956999998402819633e+09 1.384917466653180218e-01 4.914067304146588988e+00
6.956999998400039673e+09 2.354800286760765360e-01 4.640169436494814725e+00
6.956999998578036308e+09 1.494091419806533039e-01 4.853109205453625563e+00
6.956999998503673553e+09 2.690154207292471122e-01 4.598945731222404021e+00
6.956999998282386780e+09 3.063781996170111821e-01 4.414363397185205429e+00
6.956999998069177628e+09 4.386769177196191416e-01 4.560901934805696278e+00
6.956999998278650284e+09 6.092892245248168193e-01 4.667893595215534930e+00
6.956999998278843880e+09 5.879008262286173903e-01 4.957681442741225020e+00
6.956999998160728455e+09 3.277808317060607601e-01 4.904569841002110131e+00
6.956999998151313782e+09 3.574752076818663027e-01 4.615668286293272971e+00
6.956999998049689293e+09 6.127242779996152633e-01 4.521037994635748625e+00
6.956999997942220688e+09 4.963481334858896865e-01 4.277436550514334357e+00
6.956999998000697136e+09 5.847682384505137332e-01 4.006887389861969240e+00
6.956999998251069069e+09 6.978349124389612301e-01 4.101567100210073313e+00
6.956999998323543549e+09 7.037149259689801095e-01 4.382898489248827190e+00
6.956999998592402458e+09 5.941567837806723817e-01 4.394999129336502719e+00
6.956999998624464989e+09 8.796291784480407827e-01 4.438725451126956933e+00
6.956999998547106743e+09 9.036951818534365577e-01 4.717779370964499286e+00
6.956999998685194016e+09 1.135084667636344857e+00 4.826523926647001694e+00
6.956999998595549583e+09 9.222841791082616592e-01 4.650131442377670510e+00
6.956999998660688400e+09 7.236624522702133078e-01 4.448287829879603805e+00
6.956999998499406815e+09 6.418021337993169428e-01 4.675711510222622103e+00
6.956999998502745628e+09 7.225932130719916469e-01 4.954810325190319276e+00
6.956999998432404518e+09 9.245695197894312489e-01 4.758107119566577836e+00
6.956999998337016106e+09 9.067640761160202789e-01 5.032002218707714469e+00
6.956999998366944313e+09 1.008927018430430200e+00 5.302375160251332709e+00
6.956999998519184113e+09 1.235134227938220031e+00 5.201937351915352004e+00
6.956999998256648064e+09 1.161490233189212962e+00 5.302366037798252663e+00
6.956999998229525566e+09 1.251658614805261305e+00 5.027468741623356330e+00
6.956999998248907089e+09 1.278108558260062866e+00 4.738748745086530434e+00
6.956999998268395424e+09 1.217445791038428204e+00 5.022253090781529927e+00
6.956999998223566055e+09 1.210088647817568974e+00 5.309256095116379193e+00
6.956999998259222984e+09 9.565656603192653762e-01 5.171818108699747008e+00
6.956999998329948425e+09 1.196073217965597513e+00 5.023263374828162320e+00
6.956999998216692924e+09 1.414761387802400794e+00 5.177481590164288328e+00
6.956999998217580795e+09 1.459821042194801466e+00 4.890421774696145363e+00
6.956999998194322586e+09 1.386936309481674678e+00 4.610098099532581095e+00
6.956999998323327065e+09 1.142544012788911045e+00 4.699901950940602369e+00
6.956999998180130959e+09 9.069584954896096063e-01 4.791710924156920015e+00
6.956999998184506416e+09 1.110106974601135832e+00 4.583994664067381208e+00
6.956999998011263847e+09 9.919414187417394668e-01 4.382851903598183441e+00
6.956999998053726196e+09 1.004366369053599772e+00 4.670040063179558665e+00
6.956999998061363220e+09 1.007568093676135312e+00 4.379581931476067780e+00
6.956999997949954987e+09 8.365087421155078529e-01 4.172793547778625545e+00
6.956999997779956818e+09 9.385069609911433908e-01 4.385235490798846669e+00
6.956999997788634300e+09 7.758307026843236365e-01 4.625850611552306368e+00
6.956999997648120880e+09 9.996216540706894804e-01 4.746714865430234020e+00
6.956999997501700401e+09 8.730983484321332977e-01 4.963480573796197781e+00
6.956999997349575043e+09 9.273001041792079402e-01 5.205047468180285186e+00
6.956999997320506096e+09 1.195429169261167157e+00 5.096897976466480351e+00
6.956999997523959160e+09 1.374189149693729739e+00 5.202189003155492486e+00
6.956999997654592514e+09 1.605590014422016321e+00 5.084617550642515305e+00
6.956999997535085678e+09 1.619299830957936948e+00 5.349126031861856312e+00
6.956999997262890816e+09 1.553025815053873382e+00 5.426277425734971516e+00
6.956999997164655685e+09 1.444131998281267482e+00 5.175425913925194799e+00
6.956999997141511917e+09 1.383251260297723606e+00 5.458608560269646581e+00
6.956999997001723289e+09 1.305238733637742010e+00 5.701111598558473936e+00
6.956999997182485580e+09 1.079221359055881013e+00 5.727103831218586016e+00
6.956999997173180580e+09 1.125030981177797429e+00 5.440312283582881214e+00
6.956999996893022537e+09 1.108007611954741733e+00 5.515518993912007062e+00
6.956999996751819611e+09 1.077846537968949026e+00 5.263355012116789133e+00
6.956999996888515472e+09 9.163754491628683940e-01 5.064167228613134952e+00
6.956999997154728889e+09 9.045479339236587313e-01 4.948300021069079513e+00
6.956999997009101868e+09 6.672748460311783703e-01 5.031539596109090517e+00
6.956999997155924797e+09 6.282870565052602885e-01 4.783835249321728433e+00
6.956999996972971916e+09 8.023203592859102784e-01 4.640047199068101591e+00
6.956999997049715996e+09 7.376466616379858676e-01 4.367352835803478328e+00
6.956999996852860451e+09 6.904592870519966619e-01 4.158892030513404059e+00
6.956999996718930244e+09 5.692630529155364716e-01 4.386507244011952800e+00
6.956999996608297348e+09 3.375446230796935176e-01 4.250487191981797253e+00
6.956999996699953079e+09 7.151923014334576889e-02 4.323041543716766633e+00
6.956999996861555099e+09 3.011425432895409315e-01 4.397823467470328040e+00
6.956999997106225967e+09 4.242078022961413009e-01 4.494907905260911996e+00
6.956999997108435631e+09 6.464940603573234856e-01 4.307775777408019202e+00
6.956999997319659233e+09 7.227040846597045931e-01 4.123354514018940264e+00
6.956999997285170555e+09 8.717721492631972380e-01 3.876324734188903776e+00
6.956999997035100937e+09 8.586277036243321614e-01 3.728923838021928283e+00
6.956999996933705330e+09 8.644567415687122169e-01 3.456674796878517419e+00
6.956999997211076736e+09 9.324765953709830413e-01 3.510272113212468348e+00
6.956999997053248405e+09 1.070012434495429376e+00 3.308756070643752878e+00
6.956999996982107162e+09 1.124482827159724252e+00 3.032339047332170967e+00
6.956999997036478043e+09 1.391607609740624252e+00 3.132950678937352240e+00
6.956999996833441734e+09 1.375109005760411174e+00 2.925734328837635623e+00
6.956999996819158554e+09 1.438918681029643043e+00 2.642611012185068997e+00
6.956999996929361343e+09 1.601956775212400652e+00 2.428815584390303428e+00
6.956999996798362732e+09 1.514085081131821164e+00 2.184781694499136062e+00
6.956999996634486198e+09 1.745740752062551415e+00 2.247347564545380649e+00
6.956999996670079231e+09 1.600412741164455976e+00 1.998254406307141462e+00
6.956999996943884850e+09 1.552512620547497058e+00 1.913575213268966291e+00
6.956999997142659187e+09 1.415754075318781835e+00 2.075501718821294972e+00
6.956999997117327690e+09 1.400346405397249860e+00 2.364561269122660292e+00
6.956999997006876945e+09 1.131581547933499854e+00 2.363837045919584767e+00
6.956999997156518936e+09 8.838938788442705086e-01 2.390154080557939320e+00
6.956999997353421211e+09 6.985292738393871215e-01 2.496474366837015513e+00
6.956999997565844536e+09 5.237443368585162906e-01 2.590074635379998824e+00
6.956999997819940567e+09 5.490540333223097313e-01 2.451405577189339269e+00
6.956999997802038193e+09 5.458502892771934789e-01 2.741412030670735689e+00
6.956999997801713943e+09 5.245814730600598663e-01 3.031208563023444658e+00
6.956999997762704849e+09 5.627749123584756541e-01 3.316610153745194189e+00
6.956999998020310402e+09 4.414817648323940413e-01 3.374593395671139806e+00
6.956999997835880280e+09 6.596617480666024935e-01 3.321512057017053099e+00
6.956999997817861557e+09 7.457967189740166702e-01 3.044581395794426104e+00
6.956999998041279793e+09 8.575814614562194960e-01 2.896180462160855118e+00
6.956999998125967026e+09 8.616236957155882781e-01 2.618248437710395837e+00
6.956999997921592712e+09 7.854382446961248876e-01 2.810241652612103458e+00
6.956999997774371147e+09 8.321812007160075408e-01 2.564120935451363437e+00
6.956999997779819489e+09 8.396337993385737386e-01 2.854550405084884890e+00
6.956999997796480179e+09 1.129729184018347876e+00 2.855807216184354846e+00
6.956999997549429893e+09 1.264570867362074802e+00 2.783569091053450517e+00
6.956999997662045479e+09 1.333547688523020636e+00 2.524736415985174620e+00
6.956999997664433479e+09 1.318222198278575341e+00 2.814898312572339911e+00
6.956999997864111900e+09 1.118418921035959634e+00 2.746767652133514925e+00
6.956999998144973755e+09 1.115624830179914984e+00 2.672315442811442399e+00
6.956999998330233574e+09 1.015268382741649322e+00 2.472210521728868571e+00
6.956999998368757248e+09 9.129966195903554960e-01 2.202969158340895461e+00
6.956999998148800850e+09 7.366689202565825934e-01 2.132524875169083511e+00
6.956999998191377640e+09 7.358556934920991166e-01 1.845086046205758112e+00
6.956999998072001457e+09 6.932215881442478356e-01 1.583616987305237478e+00
6.956999998055404663e+09 8.087360421837904711e-01 1.849728715952664748e+00
6.956999998104384422e+09 7.807769423120142216e-01 2.134779136886067796e+00
6.956999997995025635e+09 7.814385112375851206e-01 2.403990264249096231e+00
6.956999997825600624e+09 9.700396705266866038e-01 2.262006781783853171e+00
6.956999997681578636e+09 1.206564431404676174e+00 2.173982149500925054e+00
6.956999997614052773e+09 1.488134801920807604e+00 2.198331066684534818e+00
6.956999997740556717e+09 1.257626446625058181e+00 2.322012545132276617e+00
6.956999997646955490e+09 1.126559833823661094e+00 2.563869629597296473e+00
6.956999997762148857e+09 1.259965305026224502e+00 2.794884839036161139e+00
6.956999997894314766e+09 1.465680860996045443e+00 2.637889040240546823e+00
6.956999997616864204e+09 1.551962141165416531e+00 2.634518438358518289e+00
6.956999997620772362e+09 1.555196677130327609e+00 2.925050300825123628e+00
6.956999997620811462e+09 1.822174639277367225e+00 3.039755418008085464e+00
6.956999997657531738e+09 2.095891739797437481e+00 3.130116356753961160e+00
6.956999997689540863e+09 1.836959858617521757e+00 3.258038937121828127e+00
6.956999997634074211e+09 1.941639244469688386e+00 2.992708544055147968e+00
6.956999997640879631e+09 1.748481577198183423e+00 3.209683884280746913e+00
6.956999997647271156e+09 1.749114443027024013e+00 2.919178733963053496e+00
6.956999997857965469e+09 1.856136538421472526e+00 3.088260707417307849e+00
6.956999997587512970e+09 1.786362536198859541e+00 3.168395532036134554e+00
6.956999997461088181e+09 1.779205751280497960e+00 3.429929356322819700e+00
6.956999997741689682e+09 1.727191478018717863e+00 3.375231245680597958e+00
6.956999997692414284e+09 1.812489651442562577e+00 3.101862163728780430e+00
6.956999997588699341e+09 1.549747243201841540e+00 3.033714470424916598e+00
6.956999997604216576e+09 1.279377700887392111e+00 2.928386268598912157e+00
6.956999997750241280e+09 1.028934729648131041e+00 2.948126505985094514e+00
6.956999997755569458e+09 1.024748156077640582e+00 2.657629373968042330e+00
6.956999997846881866e+09 1.001897779993030868e+00 2.382721411225362296e+00
6.956999997847464561e+09 7.568307595522874021e-01 2.538850566401016806e+00
6.956999997754358292e+09 9.983408207550364954e-01 2.406795450009467707e+00
6.956999997751817703e+09 7.870027078444479240e-01 2.207385710616171615e+00
6.956999997795282364e+09 1.064304898532582921e+00 2.132227309079294031e+00
6.956999997888226509e+09 8.628476543060112913e-01 1.944581676510930501e+00
6.956999997881191254e+09 8.791623988711129156e-01 2.234614136631137171e+00
6.956999997821542740e+09 1.162604431041553976e+00 2.257791989918596531e+00
6.956999997973614693e+09 9.817165511257852639e-01 2.088711192497242131e+00
6.956999997857331276e+09 1.235876821612322596e+00 2.168178876202921046e+00
6.956999998081586838e+09 1.399407866799580846e+00 2.254211868124579521e+00
6.956999998100036621e+09 1.362821337311765024e+00 1.966539286436832512e+00
6.956999998149953842e+09 1.498992208971901441e+00 2.218333294547116363e+00
6.956999998266279221e+09 1.609743805145526618e+00 2.460483859414394292e+00
6.956999998075304985e+09 1.537951532593910153e+00 2.253580321904933292e+00
6.956999998206579208e+09 1.697179123408498524e+00 2.458148364229589600e+00
6.956999998228388786e+09 1.619595565605296716e+00 2.178971625140562196e+00
6.956999998351157188e+09 1.665145460464645621e+00 2.438370134197435757e+00
6.956999998322389603e+09 1.569818720340056206e+00 2.165387057619124977e+00
6.956999998457766533e+09 1.644787187166738995e+00 2.411328771423050910e+00
6.956999998534404755e+09 1.920774540306277256e+00 2.362420371573595190e+00
6.956999998403535843e+09 2.177357755227672165e+00 2.400798984475669418e+00
6.956999998267514229e+09 1.961449366219218504e+00 2.539781254558145296e+00
6.956999998515487671e+09 2.111690816599158360e+00 2.559049681884970617e+00
6.956999998311041832e+09 2.095603389663165395e+00 2.764907536301059565e+00
6.956999998134138107e+09 2.214173180472488678e+00 2.567218894950333397e+00
6.956999998340229034e+09 2.418833821087455149e+00 2.558546241909543717e+00
6.956999998536270142e+09 2.452515563881551230e+00 2.770366570283335772e+00
6.956999998570585251e+09 2.464984488402121254e+00 3.058639894536350656e+00
6.956999998300092697e+09 2.363016252730431255e+00 3.029129953388476792e+00
6.956999998298763275e+09 2.356494913178775352e+00 3.319629872870058396e+00
6.956999998271570206e+09 2.419649219906826243e+00 3.601953347673795047e+00
6.956999998411746979e+09 2.331645471687841642e+00 3.363122118352837031e+00
6.956999998423595428e+09 2.041467853438499791e+00 3.353579535396027378e+00
6.956999998437401772e+09 2.029618582709967534e+00 3.063573560344923674e+00
6.956999998428027153e+09 2.002946800014889561e+00 2.774376011894052585e+00
6.956999998679647446e+09 2.148272384788153744e+00 2.775895044172811854e+00
6.956999998730829239e+09 2.423641149321262844e+00 2.698519753101749963e+00
6.956999998664525032e+09 2.696663528686654487e+00 2.624377500300885124e+00
6.956999998391139030e+09 2.616572295010970439e+00 2.681648960482318600e+00
6.956999998191675186e+09 2.417852540209202594e+00 2.753475103079738417e+00
6.956999998234945297e+09 2.360552303189245471e+00 2.471910059650692215e+00
6.956999998325405121e+09 2.605413066727303661e+00 2.344258948086433758e+00
6.956999998541171074e+09 2.454790172714800267e+00 2.467516695175270058e+00
6.956999998590996742e+09 2.308454311378115520e+00 2.221472526544472359e+00
6.956999998668466568e+09 2.182122162763279860e+00 1.971526424355768636e+00
6.956999998846523285e+09 2.019155754889252918e+00 1.809747494874695661e+00
6.956999998930580139e+09 1.749158683035093587e+00 1.876609828207175479e+00
6.956999998876154900e+09 2.027585859895334686e+00 1.939464575685408088e+00
6.956999998708752632e+09 2.260364789231694260e+00 1.892294861381769389e+00
6.956999998491717339e+09 2.075996096216901954e+00 1.950074818840147772e+00
6.956999998713973045e+09 1.889372939681310815e+00 1.964526396597277680e+00
6.956999998822843552e+09 2.028629919299925977e+00 1.733898733525120139e+00
6.956999998688187599e+09 2.269574751531415302e+00 1.643081483664785791e+00
6.956999998828834534e+09 2.047214491952028759e+00 1.519757193213940649e+00
6.956999999034790039e+09 2.029177727721337199e+00 1.315572218552360395e+00
6.956999998813074112e+09 2.005675108244302063e+00 1.501916294196273816e+00
6.956999998853563309e+09 2.070384595452862353e+00 1.221545482302526686e+00
6.956999998935126305e+09 1.877459420543305058e+00 1.422945311397917578e+00
6.956999998923986435e+09 1.882458112158450492e+00 1.713264806002536611e+00
6.956999999168679237e+09 2.010779863908708442e+00 1.623301451008984042e+00
6.956999998914675713e+09 1.870357224675808450e+00 1.609225883507282795e+00
6.956999998912252426e+09 1.845033688411491957e+00 1.898686315770969024e+00
6.956999998914804459e+09 1.790117333498861596e+00 1.613358119199095331e+00
6.956999999031562805e+09 1.651375626003796837e+00 1.840410272584209750e+00
6.956999999001609802e+09 1.369347381270627828e+00 1.903634925704853265e+00
6.956999998801981926e+09 1.447360784379059240e+00 1.707428137907518906e+00
6.956999998585525513e+09 1.465271681365255096e+00 1.900457062451385459e+00
6.956999998510114670e+09 1.744288423980191016e+00 1.870501744056683568e+00
6.956999998675601959e+09 1.948351136053824151e+00 1.746377259433487872e+00
6.956999998807828903e+09 1.771048963247783936e+00 1.557924325493062812e+00
6.956999998969058990e+09 1.860218233123009490e+00 1.782620088272123704e+00
6.956999998919555664e+09 1.938083698565811419e+00 1.507082628291711135e+00
6.956999998776662827e+09 1.973661297401746229e+00 1.757583060348499426e+00
6.956999998807046890e+09 1.999911330738035620e+00 2.045371573854649849e+00
6.956999998653659821e+09 2.036180724329415881e+00 1.801257742615212987e+00
6.956999998770768166e+09 2.031367995631029544e+00 2.067146802725644328e+00
6.956999998556179047e+09 1.837277896195242288e+00 2.093883835058621745e+00
6.956999998812201500e+09 1.732408412173300549e+00 2.005062623661101107e+00
6.956999998698889732e+09 1.722435511539467612e+00 1.737676328705521467e+00
6.956999998631446838e+09 1.705027267287762660e+00 2.019780641414818056e+00
6.956999998846271515e+09 1.707976402386184311e+00 2.215423582293412075e+00
6.956999999121355057e+09 1.800750195587066393e+00 2.227940152567098764e+00
6.956999999003056526e+09 2.059946952609255089e+00 2.285010162272981482e+00
6.956999998855092049e+09 1.872647214640651203e+00 2.119300306127797739e+00
6.956999998615926743e+09 1.990652146379174203e+00 2.234666207624910861e+00
6.956999998524685860e+09 2.056587661906437603e+00 1.966781787979720919e+00
6.956999998494685173e+09 2.131347333156381474e+00 2.245968907156220329e+00
6.956999998535120010e+09 2.018432196698445757e+00 2.510637953555564739e+00
6.956999998386709213e+09 2.081150178375817283e+00 2.268821494227252433e+00
6.956999998647223473e+09 2.129364620005820719e+00 2.149480645372876975e+00
6.956999998851159096e+09 2.052718928980744817e+00 2.341757133886652298e+00
6.956999998761092186e+09 2.318804389769161922e+00 2.267454142818754903e+00
6.956999998855449677e+09 2.070543068555156019e+00 2.385341634305373493e+00
6.956999998865735054e+09 2.165962195608739815e+00 2.111071868964196518e+00
6.956999999056627274e+09 2.282702598102440916e+00 2.296453748885284085e+00
6.956999999051800728e+09 2.258128456915692528e+00 2.585948684936536068e+00
6.956999999198485374e+09 2.495095257885545870e+00 2.503699172224462366e+00
6.956999998941663742e+09 2.359497235993648356e+00 2.513215102037361426e+00
6.956999998923436165e+09 2.360505866164888111e+00 2.223212986442622441e+00
6.956999999041043282e+09 2.604227093451140451e+00 2.329056867015361298e+00
6.956999999309257507e+09 2.509597164047502105e+00 2.269551080650424879e+00
6.956999999198742867e+09 2.619243534447893040e+00 2.024196854894226849e+00
6.956999999222678185e+09 2.652548390953502810e+00 2.311864020389295060e+00
6.956999999248076439e+09 2.652231053860692800e+00 2.022400141955403186e+00
6.956999999418699265e+09 2.445993705166733090e+00 1.909313261685795737e+00
6.956999999533707619e+09 2.186408244783699661e+00 1.847483157042664859e+00
6.956999999555506706e+09 2.188118062486023252e+00 1.557730918654053998e+00
6.956999999613927841e+09 2.214911684092235156e+00 1.274352050288821703e+00
6.956999999539958954e+09 2.259197821924259664e+00 1.551844186080294064e+00
6.956999999649381638e+09 2.000348819701382563e+00 1.625725416752700880e+00
6.956999999445566177e+09 1.976378094859471357e+00 1.831441619254322362e+00
6.956999999467202187e+09 1.971395512281782114e+00 2.121168334039941428e+00
6.956999999451765060e+09 1.931109958312997588e+00 1.833812678501449467e+00
6.956999999407929420e+09 2.217201024229904505e+00 1.859596968357938973e+00
6.956999999416090012e+09 2.229030394239304602e+00 1.569376421994852278e+00
6.956999999282186508e+09 2.179771801745232995e+00 1.316240282632403114e+00
6.956999999034577370e+09 2.077201322869643541e+00 1.428506437840590726e+00
6.956999998965534210e+09 1.825514209907609153e+00 1.300752439425083340e+00
6.956999998810916901e+09 1.799446308216362089e+00 1.056112766569295314e+00
6.956999998913717270e+09 1.869314605455482114e+00 1.318762579837241988e+00
6.956999998645318985e+09 1.765721338046259081e+00 1.277957208197324501e+00
6.956999998461527824e+09 1.769769115297507023e+00 1.052926248430331224e+00
6.956999998470046997e+09 1.769852109476639512e+00 7.624750190445684916e-01
6.956999998549209595e+09 1.968862703525663171e+00 9.588485670813481354e-01
6.956999998666090012e+09 1.958902183059257895e+00 6.930024321942434007e-01
6.956999998905441284e+09 2.031434744338018294e+00 8.409365026022341816e-01
6.956999999105128288e+09 1.902443702850337148e+00 1.008032090746059151e+00
6.956999998912368774e+09 1.844253862390984766e+00 7.985272370636959938e-01
6.956999998919311523e+09 1.897319683618301278e+00 1.084132403728311989e+00
6.956999999174033165e+09 2.036415097415368525e+00 1.069853205190154366e+00
6.956999998923102379e+09 2.125161877996547766e+00 1.186438142312895572e+00
6.956999998922683716e+09 2.124529506368749043e+00 1.477013300034172305e+00
6.956999998881448746e+09 2.137306146966324594e+00 1.189661708053890710e+00
6.956999998818010330e+09 2.238486232374885532e+00 9.247604019133840447e-01
6.956999998926856041e+09 2.326249333400885355e+00 6.700354221727449211e-01
6.956999998987127304e+09 2.598371742491043523e+00 7.522018197312811960e-01
6.956999998774697304e+09 2.426172808928903635e+00 8.504638599036993263e-01
6.956999999009020805e+09 2.570140164069810051e+00 9.442747914359097550e-01
6.956999999164415359e+09 2.464130052500826285e+00 7.228050049686743916e-01
6.956999999298032761e+09 2.668662053192827344e+00 5.654916087540323710e-01
6.956999999138484955e+09 2.878377949406398351e+00 6.879593681414283290e-01
6.956999999009622574e+09 2.660538044533459434e+00 8.306994141111997410e-01
6.956999998906495094e+09 2.912055460288963449e+00 7.280436964305601055e-01
6.956999999061076164e+09 3.053759906710876493e+00 5.268995455938403349e-01
6.956999998956511497e+09 2.962748520730821511e+00 7.822771216425444818e-01
6.956999998933600426e+09 2.720615530666709692e+00 9.412777606253572849e-01
6.956999998778012276e+09 2.540491650221283759e+00 1.107957871829351237e+00
6.956999999047143936e+09 2.594990451654044517e+00 1.202998476459602673e+00
6.956999999050553322e+09 2.689017936965543587e+00 1.477919748168172731e+00
6.956999998936994553e+09 2.639973523605337657e+00 1.740852180170910479e+00
6.956999999016998291e+09 2.773415887717789907e+00 1.986264131303813851e+00
6.956999998824688911e+09 2.568818930497585473e+00 2.061042787281595956e+00
6.956999998981060982e+09 2.468123276327204518e+00 1.837788153001033153e+00
6.956999999093226433e+09 2.716762265147175004e+00 1.937948798998073041e+00
6.956999999117659569e+09 2.913271040817049240e+00 2.150603031061705472e+00
6.956999999113895416e+09 2.938784550978046806e+00 1.861173611087240776e+00
6.956999999381067276e+09 2.944942919257680813e+00 1.975260029527193151e+00
6.956999999516311646e+09 3.090224201177337093e+00 2.187478541298323087e+00
6.956999999612895012e+09 2.963778033441963444e+00 1.944337739556882161e+00
6.956999999841500282e+09 3.088628028616196897e+00 1.815548010331050399e+00
6.956999999643131256e+09 3.243344351514141355e+00 1.960968290393734659e+00
6.956999999609148026e+09 3.275566445611701294e+00 1.674190683972743621e+00
6.956999999537320137e+09 3.497881874078872855e+00 1.501416111765610406e+00
6.956999999319091797e+09 3.507116152624633276e+00 1.309776859562765461e+00
6.956999999346962929e+09 3.323834986562029581e+00 1.086023199192404309e+00
6.956999999325704575e+09 3.269396364526778953e+00 1.370661600550250769e+00
6.956999999539240837e+09 3.435193220052448204e+00 1.477188560728844635e+00
6.956999999752208710e+09 3.379943058824201874e+00 1.666995279692648602e+00
6.956999999477872849e+09 3.412396600161341276e+00 1.757113535163052465e+00
6.956999999454756737e+09 3.423438699035132426e+00 2.046558189982813136e+00
6.956999999407970428e+09 3.160337910835400166e+00 1.932437423619573380e+00
6.956999999248201370e+09 2.917792839864709276e+00 1.923478622508676406e+00
6.956999999129083633e+09 2.722615470922485681e+00 1.744170990255715203e+00
6.956999999134430885e+09 2.717645266095217949e+00 2.034655421945337661e+00
6.956999998936012268e+09 2.893093182353857262e+00 2.154164838159450479e+00
6.956999999000146866e+09 2.917527993665849362e+00 1.871810187128668090e+00
6.956999999073078156e+09 2.882809104710856829e+00 2.150934100255247117e+00
6.956999998930190086e+09 2.666960348427027228e+00 2.282944566257508967e+00
6.956999999204490662e+09 2.696188259489651351e+00 2.191625412876641033e+00
6.956999999289025307e+09 2.968298763708048682e+00 2.248583739820706473e+00
6.956999999350017548e+09 2.865469650342000296e+00 1.983742923466131014e+00
6.956999999627665520e+09 2.905759005020827512e+00 1.908093084456024657e+00
6.956999999633343697e+09 2.969319909200791585e+00 1.624610688223927735e+00
6.956999999627790451e+09 3.012019983167413262e+00 1.337242687746644565e+00
6.956999999585539818e+09 3.028584685322733172e+00 1.624253110515865517e+00
6.956999999558465004e+09 3.046180570730157910e+00 1.913029549055938805e+00
6.956999999270785332e+09 3.030848187029940632e+00 1.950971023784647596e+00
6.956999999248171806e+09 2.993928989792383089e+00 2.238303790152481820e+00
6.956999999159267426e+09 3.200327382708516577e+00 2.054102272601564749e+00
6.956999998944226265e+09 3.103977600047832297e+00 1.884077467070831347e+00
6.956999998693460464e+09 3.104390720518324986e+00 1.737274832946921865e+00
6.956999998571269989e+09 3.061873282302228549e+00 1.477089930326945577e+00
6.956999998693809509e+09 2.842026971842363192e+00 1.622300965863378908e+00
6.956999998691116333e+09 2.595226964796489177e+00 1.468948424601520530e+00
6.956999998960539818e+09 2.492724801471729812e+00 1.505539932706881912e+00
6.956999998833783150e+09 2.711036017501490480e+00 1.361639382372110907e+00
6.956999998838013649e+09 2.653858412371832731e+00 1.076775687549928584e+00
6.956999999041495323e+09 2.592916128988443702e+00 8.784937256770148917e-01
6.956999998867372513e+09 2.487031970229593547e+00 6.713604837397381120e-01
6.956999998836700439e+09 2.520034926378163842e+00 3.842986191560320841e-01
6.956999998805361748e+09 2.522658993921407244e+00 6.731680130627403225e-01
6.956999998674329758e+09 2.513312553820799877e+00 4.139815126553316738e-01
6.956999998543922424e+09 2.613731090632855913e+00 6.534488943499650038e-01
6.956999998689589500e+09 2.372153287754561024e+00 5.837654287873635939e-01
6.956999998563762665e+09 2.187295504446676198e+00 7.693175430286021133e-01
6.956999998472176552e+09 2.423898386925179782e+00 6.276645703853436231e-01
6.956999998524545670e+09 2.653926411444933908e+00 7.973085690863248587e-01
6.956999998522039413e+09 2.654346270417097919e+00 5.067435301612913667e-01
6.956999998668977737e+09 2.791845850745195534e+00 7.163565642167690761e-01
6.956999998540535927e+09 2.778381227257035846e+00 4.560567476084632088e-01
6.956999998402325630e+09 2.581817470912434409e+00 2.926701271619850386e-01
6.956999998474483490e+09 2.858670459097810479e+00 3.434655762376311872e-01
6.956999998401260376e+09 2.657488314896524706e+00 5.399308783991867422e-01
6.956999998552914619e+09 2.836097325014538484e+00 3.680755354917178979e-01
6.956999998450910568e+09 2.601499015205616772e+00 2.302594416031565061e-01
6.956999998469440460e+09 2.860542531467317851e+00 3.605959712746384938e-01
6.956999998412203789e+09 3.128885493369470083e+00 4.562543619245218451e-01
6.956999998288287163e+09 3.145826588586687400e+00 7.185371721449085314e-01
6.956999998184157372e+09 3.221715359846105020e+00 4.580906037491286331e-01
6.956999997941400528e+09 3.345331266167191231e+00 3.569842517903883961e-01
6.956999997993412971e+09 3.342204847483607466e+00 6.428502973973297951e-01
6.956999998164483070e+09 3.377588959244847810e+00 8.750514725690681228e-01
6.956999998240091324e+09 3.476308025904070398e+00 6.124255650023374686e-01
6.956999998318739891e+09 3.645097606969651682e+00 8.354926570712843947e-01
6.956999998262412071e+09 3.795948613200288868e+00 1.077372151696700087e+00
6.956999998352628708e+09 3.777701797350167645e+00 8.017592297029740855e-01
6.956999998489854813e+09 3.628892705639822580e+00 1.010228568625895607e+00
6.956999998726716995e+09 3.620044726037291660e+00 1.178313219317078664e+00
6.956999998871738434e+09 3.837716849837470523e+00 1.051734367265155567e+00
6.956999998845033646e+09 3.808401851536843186e+00 7.638768294302347162e-01
6.956999998847478867e+09 3.814347254265224141e+00 4.733717986788514853e-01
6.956999998953351021e+09 4.048774647933649717e+00 3.382071582340462346e-01
6.956999998714574814e+09 3.970081564824965881e+00 1.925090380695251291e-01
6.956999998790562630e+09 3.725188956312555533e+00 3.292128520625261512e-01
6.956999998903305054e+09 3.581579952732989014e+00 1.031597134172959895e-01
6.956999998960814476e+09 3.443632567664146826e+00 3.523538036710331389e-01
6.956999998963912010e+09 3.734177241955749071e+00 3.553021429339282555e-01
6.956999999231081963e+09 3.728643995993146554e+00 2.411796698017003027e-01
6.956999999174416542e+09 3.623805654156270428e+00 5.061937820634030416e-01
6.956999999170336723e+09 3.594908704618529960e+00 2.170868451052341830e-01
6.956999999407344818e+09 3.600178131239100132e+00 3.851168217598885946e-01
6.956999999186744690e+09 3.411261801063082189e+00 3.761425331382868831e-01
6.956999999219397545e+09 3.598865709282982106e+00 5.956261858662115216e-01
6.956999999269657135e+09 3.580792674226937145e+00 8.812515632277773125e-01
6.956999999263194084e+09 3.312768094887352355e+00 7.691999803988964768e-01
6.956999999277235985e+09 3.093868517161771248e+00 9.597788036241571286e-01
6.956999999334885597e+09 2.883914378012358171e+00 1.152211408300427564e+00
6.956999999162143707e+09 3.005877593339285614e+00 9.529136738567913767e-01
6.956999999238940239e+09 2.726253898079693538e+00 9.715518028315455190e-01
6.956999999252875328e+09 2.816091022878219441e+00 1.247540198743431361e+00
6.956999999166975021e+09 2.750244456748872413e+00 9.778741158282960866e-01
6.956999998985349655e+09 2.625217483928705686e+00 1.167122627811364888e+00
6.956999998879415512e+09 2.868046365190227931e+00 1.047763444276498923e+00
6.956999999110649109e+09 2.943111705938578737e+00 1.206919424817262998e+00
6.956999999284334183e+09 2.710157987841054883e+00 1.206292395623821845e+00
6.956999999387462616e+09 2.908468094553172012e+00 1.020625812988891656e+00
6.956999999198960304e+09 2.689129799060784531e+00 9.924801866813313111e-01
6.956999999149379730e+09 2.958980687565718526e+00 1.088171359139099792e+00
6.956999999210748672e+09 2.772569224427185564e+00 8.738839615014198925e-01
6.956999999242790222e+09 2.702342232602781724e+00 5.937482781257886755e-01
6.956999999483982086e+09 2.691152852711492294e+00 7.554133945275753881e-01
6.956999999219904900e+09 2.752244573759275781e+00 8.601303412606955412e-01
6.956999999417241096e+09 2.745649727068458112e+00 6.469412821410238656e-01
6.956999999136034012e+09 2.681587781299451301e+00 6.115401674958826916e-01
6.956999999125783920e+09 2.673423824229085977e+00 3.212596334769328155e-01
6.956999999287029266e+09 2.635285870706109534e+00 5.599642667181304878e-01
6.956999999395435333e+09 2.904025105068822832e+00 5.814541032298895518e-01
6.956999999323179245e+09 3.178409080958136901e+00 5.187881164527580191e-01
6.956999999147798538e+09 3.407110135133188056e+00 5.558287646150041894e-01
6.956999999134848595e+09 3.404486597146889171e+00 8.461043365750322565e-01
6.956999998859792709e+09 3.316888039120895471e+00 8.793482051039656078e-01
6.956999998789511681e+09 3.122721423403445051e+00 6.749114145858878810e-01
6.956999998595694542e+09 3.074649514199971456e+00 4.638221656505696622e-01
6.956999998470691681e+09 3.323868801725903488e+00 3.819778257611533556e-01
6.956999998755577087e+09 3.368036619061862247e+00 3.455874087444248954e-01
6.956999998601326942e+09 3.613875485352151973e+00 3.312791676082154635e-01
6.956999998433735847e+09 3.593346059764701117e+00 5.677666563301525526e-01
6.956999998588405609e+09 3.519784876451072186e+00 3.330313587978016021e-01
6.956999998658841133e+09 3.403851471390761052e+00 7.606288285265577764e-02
6.956999998636397362e+09 3.428762350440509810e+00 3.646979971352318217e-01
6.956999998447857857e+09 3.227162857456855161e+00 2.738958281257125593e-01
6.956999998163188934e+09 3.249504711685466063e+00 3.277359345031069515e-01
6.956999998162977219e+09 3.241360375224949131e+00 3.727402172324267848e-02
6.956999998428710938e+09 3.130000548677949634e+00 7.494526146143989931e-02
6.956999998183753014e+09 3.014497998605040419e+00 -3.036105246897474741e-02
6.956999998195936203e+09 2.877818510286411335e+00 -2.864953638343784581e-01
6.956999998011089325e+09 2.785917165340508816e+00 -4.909952328966424862e-01
6.956999998238425255e+09 2.956721975408331815e+00 -4.311740358708593956e-01
6.956999998097558022e+09 3.183834259608853579e+00 -3.171091130796651614e-01
6.956999997975372314e+09 3.253584878678931425e+00 -5.713533163954691574e-01
6.956999998066161156e+09 3.289354728523913973e+00 -2.976519246370118443e-01
6.956999998162361145e+09 3.126851710898116199e+00 -5.184977903754615092e-01
6.956999998145618439e+09 3.168297756698248424e+00 -2.313803580318063435e-01
6.956999998140032768e+09 2.936200116748389100e+00 -5.664061139417955748e-02
6.956999998218766212e+09 3.002760667746956713e+00 2.150307082255584479e-01
6.956999998120075226e+09 3.276062747948926379e+00 2.143470192333921109e-01
6.956999998066132545e+09 3.288680173180627442e+00 4.995933132924090248e-01
6.956999998251611710e+09 3.256259707982388729e+00 7.209092719392211634e-01
6.956999998002432823e+09 3.404094459128920391e+00 6.987881807981453086e-01
6.956999997742295265e+09 3.445421341276826421e+00 8.214877402100209114e-01
6.956999997739350319e+09 3.442821959109286567e+00 5.309381402037156583e-01
6.956999997708949089e+09 3.319934421265493540e+00 2.693871127679944300e-01
6.956999997777106285e+09 3.535888354724753491e+00 8.730753561278092878e-02
6.956999997755585670e+09 3.435136903322568269e+00 -1.843917414263448462e-01
6.956999997743228912e+09 3.481694979339891916e+00 -4.709474051283799034e-01
6.956999997887714386e+09 3.531487749117568242e+00 -7.180892892815297079e-01
6.956999997873932838e+09 3.525033627005518699e+00 -1.008266657748642992e+00
6.956999998073072433e+09 3.405662718045920467e+00 -8.335425738134105700e-01
6.956999998058442116e+09 3.398874875704541942e+00 -1.123670776010606165e+00
6.956999997990913391e+09 3.354194219879282457e+00 -8.446044444307836407e-01
6.956999998032029152e+09 3.639309653700224079e+00 -8.064840384537805829e-01
6.956999998172561646e+09 3.594666241684578267e+00 -5.561003261592907254e-01
6.956999997926248550e+09 3.605546248083922656e+00 -4.023275441405665398e-01
6.956999998052844048e+09 3.616433217692224922e+00 -6.636502864737376939e-01
6.956999998205349922e+09 3.514813405591489914e+00 -4.381511161614940475e-01
6.956999998232858658e+09 3.280208970184861350e+00 -2.689218581533406871e-01
6.956999998002794266e+09 3.120260802230800934e+00 -1.919720696957812056e-01
6.956999997972774506e+09 2.831289801766571745e+00 -1.973666209641796454e-01
6.956999997972904205e+09 3.048734286151788098e+00 -4.617102205331069520e-03
6.956999997974752426e+09 2.825797951445924383e+00 -1.909782361042538790e-01
6.956999997996137619e+09 2.846475721325387287e+00 9.807127760886755197e-02
6.956999997963146210e+09 2.561715387012298617e+00 1.455856175817314968e-01
6.956999997938483238e+09 2.573599354198994327e+00 4.348692271590469116e-01
6.956999998143604279e+09 2.757378698427838337e+00 5.275253748167826329e-01
6.956999998271526337e+09 2.760255030453242941e+00 7.884126661927531865e-01
6.956999998363076210e+09 3.002034463086640237e+00 6.557633970021281566e-01
6.956999998474004745e+09 2.986722086933486064e+00 9.238957904593068093e-01
6.956999998604349136e+09 3.007996497008040393e+00 1.182724153710047243e+00
6.956999998583549500e+09 2.984855251401048903e+00 8.938186996853365596e-01
6.956999998802648544e+09 3.018339290703456523e+00 1.081725229680895017e+00
6.956999998616786957e+09 2.859285578621628687e+00 9.249071097316109435e-01
6.956999998559270859e+09 3.125175670977961673e+00 8.227853329380505620e-01
6.956999998760670662e+09 2.918226635119836487e+00 7.904607300022188365e-01
6.956999998686187744e+09 3.034721932045609805e+00 5.348915898263499891e-01
6.956999998709016800e+09 3.319679440569311080e+00 4.828095413823712545e-01
6.956999998426888466e+09 3.307769091197435785e+00 4.142788656127138203e-01
6.956999998369574547e+09 3.378133142394432298e+00 1.382381320399561075e-01
6.956999998517471313e+09 3.193165722168807452e+00 3.066073434362033279e-01
6.956999998240472794e+09 3.250454386122853645e+00 3.731236726704345585e-01
6.956999998387873650e+09 3.313336858489688730e+00 6.155147046484714668e-01
6.956999998351626396e+09 3.463583694277196035e+00 8.615767390796671421e-01
6.956999998306241035e+09 3.732676364401774638e+00 9.613956464648054645e-01
6.956999998310866356e+09 3.797187474432210053e+00 1.244682459774928418e+00
6.956999998480636597e+09 4.031874518318002920e+00 1.221559640807885261e+00
6.956999998555824280e+09 4.116573819075709295e+00 1.489155045486171058e+00
6.956999998387475014e+09 3.978818319127614966e+00 1.296498558382089605e+00
6.956999998337196350e+09 3.698120381914137944e+00 1.240684768683577133e+00
6.956999998251000404e+09 3.797338089590610366e+00 1.499838532065984387e+00
6.956999998143246651e+09 4.024597198274603826e+00 1.354315852220533190e+00
6.956999998243684769e+09 4.207531120460763496e+00 1.556508707402549874e+00
6.956999998079477310e+09 4.276779695437380902e+00 1.786019085320794897e+00
6.956999997953493118e+09 4.482820126319096765e+00 1.624433881497807652e+00
6.956999997878149033e+09 4.420787012909351610e+00 1.898130204188839487e+00
6.956999997947096825e+09 4.424322148836189683e+00 2.180385675342027874e+00
6.956999997672725677e+09 4.518735986023896700e+00 2.164860137556699371e+00
6.956999997922759056e+09 4.443908967164899693e+00 2.037116250923126426e+00
6.956999997894782066e+09 4.471132930022674756e+00 1.749174172633927160e+00
6.956999997913862228e+09 4.725097085188962431e+00 1.609271848353800660e+00
6.956999997654041290e+09 4.775361700940828236e+00 1.729275656869593503e+00
6.956999997393884659e+09 4.741588188177155772e+00 1.854224967874292584e+00
6.956999997466321945e+09 4.778551101208028840e+00 1.575260758614746681e+00
6.956999997398095131e+09 4.870764128687006256e+00 1.308284346573850510e+00
6.956999997185537338e+09 4.837712848659822207e+00 1.503633704517554737e+00
6.956999997233535767e+09 4.829307615950480859e+00 1.217172487698687799e+00
6.956999997142549515e+09 4.714659395530246933e+00 9.661508817196333698e-01
6.956999997064360619e+09 4.993091483359711980e+00 9.379273466075437327e-01
6.956999997226221085e+09 5.077373763363295822e+00 7.118028915404723822e-01
6.956999997255270958e+09 5.066970896200722940e+00 4.228697218445811590e-01
6.956999997060429573e+09 5.199369259838276136e+00 2.527461633555529441e-01
6.956999996978343964e+09 5.221553852262460715e+00 -2.511055266789558038e-02
6.956999997020719528e+09 5.304695191352594819e+00 2.500735606097914676e-01
6.956999997131762505e+09 5.253742775916338204e+00 -1.356972217583624074e-02
6.956999997123159409e+09 5.267337559682079728e+00 -3.037001414940107558e-01
6.956999997176802635e+09 5.235414395904127716e+00 -5.874920436943313895e-01
6.956999997421609879e+09 5.387310951379130408e+00 -5.496595753241722004e-01
6.956999997282628059e+09 5.471683478367833864e+00 -3.088278335394684104e-01
6.956999997269153595e+09 5.481032189986160930e+00 -5.989407873346747069e-01
6.956999997274927139e+09 5.587691279540456080e+00 -3.287093998879044854e-01
6.956999997266518593e+09 5.701253214654472323e+00 -5.960434210997707094e-01
6.956999997227293015e+09 5.646405788658711344e+00 -3.133994687902860732e-01
6.956999997419848442e+09 5.864003415693209931e+00 -3.162898350158903082e-01
6.956999997344946861e+09 5.837488316546682654e+00 -3.678812418038007737e-02
6.956999997156038284e+09 6.038416182620289341e+00 5.473252797036186335e-02
6.956999997180583954e+09 5.813412639825367378e+00 -1.274909356450953379e-01
6.956999997178976059e+09 5.525249329945542520e+00 -9.015703735574943922e-02
6.956999997428606987e+09 5.415165620621992026e+00 9.845137652672739104e-03
6.956999997410278320e+09 5.587714813767878042e+00 2.429231247031255481e-01
6.956999997162086487e+09 5.703057956574463461e+00 1.452960191551729008e-01
6.956999997023497581e+09 5.853483604748212166e+00 3.516930024884039607e-01
6.956999997267106056e+09 5.770993515823567677e+00 2.164713339391287072e-01
6.956999997338684082e+09 5.715455760034722665e+00 -5.962046648335034282e-02
6.956999997624647141e+09 5.726053865675340582e+00 -1.100907291141224459e-01
6.956999997699937820e+09 5.907023350266987549e+00 1.044223678420138773e-01
6.956999997682121277e+09 5.800430338830768306e+00 3.741537071111257773e-01
6.956999997470074654e+09 5.996751009851262637e+00 3.436739342434598776e-01
6.956999997439535141e+09 5.780224109815290667e+00 5.350321319363533501e-01
6.956999997586771011e+09 5.706476547967994861e+00 7.744429023508582199e-01
6.956999997740788460e+09 5.841983996711596738e+00 5.686497686919463890e-01
6.956999997742504120e+09 6.013016979285222163e+00 8.035524589999145650e-01
6.956999997808516502e+09 6.222782590237295963e+00 9.934872798375559144e-01
6.956999998006168365e+09 6.012440439961456384e+00 1.027016982156993441e+00
6.956999998089448929e+09 6.008451486111429318e+00 7.486593236043979083e-01
6.956999998273118019e+09 6.174010457051818612e+00 9.012716135291968245e-01
6.956999998004059792e+09 6.154288330607773361e+00 7.933213691432786652e-01
6.956999997851871490e+09 6.053822004168877058e+00 1.019550863545386488e+00
6.956999997967589378e+09 5.926024352319569033e+00 7.856455274189877436e-01
6.956999997923027039e+09 5.953986335506304961e+00 1.071419598956192765e+00
6.956999997957268715e+09 6.175232607563237330e+00 1.256654780102336666e+00
6.956999997998064995e+09 5.915766630068890919e+00 1.132366621967756615e+00
6.956999998168458939e+09 5.795949863522210421e+00 9.297728467070118796e-01
6.956999998230119705e+09 5.528870834821137947e+00 8.333297241820988299e-01
6.956999997942095757e+09 5.551147375431726871e+00 8.646386132486754139e-01
6.956999998091511726e+09 5.798851929062182720e+00 8.920594686154268427e-01
6.956999998019981384e+09 5.902335207083157620e+00 1.153992822016129072e+00
6.956999998054704666e+09 5.926273122517910608e+00 1.441491967063111002e+00
6.956999998122284889e+09 5.930664786701577817e+00 1.724066116269322491e+00
6.956999998234545708e+09 5.758762310908963400e+00 1.518441539014412811e+00
6.956999998460205078e+09 5.867521267091600379e+00 1.371186953816955878e+00
6.956999998626355171e+09 6.070583583491361068e+00 1.496064016344598624e+00
6.956999998812051773e+09 6.291768385763181648e+00 1.528132502065987053e+00
6.956999998789171219e+09 6.002717858533637596e+00 1.547127021274030678e+00
6.956999999015519142e+09 6.096861435360389159e+00 1.391120796415010741e+00
6.956999999063603401e+09 6.131261050160504489e+00 1.675618771788956574e+00
6.956999998880028725e+09 6.089524323532931938e+00 1.896961916091163936e+00
6.956999998983985901e+09 6.239275686093534112e+00 1.670683363630572460e+00
6.956999999187027931e+09 6.051371002511168662e+00 1.759566534239850100e+00
6.956999998978071213e+09 6.018091775111066966e+00 1.560408471883692805e+00
6.956999998896593094e+09 6.256172991489866497e+00 1.705712317287421564e+00
6.956999998961953163e+09 6.027946176934290357e+00 1.538156217577321572e+00
6.956999999125234604e+09 5.834845241712514508e+00 1.395027730874254246e+00
6.956999999221963882e+09 5.892639061603985873e+00 1.662866725557870184e+00
6.956999999398863792e+09 6.028490764127654167e+00 1.849106076586332303e+00
6.956999999365321159e+09 6.032898433933120863e+00 2.137706031739527113e+00
6.956999999413162231e+09 5.786143872417610190e+00 2.283506839506494135e+00
6.956999999352044106e+09 5.542798354016373885e+00 2.430074178269181040e+00
6.956999999118346214e+09 5.597615812281460990e+00 2.593826648803202239e+00
6.956999999276060104e+09 5.530892790411720661e+00 2.359073723746349049e+00
6.956999999097389221e+09 5.661838055726219565e+00 2.171018696529295688e+00
6.956999999306258202e+09 5.470072751956546853e+00 2.107502145279132932e+00
6.956999999418211937e+09 5.206629193899590113e+00 2.157485772557045323e+00
6.956999999276720047e+09 5.146098776399740338e+00 1.911009546111134716e+00
6.956999999043185234e+09 5.191574236665021935e+00 2.077826246295593648e+00
6.956999999083139420e+09 5.257082464931957411e+00 2.358088329493774893e+00
6.956999999291149139e+09 5.384837470775178936e+00 2.515711762553980435e+00
6.956999999345532417e+09 5.604301652159881186e+00 2.698228652068157984e+00
6.956999999600653648e+09 5.742833502903989640e+00 2.685724364945694109e+00
6.956999999686681747e+09 5.902230923879388413e+00 2.912938248247275652e+00
6.956999999666316986e+09 6.071902578667004668e+00 2.677924811390128390e+00
6.956999999788382530e+09 5.811963132757378858e+00 2.722264755271959213e+00
6.956999999805082321e+09 5.879012463683180201e+00 3.004505790977964885e+00
6.956999999935323715e+09 6.061724158379781180e+00 3.189135620635298984e+00
6.957000000101521492e+09 5.917078102895053426e+00 3.378582892677400196e+00
