6.261300000000000000e+10 0.000000000000000000e+00 0.000000000000000000e+00
6.261299999962554932e+10 -1.151445309155511465e+00 9.088314357229766438e-01
6.261299999850204468e+10 -2.057967294585661300e+00 1.364872332137926136e+00
6.261299999708801270e+10 -1.729332923878444506e+00 1.794440336019071935e+00
6.261299999685945129e+10 -9.702257004903150905e-01 3.084219860942015501e+00
6.261299999571199036e+10 -1.206429376859191605e-01 2.580667994774971774e+00
6.261299999474295044e+10 8.961229599351901998e-01 3.145614023011596316e+00
6.261299999509970093e+10 -5.206675054112407386e-01 2.748819540503975922e+00
6.261299999516387177e+10 3.888307422534157398e-01 3.957417612413687724e+00
6.261299999583600616e+10 2.340574213426697969e-01 5.305118247118900676e+00
6.261299999725037384e+10 -2.909602088225367034e-01 5.431358632626091421e+00
6.261299999873892975e+10 -2.386335394894845141e-02 5.501186646097923294e+00
6.261299999956728363e+10 -3.963542336530274102e-01 6.712421334345465951e+00
6.261300000056906128e+10 -3.439625479920741524e-01 7.846315895956282205e+00
