2.782800000000000000e+10 0.000000000000000000e+00 0.000000000000000000e+00
2.782799999990196991e+10 -1.366623879338141334e-01 -2.983213280735200756e-01
2.782799999983860779e+10 -4.645074668290408160e-01 -2.222638792392050144e-01
2.782799999983965302e+10 -6.458368682468307309e-01 -5.127817131021881192e-01
2.782799999953271484e+10 -7.937838267421850613e-01 -4.783848540504901936e-01
2.782799999952785110e+10 -5.272646819649522421e-01 -2.633826189292879927e-01
2.782799999963762665e+10 -5.981818411832695581e-01 -5.799302213237226278e-01
2.782799999955062485e+10 -7.862646954443394121e-01 -8.525795726447495948e-01
2.782799999969292068e+10 -1.097636249102009742e+00 -8.616271765068239663e-01
2.782799999994959259e+10 -1.099738062979146447e+00 -1.088336617414576990e+00
2.782799999993676376e+10 -1.049677583865700203e+00 -1.426879696398406061e+00
2.782800000027629089e+10 -1.040700716431677719e+00 -1.470742660439066762e+00
