6.957000000000000000e+09 0.000000000000000000e+00 0.000000000000000000e+00
6.956999999963067055e+09 -3.705041121302157792e-02 -2.858281610785607385e-01
6.956999999971862793e+09 -2.072528326271805832e-01 -5.048103050207383702e-02
6.956999999854797363e+09 -2.760309443942738361e-01 2.064229530375813193e-01
6.956999999827935219e+09 -4.834413245026374373e-01 4.695828096132198537e-03
6.956999999874221802e+09 -5.343759747390322001e-01 2.870036161537483643e-01
6.956999999832086563e+09 -5.946684812540584675e-01 5.891629146454802068e-03
6.956999999718559265e+09 -8.621486020430779718e-01 5.209984012461437233e-03
6.956999999463704109e+09 -7.259087098739339661e-01 -2.515683843887297350e-02
6.956999999736054420e+09 -7.529571427295588260e-01 7.245692209171028519e-02
6.956999999795001984e+09 -9.953452952554435740e-01 -7.656551375352804722e-02
6.956999999523087502e+09 -9.177628120397437472e-01 -1.434815546864645630e-01
6.956999999732507706e+09 -7.431419507485641507e-01 -2.439074120984186245e-01
6.956999999714358330e+09 -7.628729893357641956e-01 4.542940283069221707e-02
6.956999999921941757e+09 -9.129359049074468047e-01 1.826331447538493691e-01
6.957000000161949158e+09 -7.492308402903778974e-01 1.882355071912564237e-01
