4.174200000000000000e+10 0.000000000000000000e+00 0.000000000000000000e+00
4.174199999980754852e+10 1.433942812284674240e-01 3.800473295601337620e-01
4.174199999943814850e+10 -8.169180357140204407e-02 2.579176678937696310e-01
4.174199999936230469e+10 5.680235516672987872e-02 -1.629193013686994762e-01
4.174199999969673157e+10 -1.359074510500259125e-01 -3.932607470800537630e-01
4.174199999970645142e+10 -3.912660797341794838e-01 -2.348527600031752316e-02
4.174199999962649536e+10 -3.261444424038261181e-01 -4.609811401000318276e-01
4.174199999955280304e+10 -1.321892367120175715e-01 -6.224980930867302087e-02
4.174199999960223389e+10 2.587506100003356124e-01 1.539882394962267809e-01
4.174199999998316193e+10 4.017435837311089109e-01 3.449954388842643160e-01
4.174200000025178528e+10 2.187019968101979184e-01 6.554358645256146421e-01
