2.782800000000000000e+10 0.000000000000000000e+00 0.000000000000000000e+00
2.782799999981653214e+10 -1.675027167577578802e-01 2.357201034047650690e-01
2.782799999983558655e+10 -1.124998136629714318e-01 -1.017613473282517056e-01
2.782799999975154114e+10 1.237710307653476782e-01 1.314655699581134540e-01
2.782800000003818130e+10 2.917403099115261078e-01 4.836089815288856231e-02
2.782799999985502243e+10 5.168889685208174489e-01 -1.334167470184723370e-01
2.782799999978305817e+10 7.761417695111291204e-01 7.845914626726124830e-02
2.782799999965357590e+10 4.601862437916195425e-01 5.222465378184609763e-02
2.782799999955384827e+10 6.643053973424123404e-01 -2.040399363871613359e-01
2.782799999985981369e+10 7.967721574327746303e-01 -2.822729888303713852e-01
2.782799999983481979e+10 6.889281703118482758e-01 4.180573853359531578e-02
2.782800000001942062e+10 7.812822126031591097e-01 -2.314608472210364365e-01
2.782800000013297272e+10 6.131023361911235314e-01 -5.073302380064488304e-01
