4.174200000000000000e+10 0.000000000000000000e+00 0.000000000000000000e+00
4.174199999979073334e+10 -3.647969475650443827e-01 1.586376566733305460e-01
4.174200000005362701e+10 -6.545629987679952855e-01 3.799008759603015317e-01
4.174200000002914429e+10 -9.245114610347872075e-01 7.384604149609828028e-01
4.174199999972108459e+10 -6.055769384297580160e-01 8.120628323662971715e-01
4.174199999964478302e+10 -9.846213949398978649e-01 5.828472751685305209e-01
4.174199999958824158e+10 -1.019974087763300341e+00 1.383363093757324358e-01
4.174199999946430206e+10 -8.271291901422999082e-01 5.249695950423323154e-01
4.174199999922106934e+10 -1.159500127154246440e+00 3.449583140228235090e-01
4.174199999952972412e+10 -1.252506271307381347e+00 3.172208812948346113e-02
4.174199999954242706e+10 -1.260251691654345585e+00 -4.175160558656964560e-01
4.174199999932596588e+10 -1.304995463313358917e+00 -2.613502590846006335e-02
4.174199999911096191e+10 -1.523084127246145503e+00 -3.551452223511945561e-01
4.174199999886312866e+10 -1.440582951393992062e+00 1.065358854015180379e-02
4.174199999881105042e+10 -1.462702927506339678e+00 4.565624956552721270e-01
4.174199999882233429e+10 -1.250091902769597807e+00 6.070192424223674887e-02
4.174199999916829681e+10 -1.046367035271446921e+00 2.628005130242709320e-01
4.174199999899375153e+10 -7.546267034262398310e-01 5.568375904351321459e-01
4.174199999857601929e+10 -5.897574589093019792e-01 5.756097737163872186e-01
4.174199999889241028e+10 -5.236997586840659302e-01 8.879689750589547792e-01
4.174199999883144379e+10 -5.773106317875940086e-01 1.330061011734767096e+00
4.174199999851749420e+10 -2.582644225431340868e-01 1.289061215147100592e+00
4.174199999892032623e+10 -4.314824371956424987e-01 1.387848479011088099e+00
4.174199999884796906e+10 -4.422946611223489977e-01 1.831338646544083737e+00
4.174199999914208984e+10 -1.340036352277144127e-01 1.974475351399618939e+00
4.174199999874036407e+10 7.449258233289374198e-03 1.830801958533829987e+00
4.174199999878518677e+10 2.303666332193192168e-01 1.443071122213906987e+00
4.174199999839310455e+10 4.366894786687497421e-01 1.367331197921329622e+00
4.174199999845708466e+10 8.554883404862141383e-01 1.217164535906405387e+00
4.174199999820194244e+10 1.021191165713024818e+00 1.548043091126984683e+00
4.174199999797161865e+10 1.134227902798913057e+00 1.178976780575121452e+00
4.174199999788294983e+10 1.327454552465243021e+00 7.829487608058880443e-01
4.174199999758094788e+10 1.517169388051352819e+00 5.093792906664010856e-01
4.174199999750587463e+10 1.536202612750751761e+00 9.521412069979600101e-01
4.174199999767367554e+10 1.677331178536751288e+00 1.344519465305859196e+00
4.174199999766117096e+10 1.683322274606817937e+00 1.793790157869453283e+00
4.174199999769419098e+10 1.685082778384243696e+00 1.345523841800418507e+00
4.174199999788347626e+10 1.541852020555156688e+00 1.727220019788992644e+00
4.174199999787821198e+10 1.541638699350633024e+00 1.277766338081520958e+00
4.174199999758136749e+10 1.784542756101068051e+00 1.512106519308915820e+00
4.174199999800667572e+10 1.647618280803871960e+00 1.561105614947453146e+00
4.174199999825010681e+10 1.290924557303577691e+00 1.685793276094792015e+00
4.174199999822030640e+10 1.404637951394935191e+00 2.119633849652017066e+00
4.174199999833659363e+10 1.388340115514039352e+00 2.553508976154407861e+00
4.174199999875475311e+10 1.491695601117715375e+00 2.425075398905912838e+00
4.174199999886806488e+10 1.228507628338043389e+00 2.078767183922334727e+00
4.174199999880261993e+10 1.573705262892136414e+00 2.359109689048993985e+00
4.174199999881447601e+10 1.572927858705660764e+00 2.808437256708957275e+00
4.174199999854872131e+10 1.870598104112028537e+00 2.601550899349891477e+00
4.174199999899687958e+10 1.843601333700688238e+00 2.580123290170400541e+00
4.174199999898047638e+10 2.205097965547515582e+00 2.846745455086739707e+00
4.174199999928939056e+10 1.978588710130131378e+00 2.611577290898850823e+00
4.174199999934572601e+10 1.566795673282698642e+00 2.782718043766788885e+00
4.174199999912404633e+10 1.249392724617831796e+00 2.554356404262479785e+00
4.174199999896009827e+10 1.531518887994896216e+00 2.245225702107789267e+00
4.174199999893328857e+10 1.531563053486872050e+00 2.693909910659951557e+00
4.174199999918768311e+10 1.714030854648581403e+00 2.371377788552533339e+00
4.174199999936705017e+10 1.367049286970605682e+00 2.148966789590575299e+00
4.174199999939281464e+10 9.186527727391911036e-01 2.131273992197782352e+00
4.174199999968654633e+10 1.250434276758623398e+00 2.055912432264011436e+00
4.174199999940739441e+10 1.436139774229624688e+00 1.756538943697997457e+00
4.174199999903450012e+10 1.340814362060958498e+00 1.988698629620581970e+00
4.174199999928890991e+10 1.610091341672654996e+00 1.734139126967078726e+00
4.174199999914421844e+10 1.210737850549962191e+00 1.881164909346478842e+00
4.174199999905695343e+10 1.406029427517018648e+00 2.276490706693587107e+00
4.174199999875514984e+10 1.427583033072804763e+00 2.608882945011384624e+00
4.174199999851383972e+10 1.740799027770608021e+00 2.822665776650635117e+00
4.174199999866445160e+10 1.550595862129448443e+00 3.201051494282119769e+00
4.174199999875983429e+10 1.170127242581447735e+00 2.981546928365592208e+00
4.174199999873450470e+10 1.155012802075056744e+00 3.430062671198367941e+00
4.174199999892575836e+10 1.125728468134243432e+00 3.024351574094891415e+00
4.174199999901905823e+10 1.141773694225253655e+00 2.584950095562418948e+00
4.174199999914439392e+10 9.946082550407679967e-01 2.179155426768033088e+00
4.174199999931022644e+10 7.167084031062149752e-01 2.491096048037745980e+00
4.174199999935271454e+10 7.080751420467765733e-01 2.043707376910296247e+00
4.174199999923964691e+10 4.850226334300687392e-01 2.417202767428173971e+00
4.174199999925956726e+10 5.270602710089140608e-01 1.970131791281473532e+00
4.174199999907277679e+10 9.183321233440042697e-01 1.851587916780630172e+00
4.174199999908850861e+10 5.430036929516718347e-01 1.604773572181142915e+00
4.174199999944855499e+10 4.042347255218789459e-01 1.374244120167646965e+00
4.174199999949252319e+10 1.314695242577181844e-01 1.019699381378937453e+00
4.174199999951557922e+10 1.367549930583294993e-01 1.468561048447666995e+00
4.174199999960129547e+10 3.312050009432981890e-02 1.897453629441592238e+00
4.174199999979456329e+10 4.065374580192182563e-01 2.056340598118489904e+00
4.174200000012208557e+10 6.342166925344915329e-01 1.849148909515673678e+00
