5.565600000000000000e+10 0.000000000000000000e+00 0.000000000000000000e+00
5.565600000008297729e+10 7.819528640611295156e-01 1.420859842027002162e-01
5.565599999964615631e+10 1.150503795159952825e-01 1.964407015992655769e-01
5.565599999987278748e+10 4.311589899008714810e-01 -5.015842916697779152e-01
5.565599999992860413e+10 7.688531906209727929e-01 -1.223644494917275782e+00
5.565599999946454620e+10 3.200521394739886949e-01 -1.694550377402813446e+00
5.565599999875035858e+10 5.561697946154597894e-02 -1.452616982086474051e+00
5.565599999942654419e+10 -9.590817725714587128e-03 -1.031846700058526523e+00
5.565599999942414093e+10 -3.705847129942820006e-02 -1.830447722904756436e+00
5.565599999967218781e+10 -2.935375726162901544e-01 -1.115455937362036298e+00
5.565600000027342224e+10 -3.105334863910503840e-01 -5.893869997365067670e-01
