3.478500000000000000e+10 0.000000000000000000e+00 0.000000000000000000e+00
3.478499999966591644e+10 1.549630421893855303e-01 1.072072857715304223e-01
3.478499999974887085e+10 -5.343146672467524727e-02 -2.039330830979185216e-01
3.478499999978586578e+10 -1.056121892278702734e-01 -5.821219945890596659e-01
3.478500000001032257e+10 1.672511086907216560e-01 -4.328430137097770691e-01
3.478500000006127930e+10 2.278553440038263989e-01 -5.754426278873470135e-02
3.478499999998900604e+10 1.690938023328982243e-01 -4.296227950754521463e-01
3.478500000007718658e+10 3.055912174136922732e-01 -7.770573205931197158e-01
3.478500000007453918e+10 2.990937856094368907e-01 -3.935611611459219894e-01
3.478499999994669342e+10 -6.157900463842663763e-02 -3.673009388012077880e-01
3.478500000023470306e+10 1.907610405580994484e-01 -3.895252358075536603e-01
