3.478500000000000000e+10 0.000000000000000000e+00 0.000000000000000000e+00
3.478499999979527283e+10 -2.334719807818153581e-01 -2.251565316377708570e-01
3.478500000001817322e+10 -9.193354905473249961e-02 -5.033654272910914607e-01
3.478500000004215240e+10 -2.594224184637314856e-01 -8.475908095143842580e-01
3.478499999989500427e+10 2.125158934842497072e-03 -6.087212244096578129e-01
3.478499999952434540e+10 -1.861006572854805030e-02 -7.051650042304858923e-01
3.478499999990438843e+10 -5.535680961950822931e-02 -6.686347443923449374e-01
3.478499999990354919e+10 -5.613241475148082055e-02 -2.850761033004257650e-01
3.478499999979854584e+10 3.107940068239486431e-01 -2.469027052445800230e-01
3.478500000005786896e+10 1.150317162690204509e-01 -4.507339663115507156e-01
3.478500000014234924e+10 2.837803261556030021e-01 -1.168094938903920244e-01
