2.087100000000000000e+10 0.000000000000000000e+00 0.000000000000000000e+00
2.087100000007371521e+10 -9.944147640635599139e-02 2.908782364543358590e-01
2.087099999983413696e+10 -1.618804502830220038e-01 4.874375972820210734e-01
2.087099999983284378e+10 -1.574100060742345819e-01 8.035246221089997753e-01
2.087099999975630569e+10 -2.453056851197735755e-01 1.097376445603253092e+00
2.087099999985805511e+10 -5.230571123976719417e-01 1.208884117839579053e+00
2.087099999993439484e+10 -7.165519316812635209e-01 9.708412070285866724e-01
2.087099999963389587e+10 -6.534610398416094146e-01 1.046031906668496880e+00
2.087099999955985260e+10 -4.671781323653103613e-01 1.290467491491847030e+00
2.087099999962266159e+10 -5.009282467586928522e-01 9.824921874406471467e-01
2.087099999967181396e+10 -4.351372954492545575e-01 6.772247672736919633e-01
2.087099999989908600e+10 -3.096640019683493117e-01 4.968443001979789830e-01
2.087099999980878067e+10 -1.308267232101328892e-02 5.586269485173437355e-01
2.087099999973102188e+10 -7.639160575396426733e-02 2.588304100960240328e-01
2.087100000001935959e+10 -1.811539677601839426e-01 3.351098436717162010e-01
2.087099999990470886e+10 -1.238266936680814390e-01 4.614325799563284702e-02
2.087099999968300629e+10 -3.396114303605960449e-01 -1.879719869900224605e-02
2.087099999966802216e+10 -1.765467492878728950e-01 2.516062747449269166e-01
2.087099999939640808e+10 -8.606844380648243087e-02 1.175458135703676688e-01
2.087099999945099258e+10 -1.675044239003442015e-01 -1.829890294073443779e-01
2.087099999928206253e+10 -4.141326282550592541e-01 -2.857992322632687543e-01
2.087099999939097595e+10 -3.669986136275298905e-01 -5.787986770079548426e-01
2.087099999914991760e+10 -4.686558855905741949e-01 -7.562529341697609153e-01
2.087099999931275558e+10 -2.592463750511951881e-01 -9.281939511169237100e-01
2.087099999947911453e+10 -2.005187755041836217e-01 -6.658797741957873662e-01
2.087099999967488098e+10 -1.631512189729771301e-01 -9.112621016957256348e-01
2.087099999946187592e+10 -3.539545267900502390e-01 -7.765176155773558797e-01
2.087099999964353180e+10 -2.438798245318528068e-01 -1.010649726095674827e+00
2.087099999963908005e+10 -2.436258699189478572e-01 -6.945599068110570595e-01
2.087099999941361618e+10 -4.533952682339968954e-01 -6.231716546442043203e-01
2.087099999936255646e+10 -5.164434870431037217e-01 -9.287047960069213515e-01
2.087099999927727890e+10 -5.148767013414742300e-01 -6.243070311164051756e-01
2.087099999907270813e+10 -6.211730189757956877e-01 -4.080081676410616254e-01
2.087099999905849838e+10 -6.197799422578635919e-01 -7.238068608573486884e-01
2.087099999933803940e+10 -5.837922563734174730e-01 -5.806515893881614154e-01
2.087099999934503937e+10 -5.522864819072961229e-01 -2.661821570111105872e-01
2.087099999935899353e+10 -6.420820338166720598e-01 -5.689605437931732901e-01
2.087099999918364716e+10 -8.282131159968839640e-01 -7.548139847954118409e-01
2.087099999901984024e+10 -9.993437239247897619e-01 -5.454962653331119071e-01
2.087099999872800446e+10 -9.079087018888768457e-01 -6.255254023730424384e-01
2.087099999842264557e+10 -8.787501228418689303e-01 -5.491177973430231285e-01
2.087099999857840729e+10 -1.114918738914015828e+00 -4.080686718688861236e-01
2.087099999854140472e+10 -1.127131170874451582e+00 -9.435828417587588390e-02
2.087099999856230164e+10 -8.569998783466583614e-01 6.850691292913685393e-02
2.087099999878119659e+10 -7.957260690749149434e-01 -1.511810177493046747e-01
2.087099999887253571e+10 -9.720562955926690396e-01 -3.971434296614954063e-01
2.087099999875642395e+10 -9.447439756745698025e-01 -1.043904321724939410e-01
2.087099999869859695e+10 -1.069919568965445933e+00 -3.888546047362759772e-01
2.087099999887391281e+10 -1.277653020892632441e+00 -5.502335886379672303e-01
2.087099999918002319e+10 -1.260941976981607260e+00 -4.731013466064316053e-01
2.087099999913117599e+10 -1.540646207823410441e+00 -3.341331855553684171e-01
2.087099999899214935e+10 -1.278957209612898271e+00 -4.442358359748589391e-01
2.087099999913888550e+10 -1.244567003087029722e+00 -1.663528456234272257e-01
2.087099999926325607e+10 -1.531526691172286014e+00 -2.123846945119894636e-01
2.087099999907835007e+10 -1.303901422968014145e+00 -3.304049009246105006e-01
2.087099999910634995e+10 -1.089219587041245774e+00 -5.607531234891828253e-01
2.087099999907821655e+10 -8.017634066921290881e-01 -6.892447470307787594e-01
2.087099999897975540e+10 -8.996865562287597040e-01 -9.732327065739911909e-01
2.087099999922116470e+10 -7.128061585479128492e-01 -1.055268067922407349e+00
2.087099999935081863e+10 -4.263410680269228981e-01 -1.022700957486520457e+00
2.087099999923465729e+10 -6.702024520726819201e-01 -8.584725502602008618e-01
2.087099999935280228e+10 -7.857804537982393533e-01 -5.889993032943358076e-01
2.087099999913658142e+10 -8.031076894488143880e-01 -8.189566589910608485e-01
2.087099999909252930e+10 -7.237876206097924037e-01 -5.161361015366254801e-01
2.087099999921326447e+10 -6.787813883075113353e-01 -2.274668751016590273e-01
2.087099999924891281e+10 -7.321017401358502763e-01 -5.370129706898010280e-01
2.087099999898240662e+10 -6.611514439897316908e-01 -3.825043126790537151e-01
2.087099999883786774e+10 -4.686623468903683420e-01 -1.775917662939183184e-01
2.087099999889300156e+10 -4.289291320574731281e-01 -4.863218494370931677e-01
2.087099999899582291e+10 -6.369362121219726003e-01 -2.716272182941110724e-01
2.087099999882377625e+10 -7.628338821271325454e-01 -3.821210554559542616e-02
2.087099999871852493e+10 -7.103677956786913494e-01 2.552196862025223334e-01
2.087099999892118454e+10 -8.698142004591089549e-01 4.380798310783493577e-01
2.087099999886138535e+10 -9.994800280298512529e-01 7.201146652631404965e-01
2.087099999888915634e+10 -1.132704757549817476e+00 1.005443770762836753e+00
2.087099999859904480e+10 -1.220763133148444091e+00 9.159288558509810496e-01
2.087099999876543045e+10 -1.257165010508509706e+00 6.496151474511999702e-01
2.087099999879156494e+10 -1.244939011800761053e+00 9.644170573735308949e-01
2.087099999860198975e+10 -1.485418555574023358e+00 1.042921746910074887e+00
2.087099999860286713e+10 -1.478577725175480140e+00 7.268757118955414542e-01
2.087099999882575607e+10 -1.287948390340549087e+00 8.448299340883609343e-01
2.087099999867362976e+10 -1.049405990853373272e+00 7.038064600268608695e-01
2.087099999861600113e+10 -9.523963248161053663e-01 9.991037971253917682e-01
2.087099999846902084e+10 -7.889191147999146114e-01 1.226269496083878696e+00
2.087099999871842194e+10 -5.964750799060323239e-01 1.199859521498178649e+00
2.087099999870337296e+10 -6.079017828867171458e-01 8.843034408584233841e-01
2.087099999845344925e+10 -5.254367889418855020e-01 1.059433800189596431e+00
2.087099999845225143e+10 -3.249695305294107439e-01 8.150077316315269549e-01
2.087099999849760056e+10 -3.531973716218056447e-02 6.967748162989012561e-01
2.087099999845288086e+10 1.698493587604824329e-01 4.604733666634200917e-01
2.087099999843946838e+10 4.838208280711457920e-01 4.261997554328264548e-01
2.087099999839715195e+10 5.935860409242991187e-01 7.196170997967854532e-01
2.087099999841621017e+10 2.803323481174975207e-01 7.575846434285851139e-01
2.087099999862294006e+10 2.443532673179516779e-01 9.940169162217205034e-01
2.087099999843154144e+10 4.252108602501757373e-01 8.191181006019840893e-01
2.087099999831312561e+10 2.967887802907080985e-01 1.082591251515545583e+00
2.087099999826394653e+10 1.993191853946473246e-01 7.859199656015020130e-01
2.087099999826506042e+10 2.045489191619769276e-01 1.101996019174215746e+00
2.087099999837241745e+10 4.982634120582241088e-01 1.148247206099567652e+00
2.087099999836149597e+10 5.017425878170358455e-01 1.464160598510840128e+00
2.087099999867641830e+10 4.812803493131179167e-01 1.445804630511655864e+00
2.087099999847319412e+10 4.635097199920527600e-01 1.204315206863355581e+00
2.087099999873440552e+10 3.610123742425022098e-01 1.058731321827318439e+00
2.087099999846547318e+10 4.614715642739486423e-01 9.263800682397291819e-01
2.087099999829978943e+10 7.295877130994488091e-01 9.507865856257564641e-01
2.087099999853748703e+10 6.544888106745386791e-01 1.145187746450523347e+00
2.087099999863673782e+10 9.483703639090812487e-01 1.084234436472012009e+00
2.087099999892285538e+10 9.510642015099807223e-01 1.218633429039739147e+00
2.087099999881095886e+10 1.211529118092784074e+00 1.078742495364302778e+00
2.087099999880539703e+10 1.084705508813008867e+00 7.892299674636166218e-01
2.087099999897312927e+10 9.935272451808091487e-01 1.041193358257513024e+00
2.087099999883528519e+10 1.062115260952572138e+00 1.317286121727855530e+00
2.087099999878493118e+10 7.608750327682698433e-01 1.235730190059887157e+00
2.087099999880556870e+10 8.128702439285228065e-01 1.546862505071397997e+00
2.087099999851639938e+10 6.927426867250014997e-01 1.590269174272659791e+00
2.087099999878276062e+10 5.241830143304296863e-01 1.566364460395631708e+00
2.087099999869092178e+10 2.271322205269059591e-01 1.509276256582967601e+00
2.087099999845830917e+10 4.188592378662225335e-01 1.604484517378212738e+00
2.087099999847806549e+10 1.964348865518444620e-01 1.380721927823136408e+00
2.087099999870974350e+10 5.673893898000548219e-05 1.293007242341326579e+00
2.087099999870781326e+10 -1.255357330899217194e-01 1.583102862754596218e+00
2.087099999863761139e+10 2.676558888969995942e-02 1.851074623427993782e+00
2.087099999880325699e+10 2.686028690870387869e-01 1.732717147607805819e+00
2.087099999854159546e+10 1.029826422990327839e-01 1.669190498332660866e+00
2.087099999842808533e+10 4.946659317457043070e-02 1.379045337511548563e+00
2.087099999848989105e+10 3.438521673793704658e-01 1.476256769516744116e+00
2.087099999849453735e+10 3.535420210936465746e-01 1.792195365437434740e+00
2.087099999843004227e+10 5.608531255080244637e-01 2.021966815987764843e+00
2.087099999819762039e+10 6.852995030697845991e-01 2.196394625064567396e+00
2.087099999844178772e+10 5.609506399591270842e-01 2.038745644017294190e+00
2.087099999835074997e+10 4.182187674296278801e-01 1.771776382849263420e+00
2.087099999853981400e+10 3.347975765086086963e-01 1.532551985266419114e+00
2.087099999858181763e+10 2.810975670186427466e-02 1.468436080840365143e+00
2.087099999855789948e+10 3.390241324369906439e-01 1.416544099854638139e+00
2.087099999886746597e+10 3.326560001125644650e-01 1.352811479002785644e+00
2.087099999855564880e+10 3.724184120664983944e-01 1.386287112592868631e+00
2.087099999849852753e+10 3.182203021824476785e-01 1.080129571438344538e+00
2.087099999823617554e+10 4.385706202806947118e-01 1.209050426990003979e+00
2.087099999847434235e+10 5.513944489136347604e-01 1.034465883137551723e+00
2.087099999864483261e+10 8.111636687059083917e-01 9.762790992696233072e-01
2.087099999835738754e+10 9.270678107782794886e-01 1.038520744995139244e+00
2.087099999855456543e+10 8.278162777938448125e-01 1.264802276781874069e+00
2.087099999855693817e+10 8.850246935340810861e-01 9.539096447899655384e-01
2.087099999843997574e+10 8.587681221854712721e-01 6.613972953577553771e-01
2.087099999819878387e+10 9.926275452055375315e-01 8.158035173490763015e-01
2.087099999812774277e+10 8.422858745289217852e-01 1.084658672568125093e+00
2.087099999799742126e+10 6.600209844625248845e-01 8.616591254743909412e-01
2.087099999792924500e+10 4.452140806711910037e-01 1.083340159598124908e+00
2.087099999795063400e+10 3.535105635109209166e-01 7.815693321617100953e-01
2.087099999797915649e+10 6.668686767618868805e-01 8.119979502829304252e-01
2.087099999794107056e+10 3.875158507364058202e-01 9.549807105258543150e-01
2.087099999803861618e+10 3.895059584328491864e-01 1.255668608877468229e+00
2.087099999808325958e+10 3.224831093776227564e-01 9.499764652064557335e-01
2.087099999813054276e+10 3.819461624329484328e-02 8.200653056415834197e-01
2.087099999822910690e+10 2.287458117024831206e-01 1.052245815118157957e+00
2.087099999834063339e+10 4.532349646251367936e-01 1.244857790857277768e+00
2.087099999803741455e+10 3.660485028953444075e-01 1.264620651827172981e+00
2.087099999794923401e+10 3.468248929532704028e-01 9.616564993189542498e-01
2.087099999798091125e+10 5.247818373514556711e-01 1.221002905617695866e+00
2.087099999796270370e+10 8.099316468265821412e-01 1.085759691175891328e+00
2.087099999767808151e+10 8.078146163400581337e-01 9.482157600244991436e-01
2.087099999777927399e+10 7.421481463834638248e-01 6.560162889149522281e-01
2.087099999790227127e+10 6.400788902300477146e-01 3.832775423846508933e-01
2.087099999804552460e+10 5.761923543014032534e-01 6.577391360999594871e-01
2.087099999779346466e+10 7.485148701074748612e-01 5.758614835861208814e-01
2.087099999766211700e+10 1.019368129808638335e+00 6.723944060872772965e-01
2.087099999768313599e+10 1.039734883104698637e+00 9.871579628592730415e-01
2.087099999751940536e+10 1.036310547662217196e+00 1.257551633988149398e+00
2.087099999758343124e+10 1.340749587664869402e+00 1.201426849266046037e+00
2.087099999760911179e+10 1.253557812003325944e+00 8.986551455712441516e-01
2.087099999786619568e+10 1.334030016064467583e+00 1.064080871695674002e+00
2.087099999812284470e+10 1.490725983494195495e+00 1.161601405443046575e+00
2.087099999826575470e+10 1.284773040847853931e+00 9.690076316258454669e-01
2.087099999848250198e+10 1.170872727467995089e+00 1.168959519754751319e+00
2.087099999853414536e+10 1.141295016983821187e+00 8.584907647324484525e-01
2.087099999855431366e+10 1.395839726686706195e+00 1.044858276275180353e+00
2.087099999834899902e+10 1.469674033129181989e+00 8.161060989027473234e-01
2.087099999824571228e+10 1.663508237650706656e+00 5.887452079950189487e-01
2.087099999831717682e+10 1.828674297699769191e+00 8.486410217742015316e-01
2.087099999847103882e+10 1.875885152089314722e+00 1.120725731772914902e+00
2.087099999838483810e+10 1.699672778254534666e+00 1.368619728296083693e+00
2.087099999866579437e+10 1.557181028188787897e+00 1.342305944610392210e+00
2.087099999862328339e+10 1.316489183796232476e+00 1.141823939276643607e+00
2.087099999840984344e+10 1.506628149612831979e+00 1.276818360389037288e+00
2.087099999828472137e+10 1.325478869244008040e+00 1.049965955337514023e+00
2.087099999824928665e+10 1.484333283427141659e+00 1.320968502192018112e+00
2.087099999828887558e+10 1.449769679002103517e+00 1.632690640089903944e+00
2.087099999850553513e+10 1.330003407371772584e+00 1.436100543620062897e+00
2.087099999856832504e+10 1.313668231728191582e+00 1.745492042327183579e+00
2.087099999855442810e+10 1.463560500195457248e+00 1.467513876894047442e+00
2.087099999885995865e+10 1.392888993590357005e+00 1.507387891235134170e+00
2.087099999894052505e+10 1.594204222430648521e+00 1.277357975746551633e+00
2.087099999905303192e+10 1.415753561076762201e+00 1.512793580373661406e+00
2.087099999877546310e+10 1.528816829600935234e+00 1.613316169944397860e+00
2.087099999880052567e+10 1.653793481451686587e+00 1.324031862316147112e+00
2.087099999890007782e+10 1.712201333201038400e+00 1.618328278500279938e+00
2.087099999865206909e+10 1.747162312854116495e+00 1.811205662521294890e+00
2.087099999869861221e+10 1.938443284063908312e+00 1.563864021599485898e+00
2.087099999870505524e+10 1.929507789895067660e+00 1.247934729934503162e+00
2.087099999852759552e+10 2.091117815122640611e+00 1.042209672680747268e+00
2.087099999866426849e+10 1.806246255560588265e+00 1.052293602100040637e+00
2.087099999871472168e+10 1.680085607942169545e+00 7.668630773875954043e-01
2.087099999890201187e+10 1.583193525146997960e+00 1.002377380785238969e+00
2.087099999908494186e+10 1.786486815188032873e+00 1.160934789097234576e+00
2.087099999908666992e+10 1.651287055903585932e+00 8.751889204639766717e-01
2.087099999902129745e+10 1.647124127274871119e+00 5.659289519143824165e-01
2.087099999929486084e+10 1.489036802732081499e+00 5.761702301471925969e-01
2.087099999954395676e+10 1.300668189614805126e+00 5.271622348268525382e-01
2.087099999938400269e+10 1.356980289738394907e+00 2.603742605247388320e-01
2.087099999919174957e+10 1.586245671568509152e+00 1.583510998953085169e-01
2.087099999918737030e+10 1.588018186057051029e+00 -1.577348796271718923e-01
2.087099999949573898e+10 1.654907436025902623e+00 -1.768809378138065380e-01
2.087099999926546860e+10 1.709189371030053417e+00 3.278914811811567409e-02
2.087099999933674240e+10 1.896622025914707965e+00 -2.115910843003137309e-01
2.087099999906239700e+10 1.803000856365801985e+00 -3.376984266579234895e-01
2.087099999910310364e+10 2.103723641680415035e+00 -2.491465293489436017e-01
2.087099999917993546e+10 2.398438719420987297e+00 -1.644571844314816622e-01
2.087099999931679916e+10 2.608165859145049836e+00 -3.573698293780921409e-01
2.087099999929930496e+10 2.567596751297400726e+00 -4.435103743484913874e-02
2.087099999934121323e+10 2.695860587425237487e+00 2.415244013608184304e-01
2.087099999936887360e+10 2.620372889869369892e+00 5.472516558555442501e-01
2.087099999950728989e+10 2.667402377364281207e+00 8.275413481218272249e-01
2.087099999948330307e+10 2.778053347075204904e+00 1.122691608891858150e+00
2.087099999947866440e+10 2.794878590211540725e+00 8.070525147315317227e-01
2.087099999946382523e+10 2.776016517205856626e+00 4.918434851719932221e-01
2.087099999972066498e+10 2.769013695750030202e+00 3.076788939372441245e-01
2.087099999972833633e+10 2.726138724160654725e+00 6.207852196823691049e-01
2.087099999964977646e+10 2.756696590341796593e+00 9.254604541532412965e-01
2.087099999941217804e+10 2.548878376409606794e+00 9.425501142568989410e-01
2.087099999944232941e+10 2.747663853576355564e+00 1.186492610895076627e+00
2.087099999924747467e+10 2.544469182316125178e+00 1.330287366571816454e+00
2.087099999894701767e+10 2.583782073548406277e+00 1.420362169792140694e+00
2.087099999895793915e+10 2.272377410160862254e+00 1.473658531524227211e+00
2.087099999902025986e+10 2.087082525542805822e+00 1.225234051976986205e+00
2.087099999874538422e+10 2.224596492671749637e+00 1.151307468922471156e+00
2.087099999895261002e+10 2.210773185010231234e+00 1.389634026140692091e+00
2.087099999887363434e+10 1.996058782694841716e+00 1.607792380537011345e+00
2.087099999880788040e+10 1.819193373667026936e+00 1.861421317297426548e+00
2.087099999890378189e+10 1.667898542995182920e+00 1.600949341293807171e+00
2.087099999885634613e+10 1.656330266286181407e+00 1.913277134387214362e+00
2.087099999897839737e+10 1.729317444957809036e+00 1.630949047298970056e+00
2.087099999878172302e+10 1.679295491295581533e+00 1.873330979194186785e+00
2.087099999870646667e+10 1.675884466260024741e+00 2.180344544427383457e+00
2.087099999856962204e+10 1.493810855975479690e+00 2.399560745200747025e+00
2.087099999832033157e+10 1.362964813315232115e+00 2.543320861537444966e+00
2.087099999832701492e+10 1.377266441603896885e+00 2.227593995099954594e+00
2.087099999828691864e+10 1.425956478638075620e+00 2.537358579791675339e+00
2.087099999828967285e+10 1.391775280977289864e+00 2.851614412444045676e+00
2.087099999851245117e+10 1.529289732971030880e+00 2.674434962710124264e+00
2.087099999840281296e+10 1.676585413600265362e+00 2.931760162922254942e+00
2.087099999844586945e+10 1.694160485582407727e+00 3.244442013229968502e+00
2.087099999846943665e+10 1.729332687404442348e+00 2.931168830852888707e+00
2.087099999846797943e+10 2.040230410470622147e+00 2.873957401682096791e+00
2.087099999855199814e+10 1.972895167950006856e+00 3.171176644959430746e+00
2.087099999830025482e+10 1.937977470356612386e+00 2.983190257196149719e+00
2.087099999819116592e+10 1.752176998532013918e+00 3.214513634712864665e+00
2.087099999819901276e+10 1.576153299816055009e+00 2.952050834132217361e+00
2.087099999831354523e+10 1.603125575155288862e+00 3.245458205197919277e+00
2.087099999841994858e+10 1.703264337841861709e+00 2.965130544684172698e+00
2.087099999870340729e+10 1.635149229291028794e+00 2.842882466822391763e+00
2.087099999863568878e+10 1.525532553880590836e+00 2.554211617619388974e+00
2.087099999861575317e+10 1.532817823254609912e+00 2.238803649603081425e+00
2.087099999864274216e+10 1.584922471791034182e+00 1.928176282321397261e+00
2.087099999835335159e+10 1.503557768568365871e+00 1.830372202758520084e+00
2.087099999847479248e+10 1.384543463304195532e+00 1.563876152759966498e+00
2.087099999869035721e+10 1.189924279460295331e+00 1.439024788767475638e+00
2.087099999860429764e+10 1.376065994020872596e+00 1.679602454821754076e+00
2.087099999883489609e+10 1.278360591276031411e+00 1.486701437792782743e+00
2.087099999881796265e+10 1.195780723896520792e+00 1.791375856557713142e+00
2.087099999877841187e+10 1.179994828935263973e+00 2.104615897959147830e+00
2.087099999876905823e+10 1.181310033110702040e+00 2.420595973481332486e+00
2.087099999880354691e+10 1.260965347204475284e+00 2.116625099884980266e+00
2.087099999871173096e+10 1.432380189630251710e+00 2.365862393502057071e+00
2.087099999850628281e+10 1.205782083058313914e+00 2.286004942981149313e+00
2.087099999850424957e+10 1.198982001052801172e+00 2.602046528383563206e+00
2.087099999849619293e+10 1.196794035707951398e+00 2.918057568009294833e+00
2.087099999863649368e+10 1.345103053497883172e+00 2.676700807824960116e+00
2.087099999890079498e+10 1.361807505598750634e+00 2.504077373009397700e+00
2.087099999916592026e+10 1.318558546384112296e+00 2.337434051011185954e+00
2.087099999893943024e+10 1.526480896419638800e+00 2.263926624281411115e+00
2.087099999896915436e+10 1.372172960000051178e+00 2.538222449948723369e+00
2.087099999898329926e+10 1.284048406053219127e+00 2.841482492864358278e+00
2.087099999878294754e+10 1.500549226689540827e+00 2.727822811113014279e+00
2.087099999888067627e+10 1.533802831694794699e+00 3.026613240963891727e+00
2.087099999885586166e+10 1.740644695110974638e+00 2.788845680264493865e+00
2.087099999877052307e+10 1.490956157737763910e+00 2.962931528878382181e+00
2.087099999845511246e+10 1.482541435738160773e+00 2.982375756341348438e+00
2.087099999845359802e+10 1.639797666401271004e+00 3.256603492344901429e+00
2.087099999852489853e+10 1.351005974231672013e+00 3.363601025559614932e+00
2.087099999832263565e+10 1.229417539335175835e+00 3.153273003108104433e+00
2.087099999843004227e+10 1.022272152080025087e+00 2.939994848881221312e+00
2.087099999833480453e+10 8.884523689916647982e-01 3.210095614178272605e+00
2.087099999828922272e+10 1.071991096311280200e+00 3.463410939875307015e+00
2.087099999828997040e+10 1.128362536982865150e+00 3.152357304097501256e+00
2.087099999817542648e+10 8.719458279118204036e-01 3.297489006650307086e+00
2.087099999817623901e+10 8.718543491814878532e-01 2.981368784503431346e+00
2.087099999825659943e+10 7.000279506899826920e-01 2.728484108396603602e+00
2.087099999827316284e+10 7.139342638659897933e-01 3.043864670115952187e+00
2.087099999849545288e+10 7.244334031992542000e-01 3.268383751414727811e+00
2.087099999832276917e+10 4.901270982144479982e-01 3.145037972673887072e+00
2.087099999855168533e+10 6.817952644262161854e-01 3.248929959299920789e+00
2.087099999852697754e+10 8.466487303199449199e-01 3.517529003684347622e+00
2.087099999846273804e+10 6.336691234392498595e-01 3.742129970265951844e+00
2.087099999831171799e+10 5.949423342822087735e-01 3.467129023943330779e+00
2.087099999838784027e+10 4.009887421856469514e-01 3.704869065206885637e+00
2.087099999833149338e+10 3.523309973639000003e-01 3.397639053209013049e+00
2.087099999828024673e+10 3.200888256173221036e-01 3.087369951273097435e+00
2.087099999811946487e+10 1.890977514522969027e-01 2.848784069336855129e+00
2.087099999807693481e+10 4.675268087515570548e-01 2.705253533652821840e+00
2.087099999816799164e+10 2.245854110098628731e-01 2.885865072858769587e+00
2.087099999795181274e+10 7.504951882715771294e-03 2.807915216298492389e+00
2.087099999779976273e+10 2.266863767614832881e-01 2.977541084428219520e+00
2.087099999776298904e+10 2.139551980430933198e-01 3.291257911252939206e+00
2.087099999757390594e+10 2.158917884231428552e-01 3.544588194605978515e+00
2.087099999733099747e+10 2.515267437156634700e-02 3.612022265733364712e+00
2.087099999711352921e+10 -2.026605828077578386e-01 3.639245108955290853e+00
2.087099999710314178e+10 -2.061904126775573054e-01 3.323314315542714059e+00
2.087099999683347702e+10 -3.693246392572565595e-01 3.347805496387392221e+00
2.087099999662984085e+10 -2.225838025103384632e-01 3.155626778780859620e+00
2.087099999684745789e+10 -2.974587771074450049e-01 3.372348855368819009e+00
2.087099999683739471e+10 -4.192280031377624283e-01 3.663902745950134765e+00
2.087099999683469772e+10 -3.956682020650140741e-01 3.348672145836149916e+00
2.087099999674853516e+10 -2.108711858395790895e-01 3.107096382398324419e+00
2.087099999679470444e+10 -2.193799321716136119e-01 2.794480730091512211e+00
2.087099999679995346e+10 -2.483759659714633028e-01 2.479735868702049650e+00
2.087099999677785873e+10 -3.685972812982788449e-01 2.771268583538461616e+00
2.087099999686553192e+10 -3.562841937715321428e-01 2.467797373805462158e+00
2.087099999697317123e+10 -1.704799988570169234e-01 2.699795119060341086e+00
2.087099999682915497e+10 4.041482876600108187e-02 2.886116411524348724e+00
2.087099999695984650e+10 -1.970148425280520976e-01 2.723390060339021534e+00
2.087099999670755386e+10 -9.284162808844947934e-03 2.691171375413831779e+00
2.087099999692432022e+10 1.720580528874824378e-01 2.832801848722219074e+00
2.087099999681998062e+10 9.773267586037320820e-02 3.121802614171896639e+00
2.087099999710528946e+10 -3.421659606853888480e-02 3.088325281897236430e+00
2.087099999706641388e+10 -3.951466469399585180e-02 3.402002379966189594e+00
2.087099999688884735e+10 1.260808620581497230e-01 3.604438179823392208e+00
2.087099999659356689e+10 1.935969089729529802e-01 3.694896637545112661e+00
2.087099999665272522e+10 3.544444647894040012e-01 3.960529561184392477e+00
2.087099999672914886e+10 3.747506270132313633e-01 3.654458409179530243e+00
2.087099999677170181e+10 3.955361122377298866e-01 3.967012311511401546e+00
2.087099999664435959e+10 6.801183262758525583e-01 4.019259330354850057e+00
2.087099999652146530e+10 4.834947460430408794e-01 4.234129578722194864e+00
2.087099999674855804e+10 4.949146244461776201e-01 4.014513215305485438e+00
2.087099999660855484e+10 2.330519816425690172e-01 3.906068540499481934e+00
2.087099999638439560e+10 1.082014481763077240e-02 3.888785812084263327e+00
2.087099999629022980e+10 1.487365133661739669e-01 4.157196734940135308e+00
2.087099999632636642e+10 1.436258585639699215e-01 4.471204208583167805e+00
2.087099999648852921e+10 1.696131787972889882e-01 4.201092944719303723e+00
2.087099999667405701e+10 3.287258190283898207e-01 4.401580772112524187e+00
2.087099999663616943e+10 3.044576992931271597e-01 4.714483859095341955e+00
2.087099999670737457e+10 1.902933643700652766e-01 4.428426604156612711e+00
2.087099999662158585e+10 1.193603705808553572e-01 4.132552063318121860e+00
2.087099999664115143e+10 6.579540035528452790e-02 3.821616929683290920e+00
2.087099999680658722e+10 3.142042197481208499e-01 3.925814187158083168e+00
2.087099999697606659e+10 4.241541239670089669e-01 4.168959916240192243e+00
2.087099999703812027e+10 3.112642588036975688e-01 3.880277110803891372e+00
2.087099999692967987e+10 5.360832796810861556e-01 3.686292406614025907e+00
2.087099999716868210e+10 6.769063692132359922e-01 3.534704313003294462e+00
2.087099999743964386e+10 7.996825999258825313e-01 3.641654282846475077e+00
2.087099999752695465e+10 4.959036849017645632e-01 3.646930547612445395e+00
2.087099999749266052e+10 4.577156637003330641e-01 3.958857391614663879e+00
2.087099999741859055e+10 6.972879232696038709e-01 3.766370542578421521e+00
2.087099999751163483e+10 6.905522734774226512e-01 3.464327453701374182e+00
2.087099999776602173e+10 5.253373880291176690e-01 3.375313602248874556e+00
2.087099999778854752e+10 6.706602657982012605e-01 3.095480714397917943e+00
2.087099999791675949e+10 6.262105711565587596e-01 3.380994518972427532e+00
2.087099999792174149e+10 5.758320589054897187e-01 3.693035940393654570e+00
2.087099999799321365e+10 5.068330070112845309e-01 3.392930156850497259e+00
2.087099999773107147e+10 5.915936394762403294e-01 3.547942544897099371e+00
2.087099999773790741e+10 6.074272489966200395e-01 3.232292053398536869e+00
2.087099999770930481e+10 4.583322536030628447e-01 3.509574013465882381e+00
2.087099999796977997e+10 2.853987161825596308e-01 3.556253723379655618e+00
2.087099999794280243e+10 4.679208764819650090e-01 3.299562403169931546e+00
2.087099999782770538e+10 4.115058866294261097e-01 3.010594573647509709e+00
2.087099999761102676e+10 5.340341681920265371e-01 3.205453616195721445e+00
2.087099999775631332e+10 3.990221899931495342e-01 2.959289893067393873e+00
2.087099999752536392e+10 6.148484923676291736e-01 2.955444213577577806e+00
2.087099999744179916e+10 5.544784143740227877e-01 2.656604947103013092e+00
2.087099999738061905e+10 7.162631433982923346e-01 2.921208864227986091e+00
2.087099999732280731e+10 9.056370557070994032e-01 2.674778301868469210e+00
2.087099999712280273e+10 7.708727231570648986e-01 2.470404492817674491e+00
2.087099999700542450e+10 9.146232350766634323e-01 2.214493161864925064e+00
2.087099999677666473e+10 6.964990101675792022e-01 2.209692290042191143e+00
2.087099999693968964e+10 9.468245836630511114e-01 2.106289757654430606e+00
2.087099999701369476e+10 7.594121974368847061e-01 2.349872245778521940e+00
2.087099999692943573e+10 4.991319398976124533e-01 2.191481674867713281e+00
2.087099999697988129e+10 8.096000102192274506e-01 2.223062778740765744e+00
2.087099999708981323e+10 8.402420030665125328e-01 2.517865778293615797e+00
2.087099999707310867e+10 9.967950024964568057e-01 2.791991148342949369e+00
2.087099999695734787e+10 9.595542683887902102e-01 3.083787290486406096e+00
2.087099999669055176e+10 7.967424276865544552e-01 3.131168497204383616e+00
2.087099999700251770e+10 7.854163214815336191e-01 3.180988115454465692e+00
2.087099999704401398e+10 7.098052338938447559e-01 3.485115800284623422e+00
2.087099999692007446e+10 7.576856030685771293e-01 3.198272663423924467e+00
2.087099999700582886e+10 8.223752454606688689e-01 3.495584061566793466e+00
2.087099999696052170e+10 7.731927261118940464e-01 3.804551714981972310e+00
2.087099999717393875e+10 7.431170941904419180e-01 3.573292096384084626e+00
2.087099999717116547e+10 6.983839428268370231e-01 3.886220059548517458e+00
2.087099999728845596e+10 6.923850273136893385e-01 4.179716322541051632e+00
2.087099999729179764e+10 6.562560400477057687e-01 3.865684174580950039e+00
2.087099999747297668e+10 8.992047809556875659e-01 3.775781089619699493e+00
2.087099999722735596e+10 1.028111679025575098e+00 3.624166673913141068e+00
2.087099999735523605e+10 9.326536829251151905e-01 3.351279453244093709e+00
2.087099999720759583e+10 8.788168676989588368e-01 3.625571922203831399e+00
2.087099999731967545e+10 7.313931543662173240e-01 3.881769810221622485e+00
2.087099999751787186e+10 8.426122194951072286e-01 4.101499218100151722e+00
2.087099999751520538e+10 8.421206647830828951e-01 3.785389557502759406e+00
2.087099999770134354e+10 9.330066168810072780e-01 3.546591046086100540e+00
2.087099999750402451e+10 9.086388897843858947e-01 3.792363058157090627e+00
2.087099999755155182e+10 6.251910011396368816e-01 3.660715572459801948e+00
2.087099999768746567e+10 4.173406009309796882e-01 3.856313314553739158e+00
2.087099999773224258e+10 7.283371056570091540e-01 3.821546864525116050e+00
2.087099999761072159e+10 6.701535951167335581e-01 4.107518121993052773e+00
2.087099999768813324e+10 3.706934124779119877e-01 4.172816542718455146e+00
2.087099999764997482e+10 2.788750514097343425e-01 3.872739903969784070e+00
2.087099999742143631e+10 3.189674515876479988e-01 4.087437149758314625e+00
2.087099999730773163e+10 5.668955165015375774e-01 4.247235270954519137e+00
2.087099999743593979e+10 7.634208934055829454e-01 4.035402003917950786e+00
2.087099999742967224e+10 8.001575202877140303e-01 3.721485136419606654e+00
2.087099999740602493e+10 7.222480655072872624e-01 4.026941420213294265e+00
2.087099999726617050e+10 7.399533302194498674e-01 3.743993214252710366e+00
2.087099999716054535e+10 7.369389139825096580e-01 3.446054891324283442e+00
2.087099999685868073e+10 6.599547865786876688e-01 3.392363414645416242e+00
2.087099999669803238e+10 5.455741173613861683e-01 3.145296371618341524e+00
2.087099999658031464e+10 5.457958619986948978e-01 3.438681762511056395e+00
2.087099999647127914e+10 4.377889512754649104e-01 3.162315558757024192e+00
2.087099999657967758e+10 6.640685618871694507e-01 3.354617511131727792e+00
2.087099999667071915e+10 6.017167559333376214e-01 3.058380776018504221e+00
2.087099999676066971e+10 8.914791969722783982e-01 3.147145065493080374e+00
2.087099999651036453e+10 9.322431466705219938e-01 2.958417818039165148e+00
2.087099999650357437e+10 1.246409811112335175e+00 2.923981162442704118e+00
2.087099999643616486e+10 1.083150814258397654e+00 3.186155006249380417e+00
2.087099999646146011e+10 1.384519727836110770e+00 3.094124983193161871e+00
2.087099999634945679e+10 1.365517868725986350e+00 2.799121795565801207e+00
2.087099999617681885e+10 1.626720706677635242e+00 2.755508304705338141e+00
2.087099999643744278e+10 1.783176317955960322e+00 2.842283821184425019e+00
2.087099999648652649e+10 1.479579030762581349e+00 2.769126414692337779e+00
2.087099999647880173e+10 1.501150681348865312e+00 2.453836624307407899e+00
2.087099999679143143e+10 1.544527635521789843e+00 2.471569307028650186e+00
2.087099999679312515e+10 1.543877581806840649e+00 2.787685371603859430e+00
2.087099999673973846e+10 1.572407734551739988e+00 2.477413771136006027e+00
2.087099999670954514e+10 1.570305973164288549e+00 2.792082813904940508e+00
2.087099999671043396e+10 1.578545206966333936e+00 3.108095452991638474e+00
2.087099999671232986e+10 1.546533336670791625e+00 2.793604896158870421e+00
2.087099999701800156e+10 1.621460334881844823e+00 2.823320938963989946e+00
2.087099999692970276e+10 1.737112887627120683e+00 2.542678136410571277e+00
2.087099999723225784e+10 1.682440973344079271e+00 2.616190671316983796e+00
2.087099999722500992e+10 1.664000453382160405e+00 2.931690430659235513e+00
2.087099999716259003e+10 1.646013188096773439e+00 2.622315553250672782e+00
2.087099999717655563e+10 1.617509592088787640e+00 2.936839209565329067e+00
2.087099999710429001e+10 1.760795300577052247e+00 3.209198775561016070e+00
2.087099999715187454e+10 1.749846028306607515e+00 2.896871321711542269e+00
2.087099999721753311e+10 1.576646953767824488e+00 3.153042693802951213e+00
2.087099999721809387e+10 1.580278537609378864e+00 3.469142609338556227e+00
2.087099999750706863e+10 1.645968355685405449e+00 3.359087873623254783e+00
2.087099999719237518e+10 1.641032436348554224e+00 3.388686406627295700e+00
2.087099999688009262e+10 1.630246931854374193e+00 3.436603296468254243e+00
2.087099999697270203e+10 1.847198500755748540e+00 3.226155578635281351e+00
2.087099999713094330e+10 1.574039379927039795e+00 3.209532932348513334e+00
2.087099999703938675e+10 1.812056057864809278e+00 3.396343465654179994e+00
2.087099999722271729e+10 1.898613687054594212e+00 3.638893096077397082e+00
2.087099999714281845e+10 1.592763337758310138e+00 3.636797525174893853e+00
2.087099999698892212e+10 1.426973616558247393e+00 3.415975039711149908e+00
2.087099999698952103e+10 1.427047255653114854e+00 3.732095737090086462e+00
2.087099999684596634e+10 1.176613078673851343e+00 3.860964732987987258e+00
2.087099999681125641e+10 1.317143748678474946e+00 4.141996869754259514e+00
2.087099999657563782e+10 1.144285494006062054e+00 4.021426220935945040e+00
2.087099999657573318e+10 1.342618792438813990e+00 3.775262545170301465e+00
2.087099999670167542e+10 1.281040920794001448e+00 3.491925586149664085e+00
2.087099999651589584e+10 1.042425630931036906e+00 3.584016724019639444e+00
2.087099999669964981e+10 1.004077135469254367e+00 3.838370879615765840e+00
2.087099999684317780e+10 1.133581262216154073e+00 4.088493585797840169e+00
2.087099999708477783e+10 1.170836670915682776e+00 3.888056508644891718e+00
2.087099999722138977e+10 1.032756443500102428e+00 3.638649997477143572e+00
2.087099999721448135e+10 1.037794292171696053e+00 3.954655623436020395e+00
2.087099999724962997e+10 1.101603397018579678e+00 3.647042622955122049e+00
2.087099999749395370e+10 9.097745358929087978e-01 3.705701977497184441e+00
2.087099999777917099e+10 8.791692479802364346e-01 3.838542420147863510e+00
2.087099999765643692e+10 1.170489693939696263e+00 3.837241607152210854e+00
2.087099999791074753e+10 1.059155158322211188e+00 3.988449380153464396e+00
2.087099999784503555e+10 9.163153256379434897e-01 4.262696259866529225e+00
2.087099999799328232e+10 8.514055938188058725e-01 4.534252049172056154e+00
2.087099999799996567e+10 8.544495902146006516e-01 4.218216058876562258e+00
2.087099999817097092e+10 7.748285707106872255e-01 4.471889150002282598e+00
2.087099999822250748e+10 4.659498070233824008e-01 4.515139728056411172e+00
2.087099999825155258e+10 2.255797454527182777e-01 4.718391544699599649e+00
2.087099999849923706e+10 3.435734335275733575e-01 4.875433877834656649e+00
2.087099999832873154e+10 1.185549614781179761e-01 4.733211784213493090e+00
2.087099999832835770e+10 1.147615647708215697e-01 5.049310077032299837e+00
2.087099999838133621e+10 1.043203783453765243e-01 5.360785715243644667e+00
2.087099999866161346e+10 1.225689309040665087e-01 5.215716990872228287e+00
2.087099999888205719e+10 1.453649786928377652e-01 5.441146056757020233e+00
2.087099999873538971e+10 1.248109584618733447e-01 5.161864291433746033e+00
2.087099999859663010e+10 1.528232990205871111e-01 5.444519339065303498e+00
2.087099999869405365e+10 2.014547900756010756e-01 5.741295828629017883e+00
2.087099999868690109e+10 2.054698740887187791e-01 6.057310662939564772e+00
2.087099999868962097e+10 4.012210482025290736e-01 5.809103593954222156e+00
2.087099999874831772e+10 6.979675433544552110e-01 5.717294967486889590e+00
2.087099999866712570e+10 8.751350223319998012e-01 5.468393020842623464e+00
2.087099999892669678e+10 1.051544239700000105e+00 5.430509908964576304e+00
2.087099999882882690e+10 1.059280884959837188e+00 5.730999942454038987e+00
2.087099999886115265e+10 1.340089278177817755e+00 5.589457364483616963e+00
2.087099999861688995e+10 1.464049508408565181e+00 5.431655729058995519e+00
2.087099999872750092e+10 1.178391311804633634e+00 5.509738578836618217e+00
2.087099999847113800e+10 1.149152607182235553e+00 5.327103090746335923e+00
2.087099999860281754e+10 1.251722049723584362e+00 5.595567498321543098e+00
2.087099999832027817e+10 1.300763739936598551e+00 5.462527044814085464e+00
2.087099999804275131e+10 1.265790825747481030e+00 5.315254980094105797e+00
2.087099999786048508e+10 1.490179390426467299e+00 5.187341113175981455e+00
2.087099999769006348e+10 1.536218519531598048e+00 5.449580376801639758e+00
2.087099999769126892e+10 1.535212869224498400e+00 5.765697755951297410e+00
2.087099999740844345e+10 1.543233627787935935e+00 5.624707052411458186e+00
2.087099999734992218e+10 1.500006795102688084e+00 5.932342235574959766e+00
2.087099999737453842e+10 1.186626219383787983e+00 5.965799145987042529e+00
2.087099999737891769e+10 1.156705198846764260e+00 6.280470769853701007e+00
2.087099999720595169e+10 1.139866389317231832e+00 6.544538703105583721e+00
2.087099999721182632e+10 1.134329684260324322e+00 6.860556876631767942e+00
2.087099999744324493e+10 1.085574224488220274e+00 6.650790862725679098e+00
2.087099999741971970e+10 1.061098849173792047e+00 6.336497700943514388e+00
2.087099999759288025e+10 1.210435315426687808e+00 6.118215167180757419e+00
2.087099999755754471e+10 9.262305480602246455e-01 5.984380083883005241e+00
2.087099999782313919e+10 9.738659030403877814e-01 5.819689147953506669e+00
2.087099999773154831e+10 8.813490583721295124e-01 5.531618471793644076e+00
2.087099999771298981e+10 8.706909778476031869e-01 5.216222457885654862e+00
2.087099999780126190e+10 1.096619686357701573e+00 5.418945589381807260e+00
2.087099999780540085e+10 1.076854024213679040e+00 5.734421181696013115e+00
2.087099999759962082e+10 8.380382980860233699e-01 5.757965518752341083e+00
2.087099999767800522e+10 8.577662575538316236e-01 5.452352540746360887e+00
2.087099999758174896e+10 6.278032251519687357e-01 5.646734005235908072e+00
2.087099999758619308e+10 6.214485109439273902e-01 5.962760161759655730e+00
2.087099999747262192e+10 5.687097142212399481e-01 6.253023414930470203e+00
2.087099999754822540e+10 4.228414990711009125e-01 6.523096486360872248e+00
2.087099999763330078e+10 3.746619219775588761e-01 6.823717951250406699e+00
2.087099999744421768e+10 3.983625076740640036e-01 7.075944674175389082e+00
2.087099999721025085e+10 1.979680811353980163e-01 7.146895629402012062e+00
2.087099999729491425e+10 3.438798870339914160e-01 7.414242661596714967e+00
2.087099999730403519e+10 3.356314509495832987e-01 7.098360710220962488e+00
2.087099999733675003e+10 3.745622780987529765e-01 6.786356327666762667e+00
2.087099999739762878e+10 4.874013727467799706e-01 7.075309154949832369e+00
2.087099999736288452e+10 7.819034734414576082e-01 7.184826677454593913e+00
2.087099999717171097e+10 8.085103994936594374e-01 7.435181882045839075e+00
2.087099999700551605e+10 7.959643969293614951e-01 7.703797086267406335e+00
2.087099999698265076e+10 4.889437344777200489e-01 7.775547802072218850e+00
2.087099999687502670e+10 4.158309816269079029e-01 7.487443629659333411e+00
2.087099999688809586e+10 6.688964659484119002e-01 7.676440159180833334e+00
2.087099999677503967e+10 3.808800552685248642e-01 7.741228259909089360e+00
2.087099999678002548e+10 6.496079418119105053e-02 7.751368085199436209e+00
2.087099999708523560e+10 1.442507718204173450e-01 7.729166086546429781e+00
2.087099999703187943e+10 2.014202100025990205e-01 7.422869479819956595e+00
2.087099999695528412e+10 5.070009958053049992e-01 7.396672803838374222e+00
2.087099999694807053e+10 3.896088059007144500e-01 7.690100300238319697e+00
2.087099999679579544e+10 1.141999264711113793e-01 7.660191117375876324e+00
2.087099999684571075e+10 1.849997722786786425e-01 7.356170860980555837e+00
2.087099999667446136e+10 1.934210741096560049e-01 7.090585738306791619e+00
2.087099999638103867e+10 3.077776341026146611e-01 7.118103863377606366e+00
2.087099999614071274e+10 3.683988555072621462e-01 6.921887864675716706e+00
2.087099999624817657e+10 3.077173236659843103e-01 6.630852524046018992e+00
2.087099999645688629e+10 5.385271722359750157e-01 6.686532388611976963e+00
2.087099999664933395e+10 5.822119551343503119e-01 6.933488798839557710e+00
2.087099999686013412e+10 3.467632113017112272e-01 6.925720332418407565e+00
2.087099999687247467e+10 3.075067654691870378e-01 6.612288875948953759e+00
2.087099999701194382e+10 2.316290609062288397e-01 6.885645003698043887e+00
2.087099999699361420e+10 2.277558117219686817e-01 7.201210714057414641e+00
2.087099999678746796e+10 4.442536911779826347e-01 7.098427957340926575e+00
2.087099999687850571e+10 1.865601101804593154e-01 7.257296010138211351e+00
2.087099999697293091e+10 2.946223107255079854e-01 6.975624468372611631e+00
2.087099999699657059e+10 2.609569825696909096e-01 6.662190990357541587e+00
2.087099999689255142e+10 5.835786959235217397e-02 6.442950345596729633e+00
2.087099999673963165e+10 -5.101983004926008425e-02 6.697085648176545725e+00
2.087099999675384521e+10 2.627423191613535436e-01 6.661253110273791300e+00
2.087099999686564636e+10 4.359007575184741801e-01 6.900939150958470769e+00
2.087099999683703995e+10 3.321171241336060564e-01 7.198164988490461269e+00
2.087099999701572418e+10 3.416304960220632458e-01 6.937560908592068643e+00
2.087099999694469452e+10 3.397655035365537701e-01 7.245593557883120539e+00
2.087099999691650772e+10 4.145320812673935484e-01 7.551449944039849704e+00
2.087099999690223312e+10 5.093370327451967050e-01 7.852682198589800322e+00
2.087099999705321121e+10 7.829637713015069611e-01 7.900290342116215392e+00
2.087099999709297943e+10 7.690461036568581044e-01 7.586989293975758386e+00
2.087099999687603760e+10 9.334411183508548593e-01 7.426229960030984678e+00
2.087099999711402130e+10 1.031911400204188256e+00 7.609531764537974752e+00
2.087099999691687393e+10 1.020362716162999561e+00 7.362686137441365020e+00
2.087099999719474411e+10 8.852414673441524329e-01 7.295875261220457375e+00
2.087099999741052628e+10 6.568251195533418851e-01 7.330472899946181897e+00
2.087099999736164856e+10 6.365811632484219551e-01 7.642136076753823559e+00
2.087099999741085434e+10 6.900759761547147209e-01 7.334483984396177547e+00
2.087099999767013931e+10 6.016704226697874303e-01 7.176724299420055964e+00
2.087099999769307709e+10 8.509077060338364751e-01 7.369823490788925291e+00
2.087099999757522964e+10 8.026836589025340141e-01 7.659166221553626919e+00
2.087099999759342194e+10 8.700783687455773130e-01 7.967483700260219237e+00
2.087099999773522186e+10 1.152413861624901337e+00 7.978073649042234372e+00
2.087099999768075943e+10 9.496031056350953126e-01 8.214366831384875667e+00
2.087099999777475739e+10 1.080731840125149779e+00 7.942517556241256216e+00
2.087099999746632767e+10 1.039710593395233307e+00 7.998392866676271140e+00
2.087099999774069214e+10 1.059830728670833055e+00 8.154121012456272410e+00
2.087099999774731827e+10 1.178905527887035953e+00 8.446883614612911373e+00
2.087099999800927734e+10 1.257314674889471462e+00 8.288256008480823667e+00
2.087099999775232697e+10 1.103354444143719970e+00 8.187234381698885954e+00
2.087099999796467590e+10 9.907450436311585618e-01 8.392564585028253532e+00
2.087099999797810364e+10 9.530255010478482225e-01 8.706140124385743917e+00
2.087099999783675766e+10 8.733935679142196262e-01 8.434822749084066373e+00
2.087099999779234695e+10 8.091906745706560766e-01 8.741153076805794342e+00
2.087099999778011703e+10 6.597409760443908588e-01 9.019447709730824769e+00
2.087099999764430237e+10 7.483573977265391974e-01 9.290803061721129907e+00
2.087099999740291595e+10 8.001046016791056870e-01 9.488253778762489432e+00
2.087099999739744949e+10 7.898307580372571080e-01 9.804160788009150806e+00
2.087099999749638367e+10 8.779198052961888488e-01 1.009118858584155198e+01
2.087099999756901550e+10 8.974391829625963934e-01 9.784144147802404490e+00
2.087099999738004684e+10 8.763684432091619625e-01 9.531598297731891378e+00
2.087099999750460434e+10 5.885343392420938624e-01 9.571219628510986510e+00
2.087099999743233490e+10 7.594475692333523265e-01 9.827146006098633535e+00
2.087099999750281525e+10 1.067097418443789802e+00 9.844947893728361876e+00
2.087099999725172424e+10 1.065893178599143010e+00 1.003699953372239051e+01
2.087099999756038284e+10 1.034793043256245992e+00 1.009777971548026976e+01
2.087099999752968216e+10 1.346335114495141649e+00 1.005382816913151878e+01
2.087099999757250977e+10 1.262318698707166620e+00 1.035555577337822442e+01
2.087099999733305359e+10 1.449876290018271341e+00 1.026944405618755063e+01
2.087099999722180557e+10 1.244838751969173041e+00 1.005609835813315556e+01
2.087099999732586670e+10 1.219718507763521531e+00 9.758654772099708552e+00
2.087099999753913116e+10 1.297883153072169060e+00 9.538789355357675248e+00
2.087099999748254395e+10 1.388922691970111645e+00 9.836181881567769736e+00
2.087099999769368362e+10 1.334662114163182034e+00 1.006511124001868929e+01
2.087099999782379532e+10 1.610540075026953177e+00 1.014814477688521421e+01
2.087099999793930817e+10 1.636317376360660214e+00 9.855015009826589178e+00
2.087099999792819214e+10 1.566428166549491907e+00 9.546916658323318927e+00
2.087099999812795258e+10 1.420641777706982189e+00 9.350004481247580657e+00
2.087099999813777924e+10 1.423770227032597813e+00 9.665957536980648968e+00
2.087099999833439255e+10 1.658890453082086491e+00 9.743378117229116953e+00
2.087099999834160995e+10 1.399730617397040522e+00 9.924255790560888357e+00
2.087099999808408737e+10 1.356805568875267376e+00 1.010250479704430582e+01
2.087099999789541245e+10 1.294155677976147389e+00 9.856721925375808269e+00
2.087099999799442291e+10 1.049807552835553714e+00 1.003114611503319153e+01
2.087099999797438812e+10 1.094390005334429539e+00 9.718826288418011217e+00
2.087099999815237808e+10 1.062008492466457676e+00 9.459589917662908576e+00
2.087099999813911057e+10 7.489539311260087207e-01 9.417715551679886943e+00
2.087099999804578781e+10 8.397472053793880731e-01 9.129653022601852186e+00
2.087099999813729477e+10 5.716664405178073505e-01 9.269979451786941382e+00
2.087099999831167984e+10 8.350361608017821125e-01 9.282603333220832198e+00
2.087099999841319656e+10 7.575484456975654091e-01 9.571779025660804407e+00
2.087099999856108475e+10 9.985496554545931769e-01 9.430428579460764738e+00
2.087099999856480408e+10 7.445260158938968864e-01 9.242304087116970379e+00
2.087099999838419724e+10 6.555142725873688292e-01 8.998600687265454923e+00
2.087099999842946625e+10 9.598773732586022289e-01 9.071032163341405052e+00
2.087099999843249512e+10 8.973537637038792036e-01 9.380893875254693981e+00
2.087099999826033401e+10 1.037179682229165456e+00 9.606154079603667739e+00
2.087099999804726410e+10 8.045531645699466328e-01 9.585689882807908901e+00
2.087099999775158310e+10 9.151625136565275653e-01 9.602160838457530545e+00
2.087099999767655182e+10 1.144566989765936293e+00 9.806309209733100829e+00
2.087099999759346771e+10 1.446374064126502823e+00 9.762240387949505660e+00
2.087099999759476852e+10 1.447588276581683209e+00 9.446124124028472124e+00
2.087099999757418442e+10 1.516399667414142449e+00 9.138270360395067016e+00
2.087099999766839218e+10 1.766765131639087993e+00 8.969822569100003307e+00
2.087099999750643539e+10 1.773083927278743088e+00 9.241231610282603981e+00
2.087099999731998825e+10 1.820260451162776683e+00 8.990343249329320940e+00
2.087099999721853256e+10 2.035143074863351664e+00 9.198825522158532664e+00
2.087099999717210388e+10 2.340332232077706909e+00 9.266918947146951524e+00
2.087099999747233582e+10 2.360627050632180257e+00 9.170061341288272772e+00
2.087099999763474274e+10 2.537169389519693841e+00 9.375947876608471176e+00
2.087099999771382523e+10 2.317159949583565748e+00 9.588725307725203706e+00
2.087099999786857224e+10 2.306847734846298348e+00 9.313262872641633550e+00
2.087099999776221085e+10 2.262268217780195378e+00 9.018928134885351611e+00
2.087099999777765656e+10 1.985377034610861013e+00 9.170669436046251732e+00
2.087099999804590225e+10 1.886072188751250822e+00 9.305259493166330387e+00
2.087099999810905075e+10 2.159171855600035883e+00 9.451414988418926910e+00
2.087099999831208038e+10 2.233532951717088544e+00 9.682029013423580466e+00
2.087099999839699936e+10 2.537896422112694506e+00 9.691227581533379265e+00
2.087099999825869751e+10 2.690541994166733453e+00 9.931028963935046860e+00
2.087099999831050110e+10 2.778867225072980229e+00 9.631950878754370393e+00
2.087099999812750244e+10 3.008144646014952350e+00 9.749746831411293613e+00
2.087099999844204712e+10 2.979393230360500411e+00 9.736809300209770868e+00
2.087099999869833755e+10 2.797232707805225260e+00 9.704175336400432172e+00
2.087099999862208939e+10 2.509809457978004588e+00 9.596904707757495601e+00
2.087099999848549271e+10 2.597316154525646681e+00 9.868228017531796681e+00
2.087099999838271713e+10 2.836242991407124769e+00 1.004790519804433835e+01
2.087099999844172668e+10 2.595740762673019564e+00 9.851412767756702493e+00
2.087099999848450470e+10 2.638825574653992145e+00 1.016164882220813226e+01
2.087099999826057816e+10 2.591433173803810330e+00 9.943602926340387782e+00
2.087099999826580429e+10 2.275660665564445573e+00 9.929708323649894197e+00
2.087099999826569366e+10 2.275583710968827944e+00 9.613587075648805325e+00
2.087099999809287643e+10 2.531129845321549610e+00 9.682604000374182007e+00
2.087099999784202194e+10 2.682586742647350864e+00 9.564005025274235905e+00
2.087099999799423599e+10 2.956631227477067192e+00 9.523229451320530003e+00
2.087099999770958328e+10 3.092872537211212691e+00 9.504702682562339078e+00
2.087099999772573853e+10 2.785215709995253697e+00 9.433858161180415536e+00
2.087099999780942917e+10 2.929926305531895814e+00 9.702162983550371322e+00
2.087099999802757263e+10 2.710110787173883207e+00 9.638706417776264246e+00
2.087099999802931976e+10 2.755451572081565992e+00 9.325858498792221951e+00
2.087099999802046204e+10 2.781130819520856612e+00 9.010906461761043929e+00
2.087099999806306076e+10 3.070704904138131575e+00 8.891471193737755740e+00
2.087099999834501266e+10 2.966931605272785433e+00 8.793154713970796621e+00
2.087099999816403961e+10 3.177024070489362195e+00 8.641356218536135003e+00
2.087099999788906479e+10 3.059570144542842929e+00 8.538764446913200246e+00
2.087099999808256149e+10 3.161575274072848885e+00 8.310540344581193395e+00
2.087099999818448257e+10 3.144732224514130259e+00 8.011774872075600129e+00
2.087099999818291092e+10 3.409068746282914120e+00 8.185142680070363497e+00
2.087099999832074356e+10 3.131947485618711724e+00 8.120812809082922357e+00
2.087099999841106415e+10 3.020548918374710290e+00 7.839094870366477785e+00
2.087099999833859634e+10 3.213501244758167896e+00 7.599406157651312554e+00
2.087099999834537506e+10 3.361921429604850964e+00 7.878436898649220588e+00
2.087099999833815002e+10 3.301072824278795448e+00 8.188562564801873833e+00
2.087099999832630920e+10 3.297805181473309588e+00 8.504445075641315910e+00
2.087099999838488388e+10 3.173980053555280456e+00 8.219543493208574247e+00
2.087099999823631668e+10 2.937739859012623356e+00 8.368040411845587556e+00
2.087099999812043381e+10 3.128641623970610297e+00 8.591782608885004890e+00
2.087099999785779572e+10 3.042746240168498151e+00 8.438240608040564084e+00
2.087099999806098938e+10 2.905212385583863188e+00 8.238918686873832442e+00
2.087099999789180374e+10 2.904443059398685190e+00 7.971881980237645493e+00
2.087099999790288162e+10 2.952692403057284309e+00 7.659661000865636282e+00
2.087099999809787750e+10 2.766433250839941849e+00 7.824638113646801507e+00
2.087099999802127838e+10 2.695077862565940841e+00 7.526353485674226462e+00
2.087099999802308273e+10 2.792926033866751645e+00 7.826944814338973266e+00
2.087099999772885895e+10 2.829766697302307676e+00 7.936524885810640306e+00
2.087099999741543198e+10 2.870747234396357150e+00 7.932461099369535695e+00
2.087099999752321625e+10 2.795258579745178551e+00 8.219892090930857265e+00
2.087099999755583954e+10 3.096351438698447645e+00 8.310509518116859340e+00
2.087099999751112747e+10 2.923653292726077435e+00 8.571486320830432604e+00
2.087099999727569580e+10 2.857322113678023801e+00 8.771749942653151777e+00
2.087099999753774643e+10 2.881128967528879592e+00 8.596549455210467983e+00
2.087099999747804260e+10 2.989768960129852271e+00 8.305747944467769983e+00
2.087099999737776566e+10 2.989191059954669161e+00 8.605542167491298855e+00
2.087099999706195068e+10 2.986858618483490879e+00 8.619275976519670479e+00
2.087099999696130753e+10 3.280419153940361987e+00 8.679489929764120149e+00
2.087099999690052795e+10 3.259645602956895871e+00 8.989017046283349188e+00
2.087099999700089645e+10 3.246993481913249990e+00 8.689519499467678543e+00
2.087099999727358246e+10 3.229375407667141928e+00 8.530568534564151761e+00
2.087099999713415146e+10 3.406425952548480129e+00 8.308882178987495593e+00
2.087099999702935410e+10 3.419271641324470590e+00 8.010913360387638349e+00
2.087099999695942688e+10 3.197239719441636208e+00 7.797032707435769261e+00
2.087099999665517426e+10 3.117854597345091960e+00 7.764453170864165088e+00
2.087099999676180267e+10 3.083291498298500688e+00 7.468871890885545817e+00
2.087099999684755707e+10 2.840493634271530343e+00 7.285492949656332762e+00
2.087099999663393784e+10 2.940268446164591154e+00 7.496073388826235195e+00
2.087099999637287521e+10 2.869968634750566405e+00 7.659895708489386834e+00
2.087099999638503647e+10 2.630140537958529645e+00 7.865485785856149548e+00
2.087099999635296631e+10 2.649027579701475066e+00 7.551563086869624186e+00
2.087099999610522079e+10 2.778110328848163224e+00 7.403603015185501235e+00
2.087099999617407990e+10 2.908955545654503982e+00 7.683014645344666604e+00
2.087099999623797989e+10 2.599665051279102634e+00 7.696754464889785652e+00
2.087099999621003342e+10 2.651564318463008885e+00 8.007331373539861019e+00
2.087099999640030670e+10 2.837217928854815607e+00 7.836271351113746952e+00
2.087099999640062332e+10 2.581014942173772475e+00 8.021453938979796305e+00
2.087099999664527512e+10 2.411020641547759524e+00 8.127188849665131443e+00
2.087099999673039627e+10 2.575787139116296309e+00 7.871182779799871909e+00
2.087099999699786758e+10 2.576021083432705083e+00 8.039682937448374034e+00
2.087099999719915771e+10 2.667883925117673360e+00 8.265462297010746084e+00
2.087099999741058350e+10 2.879597872480669452e+00 8.367484179374693909e+00
2.087099999735946655e+10 3.185207145249351335e+00 8.304853910665473293e+00
2.087099999766909790e+10 3.246228517812650427e+00 8.286482004773924714e+00
2.087099999797552109e+10 3.239388911451000386e+00 8.209075615408224280e+00
2.087099999781761169e+10 3.257677731780946218e+00 7.935831652727133090e+00
2.087099999811100769e+10 3.168776936193284488e+00 8.012948673499320051e+00
2.087099999819310760e+10 2.869400342627644207e+00 7.953233045024437509e+00
2.087099999834430695e+10 2.615134946147371409e+00 7.841787508280311236e+00
2.087099999833703613e+10 2.615393137060422202e+00 7.525749930886970418e+00
2.087099999839083862e+10 2.590243977779991713e+00 7.836242459570064156e+00
2.087099999861628342e+10 2.581220062243536173e+00 7.614823180121258694e+00
2.087099999877426147e+10 2.332766606576203383e+00 7.499728004999756337e+00
2.087099999908150101e+10 2.339934556878240812e+00 7.573796803841819525e+00
2.087099999917603683e+10 2.333462228092681112e+00 7.875381638591395728e+00
2.087099999918013382e+10 2.324019836882621259e+00 7.559427987263641846e+00
2.087099999923110580e+10 2.109057247529830370e+00 7.785537824789334316e+00
2.087099999914889145e+10 2.383823810149282352e+00 7.918491967137325283e+00
2.087099999897649384e+10 2.641893033335265262e+00 7.858390311975727016e+00
2.087099999903080368e+10 2.772129172115716855e+00 7.575509135154335993e+00
2.087099999894529724e+10 2.527124915433119678e+00 7.756048072100716340e+00
2.087099999895788574e+10 2.777442277196681353e+00 7.948701624181326864e+00
2.087099999892014313e+10 2.489750411415255549e+00 8.074166432155797324e+00
2.087099999888940811e+10 2.392325574260345977e+00 8.373326087777314797e+00
2.087099999857353210e+10 2.381322221425684393e+00 8.367497031164113253e+00
2.087099999888755035e+10 2.349598711289452524e+00 8.385323717137589838e+00
2.087099999870133972e+10 2.536968757503627714e+00 8.558964488449268160e+00
2.087099999886822510e+10 2.690383703510122348e+00 8.338633260335615915e+00
2.087099999886198044e+10 2.724511002524148573e+00 8.652844977157389650e+00
2.087099999858487701e+10 2.591646999339960900e+00 8.578726031210280212e+00
2.087099999838761902e+10 2.773573515779813814e+00 8.411617538485780088e+00
2.087099999823284149e+10 2.867575074722627182e+00 8.152503587218397740e+00
2.087099999817767334e+10 2.868220709366587684e+00 8.463773089828261931e+00
2.087099999792929077e+10 2.832220451238736114e+00 8.271567049323088838e+00
2.087099999789521027e+10 2.526967639370822472e+00 8.196788761350292773e+00
2.087099999796418762e+10 2.634650629347071060e+00 8.485889341652056217e+00
2.087099999818912506e+10 2.704814377587917651e+00 8.696632494137512381e+00
2.087099999818314743e+10 2.721919690008641091e+00 8.381030922290854335e+00
2.087099999818280411e+10 2.481767992268112177e+00 8.175459268961104087e+00
2.087099999805316162e+10 2.519454661331316903e+00 7.889618277140032276e+00
2.087099999808654404e+10 2.268713405689660068e+00 7.700020762010137965e+00
2.087099999809858322e+10 2.271538595975437502e+00 7.384141404422400079e+00
2.087099999797246552e+10 2.032936808404343765e+00 7.219531009540236965e+00
2.087099999813111877e+10 2.163364832803873927e+00 6.979218826133806175e+00
2.087099999786400604e+10 2.040184671007705841e+00 6.863419711480762686e+00
2.087099999789316940e+10 2.015301542574783333e+00 6.549631627361268471e+00
2.087099999777757645e+10 1.778828778661699861e+00 6.374555289562684912e+00
2.087099999800793457e+10 1.760902501302795020e+00 6.590301213782552736e+00
2.087099999791806030e+10 1.968392442485698668e+00 6.369386356523579096e+00
2.087099999820281601e+10 2.092585452676693158e+00 6.310887898362377513e+00
2.087099999804942322e+10 2.068403691357758589e+00 6.035536353971767909e+00
2.087099999786412048e+10 1.878447752954965022e+00 5.863746503585718806e+00
2.087099999796582794e+10 1.943405027392018258e+00 5.571567441563406220e+00
2.087099999812966919e+10 2.017123061197851008e+00 5.311463270307322126e+00
2.087099999838724899e+10 2.083493222215001328e+00 5.482284600300986632e+00
2.087099999843217468e+10 1.865267181337774360e+00 5.706542928538357984e+00
2.087099999854526138e+10 2.154727871055342803e+00 5.648607920452826114e+00
2.087099999830227661e+10 2.128029056476589354e+00 5.448162159662399695e+00
2.087099999799866104e+10 2.184956075627124239e+00 5.515313030627070567e+00
2.087099999826383209e+10 2.024503081689432715e+00 5.577532039795141117e+00
2.087099999827129745e+10 2.092618577461878626e+00 5.268926785861074436e+00
2.087099999841831970e+10 2.153326946600325087e+00 4.995738010056874678e+00
2.087099999824100113e+10 2.398206165384650923e+00 4.903405951311667010e+00
2.087099999843016434e+10 2.245096063057808067e+00 4.701645234046733179e+00
2.087099999817115021e+10 2.305952868739523876e+00 4.530941236069232048e+00
2.087099999802807999e+10 2.549359145704420015e+00 4.388754258161675637e+00
2.087099999832405853e+10 2.498086039123436741e+00 4.290259830266384355e+00
2.087099999843137360e+10 2.217575058149445333e+00 4.388897698032372396e+00
2.087099999819008636e+10 2.367236913946193066e+00 4.527873599950071437e+00
2.087099999825305557e+10 2.112849379575771902e+00 4.351084543292449425e+00
2.087099999796876526e+10 1.974754039747144141e+00 4.344694687181493542e+00
2.087099999791483307e+10 2.283369549798372145e+00 4.386891270959784705e+00
2.087099999813457108e+10 2.221645443803768050e+00 4.168172381266515458e+00
2.087099999839133835e+10 2.108213727050933795e+00 4.022790924084040931e+00
2.087099999866464996e+10 2.168326069150017688e+00 4.169826354423901371e+00
2.087099999891841125e+10 2.319518289214509643e+00 4.057222875855328148e+00
2.087099999892264938e+10 2.286828523422072657e+00 4.371620851295330290e+00
2.087099999864348602e+10 2.297353853593310902e+00 4.519573334864031011e+00
2.087099999882786560e+10 2.447481583360964219e+00 4.727897873703577503e+00
2.087099999903904724e+10 2.405165013698514986e+00 4.959293075069895806e+00
2.087099999895048141e+10 2.697666138680562486e+00 4.878475054223919471e+00
2.087099999911985779e+10 2.462776663514747000e+00 4.751703831521677301e+00
2.087099999890469742e+10 2.664943909257573740e+00 4.638708748211372246e+00
2.087099999883140564e+10 2.398419242529015172e+00 4.792089722708053223e+00
2.087099999886316299e+10 2.376441029495123924e+00 4.478336347547635654e+00
2.087099999862283325e+10 2.244572403106116276e+00 4.320903470409188429e+00
2.087099999843495178e+10 2.225821493968185294e+00 4.574442938540627779e+00
2.087099999816155243e+10 2.261780381727622746e+00 4.729013926514221033e+00
2.087099999822027206e+10 2.357768910885567504e+00 4.433597401347228129e+00
2.087099999823315811e+10 2.338136840345628187e+00 4.118349648855109457e+00
2.087099999805158997e+10 2.137127882427876546e+00 4.281326460707647108e+00
2.087099999818281174e+10 2.421148418502775179e+00 4.236095485230437774e+00
2.087099999849470520e+10 2.401282420975438203e+00 4.283638905370468208e+00
2.087099999852024841e+10 2.369628818327066622e+00 3.970145395054922588e+00
2.087099999862884903e+10 2.377233843548441250e+00 3.673361659977170124e+00
2.087099999851395035e+10 2.266108640040288780e+00 3.400630019088575651e+00
2.087099999856631470e+10 2.499102859025905676e+00 3.193496781911699500e+00
2.087099999877788925e+10 2.387539537372357135e+00 2.986802775228169615e+00
2.087099999852835083e+10 2.581527252261787808e+00 2.981085942368765895e+00
2.087099999842225266e+10 2.539128143957947614e+00 3.275836320717618211e+00
2.087099999846890259e+10 2.494041370749592534e+00 3.585228702474450024e+00
2.087099999817035294e+10 2.490498290464817632e+00 3.689094324837271621e+00
2.087099999813230515e+10 2.801698908807126909e+00 3.729583086503496681e+00
2.087099999807519150e+10 2.759011697499959670e+00 3.421608561721576347e+00
2.087099999836909103e+10 2.650438671381954325e+00 3.463652800722728742e+00
2.087099999867850113e+10 2.685941508804548405e+00 3.409448007796252789e+00
2.087099999868725586e+10 2.732720630618113766e+00 3.721966384160658947e+00
2.087099999889084625e+10 2.967743417994794797e+00 3.778951055621110555e+00
2.087099999882392883e+10 3.245570468960342403e+00 3.914106751759447889e+00
2.087099999872850800e+10 3.403163105211606698e+00 3.657217486285133212e+00
2.087099999872740173e+10 3.502415108697856994e+00 3.957351586771394203e+00
2.087099999843923187e+10 3.434817567852352926e+00 3.846348769121016975e+00
2.087099999821250153e+10 3.526983998428387945e+00 3.646270078159746131e+00
2.087099999805829239e+10 3.581162959919791167e+00 3.916856021707362689e+00
2.087099999824936295e+10 3.466530274963253166e+00 3.692614380904118310e+00
2.087099999842687607e+10 3.663866243848721727e+00 3.864313255890968968e+00
2.087099999853532410e+10 3.592363774905933393e+00 3.576113058254134280e+00
2.087099999835301208e+10 3.387865512266949430e+00 3.733833637531115635e+00
2.087099999831444931e+10 3.429810958698603418e+00 4.044777430981331356e+00
2.087099999832689285e+10 3.518148892426072649e+00 3.741504931058068806e+00
2.087099999837810516e+10 3.533178096251531120e+00 3.429921697824068527e+00
2.087099999806806564e+10 3.518367065956895079e+00 3.370020997484842962e+00
2.087099999807213211e+10 3.532731581277992916e+00 3.685789569752674133e+00
2.087099999789514542e+10 3.792187748901569844e+00 3.721720101369605516e+00
2.087099999795282745e+10 3.646804039715469514e+00 3.996436317756397294e+00
2.087099999803532791e+10 3.374237933537768797e+00 4.133672880975387542e+00
2.087099999797557068e+10 3.670355603295970770e+00 4.040527910898491726e+00
2.087099999767642975e+10 3.605001553634255007e+00 3.961941015204172079e+00
2.087099999783427429e+10 3.820348075514861996e+00 4.131184197781265333e+00
2.087099999796988297e+10 4.031293242125778775e+00 4.323655860638865533e+00
2.087099999772186661e+10 3.836078933609917474e+00 4.341304298759442126e+00
2.087099999796989059e+10 3.709713994813789384e+00 4.491132920123602545e+00
2.087099999818312073e+10 3.640520405959294603e+00 4.268247120503248837e+00
2.087099999800939560e+10 3.556679471973448248e+00 4.017802888903784897e+00
2.087099999826931381e+10 3.736479254287557783e+00 4.024684489098115492e+00
2.087099999807038498e+10 3.491439241506380409e+00 4.006937532072534225e+00
2.087099999836333084e+10 3.379615528950245640e+00 4.047068903182568178e+00
2.087099999849521255e+10 3.472808954731703590e+00 3.775305833555359758e+00
2.087099999848945618e+10 3.483217446903839942e+00 3.459408372646677776e+00
2.087099999843740845e+10 3.468801491184531738e+00 3.770882190099877018e+00
2.087099999860448837e+10 3.646760885548811615e+00 3.570016675576502596e+00
2.087099999861234665e+10 3.521070739870982180e+00 3.280063418290250610e+00
2.087099999846559143e+10 3.640838395958933660e+00 3.533146762739812097e+00
2.087099999860858536e+10 3.908169055603577302e+00 3.443594374797054769e+00
2.087099999889407349e+10 3.944134745739951597e+00 3.574494501274067648e+00
2.087099999875415039e+10 3.829109017879850363e+00 3.315412172619159215e+00
2.087099999866308212e+10 3.929457342549280696e+00 3.029808014142904682e+00
2.087099999839772415e+10 3.935591784313476005e+00 3.201508310982689842e+00
2.087099999819519424e+10 3.860527382395751328e+00 3.432333020970348869e+00
2.087099999792085266e+10 3.915349544530592585e+00 3.285144125575196750e+00
2.087099999799414825e+10 3.791173748111456909e+00 3.003824495705889053e+00
2.087099999818282318e+10 3.556938268656365310e+00 2.906518569968569832e+00
2.087099999820181656e+10 3.576694203472095435e+00 3.221449783426996838e+00
2.087099999818867111e+10 3.596681438266418507e+00 2.906235043777967153e+00
2.087099999819291687e+10 3.585645972592337305e+00 2.590334976075701512e+00
2.087099999804535675e+10 3.308074203058680940e+00 2.623682594507414922e+00
2.087099999811925888e+10 3.220513462519471570e+00 2.329056674532544058e+00
2.087099999815457535e+10 3.206781941307526917e+00 2.015214413428184859e+00
2.087099999827912903e+10 3.103169234152685085e+00 1.743767000655554567e+00
2.087099999857588196e+10 3.026280539547428372e+00 1.820963534327128208e+00
2.087099999850917816e+10 2.848003168778868943e+00 1.568574469324626630e+00
2.087099999875404358e+10 2.786817300191013480e+00 1.758916907457858114e+00
2.087099999867993927e+10 2.710074693889443775e+00 2.056493042321126730e+00
2.087099999861961365e+10 2.636028713717346594e+00 2.357840774727796962e+00
2.087099999862449646e+10 2.637868307197232198e+00 2.041762571985572539e+00
2.087099999859315491e+10 2.594285649819486839e+00 1.730232716973439944e+00
2.087099999848454666e+10 2.653182673214186771e+00 2.021210017142655246e+00
2.087099999849518204e+10 2.637130945333124199e+00 2.336744260075985125e+00
2.087099999843687439e+10 2.447767901267150492e+00 2.090422345534647341e+00
2.087099999827045059e+10 2.233358694178568804e+00 1.928360818442699687e+00
2.087099999824986649e+10 2.166703736924787460e+00 1.620032987761784060e+00
2.087099999807663345e+10 2.228528020471273852e+00 1.362933536924933797e+00
2.087099999783089447e+10 2.265296795574920363e+00 1.558362332225283309e+00
2.087099999765773010e+10 2.376625345393694300e+00 1.798264113618755822e+00
2.087099999781459427e+10 2.638702106731616759e+00 1.716763696982555709e+00
2.087099999803894424e+10 2.525046580598762080e+00 1.525237117296699418e+00
2.087099999791884232e+10 2.542275723154682865e+00 1.233327714762084248e+00
2.087099999797915268e+10 2.560457514127727041e+00 9.235458249531532937e-01
2.087099999797974014e+10 2.815488591493430892e+00 1.110338402997597562e+00
2.087099999817117310e+10 2.566341203265746440e+00 1.145140501655635967e+00
2.087099999787990952e+10 2.531637220995087922e+00 1.263012191182840249e+00
2.087099999795911789e+10 2.321343751684819878e+00 1.040670905377577338e+00
2.087099999826091003e+10 2.389599312935560160e+00 9.758995210010754651e-01
2.087099999822875977e+10 2.422767214203474406e+00 6.631712229440982487e-01
2.087099999807353592e+10 2.598689870224009546e+00 8.750414879052870187e-01
2.087099999799483109e+10 2.655833410400127548e+00 5.742546045243362984e-01
2.087099999799733734e+10 2.927024109703552313e+00 4.118292673258419634e-01
2.087099999790559387e+10 2.979153412976914606e+00 7.098197928436307258e-01
2.087099999820047760e+10 2.983438972529470767e+00 5.959886029102071658e-01
2.087099999821686554e+10 2.931381831219790346e+00 2.846139870901000513e-01
2.087099999838080978e+10 3.020254192856686171e+00 5.398712338269668898e-01
2.087099999814356232e+10 3.227300579534394753e+00 5.119831806781649508e-01
2.087099999808789825e+10 3.191815592749565500e+00 8.211349337396139925e-01
2.087099999823722458e+10 3.213287281932634798e+00 1.098935442882274627e+00
2.087099999847895050e+10 3.386917419593864054e+00 1.205489171696376483e+00
2.087099999862146759e+10 3.631467201222449148e+00 1.064714619303234633e+00
2.087099999855851746e+10 3.680408400490661869e+00 1.370614786761075621e+00
2.087099999832989120e+10 3.462565051547779937e+00 1.356213682594123338e+00
2.087099999832501984e+10 3.453227215283734886e+00 1.672159463434630622e+00
2.087099999855859375e+10 3.665356019397217668e+00 1.691577772758346754e+00
2.087099999853424072e+10 3.599705051873290707e+00 1.383309231551137053e+00
2.087099999882558441e+10 3.713944944934537862e+00 1.428040135316815507e+00
2.087099999906793976e+10 3.595255592720488558e+00 1.592688127471931336e+00
2.087099999890050507e+10 3.801449410898346315e+00 1.764099327747831625e+00
2.087099999902796936e+10 3.519056954944192572e+00 1.701330856101801459e+00
2.087099999879235840e+10 3.339838001449034088e+00 1.590421285851852051e+00
2.087099999855578613e+10 3.549074527526239198e+00 1.604101346827872421e+00
2.087099999835647202e+10 3.734541908840063318e+00 1.443450578719650101e+00
2.087099999814049530e+10 3.763956367847716589e+00 1.214493009990813999e+00
2.087099999798628616e+10 3.765170826962285666e+00 1.490447147524757154e+00
2.087099999794395065e+10 3.454806582559518002e+00 1.533043219213000352e+00
2.087099999793988800e+10 3.438825332467688067e+00 1.217352318813067269e+00
2.087099999822913742e+10 3.409451255044899209e+00 1.341466061940706167e+00
2.087099999808203506e+10 3.389934611284725730e+00 1.062338003192105029e+00
2.087099999802833939e+10 3.078443955956903899e+00 1.067131025418758705e+00
2.087099999808302307e+10 2.808343079653755847e+00 9.122507644085878775e-01
2.087099999785322189e+10 2.902595688571754096e+00 1.107803049576258303e+00
2.087099999792248154e+10 2.897468305246051035e+00 7.994049008108297105e-01
2.087099999795465851e+10 2.869834226702301372e+00 1.112667662487608844e+00
2.087099999764112854e+10 2.891915047897769320e+00 1.078842759610636914e+00
2.087099999760217667e+10 2.899204413716399920e+00 1.392470491114865760e+00
2.087099999761322403e+10 2.919175486397849184e+00 1.707766864531558015e+00
2.087099999758705139e+10 2.643110713210567564e+00 1.859542730768600105e+00
2.087099999752378845e+10 2.634482567709350853e+00 2.169148801723894682e+00
2.087099999763308334e+10 2.713229384215085638e+00 2.455132431856517528e+00
2.087099999775831604e+10 2.627520301746159692e+00 2.177818578587428000e+00
2.087099999770703506e+10 2.672171537951610443e+00 1.869096468034261216e+00
2.087099999770899200e+10 2.883735807292790998e+00 1.634214801140945195e+00
2.087099999769050980e+10 2.903873545734438455e+00 1.319277495587463100e+00
2.087099999787596893e+10 2.989297550057305575e+00 1.077947112514345163e+00
2.087099999781973648e+10 2.968703632897571776e+00 1.388344108678882360e+00
2.087099999753375244e+10 2.836374005809750187e+00 1.363156734205705600e+00
2.087099999728429413e+10 2.728986772903641000e+00 1.524931297805831365e+00
2.087099999745026016e+10 2.864033523610209464e+00 1.757632592415980799e+00
2.087099999718651199e+10 2.799827877899609074e+00 1.919645271085528293e+00
2.087099999741615677e+10 2.736286760599620393e+00 2.127389481381660286e+00
2.087099999747189713e+10 2.844987269953285214e+00 1.835825034742191608e+00
2.087099999771170044e+10 2.647616441776556861e+00 1.894740467803412542e+00
2.087099999789450836e+10 2.699014142785506554e+00 1.642009950054626133e+00
2.087099999789861679e+10 2.949296514108297629e+00 1.448943863608719962e+00
2.087099999763742828e+10 2.935608546075385128e+00 1.271387812649968918e+00
2.087099999788542938e+10 2.867125097422141167e+00 1.455067478102647804e+00
2.087099999801378632e+10 2.743172476222782041e+00 1.194121793562736178e+00
2.087099999783418655e+10 2.515091967903675396e+00 1.068998729959855565e+00
2.087099999798460007e+10 2.793077033033676937e+00 1.063285008929319764e+00
2.087099999770068741e+10 2.744809216785856876e+00 9.329120771190271277e-01
2.087099999773562241e+10 2.731472341249520763e+00 6.190103198213228186e-01
2.087099999761513138e+10 2.743827912786343415e+00 3.270140500736227196e-01
2.087099999735998917e+10 2.927304339945513867e+00 2.927999735190768282e-01
2.087099999742657852e+10 2.916069208862597240e+00 6.016237181388689459e-01
2.087099999740189362e+10 2.955591134614734994e+00 9.142917965315890960e-01
2.087099999725848389e+10 3.032262619993302710e+00 1.185378175278147372e+00
2.087099999752994537e+10 2.950981821318964027e+00 1.045250933181406161e+00
2.087099999759416962e+10 2.649761771666769405e+00 1.116487065734050876e+00
2.087099999756025696e+10 2.689824732617666303e+00 1.428220012366654190e+00
2.087099999747869492e+10 2.979760403844732952e+00 1.524229220013135766e+00
2.087099999761591339e+10 3.229585647886568101e+00 1.660944826994602774e+00
2.087099999784341049e+10 3.425854485141373473e+00 1.759207462192588611e+00
2.087099999786705017e+10 3.284268047411580405e+00 1.477556621058653485e+00
2.087099999816902924e+10 3.295525916620019036e+00 1.570366583877430333e+00
2.087099999811477280e+10 3.231516560062693610e+00 1.875147901737581613e+00
2.087099999825482559e+10 3.279972409637665454e+00 1.595916669746389127e+00
2.087099999849474716e+10 3.098154048028071816e+00 1.499413048840508633e+00
2.087099999829700851e+10 3.255270035547757956e+00 1.689535261378897424e+00
2.087099999838735962e+10 3.520595791184486067e+00 1.543344594202142872e+00
2.087099999853569794e+10 3.565137449742361131e+00 1.267763934884690080e+00
2.087099999852957916e+10 3.559805690956254320e+00 9.517468725866877755e-01
2.087099999849411011e+10 3.594248839566178688e+00 6.395158055663032748e-01
2.087099999845991898e+10 3.608780750039566776e+00 9.534462928003415438e-01
2.087099999849960327e+10 3.500611918808399281e+00 1.247822403013131520e+00
2.087099999854810333e+10 3.556149167690852320e+00 1.555224650740648196e+00
2.087099999858564377e+10 3.668368517443216348e+00 1.262085895841103200e+00
2.087099999826969910e+10 3.678195239083585477e+00 1.265905150725940453e+00
2.087099999807291412e+10 3.914401981739863867e+00 1.192315431530527103e+00
2.087099999822972107e+10 3.670171544939443198e+00 1.317600352211697690e+00
2.087099999835945892e+10 3.803337761539993700e+00 1.061930431818358223e+00
2.087099999833239365e+10 3.938822101510081275e+00 7.775993245303924883e-01
2.087099999827941132e+10 3.997751483444599074e+00 4.715715201945456791e-01
2.087099999837215805e+10 3.819403770415097821e+00 7.155446409025332244e-01
2.087099999835912704e+10 3.539622359933780604e+00 8.621229152648632876e-01
2.087099999848320770e+10 3.419569097113032807e+00 1.126931246329140102e+00
2.087099999835826492e+10 3.237100320207376924e+00 9.010404707329389140e-01
2.087099999834018707e+10 3.108474801319683234e+00 1.189243984251313835e+00
2.087099999834221268e+10 3.130011726479388745e+00 1.504624251138963587e+00
2.087099999845112228e+10 3.151018980781942425e+00 1.800647981157233346e+00
2.087099999844684219e+10 2.927502059806199153e+00 2.024153060042608754e+00
2.087099999833032990e+10 2.841323155979070147e+00 1.743206586460484431e+00
2.087099999856424332e+10 2.888633526787249384e+00 1.535893889678046076e+00
2.087099999826447678e+10 2.970645377681085719e+00 1.593736490986585874e+00
2.087099999821691513e+10 2.970202798197042693e+00 1.281214115057630831e+00
2.087099999852533722e+10 3.033430283970732333e+00 1.309697558974067810e+00
2.087099999871646500e+10 2.921763612222644024e+00 1.084014332657453394e+00
2.087099999871127701e+10 2.921371595022949741e+00 7.679358553104393970e-01
2.087099999892442703e+10 2.816569365159751204e+00 5.593290687583044596e-01
2.087099999890814590e+10 2.524190557971929927e+00 6.784182603129707001e-01
2.087099999892996216e+10 2.464233671446806273e+00 9.880338491749036667e-01
2.087099999891363907e+10 2.158750121365550889e+00 9.083718764445929406e-01
2.087099999894175339e+10 2.208626521085846672e+00 1.219264922625382219e+00
2.087099999881533813e+10 2.280465858340891661e+00 9.385673308069097942e-01
2.087099999876765442e+10 2.270175737313687492e+00 6.262325378846127499e-01
2.087099999896316147e+10 2.466012135785703663e+00 7.790645629477517264e-01
2.087099999875936890e+10 2.381879044022275682e+00 5.525182865491591322e-01
2.087099999855130005e+10 2.290479229341323197e+00 7.722587286294904096e-01
2.087099999878786087e+10 2.135828746727457705e+00 6.306443325614276008e-01
2.087099999895736694e+10 2.092302438873610004e+00 8.939038141675970106e-01
2.087099999886775970e+10 1.791221083271658188e+00 9.293062375508458484e-01
2.087099999889472198e+10 1.477023258561888097e+00 9.072720016351435435e-01
2.087099999906916046e+10 1.430547526771383415e+00 6.477651077860731021e-01
2.087099999907728577e+10 1.611429058147116899e+00 3.886348664722665269e-01
2.087099999933319855e+10 1.712218558793735523e+00 5.444639770849490912e-01
2.087099999923809433e+10 1.781053184354118857e+00 8.379768800416684815e-01
2.087099999894171143e+10 1.810721392309509348e+00 9.438528707231731429e-01
2.087099999901928711e+10 1.511266557969510593e+00 1.008978323017769574e+00
2.087099999911216736e+10 1.259281263154408803e+00 8.422176350306606052e-01
2.087099999925162125e+10 1.068477888689585154e+00 6.322666146886141147e-01
2.087099999922041321e+10 8.939015027914175571e-01 8.939570508481948785e-01
2.087099999937361145e+10 1.118704282578093734e+00 1.054974985319741654e+00
2.087099999923547745e+10 1.066251078764887117e+00 7.755101442870186990e-01
2.087099999905643845e+10 1.054174970777583598e+00 5.152578938946286158e-01
2.087099999904847717e+10 1.275051988570848893e+00 7.412724800355223742e-01
2.087099999874835587e+10 1.359534374748283758e+00 7.934581291050718521e-01
2.087099999888702393e+10 1.573604472857402792e+00 9.802146223900322086e-01
2.087099999909231567e+10 1.390137388121328588e+00 8.248809176404922061e-01
2.087099999924008942e+10 1.363460059667307878e+00 1.103060001598418882e+00
2.087099999922495270e+10 1.677994074589186813e+00 1.130842177208820187e+00
2.087099999918696594e+10 1.409771204128444921e+00 1.293771962856614666e+00
2.087099999888547516e+10 1.414998378084270536e+00 1.198855369797246162e+00
2.087099999897436905e+10 1.316871574459695715e+00 9.117987856936529134e-01
2.087099999910408783e+10 1.371723829747265588e+00 6.287854874989458054e-01
2.087099999909912109e+10 1.118233804516284957e+00 4.399712914312182699e-01
2.087099999903722763e+10 1.370230702336116435e+00 2.594175729940824127e-01
2.087099999899932861e+10 1.064762972168549648e+00 1.874055744237996257e-01
2.087099999894756317e+10 7.966223952177698964e-01 2.817723698571455992e-02
2.087099999912242126e+10 1.033625411769761637e+00 -8.665403874276406126e-02
2.087099999906663132e+10 7.259547200999587613e-01 -4.018924557284896809e-02
2.087099999903440857e+10 6.507273680711749275e-01 -3.455334678375053259e-01
2.087099999915367508e+10 8.686357341482633387e-01 -1.500237870317240874e-01
2.087099999929885101e+10 1.031983568817540498e+00 7.839231366538981782e-02
2.087099999949364471e+10 1.110051359489793166e+00 3.148088193850280270e-01
2.087099999944911194e+10 1.066684255495809586e+00 4.859294903193922543e-03
2.087099999938802338e+10 8.269154719901053996e-01 -1.918936555171905922e-01
2.087099999949164963e+10 5.470789612634774368e-01 -2.962296867438949377e-01
2.087099999966810989e+10 3.681854180275159205e-01 -4.880391542228762480e-01
2.087099999983948898e+10 6.161256001645087910e-01 -5.833645119649246702e-01
2.087099999992901993e+10 5.342547330884339640e-01 -2.914501128857886481e-01
2.087099999981821442e+10 2.581811437671832077e-01 -3.984005737667563607e-01
2.087099999955366135e+10 8.823079971603653426e-02 -3.658199226876034937e-01
2.087099999966808701e+10 2.818137291560655205e-02 -7.731741833582794765e-02
2.087099999968801880e+10 -2.326532981069440870e-02 -3.885867502110192939e-01
2.087099999980648422e+10 -8.016900377598529248e-02 -6.760948288433437092e-01
2.087099999980024338e+10 -2.143392188853870950e-03 -9.823720349302202948e-01
2.087099999951248169e+10 -4.007583052483396080e-02 -1.107616550627586349e+00
2.087099999954745865e+10 1.828985118069546001e-01 -1.328957307226904083e+00
2.087099999954710388e+10 2.317452395872377502e-01 -1.641281711085883277e+00
2.087099999983511353e+10 2.231860606334684916e-01 -1.511246197227842369e+00
2.087099999984688568e+10 3.104812530994007780e-01 -1.207645080679501159e+00
2.087099999987789917e+10 3.340080032322615966e-01 -8.939295642183899826e-01
2.087099999964961624e+10 4.452558084131973404e-01 -1.082193703937775808e+00
2.087099999971951675e+10 3.153290534218903263e-01 -8.026129372772077275e-01
2.087099999961806488e+10 2.994614017520219051e-01 -1.101592229427305947e+00
2.087099999973067474e+10 9.228012971847790458e-02 -8.910503441069191899e-01
2.087099999957601547e+10 6.196680461356546266e-04 -1.151071533390029433e+00
2.087099999926741409e+10 6.479426618041651820e-02 -1.127009477347535427e+00
2.087099999904845428e+10 -1.504565260735905574e-01 -1.051801799100177792e+00
2.087099999895835495e+10 -2.594195280702148165e-02 -1.328045599584610770e+00
2.087099999904954147e+10 -1.924487534674806932e-01 -1.580816410994235532e+00
2.087099999891255569e+10 -4.235964768799267977e-01 -1.414269633971851459e+00
2.087099999884682846e+10 -2.635744661263907385e-01 -1.149684196647593026e+00
2.087099999909303284e+10 -4.492968965197875475e-01 -1.080228185915135475e+00
2.087099999904354858e+10 -4.581406412230517589e-01 -1.392327320000707580e+00
2.087099999902701569e+10 -4.877893655068647472e-01 -1.706620631548942946e+00
2.087099999912832260e+10 -5.097647855845118814e-01 -1.407978703928366881e+00
2.087099999903596115e+10 -5.800707577162537154e-01 -1.702017485969419930e+00
2.087099999904046249e+10 -6.559371452758880894e-01 -2.008867119291557923e+00
2.087099999919960022e+10 -5.824264611732340446e-01 -2.271934631675921690e+00
2.087099999929412079e+10 -2.808476639768864302e-01 -2.278927553174446619e+00
2.087099999929860306e+10 -3.047002637557896798e-01 -2.594115788582724402e+00
2.087099999923251724e+10 -4.711208785825640177e-01 -2.854633678444181033e+00
2.087099999922075653e+10 -5.326969298033020772e-01 -3.164476827670658299e+00
2.087099999944051361e+10 -5.159431658808302235e-01 -2.937851071317340246e+00
2.087099999968893433e+10 -3.833441578869176691e-01 -2.794192333576531073e+00
2.087099999995558929e+10 -2.226729746965297740e-01 -2.849072420889282142e+00
2.087099999982164383e+10 -5.012586977473413308e-01 -2.915267339835990956e+00
2.087100000001862717e+10 -6.585529993186154396e-01 -2.724510796663325074e+00
2.087099999985108566e+10 -5.732025089015730934e-01 -2.978632877011120783e+00
2.087099999959143448e+10 -4.377031840597688239e-01 -3.097605977176057124e+00
2.087099999985892487e+10 -5.928736102000335961e-01 -3.163201536872799480e+00
2.087099999983138657e+10 -5.162597427718682574e-01 -3.468659457069303453e+00
2.087099999979623032e+10 -5.094868400194316749e-01 -3.154572004127578211e+00
2.087099999997531891e+10 -3.373120764397933291e-01 -3.350060771801579129e+00
2.087100000003416443e+10 -2.768113936743100134e-01 -3.045414312758654152e+00
2.087100000028526688e+10 -2.945396852736860138e-01 -2.854194531639559607e+00
