4.869900000000000000e+10 0.000000000000000000e+00 0.000000000000000000e+00
4.869899999979847717e+10 -9.785806572409988524e-02 5.176629224262178086e-01
4.869899999967800140e+10 -9.256854851976410725e-02 -3.335424129388830927e-02
4.869900000004383850e+10 1.381124000641358873e-01 -3.954477058847707949e-01
4.869899999950964355e+10 -1.046949703899680006e-02 -2.919011484471404350e-01
4.869899999933448029e+10 1.982443977635741095e-01 2.019786087520383799e-01
4.869899999925969696e+10 1.240414933333564007e-01 -3.521536910365631878e-01
4.869899999939301300e+10 3.318803806275540946e-01 -8.592931477569698551e-01
4.869899999984337616e+10 1.854281970165307103e-01 -5.528867928531961962e-01
4.869899999930648804e+10 1.934972760948511228e-02 -5.046018522213451263e-01
4.869899999878669739e+10 1.273981929584140360e-01 -3.140628340127770146e-01
4.869899999892773438e+10 -3.585527909778864486e-01 -6.482147161730866802e-02
4.869899999856080627e+10 -7.429753995813301870e-01 1.242443035079660030e-01
4.869899999859326935e+10 -4.709572790991512492e-01 6.173098466212814106e-01
4.869899999885774994e+10 -3.913637701981209638e-01 1.109120812758453756e+00
4.869899999886187744e+10 -6.015479689186640222e-01 1.632539514131551073e+00
4.869899999856629181e+10 -1.437216133402911544e-01 1.778096901920106720e+00
4.869899999813281250e+10 1.944159455057570818e-01 1.651908960028658280e+00
4.869899999818682861e+10 7.556831149454832364e-01 1.666837014425629482e+00
4.869899999821498108e+10 4.463525268352090958e-01 2.137670078672842422e+00
4.869899999877005005e+10 3.622233076990706291e-01 2.192267195832712012e+00
4.869899999877740479e+10 6.039762980702861883e-01 2.701838534016286708e+00
4.869899999881913757e+10 6.278787634171417720e-01 2.139834505279031518e+00
4.869899999908747101e+10 7.321819460369825006e-01 2.624890708552531926e+00
4.869899999860678864e+10 5.427787229183194118e-01 2.398540728941216393e+00
4.869899999871616364e+10 1.601740731295369091e-01 2.798306539735431198e+00
4.869899999844331360e+10 1.857630514019258661e-01 2.305294314795153454e+00
4.869899999839070129e+10 1.806207439512194091e-01 1.743718944726443620e+00
4.869899999878167725e+10 -2.218009088925340100e-01 1.685772136311597169e+00
4.869899999898926544e+10 -7.187058153607119859e-01 1.853560639042055369e+00
4.869899999919401550e+10 -1.243995367259588036e+00 1.871136466519183639e+00
4.869899999903768921e+10 -1.057464729327398656e+00 2.379987996260638727e+00
4.869899999897086334e+10 -1.295988532653448377e+00 1.873231672945238291e+00
4.869899999919664001e+10 -1.540257678833017341e+00 2.328772925487228029e+00
4.869899999941334534e+10 -1.788658868261607582e+00 2.786481035524408068e+00
4.869899999934825897e+10 -1.703602644273861877e+00 2.232684587857318270e+00
4.869899999964565277e+10 -2.137897950157254812e+00 2.029937255554166597e+00
4.869900000020364380e+10 -2.214443576533238200e+00 2.060668241424279401e+00
