2.087100000000000000e+10 0.000000000000000000e+00 0.000000000000000000e+00
2.087099999995564270e+10 1.454405851475010780e-01 -2.771499666137156592e-01
2.087099999968530655e+10 2.549138312590946143e-01 -3.990822577055531672e-01
2.087099999939075089e+10 1.834228970830217575e-01 -4.888488976937935826e-01
2.087099999940063477e+10 1.800543545384747646e-01 -8.047976159155637577e-01
2.087099999938976288e+10 -9.871929711044455380e-02 -6.561377932641121458e-01
2.087099999961832428e+10 1.071832065830816139e-02 -4.671526298887792028e-01
2.087099999956459045e+10 1.701292572467303088e-01 -7.347968949973135988e-01
2.087099999935857391e+10 1.709575016573293416e-01 -4.950284048754038380e-01
2.087099999918964386e+10 4.015475628570197020e-01 -6.300230629973686547e-01
2.087099999932874680e+10 3.542134403859854008e-01 -9.099208731411210227e-01
2.087099999956141663e+10 3.662045907525395272e-01 -6.962535118040117377e-01
2.087099999952781677e+10 4.919224858008757195e-01 -4.081583519156316564e-01
2.087099999939246368e+10 2.093524890572597275e-01 -3.661345314465126455e-01
2.087099999954830933e+10 3.236968507649711779e-01 -6.162758135584534003e-01
2.087099999968761826e+10 5.743033064445018931e-01 -4.831515081619596197e-01
2.087099999989984512e+10 3.416943600919849500e-01 -5.111869158041102423e-01
2.087100000005142593e+10 5.957646196779968761e-01 -6.225609130802364222e-01
2.087100000005822372e+10 7.218850775504754846e-01 -3.327677024034938480e-01
2.087100000010855103e+10 4.104891051822145975e-01 -3.535617710767252064e-01
