1.391400000000000000e+10 0.000000000000000000e+00 0.000000000000000000e+00
1.391400000000693703e+10 2.923679486379029413e-01 -6.532209580604247945e-02
1.391400000003749847e+10 2.583289121299026103e-02 -1.988106387133860287e-01
1.391400000006041908e+10 2.911990851945624181e-02 9.995000031822445785e-02
1.391399999982963753e+10 -1.543943066347018556e-02 -8.592241081675464076e-02
1.391399999971601295e+10 -1.230154646997272533e-01 -3.414827185854117930e-01
1.391399999957525253e+10 -2.225186249216045131e-01 -5.865941507297728341e-01
1.391399999928875351e+10 -1.578395103126654653e-01 -5.271930233500119467e-01
1.391399999933343697e+10 -3.228650598001023830e-01 -2.810953484100717770e-01
1.391399999939195251e+10 -1.878871441417716559e-01 -5.421527693762544509e-01
1.391399999928400612e+10 -1.684921746985727775e-01 -2.632878418881985372e-01
1.391399999917151260e+10 -1.449714098365910142e-01 -5.400294607332666308e-01
1.391399999900258446e+10 -4.922485322827252485e-02 -3.117975785226179131e-01
1.391399999900915909e+10 -3.709280194181607815e-02 -1.245880756701034375e-02
1.391399999896608353e+10 2.523372667093790045e-01 -7.702533978073788923e-02
1.391399999903790283e+10 5.046645707344961096e-01 -2.218252738506359401e-01
1.391399999905003548e+10 4.189445528647963712e-01 -5.087032860780296151e-01
1.391399999888480377e+10 3.913885370999442004e-01 -2.602408785825770510e-01
1.391399999893032455e+10 4.030024544113406382e-01 -5.561919822746848041e-01
1.391399999906443405e+10 1.688860188087271674e-01 -4.258145474270759179e-01
1.391399999914732170e+10 -4.839401413844807154e-02 -2.368351251253357215e-01
1.391399999897629547e+10 -2.200016138485816064e-01 -4.131724541060923239e-01
1.391399999891714859e+10 -2.582965927374913928e-01 -7.044271191554880573e-01
1.391399999886931801e+10 -3.696087100849100304e-01 -4.303540769471139726e-01
1.391399999872477341e+10 -4.300826277792647589e-01 -1.749251694451102734e-01
1.391399999844399071e+10 -3.486906928563064945e-01 -2.407291528407941028e-01
1.391399999842958450e+10 -3.391457644370660662e-01 -5.398870747944373161e-01
1.391399999872154427e+10 -3.820674278934040879e-01 -4.878113076536431114e-01
1.391399999871182823e+10 -6.218970762156093013e-01 -6.672032284159455928e-01
1.391399999857511520e+10 -8.709058428086287051e-01 -7.625892044403742576e-01
1.391399999835307884e+10 -1.061947759006122372e+00 -8.258107083875572130e-01
1.391399999808884811e+10 -1.162174778409742704e+00 -9.254626173840487802e-01
1.391399999812333679e+10 -1.159421979738654240e+00 -1.223115244910181643e+00
1.391399999815146637e+10 -1.072795780795972709e+00 -9.376353798568732856e-01
1.391399999816384506e+10 -1.066723537298817304e+00 -6.382960798206425146e-01
1.391399999832230759e+10 -1.032278014154640822e+00 -3.863093753349034487e-01
1.391399999847000504e+10 -1.143875052208240817e+00 -6.219483886059673505e-01
1.391399999862200546e+10 -8.856349134433442183e-01 -6.233887131488667910e-01
1.391399999870044518e+10 -8.303705627581912108e-01 -9.072674303913357274e-01
1.391399999850996399e+10 -1.050283573637070367e+00 -8.355100715384096155e-01
1.391399999827369881e+10 -9.818469346666138797e-01 -1.006650404032914725e+00
1.391399999827380562e+10 -1.136472944658613038e+00 -7.499698829954339896e-01
1.391399999841620827e+10 -1.149784897243820714e+00 -1.013291998447795494e+00
1.391399999826770401e+10 -1.349475345986318020e+00 -8.463661008514867801e-01
1.391399999837083817e+10 -1.122256501716076382e+00 -6.804468759377418907e-01
1.391399999819600677e+10 -9.376429714724516806e-01 -8.390213373479580294e-01
1.391399999838620949e+10 -1.132603976590542461e+00 -7.140918092356118851e-01
1.391399999852775764e+10 -1.395237142708923850e+00 -7.420610888586490761e-01
1.391399999868754196e+10 -1.648173291345397251e+00 -7.251428613565998882e-01
1.391399999857236481e+10 -1.852730662637828596e+00 -5.389052327695195155e-01
1.391399999880643463e+10 -1.712463223556083936e+00 -4.150877078241649309e-01
1.391399999863085938e+10 -1.810700831345209982e+00 -1.930142642999373992e-01
1.391399999834716988e+10 -1.714388982863903621e+00 -1.868381097246829547e-01
1.391399999863711357e+10 -1.760291116655122279e+00 -2.469997168497481965e-01
1.391399999848472404e+10 -1.785685331573924062e+00 -5.037620312406380085e-01
1.391399999829279518e+10 -2.005812693875083763e+00 -5.708527011945390139e-01
1.391399999826149750e+10 -1.997185709545727050e+00 -8.687456210954037639e-01
1.391399999831779099e+10 -1.819758869522821954e+00 -6.339161614360554475e-01
1.391399999803616905e+10 -1.899140932863044418e+00 -6.985821236685852975e-01
1.391399999792118835e+10 -1.992632800893318512e+00 -9.590295938499205919e-01
1.391399999816592026e+10 -2.162817618039657663e+00 -9.284034291158351770e-01
1.391399999844357872e+10 -2.093339608827657017e+00 -8.396731384350276661e-01
1.391399999818765068e+10 -2.090638854349512687e+00 -9.955183481509635168e-01
1.391399999798083878e+10 -2.063694537142657826e+00 -7.803514487678285816e-01
1.391399999809780693e+10 -1.817628179001537836e+00 -9.051074731913653082e-01
1.391399999813061714e+10 -1.963225682913955383e+00 -1.164951653036958579e+00
1.391399999806468391e+10 -2.254836114698722582e+00 -1.144698226348443759e+00
1.391399999805719376e+10 -1.961644183702764499e+00 -1.083245069758646428e+00
1.391399999787456322e+10 -1.761448732835239284e+00 -9.553314792858804694e-01
1.391399999791114235e+10 -1.846153156591024969e+00 -1.240430126454398208e+00
1.391399999775061226e+10 -1.643019401817181091e+00 -1.391296565084868986e+00
1.391399999773022270e+10 -1.579725260203793447e+00 -1.683481858520726959e+00
1.391399999794037056e+10 -1.757632061438976434e+00 -1.565239395866971028e+00
1.391399999789847183e+10 -1.835016818943001393e+00 -1.278795332804650409e+00
1.391399999789987564e+10 -1.855471216703500792e+00 -1.577749761268392170e+00
1.391399999804120064e+10 -1.860402008643395444e+00 -1.841941246264298115e+00
1.391399999811443710e+10 -2.149784917710348520e+00 -1.868173140143075450e+00
1.391399999836120033e+10 -2.291208498727032694e+00 -1.962520143229600000e+00
1.391399999847858238e+10 -2.041148039497985955e+00 -2.078647251311369182e+00
1.391399999876883125e+10 -2.115498016021797767e+00 -2.083368639482896523e+00
1.391399999892999458e+10 -2.161360633144723931e+00 -2.331797741011706115e+00
1.391399999874537659e+10 -1.995479659295110064e+00 -2.163887210386012949e+00
1.391399999853188705e+10 -1.787562890161346729e+00 -2.195299837577560087e+00
1.391399999851510239e+10 -1.773855233749818350e+00 -1.896427857706114217e+00
1.391399999865310478e+10 -1.628155705084363580e+00 -1.673894653195248994e+00
1.391399999895115471e+10 -1.657890422069023595e+00 -1.682616489974583462e+00
1.391399999891584587e+10 -1.728875586038890466e+00 -1.393638161794877206e+00
1.391399999893111420e+10 -2.014240923365023583e+00 -1.483791524252511707e+00
1.391399999900404358e+10 -1.772400453169066026e+00 -1.645001646337566514e+00
1.391399999895551682e+10 -1.515847066397382426e+00 -1.497965403303142873e+00
1.391399999902246094e+10 -1.799416001490593775e+00 -1.427955887683766800e+00
1.391399999931120682e+10 -1.857497792016602922e+00 -1.483149904040972356e+00
1.391399999932617188e+10 -1.879386912782430530e+00 -1.781631058040509252e+00
1.391399999917350388e+10 -2.115993423246217642e+00 -1.679142332160094897e+00
1.391399999899067497e+10 -2.074847321407083278e+00 -1.445315675002095901e+00
1.391399999908845520e+10 -2.294119762866166479e+00 -1.624627950984621316e+00
1.391399999885830307e+10 -2.105922716409370565e+00 -1.662122680111651318e+00
1.391399999898754883e+10 -2.231294474200866684e+00 -1.901646579899649359e+00
1.391399999904063416e+10 -2.094258280308943121e+00 -2.162792366668341959e+00
1.391399999883243752e+10 -2.066915138761499904e+00 -2.376569169030077422e+00
1.391399999911334229e+10 -2.064379700366645309e+00 -2.480875297810153146e+00
1.391399999923734856e+10 -2.336740664059417494e+00 -2.465515405222944878e+00
1.391399999906551933e+10 -2.555611408283087194e+00 -2.354320616245608289e+00
1.391399999912444496e+10 -2.842999955103642673e+00 -2.415391137081116302e+00
1.391399999892145538e+10 -2.700093640933254768e+00 -2.583221579322565020e+00
1.391399999881179810e+10 -2.700927432866016886e+00 -2.304350872973294884e+00
1.391399999890316582e+10 -2.858619417664975959e+00 -2.066486658646008667e+00
1.391399999909948540e+10 -3.063027895027506275e+00 -2.163801804630266723e+00
1.391399999904043388e+10 -2.769403908491289812e+00 -2.173394436161849796e+00
1.391399999885885429e+10 -2.943036421986339413e+00 -2.010070746281898302e+00
1.391399999887481499e+10 -2.691734594273834436e+00 -2.172510776012922307e+00
1.391399999897849274e+10 -2.481424072083051602e+00 -2.359097338139322542e+00
1.391399999896268654e+10 -2.466251474767636509e+00 -2.657951875801152664e+00
1.391399999907092285e+10 -2.571718045593311963e+00 -2.916709835890274771e+00
1.391399999902799797e+10 -2.539209883800852552e+00 -2.621930645756277656e+00
1.391399999882279778e+10 -2.754722465902686768e+00 -2.586696173039971569e+00
1.391399999861740112e+10 -2.972695457617376302e+00 -2.576979247817147378e+00
1.391399999839721107e+10 -2.772099051610316778e+00 -2.609713925161060377e+00
1.391399999828787804e+10 -2.524020872373569091e+00 -2.737376462620806361e+00
1.391399999818453217e+10 -2.688347849690273517e+00 -2.509099519219142316e+00
1.391399999833419991e+10 -2.524149110646975558e+00 -2.308020993958467049e+00
1.391399999829230118e+10 -2.519601392586101607e+00 -2.011342731680364260e+00
1.391399999826680946e+10 -2.518577144726592998e+00 -2.309911418126691096e+00
1.391399999842551613e+10 -2.580477110914728645e+00 -2.063385609977654411e+00
1.391399999855102158e+10 -2.309718593128815112e+00 -2.090445352095059217e+00
1.391399999844891930e+10 -2.154208975480648824e+00 -2.325362251942047376e+00
1.391399999842485046e+10 -2.446065327979099813e+00 -2.388881609281773066e+00
1.391399999831844711e+10 -2.539727493565551164e+00 -2.124874375178891217e+00
1.391399999833725929e+10 -2.816218985290682486e+00 -2.010889051532507743e+00
1.391399999833668900e+10 -2.768644443325403603e+00 -1.715033609418094018e+00
1.391399999825894928e+10 -2.826775387384176330e+00 -1.998532007764720397e+00
1.391399999807967567e+10 -2.769788075955061046e+00 -1.765277238517450442e+00
1.391399999825319672e+10 -2.577910464666599566e+00 -1.614056742153594515e+00
1.391399999829849052e+10 -2.416938532466718748e+00 -1.365399055870662792e+00
1.391399999810427856e+10 -2.440105343645774916e+00 -1.138375975065210710e+00
1.391399999808815002e+10 -2.463140734167308388e+00 -8.400417180212003121e-01
1.391399999825297165e+10 -2.222670695740067259e+00 -7.707423370560302356e-01
1.391399999822710037e+10 -2.231657530079587559e+00 -1.069144788247596178e+00
1.391399999822978020e+10 -2.237490718217620245e+00 -7.695569036067442248e-01
1.391399999801863861e+10 -2.260584374783344952e+00 -9.809332037590954290e-01
1.391399999790698242e+10 -2.436845962926244891e+00 -7.658548868876118298e-01
1.391399999768142891e+10 -2.239592731554167493e+00 -7.626183006107449813e-01
1.391399999781939888e+10 -2.048523848174627737e+00 -5.775473289020029988e-01
1.391399999765771484e+10 -1.797803345799562802e+00 -6.056778058270465559e-01
1.391399999784087181e+10 -1.788264674432706869e+00 -8.426510932731804404e-01
1.391399999782516098e+10 -1.771727903021355965e+00 -1.141438347659883057e+00
1.391399999798784637e+10 -1.623948082152683048e+00 -9.377501354116275500e-01
1.391399999796676254e+10 -1.635421783888270753e+00 -6.390563745657897865e-01
1.391399999791102982e+10 -1.729027766990992809e+00 -3.599042700575701415e-01
1.391399999789025307e+10 -1.432622119179617126e+00 -3.987127930620319449e-01
1.391399999818775558e+10 -1.401829223049221307e+00 -4.171086662196585304e-01
1.391399999801456070e+10 -1.220410766434367078e+00 -5.810740906567530839e-01
1.391399999780051231e+10 -1.295415480437802858e+00 -7.769095512919936830e-01
1.391399999787486076e+10 -1.342233321617927633e+00 -1.063396266114688515e+00
1.391399999765251923e+10 -1.518098273658078368e+00 -9.662881692668140454e-01
1.391399999752984238e+10 -1.258825296008665440e+00 -8.795574368618849226e-01
1.391399999748772430e+10 -1.447405266096336351e+00 -6.505207070297378547e-01
1.391399999767640877e+10 -1.483244827639130126e+00 -8.805383484849866882e-01
1.391399999751127243e+10 -1.711124726694071230e+00 -7.776084661725323199e-01
1.391399999723897743e+10 -1.795974013629902277e+00 -8.695340226959853425e-01
1.391399999730838585e+10 -2.066844475860277974e+00 -9.772641072211090130e-01
1.391399999725054169e+10 -1.990702913195617985e+00 -6.932737113927083250e-01
1.391399999712594795e+10 -2.108019808753222257e+00 -9.392559755228846452e-01
1.391399999691785240e+10 -2.056355646086318156e+00 -1.148590853638922882e+00
1.391399999682912445e+10 -2.320908068571166272e+00 -1.039350955878024507e+00
1.391399999684350586e+10 -2.500861464212563945e+00 -1.278524661133756402e+00
1.391399999713442421e+10 -2.431434975257941389e+00 -1.296982661670778469e+00
1.391399999715049934e+10 -2.530729859537803605e+00 -1.579252440082453912e+00
1.391399999715215302e+10 -2.530417704990273631e+00 -1.878904363072193107e+00
1.391399999715962410e+10 -2.524766860962613713e+00 -1.579394161225577298e+00
1.391399999727327156e+10 -2.413040546157411814e+00 -1.325631163887591280e+00
1.391399999712837410e+10 -2.203493860443991981e+00 -1.483392978296729448e+00
1.391399999706594658e+10 -2.074528370136071054e+00 -1.220210831999584800e+00
1.391399999702548218e+10 -1.782700466445589216e+00 -1.165501156109427949e+00
1.391399999705268860e+10 -1.560718355211029973e+00 -1.364945000434812039e+00
1.391399999701664162e+10 -1.559691698077778854e+00 -1.662423820977211752e+00
1.391399999695197296e+10 -1.468039321748423776e+00 -1.940294247697815999e+00
1.391399999704394913e+10 -1.614760926712441425e+00 -1.695739164543377031e+00
1.391399999687493706e+10 -1.452519310250010243e+00 -1.508905760231825877e+00
1.391399999696422958e+10 -1.174755604687165000e+00 -1.577231211430953017e+00
1.391399999693050766e+10 -1.284274790274573474e+00 -1.300351315943972130e+00
1.391399999715555000e+10 -1.087042556271374361e+00 -1.316150695836196816e+00
1.391399999706493568e+10 -8.121828620342257388e-01 -1.238462947250433377e+00
1.391399999719203377e+10 -1.014758138053886372e+00 -1.419026923495311010e+00
1.391399999715303993e+10 -1.039170561618424804e+00 -1.122922972928387164e+00
1.391399999695248604e+10 -1.112928140578573588e+00 -1.332998748799040012e+00
1.391399999682511139e+10 -1.026212442577638218e+00 -1.590000723147031891e+00
1.391399999669892883e+10 -7.831602884557750111e-01 -1.711646305124723266e+00
1.391399999674781227e+10 -9.360756709717668045e-01 -1.458621816332532406e+00
1.391399999677773285e+10 -1.169436115577256352e+00 -1.273036806808680144e+00
1.391399999675941086e+10 -1.138932945671953245e+00 -9.755003071514166679e-01
1.391399999693475342e+10 -9.834011970784798384e-01 -7.887943421334433491e-01
1.391399999677995110e+10 -1.096040274621122412e+00 -1.019322068610337695e+00
1.391399999705605888e+10 -1.059452613529351606e+00 -1.129865093691182709e+00
1.391399999734325790e+10 -1.144848791798856569e+00 -1.134146700458651846e+00
1.391399999759643936e+10 -1.291361234900423094e+00 -1.069129392701932968e+00
1.391399999772364998e+10 -1.493306631054419409e+00 -8.879396840022857340e-01
1.391399999747583389e+10 -1.338239686585696475e+00 -9.537851687519239841e-01
1.391399999722539520e+10 -1.318241619527116493e+00 -1.117107583757897649e+00
1.391399999742559814e+10 -1.541048373476212152e+00 -1.125458873564944007e+00
1.391399999751237679e+10 -1.786629015309667778e+00 -9.772912505405089156e-01
1.391399999768307114e+10 -1.831892307975943046e+00 -1.219384304344133918e+00
1.391399999771978378e+10 -1.946114241170820991e+00 -1.493974262992027402e+00
1.391399999781875420e+10 -2.070703751072928256e+00 -1.240052424277588550e+00
1.391399999800645256e+10 -2.304097094675269908e+00 -1.249585593735970113e+00
1.391399999788697243e+10 -2.552714727947276607e+00 -1.132504287267408705e+00
1.391399999800227165e+10 -2.326015951837146822e+00 -1.290958839556824556e+00
1.391399999810087776e+10 -2.193123844246924747e+00 -1.041137347808704483e+00
1.391399999780975151e+10 -2.132887076753104960e+00 -1.003577391278493103e+00
1.391399999774670410e+10 -2.087356912146768551e+00 -7.141881533830740647e-01
1.391399999762064362e+10 -1.893376415053159789e+00 -5.237293972964759403e-01
1.391399999743503761e+10 -1.741059641342351361e+00 -7.030167813225858264e-01
1.391399999744202614e+10 -1.550583778161517490e+00 -9.342400698775878976e-01
1.391399999772094345e+10 -1.467940128592438498e+00 -8.623424660935611330e-01
1.391399999760744476e+10 -1.212033023221618322e+00 -7.554608264952177299e-01
1.391399999788863754e+10 -1.144170712532602829e+00 -6.772345393416139281e-01
1.391399999775171471e+10 -1.268813148095987220e+00 -4.416283971362312544e-01
1.391399999787829971e+10 -1.314825633767053858e+00 -1.739471454448744958e-01
1.391399999777291107e+10 -1.328275799764182530e+00 1.062427710312900397e-01
1.391399999781491661e+10 -1.555515765192242661e+00 2.970086685762637346e-01
1.391399999780280113e+10 -1.555135181331653849e+00 5.964200302277813392e-01
1.391399999781907654e+10 -1.723183491294917546e+00 3.488539547955534781e-01
1.391399999771137428e+10 -1.740583995626384883e+00 6.279446916904264375e-01
1.391399999791690636e+10 -1.562116711549095704e+00 5.026452733080066793e-01
1.391399999807703781e+10 -1.542753576937023086e+00 7.551870409392680283e-01
1.391399999816233063e+10 -1.544952719383058115e+00 4.679336090180172270e-01
1.391399999812446785e+10 -1.710674663047653921e+00 2.211608156115283386e-01
1.391399999787502861e+10 -1.781526355503258552e+00 7.098165001538725427e-02
1.391399999764689827e+10 -1.961298918958731541e+00 -2.721231223809086885e-03
1.391399999760562134e+10 -1.915652899742755544e+00 2.905479866447955861e-01
1.391399999756479263e+10 -1.814114849170031407e+00 1.159076949850501581e-02
1.391399999771298027e+10 -1.677494226424398827e+00 -2.101508295382571723e-01
1.391399999784624100e+10 -1.578143201257357964e+00 -4.594800779994756557e-01
1.391399999779920769e+10 -1.583787137998940775e+00 -7.553688395327660121e-01
1.391399999786037064e+10 -1.670307386658206772e+00 -4.750700474466559853e-01
1.391399999780228233e+10 -1.953572429588067649e+00 -3.964528776328363757e-01
1.391399999779679108e+10 -1.968731361737640073e+00 -6.956754564546689945e-01
1.391399999789568901e+10 -2.010635637801060582e+00 -4.159305743590821502e-01
1.391399999786190796e+10 -2.160097004051800607e+00 -6.734462006190835570e-01
1.391399999791550255e+10 -1.905697416743642680e+00 -5.244408475843153061e-01
1.391399999770984840e+10 -1.896621406294612955e+00 -7.421978642434484685e-01
1.391399999752293205e+10 -1.684069251172656490e+00 -6.438206248945620436e-01
1.391399999770033073e+10 -1.666162151200863528e+00 -8.846592888120827780e-01
1.391399999776823044e+10 -1.386434830867309120e+00 -9.679447558888532033e-01
1.391399999777310562e+10 -1.686043460670287875e+00 -9.701816111931940156e-01
1.391399999775740623e+10 -1.475874396250484999e+00 -1.183199498277326400e+00
1.391399999774787712e+10 -1.479122397669153210e+00 -1.482686967243258991e+00
1.391399999769519043e+10 -1.471580402046024583e+00 -1.187794844043729814e+00
1.391399999741722488e+10 -1.550432414334064868e+00 -1.267241491647990381e+00
1.391399999740201569e+10 -1.845695793478361324e+00 -1.316050598405370753e+00
1.391399999732310867e+10 -2.109616699683624752e+00 -1.434006450909219854e+00
1.391399999729296494e+10 -1.861019829796628500e+00 -1.598581918336969165e+00
1.391399999704067612e+10 -1.700281226614898555e+00 -1.616125370146676010e+00
1.391399999687800217e+10 -1.598764572463440281e+00 -1.846398144533455854e+00
1.391399999665009117e+10 -1.774891441292115513e+00 -1.929043697514054356e+00
1.391399999647789955e+10 -1.738529565040523472e+00 -1.686511328310672519e+00
1.391399999654059219e+10 -1.714180368908390983e+00 -1.978523187455396792e+00
1.391399999663766289e+10 -1.565704172411846340e+00 -1.737014891260890259e+00
1.391399999690130806e+10 -1.700528010539742452e+00 -1.691102383230383088e+00
1.391399999712062454e+10 -1.497295992356770800e+00 -1.710877905165023805e+00
1.391399999715385246e+10 -1.584760495176152029e+00 -1.426202651866899762e+00
1.391399999704088974e+10 -1.642524244487143736e+00 -1.697674486041430786e+00
1.391399999709607124e+10 -1.748009954057232029e+00 -1.972668793049031866e+00
1.391399999701915359e+10 -1.601196705964310407e+00 -1.723021491258505344e+00
1.391399999713147736e+10 -1.878611612147587540e+00 -1.708244933302532687e+00
1.391399999709590530e+10 -1.672043585528797616e+00 -1.922390757409902839e+00
1.391399999729137993e+10 -1.682718456728601542e+00 -1.695520745975457766e+00
1.391399999749238396e+10 -1.748129424010132382e+00 -1.907918159840175099e+00
1.391399999770888519e+10 -1.566781822196697593e+00 -2.008091386104940756e+00
1.391399999782005501e+10 -1.290413233428829187e+00 -1.975597602026389898e+00
1.391399999786765671e+10 -1.206097278033068765e+00 -1.692015188041730456e+00
1.391399999762985229e+10 -1.261811525283321744e+00 -1.518408629666252230e+00
1.391399999759543037e+10 -1.170980889535793157e+00 -1.801885385877469714e+00
1.391399999762924576e+10 -1.269283402326164545e+00 -1.520838720164156443e+00
1.391399999738437462e+10 -1.287594357925401667e+00 -1.692585278988554265e+00
1.391399999713075256e+10 -1.368399587610990009e+00 -1.554959140267810680e+00
1.391399999715308952e+10 -1.345190926758798700e+00 -1.852879497335333969e+00
1.391399999704375267e+10 -1.285360820939330351e+00 -1.580372756096930509e+00
1.391399999709492874e+10 -1.182212440549331056e+00 -1.857023185015439726e+00
1.391399999711431313e+10 -8.897558025691100214e-01 -1.794673741155497160e+00
1.391399999738872719e+10 -8.747463973680119631e-01 -1.914110986711177187e+00
1.391399999736851501e+10 -9.129891266654954762e-01 -1.617592786179872011e+00
1.391399999724035645e+10 -7.496634817919727301e-01 -1.401504297892759654e+00
1.391399999720448112e+10 -9.464207046527786105e-01 -1.178359428385146401e+00
1.391399999750384331e+10 -9.532915499163350237e-01 -1.189738967820232141e+00
1.391399999747953033e+10 -1.189926350652072085e+00 -1.007511305183197869e+00
1.391399999742588806e+10 -1.480718769970043036e+00 -1.056054380506300960e+00
1.391399999713069344e+10 -1.482617336456756973e+00 -1.107534846296397202e+00
1.391399999714759445e+10 -1.539542316295493984e+00 -8.138207120146523366e-01
1.391399999721615028e+10 -1.748267122097777682e+00 -6.100362277783054621e-01
1.391399999748183060e+10 -1.659636422409409340e+00 -5.034871992219935866e-01
1.391399999737291527e+10 -1.438458332827686981e+00 -3.331588030098940334e-01
1.391399999737008095e+10 -1.473683990929475440e+00 -3.559330424688122996e-02
1.391399999753033829e+10 -1.289005363702843798e+00 1.376279579177721313e-01
1.391399999758296585e+10 -1.424455402483166377e+00 3.996924885085755275e-01
1.391399999754120827e+10 -1.265725463728042843e+00 6.504019241357217318e-01
1.391399999756229591e+10 -1.264540044727711310e+00 3.514905813103674781e-01
1.391399999755466080e+10 -1.509790988583739724e+00 5.235015669057989651e-01
1.391399999735848045e+10 -1.374573098848341113e+00 3.417770002863207979e-01
1.391399999733868980e+10 -1.372995742592465707e+00 6.407752662394510246e-01
1.391399999723499870e+10 -1.417343102008931321e+00 9.184000582171317761e-01
1.391399999727052307e+10 -1.469715766214135355e+00 6.255021200162795836e-01
1.391399999710671616e+10 -1.355367632610641193e+00 8.488541038884959145e-01
1.391399999715692329e+10 -1.580209449774135910e+00 6.572309404321378112e-01
1.391399999727137947e+10 -1.630110343199286715e+00 9.296347748162547830e-01
1.391399999697255135e+10 -1.616318523593617051e+00 9.121434740039660038e-01
1.391399999712621880e+10 -1.864508391761388273e+00 8.444520948912935809e-01
1.391399999730558205e+10 -1.868361093869944867e+00 6.044347906396368986e-01
1.391399999759479141e+10 -1.935744306448771379e+00 5.642859920774735416e-01
1.391399999755096436e+10 -1.789569095780934704e+00 3.063980973726679879e-01
1.391399999770994759e+10 -1.553169875074392747e+00 2.134804825820940943e-01
1.391399999769458008e+10 -1.553944313799167976e+00 5.127417849495162772e-01
1.391399999765816116e+10 -1.556071841338259709e+00 2.153140646651249823e-01
1.391399999740479469e+10 -1.544956789432016420e+00 5.570265823830289342e-02
1.391399999744761848e+10 -1.588923181968483922e+00 3.490065356452482503e-01
1.391399999737250137e+10 -1.859437885806976221e+00 4.537596068546594918e-01
1.391399999728894806e+10 -1.728011038591703352e+00 7.097673697399600190e-01
1.391399999713199425e+10 -1.970277083700954890e+00 6.293518573881439204e-01
1.391399999735741997e+10 -1.792288049321396848e+00 7.147743384802627276e-01
1.391399999705966949e+10 -1.763126150184221475e+00 6.977882098394428967e-01
1.391399999729227066e+10 -1.620784103668158282e+00 8.220035324114168818e-01
1.391399999724822044e+10 -1.613054231989248688e+00 5.257030255878496483e-01
1.391399999737939072e+10 -1.344067899970964985e+00 5.103771080842975927e-01
1.391399999714618111e+10 -1.219890311025464413e+00 6.517550854431464202e-01
1.391399999705751228e+10 -9.358896477729732322e-01 6.874705909614864385e-01
1.391399999728203392e+10 -8.024335343900449447e-01 5.405917157155251118e-01
1.391399999701351547e+10 -7.228221604132838429e-01 6.471447147841994374e-01
1.391399999707621193e+10 -8.330148823031697791e-01 9.186604430722702386e-01
1.391399999695254707e+10 -5.945330353147636471e-01 7.858916941783362642e-01
1.391399999671850395e+10 -5.477755676953994790e-01 6.046958961391653009e-01
1.391399999665452385e+10 -4.839431321503008809e-01 8.903985575979525002e-01
1.391399999667124367e+10 -4.869544186147748976e-01 5.912239382010995303e-01
1.391399999691880417e+10 -4.637085067624774348e-01 4.239880531731097246e-01
1.391399999676727867e+10 -4.530841436729207139e-01 1.656839877687431017e-01
1.391399999701181030e+10 -5.815410584283636775e-01 2.818604711237686078e-01
1.391399999706496239e+10 -6.345192536263046801e-01 5.719678706898527754e-01
1.391399999721077156e+10 -4.382840857982617799e-01 7.452468524279622919e-01
1.391399999729372978e+10 -4.654363535912411920e-01 1.031908494031329893e+00
1.391399999714660645e+10 -3.527109010772861430e-01 7.964471474539649432e-01
1.391399999715373039e+10 -6.035536911840810870e-01 6.326751710348774704e-01
1.391399999737524414e+10 -8.002806997141802547e-01 5.876819168433792262e-01
1.391399999738147736e+10 -7.977096997513584142e-01 2.881011381527917026e-01
1.391399999759027290e+10 -1.010177531537750806e+00 2.556011316538220335e-01
1.391399999750773048e+10 -9.946765277524807214e-01 5.432477802567676761e-01
1.391399999763454819e+10 -9.145962385882611123e-01 2.838283282943112606e-01
1.391399999766003036e+10 -1.019214896606819742e+00 4.186295370736448085e-03
1.391399999756882477e+10 -1.271476361546963085e+00 -1.293789044662604082e-01
1.391399999764012527e+10 -1.236827130176715528e+00 1.596019001702958240e-01
1.391399999783097267e+10 -1.404041589593132189e+00 1.942382444076740100e-04
1.391399999802905083e+10 -1.233636194251637397e+00 -1.465073138131760822e-01
1.391399999780994987e+10 -1.211389251852448057e+00 5.670192868976736689e-02
1.391399999792619133e+10 -1.003082248746507199e+00 2.380583631582497972e-01
1.391399999797921371e+10 -8.064934401853774970e-01 1.820496039140442890e-02
1.391399999783275795e+10 -7.569225966529828931e-01 -2.384812676744004489e-01
1.391399999784633827e+10 -4.885698505213462162e-01 -3.711330669076799427e-01
1.391399999782040596e+10 -1.914000141009972178e-01 -3.996237321299949685e-01
1.391399999772838783e+10 -3.647433737483473104e-01 -1.731751287663958194e-01
1.391399999756524086e+10 -4.646561872435943652e-01 5.746429492466159639e-02
1.391399999740464401e+10 -3.687812595404896809e-01 2.915816143139723371e-01
1.391399999748293304e+10 -5.914236795677009217e-01 4.762304658775817767e-01
1.391399999736980820e+10 -7.786519173983337261e-01 2.714319161167514927e-01
1.391399999725446510e+10 -1.023782554528784194e+00 3.994992889184562079e-01
1.391399999720941734e+10 -9.962631197840519093e-01 1.045289248340304233e-01
1.391399999719674110e+10 -7.691163358009434070e-01 2.995615821278813096e-01
1.391399999714051056e+10 -9.213248144750214585e-01 4.763929485986073686e-02
1.391399999726574516e+10 -7.022058341653836244e-01 -1.139075241946916062e-01
1.391399999702288628e+10 -6.683159463562444724e-01 -2.861419564493158929e-01
1.391399999705452156e+10 -7.927967959485141547e-01 -1.540623129633639232e-02
1.391399999704318047e+10 -1.030177838526119105e+00 -1.979321589490259381e-01
1.391399999705013275e+10 -1.022293244129704570e+00 -4.974043744598238281e-01
1.391399999704649734e+10 -1.019776467666462683e+00 -1.977803529657558568e-01
1.391399999675982666e+10 -1.105971088260352175e+00 -1.841989213518253343e-01
1.391399999675559425e+10 -1.146223616434395076e+00 -4.811095572785528685e-01
1.391399999672425461e+10 -1.144677566866624918e+00 -7.791188790967887856e-01
1.391399999677699852e+10 -1.186919683518513402e+00 -1.071056693463912524e+00
1.391399999676525688e+10 -9.949261810605173340e-01 -1.300827698662306853e+00
1.391399999676783562e+10 -9.888754363197574948e-01 -1.600412156487940551e+00
1.391399999681557465e+10 -1.280986398929592429e+00 -1.647170046697766121e+00
1.391399999656392670e+10 -1.351352067533896806e+00 -1.500485775638844110e+00
1.391399999635115623e+10 -1.402405563598841276e+00 -1.295750003854555965e+00
1.391399999610105324e+10 -1.250804522362445992e+00 -1.230483614012679139e+00
1.391399999612571144e+10 -9.597547841902769328e-01 -1.297387633071232393e+00
1.391399999603932381e+10 -1.002429220991386316e+00 -1.013644295934396533e+00
1.391399999577258682e+10 -8.778059301111549306e-01 -1.069451856240710041e+00
1.391399999557484055e+10 -1.094808997309649090e+00 -1.129452405779680424e+00
1.391399999531116295e+10 -1.229391121388699881e+00 -1.083024039613855516e+00
1.391399999538353729e+10 -1.059754020843080013e+00 -1.319200319461876658e+00
1.391399999563750458e+10 -9.704569656341135442e-01 -1.450807422479441611e+00
1.391399999580748749e+10 -1.114787458337010984e+00 -1.250636043034785594e+00
1.391399999593643188e+10 -1.103237948238180000e+00 -9.803877482249545583e-01
1.391399999619419861e+10 -1.193120697441802935e+00 -1.103964317179565446e+00
1.391399999619092560e+10 -1.303738916094370870e+00 -1.382436941293250676e+00
1.391399999612216759e+10 -1.317334826587639451e+00 -1.673781342023907381e+00
1.391399999605673790e+10 -1.025334771522376176e+00 -1.657998941794051273e+00
1.391399999588931274e+10 -7.953274707669453214e-01 -1.563873689708467296e+00
1.391399999568369293e+10 -1.001973227685836410e+00 -1.633244502757539740e+00
1.391399999553606033e+10 -9.335951775280318943e-01 -1.884885023914476099e+00
1.391399999547185707e+10 -9.116970462510168849e-01 -2.176762759136140257e+00
1.391399999562295151e+10 -8.900934092636724193e-01 -2.434634383491962151e+00
1.391399999539514732e+10 -1.055789432099885738e+00 -2.536831597178680120e+00
1.391399999510048485e+10 -1.021625865111668974e+00 -2.494396947956024846e+00
1.391399999534363556e+10 -1.143215088269126323e+00 -2.620443992768538788e+00
1.391399999534473228e+10 -1.136779924694203414e+00 -2.920029524209845739e+00
1.391399999534022713e+10 -1.070442028453153949e+00 -2.627842778891720688e+00
1.391399999527595711e+10 -1.052718811090121553e+00 -2.919989008721874058e+00
1.391399999551775169e+10 -1.068603731556583947e+00 -3.096276308571900948e+00
1.391399999562573814e+10 -1.341791838114888780e+00 -3.037105704382504268e+00
1.391399999572250366e+10 -1.347174212413966732e+00 -2.753553899735335708e+00
1.391399999578710938e+10 -1.236961566809342994e+00 -2.482494303705198746e+00
1.391399999584568214e+10 -1.184859818717712621e+00 -2.193273380305594600e+00
1.391399999567536736e+10 -1.356354913055595857e+00 -2.016139053823007732e+00
1.391399999565367889e+10 -1.070864191789074660e+00 -1.927715132774884044e+00
1.391399999569528580e+10 -1.022003307697886054e+00 -1.635011321671733020e+00
1.391399999590030479e+10 -8.250540352478310524e-01 -1.729733167449410969e+00
1.391399999592961502e+10 -8.434440830029914515e-01 -1.432080966779222697e+00
1.391399999605533218e+10 -1.034915711549635686e+00 -1.238876567336728574e+00
1.391399999601709366e+10 -1.121399166340947273e+00 -9.545308015321969375e-01
1.391399999576667404e+10 -9.568390180542836188e-01 -9.524115581712225831e-01
1.391399999560857010e+10 -1.206461767943836527e+00 -9.025566052120228555e-01
1.391399999543236351e+10 -1.291744649445186743e+00 -1.129431398455695623e+00
1.391399999537219238e+10 -1.110282165607545890e+00 -8.986826626890334069e-01
1.391399999538392448e+10 -1.197547146129052331e+00 -1.185111162842914734e+00
1.391399999527551651e+10 -1.279752159302666392e+00 -9.181203085123090801e-01
1.391399999539655304e+10 -1.276368537691981109e+00 -1.192223693713791999e+00
1.391399999554705048e+10 -1.466112015967348636e+00 -1.368694699343054433e+00
1.391399999558622742e+10 -1.170962178405900111e+00 -1.334845447764428039e+00
1.391399999587236214e+10 -1.089678563145627166e+00 -1.371092974181227664e+00
1.391399999568004227e+10 -9.589902875622589029e-01 -1.182075600010382033e+00
1.391399999579726410e+10 -1.229729666417297196e+00 -1.129603797001839327e+00
1.391399999561365318e+10 -1.417405462740208621e+00 -9.851768324874308203e-01
1.391399999582276535e+10 -1.221618273277018663e+00 -1.073116379305065315e+00
1.391399999558199310e+10 -1.043550849728510643e+00 -1.083828144568022234e+00
1.391399999554966736e+10 -7.916553708117464172e-01 -1.242881128090021825e+00
1.391399999547273827e+10 -5.999848039398134603e-01 -1.025767323101358652e+00
1.391399999567189789e+10 -5.866590746761711772e-01 -8.022673052381791292e-01
1.391399999555334473e+10 -5.683146790450691599e-01 -5.276715351290710565e-01
1.391399999554951477e+10 -5.509408538333475658e-01 -8.267995785707171752e-01
1.391399999566481972e+10 -7.420755702133626786e-01 -1.026715243562443813e+00
1.391399999548150635e+10 -9.761840400092693937e-01 -9.895172581250422095e-01
1.391399999528573418e+10 -8.957573731312795662e-01 -7.773878598692967046e-01
1.391399999529641914e+10 -9.859618814069819326e-01 -1.062945346272346603e+00
1.391399999532090759e+10 -1.070496180193247326e+00 -1.349386258038629549e+00
1.391399999545346069e+10 -8.754007112091957143e-01 -1.534214147006383033e+00
1.391399999542361069e+10 -9.412701456852238246e-01 -1.825013502177017743e+00
1.391399999562002945e+10 -1.166756826582815876e+00 -1.844242024637569477e+00
1.391399999534478569e+10 -1.052384237700895397e+00 -1.875135035036503472e+00
1.391399999506201172e+10 -1.114650792220232889e+00 -1.797963315990966482e+00
1.391399999490272903e+10 -8.748934397611816127e-01 -1.714659107570306595e+00
1.391399999490713501e+10 -8.816195269576911908e-01 -1.415110372181414222e+00
1.391399999512504005e+10 -9.627264772896459988e-01 -1.604141495036736753e+00
1.391399999509751701e+10 -9.882086906154696759e-01 -1.901441333518726129e+00
1.391399999531074142e+10 -1.117696078221691813e+00 -2.067459704973543033e+00
1.391399999515482521e+10 -8.621201368728950154e-01 -2.054608385405658044e+00
1.391399999512565613e+10 -8.973876920943667512e-01 -2.350749314234858556e+00
1.391399999537022781e+10 -1.065710466330022310e+00 -2.310181044753995216e+00
1.391399999545839691e+10 -1.038476007821808489e+00 -2.025087247288661185e+00
1.391399999574155807e+10 -1.065327078576812303e+00 -2.119386798680594097e+00
1.391399999583532143e+10 -1.176302061624859840e+00 -1.857304651968956222e+00
1.391399999583992767e+10 -1.084568717323266762e+00 -2.142537675720221468e+00
1.391399999585686874e+10 -1.029528709247206297e+00 -1.848466802913530493e+00
1.391399999605792236e+10 -8.554279348835741592e-01 -1.986525584510320908e+00
1.391399999633482933e+10 -9.366151877632096223e-01 -1.905748445054758378e+00
1.391399999658239365e+10 -9.816259398322316754e-01 -1.743021188819682266e+00
1.391399999634840202e+10 -8.367577994203762026e-01 -1.624467360667091409e+00
1.391399999613914680e+10 -6.226102863405948984e-01 -1.636602614526694754e+00
1.391399999606081772e+10 -5.617825805230696190e-01 -1.353833232515039509e+00
1.391399999580879974e+10 -5.187115539484347115e-01 -1.510120892504315249e+00
1.391399999584617043e+10 -6.496772025943079454e-01 -1.777039563563917124e+00
1.391399999584392929e+10 -6.286797466600981821e-01 -2.075951242532442009e+00
1.391399999588470078e+10 -5.598894796819844366e-01 -1.787161178786803140e+00
1.391399999569253731e+10 -5.050665383907750883e-01 -1.563863502007331485e+00
1.391399999571643639e+10 -5.895744881260365222e-01 -1.277365143390239988e+00
1.391399999565628052e+10 -5.314664972213076766e-01 -1.565113180820412619e+00
1.391399999563742447e+10 -4.112619074741075131e-01 -1.838955183785023317e+00
1.391399999565708923e+10 -4.151886257210456455e-01 -1.539970284472510942e+00
1.391399999560034943e+10 -1.965030543780534600e-01 -1.343116473138536326e+00
1.391399999557839966e+10 -7.694864482542436435e-02 -1.069220373846102801e+00
1.391399999542433167e+10 1.799969495011633502e-01 -1.075217584070508048e+00
1.391399999565477943e+10 3.440639012306295763e-01 -1.174059465044417827e+00
1.391399999563035011e+10 3.870406711044530601e-01 -1.469610282993335959e+00
1.391399999552999306e+10 1.811624727297679316e-01 -1.662837136615614275e+00
1.391399999575446701e+10 2.090335618711901544e-01 -1.859378678808698560e+00
1.391399999578932571e+10 2.694260373556350840e-01 -1.567948243549896592e+00
1.391399999603072357e+10 4.264103418462268369e-01 -1.485017501303320220e+00
1.391399999632754517e+10 4.409883658993462019e-01 -1.523462377687717861e+00
1.391399999657235336e+10 4.172106231938801923e-01 -1.352296825686690074e+00
1.391399999656041908e+10 1.866045951094686128e-01 -1.543274716680492764e+00
1.391399999642632103e+10 -6.967761777273548396e-02 -1.621576351543916550e+00
1.391399999626973534e+10 -3.000379327017258513e-01 -1.511082550162872629e+00
1.391399999636667824e+10 -1.122793237045996984e-01 -1.723551469159942284e+00
1.391399999651443672e+10 -3.200893671791699147e-01 -1.880957221512867150e+00
1.391399999625684547e+10 -2.358884666072315062e-01 -1.753086174465397828e+00
1.391399999625218582e+10 -2.717640270188418361e-01 -2.050551008213954418e+00
1.391399999641765594e+10 -2.879564895110809375e-01 -1.801248935071938284e+00
1.391399999626362801e+10 -5.351538182363048124e-01 -1.730802083929389834e+00
1.391399999641833115e+10 -3.710354789635739725e-01 -1.533504301315578022e+00
1.391399999630741310e+10 -2.548804742318460104e-01 -1.280523115833390291e+00
1.391399999624883842e+10 -2.002348874637822351e-01 -9.917724732959134482e-01
1.391399999621878433e+10 6.991707198241162158e-02 -8.656426694426984092e-01
1.391399999612326241e+10 -3.356689744768058536e-02 -1.130143261621802564e+00
1.391399999584489059e+10 -4.832778559195613499e-02 -1.020210722511774026e+00
1.391399999587546730e+10 -1.077448412055666827e-01 -1.312321625563312777e+00
1.391399999591487312e+10 -3.915080599461250310e-01 -1.224459605033808351e+00
1.391399999604312897e+10 -4.353328129715431927e-01 -9.572069884540129747e-01
1.391399999610385704e+10 -3.874467931546763944e-01 -1.246712115744274652e+00
1.391399999618761063e+10 -3.348833311007713975e-01 -1.529583764896820686e+00
1.391399999619569397e+10 -3.365671130043249026e-01 -1.829126625965580510e+00
1.391399999589736748e+10 -3.085515421961949056e-01 -1.832443978165773091e+00
1.391399999597094154e+10 -6.706747927129386166e-02 -1.670993085045416882e+00
1.391399999615255737e+10 -7.393308976706511326e-02 -1.432743457239790352e+00
1.391399999600952339e+10 1.797491339398336330e-01 -1.362168021974931253e+00
1.391399999595528603e+10 2.255726749483449867e-01 -1.071044859706378194e+00
1.391399999597058105e+10 3.826608149964525474e-01 -1.325767203148971785e+00
1.391399999622452736e+10 3.251603064350373495e-01 -1.177445590000531617e+00
1.391399999603547287e+10 3.166760422033389477e-01 -1.409782393983182169e+00
1.391399999582625580e+10 4.091023433945920051e-01 -1.216184699160692162e+00
1.391399999595324516e+10 4.945607461333849098e-01 -9.585712532529925278e-01
1.391399999599084473e+10 5.217249514760815554e-01 -1.254616103533259697e+00
1.391399999596006203e+10 2.375677381759123685e-01 -1.164609228811606334e+00
1.391399999619696426e+10 3.699228740785236447e-01 -1.291706623010451249e+00
1.391399999604058838e+10 4.162340735325624208e-01 -1.040318668665855650e+00
1.391399999616541862e+10 5.741337956647649676e-01 -8.183297461689252872e-01
1.391399999612596893e+10 2.903804268795416310e-01 -7.304553871574579471e-01
1.391399999623200417e+10 4.247276976187326358e-01 -4.844847188114650427e-01
1.391399999603526878e+10 2.499677388944845646e-01 -3.411392906342375908e-01
1.391399999599066162e+10 4.109701274208314992e-01 -9.237717998964184440e-02
1.391399999608601761e+10 1.721719942116431978e-01 6.149493782293177779e-02
1.391399999608043861e+10 -1.167317047649424344e-01 1.408525121272268255e-01
1.391399999604331589e+10 -3.979336026893091072e-01 4.420133906392188783e-02
1.391399999577999878e+10 -3.744732325461820888e-01 -9.689405942839342256e-02
1.391399999586933517e+10 -1.386971407555900593e-01 6.504004704531553271e-02
1.391399999582822227e+10 -1.150689774350003025e-01 3.609209100824760652e-01
1.391399999569742584e+10 -3.818023709978557445e-01 4.001616201455571731e-01
1.391399999589722061e+10 -2.731755943328849634e-01 2.050298772831850580e-01
1.391399999580846405e+10 -8.997222165560417317e-02 4.249230865908247279e-01
1.391399999592246437e+10 -1.809959433599736545e-01 1.631738125862394195e-01
1.391399999613945007e+10 -2.401944002946875822e-01 3.611820054835814808e-01
1.391399999595269203e+10 -1.830065427352084995e-01 5.884370276780575004e-01
1.391399999592584419e+10 -1.895848926384750277e-01 8.868160894753749357e-01
1.391399999583221626e+10 -1.356176078176323241e-01 1.166307618784185429e+00
1.391399999562523651e+10 -1.824424130054896065e-01 1.377875384205356601e+00
1.391399999543163109e+10 -1.949119547452228540e-01 1.606251829889221439e+00
1.391399999558346176e+10 -1.578641393835413242e-01 1.861925313172327456e+00
1.391399999564778900e+10 -4.368151023717804782e-02 2.131403530714516048e+00
1.391399999578357124e+10 -2.163314241910505031e-01 2.335239993331345687e+00
1.391399999584223938e+10 -1.447975031683135794e-01 2.620257611495632410e+00
1.391399999555700111e+10 -2.308139325299921607e-01 2.588099730807809529e+00
1.391399999547645569e+10 -2.065267013405784891e-01 2.300494883548095171e+00
1.391399999563519287e+10 -1.684447328718696180e-01 2.049205617164453930e+00
1.391399999566996574e+10 -3.192686797657474096e-01 2.305792987400531846e+00
1.391399999564522743e+10 -3.403750669656377958e-01 2.007906050816715471e+00
1.391399999588053513e+10 -5.258940628165431619e-01 2.010650580448277047e+00
1.391399999576426125e+10 -5.217779170471857908e-01 1.734502907240113467e+00
1.391399999564528275e+10 -3.092663828549845340e-01 1.909079103336092542e+00
1.391399999582397079e+10 -3.270364551890999061e-01 2.148972008627484609e+00
1.391399999569124031e+10 -5.838904129877681148e-02 2.146711325240926005e+00
1.391399999571125793e+10 -1.003312630634642932e-01 2.442742117665770429e+00
1.391399999586489677e+10 -2.585605561648839090e-02 2.688999660097350919e+00
1.391399999583781052e+10 2.461282448046563098e-02 2.394868217341321603e+00
1.391399999593934441e+10 7.317094496733630993e-02 2.672585929056331633e+00
1.391399999602898026e+10 2.728449210451295848e-01 2.877255946062886149e+00
1.391399999604860306e+10 1.637709059828812153e-01 2.598846289956323385e+00
1.391399999599889755e+10 3.785910596277232143e-01 2.395928352246619930e+00
1.391399999591175461e+10 2.776287842509447268e-01 2.664269099851815259e+00
1.391399999609002304e+10 2.731909879454714196e-01 2.905089793512141583e+00
1.391399999631449127e+10 2.881697283633037898e-01 2.707139992565214204e+00
1.391399999645277214e+10 2.675736817317131422e-01 2.972184120704955745e+00
1.391399999646113205e+10 2.646104714180290696e-01 3.271709463055574751e+00
1.391399999637005234e+10 3.532894074398377771e-01 3.543066708960059152e+00
1.391399999636291122e+10 3.979643770727784857e-01 3.839288322997786551e+00
1.391399999606746483e+10 3.712810770313761943e-01 3.881632821114083143e+00
1.391399999604509354e+10 3.733653077869983350e-01 3.582819736916973419e+00
1.391399999591610527e+10 3.269644655410475220e-01 3.849284236216535593e+00
1.391399999571501160e+10 2.859246230996259075e-01 3.630947400791672663e+00
1.391399999597487259e+10 4.351154718480563233e-01 3.628077235657654498e+00
1.391399999585664940e+10 1.922327768969017692e-01 3.498364572919648641e+00
1.391399999585744286e+10 4.392894395587828571e-01 3.328787213273463053e+00
1.391399999586148453e+10 4.705200040304623466e-01 3.030789853203279538e+00
1.391399999562026787e+10 3.154047143964840982e-01 2.943908783171747423e+00
1.391399999576572418e+10 2.057624689937233853e-01 3.181848403887874710e+00
1.391399999565017509e+10 1.949220279366501718e-01 2.905578977185875544e+00
1.391399999574366570e+10 -4.814470742020293681e-04 3.112632289608818770e+00
1.391399999564023590e+10 -2.673563534693325083e-01 3.023896735950424741e+00
1.391399999576514816e+10 -3.720619470605488477e-01 2.772445153179929900e+00
1.391399999549506187e+10 -4.418255700162800337e-01 2.662987852557733071e+00
1.391399999535287476e+10 -2.114960062016404407e-01 2.791538246236492604e+00
1.391399999546632957e+10 -1.661599466905649969e-02 2.988879798958228307e+00
1.391399999549545479e+10 -3.129739987126672340e-01 2.955447648233882951e+00
1.391399999530004311e+10 -2.855239769797623395e-01 2.729937411381302859e+00
1.391399999540563965e+10 -3.397987090001335364e-01 3.005069247304094304e+00
1.391399999533714104e+10 -1.438787809803648010e-01 2.788927092401711327e+00
1.391399999535418129e+10 -2.593103208655945235e-01 2.512921070005112778e+00
1.391399999532684517e+10 -2.933768376733187910e-01 2.216464824584350790e+00
1.391399999528520203e+10 -2.165696636084702420e-01 2.503101650301351455e+00
1.391399999540058517e+10 -4.855869094245665596e-01 2.567214941057939903e+00
1.391399999524010658e+10 -3.291569652497019494e-01 2.766138435633992643e+00
1.391399999524210167e+10 -3.189854651872200408e-01 2.466661119373032562e+00
1.391399999526793289e+10 -2.818299152051796375e-01 2.762881102562336544e+00
1.391399999514207458e+10 -1.219305041292989555e-02 2.798234403156038219e+00
1.391399999511947441e+10 -1.108075118849245234e-02 2.499433233080317507e+00
1.391399999503091431e+10 2.459811570000292602e-01 2.625411263099703074e+00
1.391399999506649780e+10 3.527923446274430774e-01 2.347707746831489306e+00
1.391399999485766029e+10 2.791799061015445282e-01 2.145810898455821292e+00
1.391399999499518776e+10 4.955985750232568821e-01 2.300870044614386156e+00
1.391399999528665733e+10 4.374612592867221372e-01 2.339078720150289392e+00
1.391399999514426041e+10 1.911061026560191278e-01 2.433026577258742940e+00
1.391399999516298294e+10 1.476494135929398988e-01 2.728923607526202666e+00
1.391399999513882828e+10 1.446532953007709232e-01 3.027590169144094290e+00
1.391399999525514030e+10 -5.518589798520381895e-02 2.836986621869516778e+00
1.391399999535025406e+10 -2.574461018478972352e-01 3.036581535157622636e+00
1.391399999550202942e+10 -1.360969024042549269e-02 3.122034624315279228e+00
1.391399999529259682e+10 -2.271459454535587966e-02 3.336159068232742886e+00
1.391399999524942207e+10 1.427665512184957963e-01 3.582220264606743587e+00
1.391399999535271072e+10 2.502762878502208799e-01 3.322283094148337668e+00
1.391399999525063324e+10 -2.452955356863512071e-02 3.260186314680074471e+00
1.391399999536219025e+10 2.152842675421627883e-01 3.401034968535253888e+00
1.391399999518628883e+10 2.396811249798143639e-01 3.159669567515041244e+00
1.391399999527230453e+10 -4.498114742664882648e-02 3.122754811220016524e+00
1.391399999548081779e+10 -9.878114471534174545e-02 2.914376070883404779e+00
1.391399999531007195e+10 -2.304527458340874801e-01 3.122468782881077765e+00
1.391399999538199234e+10 -8.815893845153766062e-02 3.376189247780394087e+00
1.391399999538008118e+10 7.328894628922441590e-02 3.123751079144512222e+00
1.391399999554150009e+10 2.926441020304293983e-01 2.998765489014596053e+00
1.391399999572418594e+10 1.408157906662691194e-01 3.181435102394980063e+00
1.391399999581161880e+10 7.270727707961846531e-02 3.459842610335563062e+00
1.391399999586810684e+10 -1.224924306015481856e-02 3.741597255898115204e+00
1.391399999567091560e+10 2.132981549095008256e-01 3.735419216323275116e+00
1.391399999545804596e+10 2.048580363681077043e-01 3.524684815829076001e+00
1.391399999539077568e+10 4.159100320382894678e-01 3.322878167525550097e+00
1.391399999534298897e+10 1.290018753868201751e-01 3.394948689579897039e+00
1.391399999549635124e+10 -1.242320334857803243e-01 3.441279952823129040e+00
1.391399999550527382e+10 -1.171814237051668622e-01 3.740720725465787933e+00
1.391399999566625595e+10 2.699704917671753857e-02 3.948304996633658082e+00
1.391399999589506340e+10 1.636172350167354739e-01 4.085330548331731038e+00
1.391399999594269943e+10 3.322121640236357365e-01 4.328436977165051935e+00
1.391399999623184013e+10 3.067891062448684925e-01 4.402903600165013920e+00
1.391399999650112915e+10 2.749240880768473172e-01 4.530427492433669379e+00
1.391399999650547600e+10 5.720763240600119648e-01 4.568843149769118206e+00
1.391399999651337051e+10 5.588054143419544095e-01 4.868101651259991058e+00
1.391399999679322624e+10 5.252248296735372302e-01 4.766377951768356880e+00
1.391399999669980049e+10 5.281305242539222622e-01 5.051083400952625979e+00
1.391399999659622955e+10 2.683004349262345656e-01 5.158579600227717776e+00
1.391399999653913116e+10 5.498716498434601530e-01 5.243735472963602540e+00
1.391399999654532051e+10 5.423751098583217134e-01 5.543234403222199624e+00
1.391399999637216187e+10 7.176242383734282582e-01 5.372653720911749531e+00
1.391399999625408936e+10 6.973713444971531006e-01 5.647322136439158591e+00
1.391399999628856850e+10 7.142776772975403254e-01 5.944508088191932771e+00
1.391399999651689720e+10 5.206873299880352413e-01 5.958021968141122393e+00
1.391399999649239540e+10 3.926322458451746988e-01 6.227828610384206875e+00
1.391399999631471634e+10 5.374501321977833701e-01 6.420836872555669927e+00
1.391399999643357658e+10 3.548530748055279682e-01 6.626566934165004419e+00
1.391399999643449211e+10 3.558223535169633966e-01 6.926220614780620011e+00
1.391399999672564125e+10 3.530471748255720188e-01 6.855376282659877418e+00
1.391399999692787361e+10 4.549494098022126565e-01 7.051621647472706478e+00
1.391399999698443794e+10 6.256256636724178977e-01 6.811904807414261853e+00
1.391399999713376427e+10 4.834178909369338806e-01 7.029327166189312415e+00
1.391399999730391312e+10 6.524386099602506039e-01 7.208980604813438831e+00
1.391399999729720688e+10 9.450227279131886426e-01 7.144609299501693656e+00
1.391399999741019821e+10 1.112955125300589598e+00 6.923643767389948245e+00
1.391399999744195938e+10 9.390642666322932541e-01 6.681678347247717475e+00
1.391399999747600746e+10 6.870479209813135091e-01 6.840179548827479472e+00
1.391399999720136642e+10 8.045087845467389087e-01 6.864036103492845875e+00
1.391399999726092339e+10 1.008879563715222805e+00 7.074938205132649038e+00
1.391399999706576347e+10 1.064787790969177861e+00 7.295349724606559505e+00
1.391399999733755875e+10 9.473903947158200944e-01 7.341602000196407296e+00
1.391399999736863518e+10 6.924041686757272940e-01 7.187295819534694985e+00
1.391399999753625679e+10 7.609868691317320799e-01 6.948563158133635120e+00
1.391399999757077026e+10 9.262121080666085859e-01 6.700967532438098395e+00
1.391399999752324295e+10 9.268431619418868728e-01 6.405104478850659255e+00
1.391399999739292908e+10 1.194336566849754311e+00 6.440596926175079062e+00
1.391399999733898163e+10 1.214946225819150127e+00 6.146557870255438871e+00
1.391399999726806068e+10 1.499794628386299067e+00 6.086345077316399177e+00
1.391399999749384880e+10 1.339165836317397495e+00 6.200417051230548537e+00
1.391399999730397415e+10 1.386073537027560976e+00 5.973389077669522429e+00
1.391399999747355461e+10 1.188754844007742228e+00 5.824722331575034495e+00
1.391399999745498085e+10 1.443934686713423288e+00 5.668734083158695647e+00
1.391399999768323517e+10 1.447484919333157816e+00 5.474616469172380206e+00
1.391399999761074257e+10 1.671701179092860645e+00 5.289505361132418315e+00
1.391399999766456985e+10 1.541299667713885491e+00 5.553876622927635509e+00
1.391399999752128983e+10 1.458437890323414754e+00 5.803674377726826705e+00
1.391399999757706070e+10 1.429666716021443351e+00 5.510662686553190248e+00
1.391399999735923767e+10 1.358906129046645095e+00 5.317427513529945138e+00
1.391399999752725983e+10 1.522273726998061294e+00 5.130682213121746216e+00
1.391399999755984879e+10 1.582682786994977331e+00 4.838992646435395173e+00
1.391399999772429276e+10 1.826922480370074986e+00 4.894663394068792250e+00
1.391399999777686310e+10 1.997582327170745131e+00 4.654027212972078331e+00
1.391399999777022362e+10 1.989442320164918288e+00 4.354554731597308326e+00
1.391399999797977257e+10 1.970131582049646335e+00 4.141222506614428589e+00
1.391399999809956932e+10 1.957792089199032137e+00 3.866831613075207841e+00
1.391399999815345192e+10 1.940017166690814143e+00 3.572595572710834944e+00
1.391399999842192650e+10 1.936643780558048533e+00 3.439540185401323669e+00
1.391399999841260529e+10 2.223222563382610595e+00 3.526602300371625365e+00
1.391399999852638817e+10 2.406917659432759038e+00 3.318988139264008375e+00
1.391399999868650055e+10 2.154618321638737122e+00 3.341416865451278806e+00
1.391399999858642578e+10 2.071155446198828631e+00 3.071577874524701102e+00
1.391399999858473587e+10 2.074306277235516749e+00 3.371213184908723015e+00
1.391399999844919777e+10 1.900191874091152755e+00 3.168463067262227817e+00
1.391399999851917458e+10 1.820610823456228600e+00 2.888169847227243014e+00
1.391399999875188828e+10 1.649979233508104493e+00 2.807401133537661408e+00
1.391399999865285110e+10 1.453029262004487787e+00 3.010370528590073480e+00
1.391399999845852089e+10 1.553724584403441744e+00 3.215041131508415972e+00
1.391399999816953278e+10 1.576977701525237086e+00 3.139281510711204870e+00
1.391399999822654915e+10 1.690815120805024607e+00 3.410545612038718311e+00
1.391399999804448318e+10 1.811742087689922398e+00 3.615539481251202503e+00
1.391399999812409210e+10 1.693403309942420609e+00 3.879077577859266768e+00
1.391399999839149284e+10 1.573458691122266995e+00 3.816593454844206867e+00
1.391399999835845757e+10 1.521419498847853324e+00 3.523344855737789327e+00
1.391399999830737686e+10 1.275882224301587708e+00 3.359343985288655077e+00
1.391399999803994751e+10 1.229396224118588066e+00 3.232398334912883975e+00
1.391399999799618721e+10 1.106318712526846992e+00 3.502085274665255099e+00
1.391399999779403877e+10 1.310654224254669487e+00 3.417365671432249119e+00
1.391399999778092766e+10 1.324288891237792365e+00 3.716424675040383985e+00
1.391399999786062622e+10 1.224227930708819745e+00 3.987404439079026197e+00
1.391399999779929733e+10 1.040142121102836548e+00 4.215757981494571816e+00
1.391399999797107697e+10 9.578193999408030068e-01 4.447078340448665124e+00
1.391399999773445320e+10 1.055577458282068948e+00 4.291363721560563782e+00
1.391399999748689651e+10 8.924003127271220581e-01 4.334762482489984414e+00
1.391399999762130547e+10 1.031208038404991090e+00 4.105719382450645050e+00
1.391399999750410271e+10 1.052594458258663934e+00 3.830764200466466818e+00
1.391399999725859833e+10 9.574728112015521431e-01 3.687678613515404269e+00
1.391399999752256012e+10 8.194159526089255241e-01 3.655135448773081830e+00
1.391399999781419182e+10 7.777820647403119736e-01 3.710016823789590301e+00
1.391399999761610603e+10 7.192973848578018137e-01 3.492910050564197899e+00
1.391399999757756805e+10 8.875502167201778647e-01 3.737858856777897643e+00
1.391399999762992859e+10 7.218887652538312771e-01 3.493709890568729381e+00
1.391399999786981392e+10 8.997061002693111931e-01 3.518803539441744732e+00
1.391399999788625526e+10 8.320112050524508529e-01 3.227356790044561663e+00
1.391399999789320564e+10 7.787561089723917807e-01 3.522161307719085865e+00
1.391399999768501663e+10 6.877935763363851596e-01 3.717551942010187460e+00
1.391399999779525185e+10 4.181160976283584962e-01 3.787668537592796536e+00
1.391399999788464165e+10 1.416763453682623464e-01 3.714287654437103736e+00
1.391399999800212669e+10 2.387957878348897500e-01 3.456296969412953946e+00
1.391399999801119041e+10 2.425369486266296948e-01 3.156800779138706048e+00
1.391399999779014397e+10 1.157350467966647700e-01 3.314451352728676081e+00
1.391399999803470230e+10 7.962851160068395995e-03 3.178913716981422777e+00
1.391399999824517822e+10 -5.486820900000979884e-02 2.975084429610376890e+00
1.391399999825240326e+10 -9.659128302029762470e-02 3.271734216346616542e+00
1.391399999845210838e+10 -2.083014245358911221e-01 3.465210449223888656e+00
1.391399999874586487e+10 -1.901562406622282486e-01 3.521533026358881546e+00
1.391399999875298500e+10 -1.441999205528139982e-01 3.817559066801530676e+00
1.391399999895921898e+10 -8.719098772986627610e-03 3.987577948616165102e+00
1.391399999877736855e+10 9.996937649510166668e-02 4.199501542554172850e+00
1.391399999886658287e+10 -4.840251233591248703e-02 4.444084367857269235e+00
1.391399999888920975e+10 -1.114802782019528593e-01 4.152017076492479752e+00
1.391399999903213501e+10 1.190382543996013620e-01 4.279405867299757915e+00
1.391399999890931320e+10 9.279978274305576702e-02 4.007338975359459710e+00
1.391399999889960670e+10 -4.363399056236076656e-02 4.273958003614032997e+00
1.391399999909989548e+10 -9.586001915950936869e-02 4.057276881032634286e+00
1.391399999917280197e+10 -1.350312199797367996e-01 4.345277608718721041e+00
1.391399999911252975e+10 -1.047364893371343642e-01 4.637242852062203546e+00
1.391399999884931374e+10 -9.905641496789915901e-02 4.494136690104704179e+00
1.391399999902685547e+10 -3.126235363543855561e-01 4.381611125636736048e+00
1.391399999891999435e+10 -2.499460544468942447e-01 4.654459499597703775e+00
1.391399999910605621e+10 -8.181121926091894370e-02 4.818489531836299911e+00
1.391399999908176613e+10 -1.826996972669806540e-01 5.099604471890105906e+00
1.391399999921822739e+10 -3.260211529274804065e-01 4.874590219946088432e+00
1.391399999928988266e+10 -3.473187876687847675e-01 5.164772814843283655e+00
1.391399999939541054e+10 -5.056527465511777564e-01 5.396263946508486953e+00
1.391399999934371758e+10 -6.220008913013784779e-01 5.667529460252247908e+00
1.391399999953812218e+10 -7.078537485201932267e-01 5.878788150048289474e+00
1.391399999931641197e+10 -5.503383402031094551e-01 5.752979805978423400e+00
1.391399999930586052e+10 -5.476228583577944509e-01 5.453521309919659998e+00
1.391399999925622368e+10 -6.840497265787851555e-01 5.191380237970471434e+00
1.391399999919996071e+10 -4.242848072792036462e-01 5.052993741460868549e+00
1.391399999922676849e+10 -4.449431701354132906e-01 5.350732940229485202e+00
1.391399999896191597e+10 -3.425823330966942248e-01 5.254974741294672569e+00
1.391399999881387329e+10 -5.006828058311498797e-01 5.462053830932416254e+00
1.391399999876226997e+10 -7.947964596034369222e-01 5.436986706679353354e+00
1.391399999891391563e+10 -7.004604995570876680e-01 5.196365718709068382e+00
1.391399999911343002e+10 -9.130298719333658219e-01 5.127065477851851405e+00
1.391399999914443398e+10 -9.130715759257305164e-01 5.425113912242155223e+00
1.391399999904178619e+10 -1.147183544186201720e+00 5.581475598317503284e+00
1.391399999928066063e+10 -1.133162259138903893e+00 5.761855191360420569e+00
1.391399999957903290e+10 -1.119283928437286635e+00 5.785844783579318751e+00
1.391399999952886581e+10 -1.070888004897358803e+00 6.077281078392424263e+00
1.391399999962042618e+10 -1.252680169153020495e+00 6.297196031800083027e+00
1.391399999989865875e+10 -1.148954395393687378e+00 6.337466730450292296e+00
1.391399999970278168e+10 -1.348201253097701446e+00 6.229175326084940068e+00
1.391399999999563789e+10 -1.289300665323082962e+00 6.252829260080697615e+00
1.391400000010140228e+10 -1.031203681227094160e+00 6.143311858515796864e+00
