1.391400000000000000e+10 0.000000000000000000e+00 0.000000000000000000e+00
1.391399999981429482e+10 1.361477374116466244e-01 1.917585899352696743e-01
1.391399999961587334e+10 -2.577354657146410655e-02 3.473369688872993688e-01
1.391399999975321007e+10 -1.535627972381599093e-01 5.810089569183953806e-01
1.391399999997534370e+10 -2.730561909287076428e-01 4.192316435278620190e-01
1.391400000000617218e+10 -3.422235789521985705e-01 1.293012433406948158e-01
1.391400000003618431e+10 -5.490154762492963636e-01 -8.547892076665919436e-02
1.391399999988101578e+10 -8.042463144402181019e-01 -6.152349809538429359e-02
1.391399999981039047e+10 -6.871582097408591716e-01 -3.281629865866481088e-01
1.391399999985333061e+10 -4.521701525641874664e-01 -5.090799141001749462e-01
1.391399999987583923e+10 -3.386998805729023454e-01 -7.855070419869144560e-01
1.391399999988139534e+10 -4.518500132220872878e-01 -5.080898736493558721e-01
1.391399999965654945e+10 -4.266467680461276113e-01 -7.045661370228031295e-01
1.391399999966320038e+10 -4.421350528998959639e-01 -1.003748346910589451e+00
1.391399999961114693e+10 -4.022786912453646391e-01 -1.296145424188752227e+00
1.391399999966179848e+10 -2.583998388484434194e-01 -1.038216511912244400e+00
1.391399999974731445e+10 -1.902679958619198919e-01 -7.592198568965060623e-01
1.391399999974620247e+10 -1.656578165580550599e-01 -1.057862128545199454e+00
1.391399999979589462e+10 -1.633357022006937387e-01 -1.353360576687077099e+00
1.391400000001383591e+10 -1.365545062378309693e-01 -1.557269453445243812e+00
1.391399999993565178e+10 -3.646473723061736671e-01 -1.735188246930520872e+00
1.391399999991375351e+10 -4.834973785922317968e-01 -1.460981643815077557e+00
1.391400000015419579e+10 -6.032671125199019491e-01 -1.593784424629297147e+00
