6.957000000000000000e+09 0.000000000000000000e+00 0.000000000000000000e+00
6.956999999813967705e+09 2.010990636348254645e-01 9.687925314390419262e-02
6.956999999811564445e+09 1.999015810730584985e-01 -1.936844847686749194e-01
6.956999999812981606e+09 3.704644237698642151e-01 4.156178390201042960e-02
6.956999999647551537e+09 4.778072309720256539e-01 2.549743367039856157e-01
6.956999999858098984e+09 4.078266687245142852e-01 4.426097163584057359e-01
6.956999999878789902e+09 3.355564657481215907e-01 1.619259076917644591e-01
6.956999999842456818e+09 6.142542659142170569e-01 2.356953060135749678e-01
6.956999999737278938e+09 8.847147647427265893e-01 2.207548358730667959e-01
6.956999999681825638e+09 1.144737697351665862e+00 1.035052173471958936e-01
6.956999999874679565e+09 9.476640737954016291e-01 1.183317527375613021e-02
6.956999999989626884e+09 6.828780603177950770e-01 4.514832405952445143e-02
6.957000000052968979e+09 7.917198285605571151e-01 -2.167214453435587496e-01
6.957000000132670403e+09 7.261831654970531957e-01 -4.883593099522505199e-01
