6.261300000000000000e+10 0.000000000000000000e+00 0.000000000000000000e+00
6.261299999952388000e+10 8.980563556204157472e-02 1.434314347683839364e+00
6.261299999918244171e+10 7.052793060308863993e-01 2.774697666816793973e+00
6.261299999902436829e+10 1.581719138952834891e+00 3.998985502652534940e+00
6.261299999845280457e+10 2.249985190374129473e+00 5.231360846453528168e+00
6.261299999937273407e+10 2.770806452314003465e+00 6.315099263809115904e+00
6.261299999883076477e+10 3.947908458822766420e+00 7.097859388751007081e+00
6.261299999974150085e+10 3.504420570563681281e+00 5.972738793964312620e+00
6.261299999910398102e+10 4.378516262142555071e+00 7.031768281281602917e+00
6.261299999848912811e+10 5.731465508797018771e+00 6.742810231837101043e+00
6.261299999857741547e+10 7.241323004061521296e+00 6.675361260232625327e+00
6.261299999826003265e+10 5.762772552958901784e+00 6.747260655368889637e+00
6.261299999869356537e+10 5.053297483507172672e+00 5.482070809561312430e+00
6.261299999767697144e+10 5.511826630762771018e+00 4.458201662380985475e+00
6.261299999715018463e+10 5.375713009646167606e+00 5.870993009246661565e+00
6.261299999724247742e+10 5.447658349339147499e+00 4.361582761889929216e+00
6.261299999755773163e+10 5.936982535077520495e+00 5.759147990912960147e+00
6.261299999720650482e+10 6.682625780558776540e+00 4.489238044737796862e+00
6.261299999855910492e+10 7.250843569995633509e+00 4.862890651184506474e+00
6.261299999747884369e+10 6.620707561781713046e+00 5.716102440876878354e+00
6.261299999754794312e+10 6.985674252221305558e+00 7.183766568095272476e+00
6.261299999644955444e+10 7.698780849733145359e+00 7.943391249943055676e+00
6.261299999654131317e+10 6.548953222765932836e+00 8.923947302877163423e+00
6.261299999652353668e+10 6.655592678360668479e+00 7.413872544499619188e+00
6.261299999729708862e+10 6.125605300129862485e+00 8.602460251274578695e+00
6.261299999715237427e+10 7.116815437844873138e+00 7.467306104459287219e+00
6.261299999864616394e+10 6.978756632749130162e+00 7.671154377149768777e+00
6.261299999913803101e+10 6.463469928376667895e+00 9.007027437691993654e+00
6.261299999809610748e+10 7.398898618751441170e+00 9.582691166872370658e+00
6.261299999847837067e+10 8.828325408964524001e+00 9.262331716967684869e+00
6.261299999739550781e+10 7.927616867567708780e+00 8.707220134045254412e+00
6.261299999707553101e+10 6.781715284054460113e+00 7.770983820589154156e+00
6.261299999780485535e+10 7.523411404540280678e+00 8.870978805992614014e+00
6.261299999718449402e+10 8.790529270743972390e+00 8.321821870477041472e+00
6.261299999826034546e+10 9.792976504916332203e+00 8.681909203066965119e+00
6.261299999678574371e+10 1.003031209163729187e+01 8.434464782286550388e+00
6.261299999607282257e+10 8.933124148964303401e+00 9.196001571090674176e+00
6.261299999725168610e+10 9.838525502593222782e+00 8.908699582629713731e+00
6.261299999681705475e+10 9.327808630066629192e+00 7.551394022592345934e+00
6.261299999722415924e+10 8.854024147391388766e+00 8.930453598897820200e+00
6.261299999698061371e+10 9.298874210755368352e+00 1.035692094866839064e+01
6.261299999777338409e+10 9.177357415361534265e+00 9.072880136566482179e+00
6.261299999823911285e+10 1.001009639722493638e+01 1.024831901210813356e+01
6.261299999826470947e+10 1.149615585187763145e+01 1.053639193635520854e+01
6.261299999718791962e+10 1.252219224783860518e+01 1.081885530517317306e+01
6.261299999719915771e+10 1.246333618424691991e+01 1.233160890820233746e+01
6.261299999761068726e+10 1.108757033017995575e+01 1.281111758208683327e+01
6.261299999702721405e+10 1.248443408903111873e+01 1.279260675224309018e+01
6.261299999761975098e+10 1.122597568788456535e+01 1.219494598342348191e+01
6.261299999788911438e+10 1.129292493590200586e+01 1.070666648565554979e+01
6.261299999823577881e+10 1.169392142703611270e+01 9.288554517939383359e+00
6.261299999944823456e+10 1.154735352198907705e+01 8.393855922404341641e+00
6.261300000022441101e+10 1.100092438866751188e+01 7.214458671804115930e+00
