2.087100000000000000e+10 0.000000000000000000e+00 0.000000000000000000e+00
2.087099999977667618e+10 5.204304736353357330e-02 2.176031631631890895e-01
2.087100000002899170e+10 7.156709073742781313e-02 4.070462222213251380e-01
2.087099999992392731e+10 3.590311685062526070e-01 3.279340034021253625e-01
2.087099999980909729e+10 5.522623061730796978e-01 1.056543513531652823e-01
2.087099999978025436e+10 8.014424749188217012e-01 -8.672571702987927345e-02
2.087100000002570724e+10 9.599931417413635204e-01 3.388626604685926469e-02
2.087099999993699265e+10 7.666687853616800385e-01 2.677409076265444554e-01
2.087099999994409180e+10 7.662410978960519925e-01 5.837821592784027125e-01
2.087099999970570755e+10 5.797327100153841783e-01 4.925708238707387499e-01
2.087099999982809067e+10 8.656689698798080146e-01 4.360387485544425790e-01
2.087099999960166168e+10 1.086131124414517757e+00 4.283162909973914911e-01
2.087099999930785751e+10 9.998012530150757193e-01 5.067894243852986147e-01
2.087099999913832092e+10 1.076458000721145059e+00 2.512236548467517983e-01
2.087099999914855194e+10 1.143963159792301010e+00 -5.743641848647917936e-02
2.087099999908508301e+10 1.145480536938734195e+00 2.522445226678262653e-01
2.087099999934720612e+10 1.291519158681618817e+00 1.527567441325969888e-01
2.087099999939969254e+10 1.386201953101254603e+00 -1.442497951082829521e-01
2.087099999950506973e+10 1.368291213717529820e+00 1.532524082958022782e-01
2.087099999959376526e+10 1.358819270795938783e+00 -1.500231871589909338e-01
2.087099999955265808e+10 1.064796821147816708e+00 -2.586213246188013293e-01
2.087099999984735107e+10 1.162784709478936085e+00 -1.995745924554034045e-01
2.087099999989052200e+10 1.060421150045760541e+00 9.638250696896680236e-02
2.087099999972777557e+10 9.251224140940056406e-01 3.312016960701362756e-01
2.087099999981470490e+10 9.917689366710680243e-01 3.466489105940268045e-02
2.087099999975310898e+10 1.141757637117930768e+00 3.060352910670884885e-01
2.087099999958367920e+10 9.442888965437511439e-01 1.265011415856656107e-01
2.087099999958900070e+10 6.643674267332353445e-01 2.732946247618763258e-01
2.087099999928061295e+10 5.949258501684036027e-01 2.706827467830558720e-01
2.087099999949607849e+10 6.477724783718772361e-01 4.548512395745299419e-02
2.087099999963132095e+10 5.481076379574116864e-01 3.132707144899115059e-01
2.087099999957035065e+10 5.734125475157424434e-01 6.224223437350929755e-01
2.087099999960687637e+10 6.051500350822752727e-01 9.348185277706124729e-01
2.087099999944623566e+10 6.300297495522078073e-01 1.205942104403935122e+00
2.087099999941342926e+10 6.525834406080414096e-01 8.923377639329520550e-01
2.087099999943703842e+10 5.908606400966264216e-01 5.832008823960935784e-01
2.087099999935919952e+10 8.413486471226772068e-01 4.067655074948120508e-01
2.087099999941814804e+10 1.095815749858251698e+00 2.287090140822773954e-01
2.087099999911956024e+10 1.198553527593262391e+00 2.137845722430627704e-01
2.087099999926518250e+10 1.359768632960827839e+00 4.434285590332286420e-01
2.087099999903951263e+10 1.257230427655597449e+00 6.396236211651145087e-01
2.087099999926416779e+10 1.371947684908158660e+00 8.301583532738560089e-01
2.087099999921147156e+10 1.061454955420975343e+00 8.027696398003312250e-01
2.087099999919197845e+10 1.167977305851385594e+00 1.099763930529110478e+00
2.087099999934414291e+10 1.044556509491111340e+00 1.347847802667140771e+00
2.087099999929746246e+10 1.322138723618655920e+00 1.203967467821742909e+00
2.087099999911004639e+10 1.142308802720977567e+00 1.384158277049252428e+00
2.087099999916038513e+10 1.141492052584062611e+00 1.072071744001575677e+00
2.087099999920754242e+10 1.328484388718536913e+00 1.322556640165584607e+00
2.087099999898974228e+10 1.279932409636687973e+00 1.098640963158003636e+00
2.087099999926592255e+10 1.343811015585264501e+00 9.587244995335361120e-01
2.087099999911111450e+10 1.340497010816796397e+00 1.234326063863645295e+00
2.087099999930564880e+10 1.287490432698101150e+00 9.908520590683769225e-01
2.087099999940504456e+10 1.133976633842293413e+00 7.330018170373038267e-01
2.087099999921471405e+10 1.136896555238257056e+00 9.853873194989231088e-01
2.087099999914147949e+10 1.114145636352397162e+00 6.787082885241979557e-01
2.087099999918014908e+10 1.359844887706014083e+00 4.835947724101292700e-01
2.087099999909168243e+10 1.659956694151774048e+00 5.287537856444581852e-01
2.087099999907826996e+10 1.627558729718534325e+00 2.145832104937970830e-01
2.087099999903697205e+10 1.569973583510832604e+00 5.226598767357643061e-01
2.087099999876285553e+10 1.431088314732293698e+00 5.968477566525232092e-01
2.087099999861174393e+10 1.705966440533517980e+00 5.576061961458524951e-01
2.087099999860245895e+10 1.850754941667743347e+00 8.384668921472954173e-01
2.087099999865720367e+10 1.996695742106627591e+00 1.113488842384344313e+00
2.087099999860855103e+10 2.016375104943744390e+00 8.017545415543585463e-01
2.087099999871150589e+10 2.152688860545704408e+00 1.067745461962111175e+00
2.087099999869949722e+10 2.451164341542423575e+00 1.171190118942756264e+00
2.087099999867768097e+10 2.420058173683254488e+00 1.485019964264210124e+00
2.087099999878623581e+10 2.320754147699783498e+00 1.205221641133113586e+00
2.087099999870885849e+10 2.381125473402726289e+00 1.505722829909940774e+00
2.087099999883523178e+10 2.299566132753887882e+00 1.227674514316575927e+00
2.087099999868393326e+10 2.467696098475943511e+00 1.448523183165813188e+00
2.087099999856588745e+10 2.269091862269404736e+00 1.232759650016227670e+00
2.087099999846511841e+10 2.265689087448130135e+00 1.532370099916137596e+00
2.087099999833963394e+10 2.420670758264896527e+00 1.777659333552065402e+00
2.087099999824366760e+10 2.321058845804841564e+00 2.061913848656979908e+00
2.087099999824327850e+10 2.320530746196972860e+00 1.745793251630303189e+00
2.087099999836517715e+10 2.227039387918364532e+00 2.022077621517724744e+00
2.087099999829959488e+10 2.299353597924602699e+00 1.721407819197884992e+00
2.087099999814966202e+10 2.271309500069134124e+00 1.444520849810692731e+00
2.087099999806962585e+10 2.527637174750015703e+00 1.611322437618694092e+00
2.087099999823867416e+10 2.260722017758780122e+00 1.600760141390652480e+00
2.087099999810150909e+10 2.142946266353046969e+00 1.341439659498827819e+00
2.087099999833390808e+10 2.137592038160076147e+00 1.127207945724976179e+00
2.087099999836742401e+10 1.835772151760894255e+00 1.215037678448950720e+00
2.087099999833161545e+10 1.695352239793935567e+00 1.495987323067360375e+00
2.087099999823744202e+10 1.624181469835695557e+00 1.789242550961263500e+00
2.087099999829090881e+10 1.673355960772750395e+00 1.481580796155451019e+00
2.087099999810399246e+10 1.587906079382098712e+00 1.721774924813418650e+00
2.087099999836357117e+10 1.422084089365981852e+00 1.650673913739961751e+00
2.087099999826617813e+10 1.170975738955350121e+00 1.816179541641103068e+00
2.087099999834283066e+10 1.019971316296791164e+00 2.083115161458665376e+00
2.087099999834296799e+10 1.018913709423040048e+00 1.766995684643303699e+00
2.087099999834677887e+10 9.800873632899067545e-01 1.453290947267386501e+00
2.087099999842203140e+10 6.848961476195074560e-01 1.537741731048437588e+00
2.087099999872159958e+10 5.918698623068221476e-01 1.576949344808673992e+00
2.087099999873647308e+10 5.900237834295012362e-01 1.892715082687040695e+00
2.087099999842665482e+10 5.645120809613675128e-01 1.835320765894641326e+00
2.087099999840024948e+10 3.474214245323842820e-01 2.063590573464484379e+00
2.087099999832264709e+10 2.783486095759972190e-01 1.765028082451845837e+00
2.087099999837203598e+10 1.249657250417643695e-01 2.036996982320393723e+00
2.087099999834609222e+10 2.118645393137825184e-01 1.734163504060679539e+00
2.087099999818788147e+10 2.081580753616484591e-01 2.007820550529824999e+00
2.087099999814919281e+10 2.333324905473796451e-02 1.754293998230751273e+00
2.087099999824085999e+10 2.541881387404525960e-01 1.558753969111866589e+00
2.087099999831961823e+10 2.533679320354548237e-01 1.252601357892672906e+00
2.087099999830610275e+10 -4.693504425585531825e-02 1.350418123028096939e+00
2.087099999856901169e+10 1.280474562911329828e-01 1.364323524755406192e+00
2.087099999881557846e+10 1.735498471019720768e-01 1.556852115548614357e+00
2.087099999911393738e+10 2.003522439641538810e-01 1.657826531131526560e+00
2.087099999936307526e+10 1.747494019866704107e-01 1.464934102371633129e+00
2.087099999939149094e+10 1.427855624863800243e-01 1.151719367221307966e+00
2.087099999925811005e+10 1.956222186874691238e-01 1.433411604043265841e+00
2.087099999903588867e+10 3.961923745445625755e-01 1.331815554470034524e+00
2.087099999883200836e+10 1.807767460036439622e-01 1.441184274367872664e+00
2.087099999865678787e+10 1.072578173433120091e-01 1.188546077014198232e+00
2.087099999872072601e+10 3.826355716831859877e-02 1.490348140555128875e+00
2.087099999901709366e+10 1.470057646089744097e-01 1.473763687523346855e+00
2.087099999875788879e+10 1.743776574520858325e-02 1.347443012507291815e+00
2.087099999873241043e+10 3.310921276749474451e-01 1.317368135024472142e+00
2.087099999896881866e+10 3.970162736347165877e-01 1.516611205778261473e+00
2.087099999899125671e+10 1.882098962538213682e-01 1.752893081821499388e+00
2.087099999911931229e+10 1.401240091719876124e-01 1.467898651265895360e+00
2.087099999937041092e+10 3.138596492718420672e-01 1.386060262948821231e+00
2.087099999918284607e+10 8.244155080891635290e-02 1.280238853448993908e+00
2.087099999934089661e+10 2.021909970622969011e-01 1.526436453018768624e+00
2.087099999930870819e+10 3.217211115884647810e-01 1.235559898827949699e+00
2.087099999951107407e+10 5.604693774383673333e-01 1.280060442332027648e+00
2.087099999925101852e+10 5.089629187490490869e-01 1.107867545854061442e+00
2.087099999913205338e+10 7.461574311068011056e-01 1.279678928790866754e+00
2.087099999930463028e+10 9.109086034698413714e-01 1.487060984200248903e+00
2.087099999918745804e+10 7.903902338790597115e-01 1.754789686404327531e+00
2.087099999914382172e+10 9.847797219805760616e-01 2.000230876322381057e+00
2.087099999925039291e+10 1.024813001281392078e+00 1.705320313642184615e+00
2.087099999947366714e+10 9.466232647143684176e-01 1.495635738421528194e+00
2.087099999972697449e+10 7.608183381472127804e-01 1.530911692985791550e+00
2.087099999975833511e+10 5.122280604559472650e-01 1.338163217657305060e+00
2.087099999992325974e+10 4.897065885868812085e-01 1.606910996368871025e+00
2.087099999981975937e+10 6.182853400635031083e-01 1.337304277079243597e+00
2.087099999952352905e+10 5.366637418342635746e-01 1.411596147454694528e+00
2.087099999958261871e+10 4.542397949562261283e-01 1.112184638132927672e+00
2.087099999955578613e+10 7.689730010662683135e-01 1.124663028701329504e+00
2.087099999944703293e+10 7.730435479506347907e-01 1.421460326167899746e+00
2.087099999924300385e+10 8.921485458898658072e-01 1.211416750175562829e+00
2.087099999935036087e+10 7.309360730524755434e-01 9.615815305495027943e-01
2.087099999964608002e+10 7.615900553104396620e-01 1.069025754458553523e+00
2.087099999968458557e+10 5.329825741441065468e-01 8.541107420239021364e-01
2.087099999986999893e+10 6.604133189083776223e-01 1.076182480134075359e+00
2.087099999964558029e+10 5.719044088083113930e-01 1.280475976431957763e+00
2.087099999964531326e+10 5.714749310737264887e-01 9.643551041980609195e-01
2.087099999968295288e+10 7.275930465903885924e-01 1.236647150732287814e+00
2.087099999951945114e+10 7.560086099920142466e-01 9.675887745522173677e-01
2.087099999929647446e+10 9.784612352300641192e-01 9.945892556572353271e-01
2.087099999927597046e+10 9.958342179618315804e-01 6.796124797359601732e-01
2.087099999909225464e+10 1.247157833881146649e+00 7.345513698710407491e-01
2.087099999902569962e+10 1.535953900087605239e+00 8.445518965613526552e-01
2.087099999910830307e+10 1.751709760972878005e+00 6.287767196580369422e-01
2.087099999922228241e+10 2.046555854688143494e+00 6.261712321583839946e-01
2.087099999912860489e+10 2.249857850049020502e+00 4.029543156905202039e-01
2.087099999905043030e+10 2.153660396818238620e+00 1.121497753469461456e-01
2.087099999887531281e+10 2.186038928135281001e+00 -1.490356887641035577e-01
2.087099999873405075e+10 1.976345688012280943e+00 -3.387901406450947173e-01
2.087099999896214676e+10 2.190182391404372098e+00 -3.854712597152539222e-01
2.087099999922055054e+10 2.112744509335744869e+00 -5.502864488419954014e-01
2.087099999909467316e+10 2.021768332047034988e+00 -8.256246100517707909e-01
2.087099999899321365e+10 1.890710013962938918e+00 -1.094813240895242457e+00
2.087099999895731735e+10 1.860340759302290481e+00 -1.407418025881158608e+00
2.087099999921607208e+10 1.981905576382919421e+00 -1.542327755241362786e+00
2.087099999940170670e+10 2.172248011910383525e+00 -1.371325357390235977e+00
2.087099999932331467e+10 2.405036199548150844e+00 -1.570315080428423826e+00
2.087099999932144165e+10 2.378748779783389278e+00 -1.885335902848715328e+00
2.087099999939189529e+10 2.301591351931169260e+00 -1.586980503460831526e+00
2.087099999929428101e+10 2.331350434549903206e+00 -1.886177242095128825e+00
2.087099999909671021e+10 2.502320138482481138e+00 -1.708221793999886717e+00
2.087099999902821350e+10 2.412666334041984939e+00 -1.412920218050920829e+00
2.087099999918891144e+10 2.141589294922168651e+00 -1.437952426337627321e+00
2.087099999917368317e+10 2.125207301933509374e+00 -1.753281383893040779e+00
2.087099999914639664e+10 2.268984105150003039e+00 -2.033488892663381620e+00
2.087099999921591949e+10 2.055883675174376091e+00 -2.256395339012234214e+00
2.087099999909704590e+10 2.029019806068343090e+00 -1.964710036529462300e+00
2.087099999913478470e+10 2.029709539641754379e+00 -1.650850354509799001e+00
2.087099999912403870e+10 2.035534393217091953e+00 -1.966735257115147295e+00
2.087099999910091782e+10 2.259296707790487968e+00 -1.744635199885202326e+00
2.087099999931327438e+10 2.386304310053569910e+00 -1.941373723945931884e+00
2.087099999930276871e+10 2.516608655395476735e+00 -2.229198408707488532e+00
2.087099999929395294e+10 2.531558597457755244e+00 -1.913553963233619370e+00
2.087099999925497437e+10 2.624745922488710637e+00 -1.614005406279868104e+00
2.087099999941566849e+10 2.579516628116070631e+00 -1.345557444682212056e+00
2.087099999963100815e+10 2.810061859832284181e+00 -1.365806578480850630e+00
2.087099999953094101e+10 2.519472157415988178e+00 -1.291800189518984343e+00
2.087099999977878952e+10 2.509692961126742894e+00 -1.095822064288493047e+00
2.087100000001215744e+10 2.554933592672012033e+00 -1.304209434041781357e+00
2.087099999997205353e+10 2.476230852626331025e+00 -1.607738820709163186e+00
2.087099999984731293e+10 2.237335328576941507e+00 -1.772970345198423781e+00
2.087099999983255386e+10 2.230688006788599242e+00 -1.457263848725529165e+00
2.087099999959879303e+10 2.091344788930942666e+00 -1.618112026208041732e+00
2.087099999952970505e+10 1.909244494091070887e+00 -1.867107831843271448e+00
2.087099999983701324e+10 1.868716546703583559e+00 -1.929161856136714093e+00
2.087100000012295151e+10 1.817204237116113896e+00 -1.804589167520374460e+00
