1.391400000000000000e+10 0.000000000000000000e+00 0.000000000000000000e+00
1.391399999991621590e+10 -2.463657457687170593e-01 1.485872627195913842e-01
1.391399999977952957e+10 -5.054194280778051551e-01 8.532404009887920027e-02
1.391399999967040443e+10 -7.326437993932765069e-01 -7.670997007930163702e-02
1.391399999967261887e+10 -7.414616619691517529e-01 2.228087249020756500e-01
1.391399999982573891e+10 -7.235985339347218437e-01 -3.415306115548372157e-02
1.391399999982907295e+10 -7.613653469891996650e-01 2.630954206314130017e-01
1.391399999970022011e+10 -7.284426463885170788e-01 5.316229093123043814e-01
1.391399999943420219e+10 -6.450391697845496708e-01 6.414959690329744557e-01
1.391399999940667915e+10 -6.780470747628563055e-01 9.380546593735268335e-01
1.391399999921096039e+10 -6.497114605336866688e-01 7.129207959399183059e-01
1.391399999918826866e+10 -6.401302319361106274e-01 1.011563324397225294e+00
1.391399999940565109e+10 -4.506324930107158400e-01 1.092984842723393912e+00
1.391399999920157051e+10 -4.939703279036593009e-01 1.308082118721973330e+00
1.391399999922440147e+10 -3.711888984420201876e-01 1.035689772823270571e+00
1.391399999921576309e+10 -2.525353856781811790e-01 1.310718519973903540e+00
1.391399999922426987e+10 -4.338224987549457179e-01 1.072272060217904999e+00
1.391399999920857620e+10 -6.044733386468532643e-01 1.318089256627546169e+00
1.391399999895078087e+10 -4.586784454992057225e-01 1.272492851619123400e+00
1.391399999896801758e+10 -7.539048397852039507e-01 1.224135981564841158e+00
1.391399999919106674e+10 -9.336053452538829456e-01 1.136096249909886335e+00
1.391399999921102142e+10 -9.918391274679760894e-01 8.428305446502546427e-01
1.391399999896109772e+10 -9.030283890456276552e-01 9.822762300448704131e-01
1.391399999881739426e+10 -8.953971541658161115e-01 7.194357198365215478e-01
1.391399999909718513e+10 -7.884920212260750905e-01 7.284897671867753832e-01
1.391399999911456680e+10 -7.731659015574553484e-01 1.027248987501859334e+00
1.391399999913501358e+10 -7.728996985214832138e-01 1.326207133840782149e+00
1.391399999938384819e+10 -8.984732690742114336e-01 1.216177010556544813e+00
1.391399999928689003e+10 -6.461241404312800807e-01 1.086897621772462408e+00
1.391399999955640221e+10 -5.455925922174752474e-01 1.170864308195515013e+00
1.391399999943618774e+10 -4.935093173912575848e-01 1.440363350988038249e+00
1.391399999929258728e+10 -4.743828652861487583e-01 1.178051597263376937e+00
1.391399999928283882e+10 -5.273768941589063175e-01 1.472823915632711644e+00
1.391399999899838638e+10 -6.180532576735878747e-01 1.498497339965082276e+00
1.391399999887276268e+10 -5.143266575846644484e-01 1.246994770438123901e+00
1.391399999887565422e+10 -5.137250892309088712e-01 9.473526819662534404e-01
1.391399999888650322e+10 -3.524323175458359270e-01 6.950412992481802554e-01
1.391399999913065720e+10 -1.881923053106969446e-01 6.384000749108555972e-01
1.391399999916178131e+10 -1.531360504614944773e-01 9.343671452259958432e-01
1.391399999932435036e+10 -1.073568798984418787e-01 1.181893980543756051e+00
1.391399999961028481e+10 -5.600523048944938687e-02 1.255365641701224888e+00
1.391399999949099731e+10 2.010910991644090928e-02 9.912230151124250543e-01
1.391399999960409546e+10 -3.712084103819185410e-02 1.262751038377726287e+00
1.391399999980972290e+10 -1.780821415355007820e-01 1.096494547513198192e+00
1.391399999973091507e+10 -2.158927105358788290e-01 8.098698897508807004e-01
1.391399999975265694e+10 -2.307981270535539864e-01 1.108364827869050551e+00
1.391399999974572563e+10 -2.311988559636387885e-01 8.087886447740036955e-01
1.391399999978941154e+10 -3.872122459394014560e-02 1.034261471320072845e+00
1.391399999986399078e+10 -1.465985063484869511e-01 1.303695182584024170e+00
1.391399999990035820e+10 -1.462692323273685202e-01 1.601136557572817587e+00
1.391399999997274399e+10 1.278743149311864780e-01 1.698088040043053581e+00
1.391400000004837227e+10 1.798823649737302799e-01 1.412834385526931191e+00
1.391399999996415329e+10 2.363426143722139050e-01 1.130852851842864881e+00
1.391400000014646530e+10 3.701381401597116927e-01 1.327462869794247879e+00
