6.957000000000000000e+09 0.000000000000000000e+00 0.000000000000000000e+00
6.956999999860619545e+09 1.945672475323404274e-02 2.542225000594890427e-01
6.956999999720434189e+09 -7.589050441772891842e-02 4.902131375788291168e-01
6.956999999597405434e+09 -2.493472702233247018e-01 2.921952524757570613e-01
6.956999999418464661e+09 -2.291364551765600055e-01 6.414688312417271554e-02
6.956999999570559502e+09 -2.348490385248755419e-01 -1.833789537979833295e-01
6.956999999554569244e+09 -2.336993044160767530e-01 1.067546108336428767e-01
6.956999999283469200e+09 -2.749051609600790536e-01 2.028859477320470173e-01
6.956999999499670029e+09 -4.154435489426719919e-01 3.368282596372396132e-01
6.956999999481345177e+09 -4.270778380888503034e-01 6.265925601059589845e-01
6.956999999431217194e+09 -5.104320619441541362e-01 9.004058702596061670e-01
6.956999999504422188e+09 -4.300203496271737258e-01 6.309444976318707710e-01
6.956999999444252014e+09 -3.449583044069399751e-01 3.596909776233810363e-01
6.956999999442759514e+09 -3.599128918805167832e-01 6.498782100989085597e-01
6.956999999641541481e+09 -2.964346248151656371e-01 4.476639979826835258e-01
6.956999999355930328e+09 -2.436283220483403400e-01 4.561490765796220037e-01
6.956999999355973244e+09 1.732989933542677941e-02 5.839587106023430563e-01
6.956999999247800827e+09 -1.992106576935743223e-01 4.231999244025788087e-01
6.956999998990135193e+09 -2.430833117327209636e-01 5.501568337646824958e-01
6.956999999022172928e+09 -1.508766469158689949e-01 8.238464829294834813e-01
6.956999998907393456e+09 -2.385171057021573393e-03 1.045680948075323524e+00
6.956999999116621017e+09 -6.675113423674342017e-02 8.545908120552836440e-01
6.956999998909227371e+09 -2.461118771981695430e-01 7.584026066221207785e-01
6.956999998940982819e+09 -5.076985438073859935e-01 8.808709884575106619e-01
6.956999998880699158e+09 -3.181935889412478846e-01 6.690026086782976389e-01
6.956999998922507286e+09 -3.661305953241058564e-01 3.854738055474072889e-01
6.956999998649003029e+09 -3.331577169836913987e-01 4.778996834344091393e-01
6.956999998839602470e+09 -1.682337403461026670e-01 3.333095754333001981e-01
6.956999998795075417e+09 -3.653783961652659062e-01 1.245374316514114010e-01
6.956999998820264816e+09 -6.547568482421572966e-01 1.322892516591920031e-01
6.956999998816577911e+09 -3.693844696727588972e-01 1.869107835060985767e-01
6.956999998878667831e+09 -3.390211108884007007e-01 -9.532570824320346636e-02
6.956999998939668655e+09 -3.794342700281713165e-01 -3.765376919216745777e-01
6.956999998846655846e+09 -5.162186720595312028e-01 -6.154377312184853288e-01
6.956999998725975990e+09 -7.772087824113840249e-01 -5.735433113925740845e-01
6.956999998773605347e+09 -7.614570704184684402e-01 -8.597562253990761461e-01
6.956999998667462349e+09 -9.154414256125300575e-01 -1.082145590917052536e+00
6.956999998426661491e+09 -7.653747922320489616e-01 -1.019459765309368438e+00
6.956999998698391914e+09 -8.260266015699032627e-01 -9.362815991082760192e-01
6.956999998703052521e+09 -1.106578848434232931e+00 -1.011801214438205365e+00
6.956999998885793686e+09 -1.332411816628466195e+00 -1.005513446838089964e+00
6.956999999133506775e+09 -1.229768903342426167e+00 -1.117483672603609923e+00
6.956999998972151756e+09 -9.938950427081642003e-01 -1.170043445754095801e+00
6.956999998976851463e+09 -9.953007115755295731e-01 -8.795086994050519413e-01
6.956999998992494583e+09 -1.118350121805835373e+00 -1.142279743351311661e+00
6.956999998943010330e+09 -1.130097529027119796e+00 -8.561891600325332030e-01
6.956999998709439278e+09 -1.232936723642231058e+00 -9.951256134164485623e-01
6.956999998571269035e+09 -1.350800261966906168e+00 -1.221955097643874222e+00
6.956999998340477943e+09 -1.330279991055606237e+00 -1.046601968880974454e+00
6.956999998421627045e+09 -1.292401502286076420e+00 -7.701701187442635543e-01
6.956999998588370323e+09 -1.283045483406213494e+00 -1.007959108671747650e+00
6.956999998374730110e+09 -1.099378133779975508e+00 -9.368359811322179986e-01
6.956999998496454239e+09 -9.847725241465444812e-01 -6.991736884537225194e-01
6.956999998415924072e+09 -8.736206447322198976e-01 -9.552882790638117516e-01
6.956999998446176529e+09 -1.162586721360070241e+00 -9.595205092641000411e-01
6.956999998443763733e+09 -1.151266284959602926e+00 -6.691749852410449062e-01
6.956999998722300529e+09 -1.229780513624757265e+00 -6.429563777508839895e-01
6.956999998895785332e+09 -1.269579144166767648e+00 -8.726379628767558794e-01
6.956999998810875893e+09 -1.544403345306868403e+00 -8.314485330422777265e-01
6.956999998771986961e+09 -1.265070365993505419e+00 -7.614826067625863892e-01
6.956999998488253593e+09 -1.243836358525014063e+00 -8.204633332659234668e-01
6.956999998207976341e+09 -1.259428872048311332e+00 -8.955365687837953947e-01
6.956999998141276360e+09 -9.801291049417646395e-01 -9.400024344103935503e-01
6.956999998331035614e+09 -1.038346862671331250e+00 -7.277840138631329614e-01
6.956999998351411819e+09 -1.327643635129238220e+00 -7.458582582943590333e-01
6.956999998441644669e+09 -1.414833906635657890e+00 -4.837696002655593741e-01
6.956999998518413544e+09 -1.673937960339014763e+00 -3.769701961691179215e-01
6.956999998524926186e+09 -1.515913002195515391e+00 -1.332076090496900345e-01
6.956999998411894798e+09 -1.472339732026716641e+00 -3.973283152974041998e-01
6.956999998491768837e+09 -1.500515988970214432e+00 -6.752865228055012770e-01
6.956999998482482910e+09 -1.318597638091679958e+00 -4.488930903307764009e-01
6.956999998348070145e+09 -1.101004124290373198e+00 -3.109772508814087622e-01
6.956999998195811272e+09 -1.062200626303898998e+00 -6.654743151668685019e-02
6.956999998045218468e+09 -1.234225611668781086e+00 -2.458900762295013476e-01
6.956999997870084763e+09 -1.012498198828519103e+00 -3.137116301295090337e-01
6.956999997999598503e+09 -7.869377372360195633e-01 -4.432614145813967288e-01
6.956999998087356567e+09 -1.060299441293131473e+00 -4.880545201934536892e-01
6.956999998001085281e+09 -1.041869961954281276e+00 -7.649158306551051556e-01
6.956999997816112518e+09 -8.194161552192342768e-01 -7.378230543768580230e-01
6.956999997900122643e+09 -8.334468097842736567e-01 -1.015635696931198595e+00
6.956999997693637848e+09 -1.021570777596180646e+00 -9.355871222056334480e-01
6.956999997736365318e+09 -1.241381894337265646e+00 -1.120767947321202218e+00
6.956999997923330307e+09 -1.301015673977762299e+00 -9.064730828810574348e-01
6.956999997997007370e+09 -1.256233833286177770e+00 -1.183963201310377356e+00
6.956999998041539192e+09 -1.246086663731257094e+00 -8.969989822341950525e-01
6.956999997965566635e+09 -9.707049806073122511e-01 -8.438233593442119318e-01
6.956999998014506340e+09 -1.043114997299684266e+00 -1.120944649515597913e+00
6.956999998012177467e+09 -1.053089207832060836e+00 -8.305490756467127644e-01
6.956999998071544647e+09 -8.029563348608684814e-01 -6.951106950878269686e-01
6.956999998001753807e+09 -5.272780377726655754e-01 -6.354008959194525907e-01
6.956999998036546707e+09 -3.043125215873035971e-01 -8.184592150466015736e-01
6.956999997907987595e+09 -5.491103563613032312e-01 -9.077957982374010859e-01
6.956999997862655640e+09 -5.648845084002357408e-01 -6.212112348539134965e-01
6.956999997674530029e+09 -7.537660456545984822e-01 -5.055950892898795068e-01
6.956999997759208679e+09 -5.651744992011513702e-01 -3.013960105301499159e-01
6.956999997500821114e+09 -6.905210178200417159e-01 -2.571415557413279096e-01
6.956999997491656303e+09 -9.692805700798395874e-01 -1.756331732238332610e-01
6.956999997754907608e+09 -1.032679396462210075e+00 -7.021058573642149914e-02
6.956999997988478661e+09 -8.675715345269119361e-01 -1.903779445666025499e-02
6.956999997912036896e+09 -9.934794430887963212e-01 2.314384349279088315e-01
6.956999997901864052e+09 -1.083767378009953930e+00 -4.456716482295575155e-02
6.956999998087725639e+09 -1.294748741768974698e+00 2.875976596753056225e-02
6.956999998117140770e+09 -1.196073878411992863e+00 3.004811150028504074e-01
6.956999997957901001e+09 -1.302567720295624731e+00 8.199502061753449755e-02
6.956999997994645119e+09 -1.019441243778801631e+00 2.792340229692912013e-02
6.956999998188173294e+09 -8.231123502358348443e-01 1.197733486264910135e-01
6.956999998183426857e+09 -8.758341707196249937e-01 4.054871476656330964e-01
6.956999998292262077e+09 -1.053315152018509115e+00 2.027808511881947495e-01
6.956999998444849968e+09 -8.071075460580474648e-01 2.258725173441748502e-01
6.956999998680710793e+09 -9.054310122497458702e-01 3.642074565096593552e-01
6.956999998463247299e+09 -1.090802382136622839e+00 3.114659139963547596e-01
6.956999998596211433e+09 -1.003199219023561239e+00 6.840076368341529989e-02
6.956999998575157166e+09 -1.151194924575813960e+00 -1.807748211427488427e-01
6.956999998370883942e+09 -1.204433368682075622e+00 1.890686073138608814e-02
6.956999998277173042e+09 -1.410269980112828669e+00 -1.635321237790931526e-01
6.956999998052452087e+09 -1.319974655603372460e+00 -3.240985010200388983e-01
6.956999997818736076e+09 -1.376437962353384670e+00 -1.609323938861597081e-01
6.956999997949072838e+09 -1.337858183166801940e+00 -4.177561312846508890e-01
6.956999997744432449e+09 -1.157185279414333356e+00 -3.181860675114501769e-01
6.956999997638984680e+09 -1.366711111206757812e+00 -4.896915022235908133e-01
6.956999997577003479e+09 -1.306699770405198135e+00 -7.671648385315820162e-01
6.956999997564345360e+09 -1.302312580364372030e+00 -1.057432011940015348e+00
6.956999997555109024e+09 -1.305381758157664551e+00 -1.347845111252835792e+00
6.956999997817330360e+09 -1.414031328266305731e+00 -1.285636514588118562e+00
6.956999997599366188e+09 -1.460381101207061549e+00 -1.099148547553029820e+00
6.956999997620919228e+09 -1.192542291575527491e+00 -1.209748400543326330e+00
6.956999997622077942e+09 -1.190009144789527573e+00 -9.191856037357352127e-01
6.956999997524722099e+09 -1.192127199334428456e+00 -1.192959116268716535e+00
6.956999997499810219e+09 -9.091756801599137905e-01 -1.254215526518239310e+00
6.956999997396273613e+09 -8.430829309931010540e-01 -1.517552718093153841e+00
6.956999997203668594e+09 -7.398473674857011240e-01 -1.326031876236351215e+00
6.956999997307213783e+09 -7.550912506851951145e-01 -1.054959092263334508e+00
6.956999997334445953e+09 -7.844603025565048959e-01 -7.671564295890500595e-01
6.956999997540828705e+09 -8.035158089506924117e-01 -5.634960857757654873e-01
6.956999997570683479e+09 -7.797305386357388235e-01 -2.754380257699826640e-01
6.956999997680844307e+09 -8.674624886888953057e-01 -2.126821727751609936e-02
6.956999997722058296e+09 -8.418741248373177166e-01 2.652298589811214469e-01
6.956999997790950775e+09 -1.124115341076825869e+00 2.705427201527587089e-01
6.956999997787206650e+09 -1.106010961968105111e+00 5.605301509548870076e-01
6.956999997505140305e+09 -1.157781403358262518e+00 6.073564532752092626e-01
6.956999997610758781e+09 -1.307175260771060943e+00 3.816117654443373919e-01
6.956999997533734322e+09 -1.427108322464436307e+00 6.348265408115831843e-01
6.956999997725711823e+09 -1.645031935840182591e+00 6.254171415791310862e-01
6.956999997808021545e+09 -1.868740664053565759e+00 4.592424834184370974e-01
6.956999997633632660e+09 -1.682544333817489690e+00 3.201238874780120147e-01
6.956999997626573563e+09 -1.666735922991441798e+00 6.101838035917144243e-01
6.956999997526123047e+09 -1.845606566660901615e+00 8.159737432177494032e-01
6.956999997430958748e+09 -1.753945164919876509e+00 1.074771779906402491e+00
6.956999997397666931e+09 -1.802327055870618810e+00 1.359350968309917196e+00
6.956999997600109100e+09 -1.828706479486706504e+00 1.566125873240864941e+00
6.956999997645454407e+09 -1.865784401572821105e+00 1.850737115659061516e+00
6.956999997743624687e+09 -1.854856909614705396e+00 2.124009416558924279e+00
6.956999997685726166e+09 -1.830431996148970342e+00 1.840309499444342745e+00
6.956999997774964333e+09 -1.963018963745760237e+00 2.082985573665881329e+00
6.956999997696941376e+09 -2.038305665775551834e+00 2.352575729116328063e+00
6.956999997539149284e+09 -2.173948600788824237e+00 2.555398908840339711e+00
6.956999997741724014e+09 -2.087966542188583130e+00 2.365648560633842212e+00
6.956999997636124611e+09 -2.207313477752350650e+00 2.122667998845865434e+00
6.956999997707166672e+09 -2.221994347674046910e+00 1.841292927998735340e+00
6.956999997468861580e+09 -2.166619900062316084e+00 1.684516568223072941e+00
6.956999997432367325e+09 -1.915811001435582916e+00 1.542398441638252571e+00
6.956999997459294319e+09 -1.716128691090333280e+00 1.333026981963685298e+00
6.956999997567980766e+09 -1.898529783730798837e+00 1.531399256195730807e+00
6.956999997562686920e+09 -1.814151921652458865e+00 1.809404385566479867e+00
6.956999997569394112e+09 -1.813842419752511370e+00 2.099902956832764733e+00
6.956999997519583702e+09 -1.870344660206701093e+00 1.819259164254360517e+00
6.956999997727126122e+09 -2.067048420802433562e+00 1.767602729829231611e+00
6.956999997718412399e+09 -2.018021649652449234e+00 1.481324986131278276e+00
6.956999997881482124e+09 -2.250351811906712740e+00 1.543498383211028280e+00
6.956999998061065674e+09 -2.269438016003452407e+00 1.315858582513532049e+00
6.956999998289401054e+09 -2.104263254455281285e+00 1.245044057356345268e+00
6.956999998316044807e+09 -2.083748952910664531e+00 9.564200896471615199e-01
6.956999998157489777e+09 -2.280824799184197893e+00 1.099443928347703547e+00
6.956999998209283829e+09 -2.550414577897424984e+00 1.004190354908031990e+00
6.956999998432616234e+09 -2.714554147209947921e+00 9.169255128498113860e-01
6.956999998142068863e+09 -2.712995520873943800e+00 9.131719565090187229e-01
6.956999997901592255e+09 -2.551171151281997229e+00 9.336267383487891758e-01
6.956999998124517441e+09 -2.414860939408891571e+00 8.065115868857850590e-01
6.956999998075940132e+09 -2.682695508306537135e+00 9.081943321666580138e-01
6.956999998209527969e+09 -2.615413318477559201e+00 1.157316732781976887e+00
6.956999998162574768e+09 -2.512495170456372939e+00 8.896643715050205348e-01
6.956999998434744835e+09 -2.452402075899777323e+00 9.718025493888893251e-01
6.956999998499153137e+09 -2.189620196095620752e+00 1.077782698816582396e+00
6.956999998508662224e+09 -2.188572614515909898e+00 7.873640854172894166e-01
6.956999998651857376e+09 -1.996880343097771071e+00 9.522390462845657932e-01
6.956999998596636772e+09 -1.915444221195911290e+00 1.225649569504637881e+00
6.956999998833737373e+09 -1.764618686643304457e+00 1.299605234604432669e+00
6.956999998811265945e+09 -1.682017125995132423e+00 1.021924602891877365e+00
6.956999998766546249e+09 -1.674127539037938650e+00 7.349187067280857910e-01
6.956999998776048660e+09 -1.801084177220106275e+00 9.961201959317159682e-01
6.956999999026232719e+09 -1.790339606548897455e+00 8.487190536843940425e-01
6.956999999022580147e+09 -1.610793712261997523e+00 6.202799373684866335e-01
6.956999999066579819e+09 -1.715063087120525465e+00 8.879110819499200780e-01
6.956999999025072098e+09 -1.904511231192312248e+00 6.715294821298505301e-01
6.956999999179202080e+09 -2.150781878646951917e+00 6.769252712834429309e-01
6.956999999352170944e+09 -1.969398301214448921e+00 8.239505039238506079e-01
6.956999999153348923e+09 -1.783623264758104732e+00 9.258907581239992357e-01
6.956999999132445335e+09 -1.767511142691762460e+00 1.215265815076747913e+00
6.956999998891954422e+09 -1.683509823686446527e+00 1.075472084300046038e+00
6.956999998667311668e+09 -1.867704958067443632e+00 1.081988836711665014e+00
6.956999998574791908e+09 -2.132333440931391877e+00 1.158450208802717984e+00
6.956999998570692062e+09 -2.314468895684310468e+00 1.384822394122766198e+00
6.956999998590332985e+09 -2.084228872997391235e+00 1.560999150215886644e+00
6.956999998582089424e+09 -2.077881053893385843e+00 1.851388965923443930e+00
6.956999998425356865e+09 -1.841557838024187266e+00 1.914798647339308380e+00
6.956999998469386101e+09 -1.865850653338221976e+00 2.200990582619595681e+00
6.956999998273826599e+09 -1.924464537471845427e+00 2.407764452823639267e+00
6.956999998433747292e+09 -1.836150110578573358e+00 2.181798709662606583e+00
6.956999998278625488e+09 -1.643262288152260497e+00 2.029594501627638881e+00
6.956999998089268684e+09 -1.770885891678879442e+00 2.209290394738108176e+00
6.956999998025912285e+09 -1.961091873989193379e+00 2.419628705896861298e+00
6.956999998002305984e+09 -1.911420814884031483e+00 2.134304246973264263e+00
6.956999998192462921e+09 -2.096125816509325279e+00 2.253294692903320406e+00
6.956999998143730164e+09 -2.154576888604086804e+00 2.533728500763272606e+00
6.956999998180415154e+09 -1.919986027899001746e+00 2.701227351478951544e+00
6.956999998137849808e+09 -1.948281082270844955e+00 2.987272939526687043e+00
6.956999997853030205e+09 -1.956284426890417372e+00 2.930280162673364330e+00
6.956999997646383286e+09 -2.056542095437243756e+00 2.752291533432960513e+00
6.956999997718846321e+09 -1.922242318252881832e+00 2.505011923870028134e+00
6.956999997699185371e+09 -1.665671971207794977e+00 2.639991941102395767e+00
6.956999997551940918e+09 -1.735273233733092946e+00 2.880635381274898155e+00
6.956999997530234337e+09 -1.883610635927419397e+00 2.631719075002498354e+00
6.956999997273164749e+09 -1.751207441463462855e+00 2.603100717083950855e+00
6.956999997460526466e+09 -1.796599692418730632e+00 2.385684878779258611e+00
6.956999997601258278e+09 -1.760250541669322599e+00 2.134074703834617281e+00
6.956999997684736252e+09 -1.987155494461111838e+00 1.972891435703083340e+00
6.956999997747406006e+09 -2.146081529991999304e+00 1.737839368381747018e+00
6.956999997512053490e+09 -1.993088507493505412e+00 1.812918669768672775e+00
6.956999997319011688e+09 -2.105654945375536435e+00 1.998655179533540327e+00
6.956999997534481049e+09 -2.234335679396567631e+00 2.145109404000375530e+00
6.956999997445521355e+09 -2.315708533774290423e+00 1.880724946263794495e+00
6.956999997307759285e+09 -2.401326752611046889e+00 1.639632360948120482e+00
6.956999997390742302e+09 -2.435078328427271011e+00 1.363210283725281968e+00
6.956999997145061493e+09 -2.588770271411460655e+00 1.384520556886853049e+00
6.956999997218191147e+09 -2.608559063363706354e+00 1.103994469844834958e+00
6.956999997309607506e+09 -2.463547942705242466e+00 1.338620350852125496e+00
6.956999997461841583e+09 -2.710285329216226113e+00 1.358111279249620162e+00
6.956999997706905365e+09 -2.795851098762286213e+00 1.488713325111821861e+00
6.956999997813140869e+09 -2.825146256538405787e+00 1.757581936853660043e+00
6.956999997861116409e+09 -2.893957246944088624e+00 1.479377156163997231e+00
6.956999997832219124e+09 -2.916942691956447398e+00 1.767597775804117699e+00
6.956999997838942528e+09 -2.888048968027442598e+00 1.478539915414886385e+00
6.956999997965992928e+09 -3.147562770897249340e+00 1.447796157686801477e+00
6.956999998058646202e+09 -3.260666149917702761e+00 1.698908505460095419e+00
6.956999998048143387e+09 -3.236247587133330494e+00 1.988266292313360495e+00
6.956999997854435921e+09 -3.439327373746221106e+00 2.063569902706039461e+00
6.956999997673048973e+09 -3.518776574565978255e+00 2.276222241512182443e+00
6.956999997682939529e+09 -3.419907747601219405e+00 2.003162471325726113e+00
6.956999997474535942e+09 -3.600036908175313410e+00 1.910663677389208948e+00
6.956999997288753510e+09 -3.611784230729352174e+00 1.687546267786129928e+00
6.956999997350852966e+09 -3.556470145909519598e+00 1.965967705563618440e+00
6.956999997297694206e+09 -3.747115412212751018e+00 2.178718689356452742e+00
6.956999997264234543e+09 -3.491372839390972871e+00 2.312549528026495160e+00
6.956999997373363495e+09 -3.616041487160472467e+00 2.073838327851790897e+00
6.956999997525765419e+09 -3.828131726311357674e+00 2.201218891812349199e+00
6.956999997805819511e+09 -3.775703525144823658e+00 2.258273668468762541e+00
6.956999997534679413e+09 -3.706633019587268318e+00 2.179871489543891983e+00
6.956999997457820892e+09 -3.426701611647540613e+00 2.192744658026882565e+00
6.956999997504894257e+09 -3.403401361552217619e+00 2.478534177928829685e+00
6.956999997497821808e+09 -3.408064888099941125e+00 2.188081540052657648e+00
6.956999997462296486e+09 -3.299054312776065423e+00 1.921081328328447801e+00
6.956999997461925507e+09 -3.297073381770438960e+00 2.211650487101928686e+00
6.956999997251540184e+09 -3.386081296547446939e+00 2.391233739437841344e+00
6.956999997286656380e+09 -3.194208680874440098e+00 2.175859018614120455e+00
6.956999997364442825e+09 -3.179677645504818795e+00 1.896265281460109087e+00
6.956999997238570213e+09 -3.106907458478639583e+00 1.644680189838505058e+00
6.956999997414554596e+09 -3.266896675918818715e+00 1.811615510854828859e+00
6.956999997165049553e+09 -3.255285033830074504e+00 1.663132911778400613e+00
6.956999996926009178e+09 -3.094631205860612244e+00 1.701665605411079030e+00
6.956999996926438332e+09 -3.116746017279985015e+00 1.411932541605785296e+00
6.956999997160504341e+09 -3.277467589703705553e+00 1.473708557326497193e+00
6.956999997291030884e+09 -3.198526791600950325e+00 1.721025439827675196e+00
6.956999997293214798e+09 -3.202288970359456144e+00 2.011569021546218750e+00
6.956999997399892807e+09 -3.233535174372244025e+00 1.743095441518978772e+00
6.956999997411658287e+09 -3.497151729782594032e+00 1.864760444354057300e+00
6.956999997266183853e+09 -3.594856010992097950e+00 2.096548162862025499e+00
6.956999997280552864e+09 -3.523425592362779302e+00 2.377841126131835292e+00
6.956999997226097107e+09 -3.586537245025042342e+00 2.099478005088841748e+00
6.956999997123067856e+09 -3.321611705097083700e+00 2.159760518954073838e+00
6.956999996959152222e+09 -3.423661891307951954e+00 1.942615521204709150e+00
6.956999996692021370e+09 -3.424524039884241589e+00 1.828270775094253064e+00
6.956999996678126335e+09 -3.430697715774777112e+00 1.538092720226974519e+00
6.956999996862713814e+09 -3.206502212695660603e+00 1.528168729443064144e+00
6.956999996885572433e+09 -3.483775949682242690e+00 1.444316217858294893e+00
6.956999997070343018e+09 -3.702105707015391101e+00 1.393067999276041302e+00
6.956999997151560783e+09 -3.657291804592643913e+00 1.668440344815208976e+00
6.956999997186040878e+09 -3.396794649887483697e+00 1.792484019898346492e+00
6.956999996965695381e+09 -3.479195219818888685e+00 1.621918555566046916e+00
6.956999996936110497e+09 -3.704146317859029036e+00 1.440380071578206023e+00
6.956999997166902542e+09 -3.832442133681259300e+00 1.319095669972200291e+00
6.956999997403501511e+09 -3.856294471885345132e+00 1.152102682303368208e+00
6.956999997420384407e+09 -3.781040245195062877e+00 1.432256668565756730e+00
6.956999997405678749e+09 -3.797103371900576008e+00 1.142497770693630121e+00
6.956999997376030922e+09 -3.784204640977339551e+00 8.537260294202292377e-01
6.956999997257201195e+09 -4.049009101233917995e+00 8.398443967994043691e-01
6.956999997057774544e+09 -3.854672288770824462e+00 9.228917540136578612e-01
6.956999997175043106e+09 -3.861469628794777176e+00 6.571168904204421901e-01
6.956999997209135056e+09 -3.841418689278699006e+00 9.449887681349684598e-01
6.956999997405742645e+09 -3.938052913875782490e+00 1.135886233811543189e+00
6.956999997561158180e+09 -3.830105974977989991e+00 1.356403880690531860e+00
6.956999997658411026e+09 -3.560866713933826588e+00 1.306538914310717558e+00
6.956999997469753265e+09 -3.751089754938503162e+00 1.419046544091056017e+00
6.956999997200538635e+09 -3.679256962445248913e+00 1.501497754419482966e+00
6.956999997193832397e+09 -3.619301299388017590e+00 1.785742089653630904e+00
6.956999997236423492e+09 -3.444450890880534022e+00 1.557602067462019457e+00
6.956999997066092491e+09 -3.462861186165854477e+00 1.322904338172686822e+00
6.956999997117428780e+09 -3.199022950930597187e+00 1.433305604784168796e+00
6.956999997068073273e+09 -3.465273626638289084e+00 1.327906032096752842e+00
6.956999997355783463e+09 -3.497410203788809291e+00 1.302910907240689253e+00
6.956999997532039642e+09 -3.270994711023440082e+00 1.348784581485637624e+00
6.956999997391221046e+09 -3.466947705048209816e+00 1.186899051247329195e+00
6.956999997655318260e+09 -3.398627085231313405e+00 1.086801366179830364e+00
6.956999997517232895e+09 -3.477381951906847402e+00 8.435634253138082350e-01
6.956999997288681030e+09 -3.406304549202020748e+00 1.008326164601143660e+00
6.956999997565658569e+09 -3.320388644731132377e+00 9.899842078970186865e-01
6.956999997561552048e+09 -3.276025509109752765e+00 1.277124496279415489e+00
6.956999997486986160e+09 -3.492468529987041492e+00 1.098164086827201569e+00
6.956999997307475090e+09 -3.289691716556296441e+00 9.928470602551344726e-01
6.956999997314270020e+09 -3.256298444308306728e+00 7.042760709255441176e-01
6.956999997299233437e+09 -3.193475851821090394e+00 4.209710694433336786e-01
6.956999997524662018e+09 -3.113421851189810408e+00 5.859192858346023991e-01
6.956999997545008659e+09 -3.403242529349422618e+00 5.809703433639311632e-01
6.956999997769673347e+09 -3.455762715053322331e+00 4.043295598898786203e-01
6.956999997863655090e+09 -3.299000849362128562e+00 6.302226524326681734e-01
6.956999997682017326e+09 -3.378464728605535594e+00 8.426556234712136995e-01
6.956999997715497017e+09 -3.405747347256443902e+00 5.553068904343029244e-01
6.956999997977822304e+09 -3.483111358759505283e+00 4.571511141348265084e-01
6.956999997860776901e+09 -3.267503639629517398e+00 6.128693174625440276e-01
6.956999997591988564e+09 -3.280123412193613142e+00 7.225412542150642103e-01
6.956999997514848709e+09 -3.151281588422351732e+00 4.737769381638987642e-01
6.956999997313373566e+09 -3.121666928459100099e+00 6.810577042280081539e-01
6.956999997182435036e+09 -3.086191431155306919e+00 4.240924184373545680e-01
6.956999997078105927e+09 -2.954675064297641818e+00 6.612702285264584479e-01
6.956999997278915405e+09 -3.038160043417145406e+00 4.685523819702231973e-01
6.956999997149993896e+09 -2.827631662346361097e+00 6.218220992403354908e-01
6.956999997295268059e+09 -3.062582977438892406e+00 7.119758347323204006e-01
6.956999997283469200e+09 -3.029298309886917728e+00 4.235535595123565700e-01
6.956999997131483078e+09 -2.797248164491938915e+00 5.100834225256687393e-01
6.956999997181956291e+09 -2.680138023089632338e+00 2.489853922391664365e-01
6.956999997151780128e+09 -2.475396726677789871e+00 4.529582246505916010e-01
6.956999997271233559e+09 -2.378569842449431260e+00 2.064022741130479843e-01
6.956999997163311005e+09 -2.647104727974639804e+00 2.324051631598656464e-01
6.956999997238006592e+09 -2.843987177990690451e+00 4.326360281149661535e-01
6.956999997047875404e+09 -2.982147680177367199e+00 6.035053008600370639e-01
6.956999996849853516e+09 -3.038653160433088640e+00 3.984960202613775371e-01
6.956999996633481979e+09 -3.127534208482088740e+00 5.708848909658688076e-01
6.956999996620462418e+09 -2.989368191966839561e+00 3.155906720299564983e-01
6.956999996639273643e+09 -2.948962687055987963e+00 6.027283281250609415e-01
6.956999996570491791e+09 -3.025603811336329940e+00 8.744446185749750189e-01
6.956999996522080421e+09 -2.943060678904096061e+00 1.148812080516659506e+00
6.956999996671530724e+09 -2.768962021576670374e+00 9.705177060364216235e-01
6.956999996546593666e+09 -2.587577710965403455e+00 7.809789460199435540e-01
6.956999996358160973e+09 -2.722397479024689204e+00 9.563395634873778084e-01
6.956999996246318817e+09 -2.726697867314466617e+00 1.224494903375493271e+00
6.956999996329321861e+09 -3.003984590676759936e+00 1.198862799818025904e+00
6.956999996424402237e+09 -2.999312067362426948e+00 1.473403184490992723e+00
6.956999996190304756e+09 -2.827317871212368772e+00 1.466267235981463912e+00
6.956999995901267052e+09 -2.853826136470650088e+00 1.452526155798841145e+00
6.956999995626532555e+09 -2.778936503362199772e+00 1.510378482662095401e+00
6.956999995505255699e+09 -2.818474333204655125e+00 1.249297660513254193e+00
6.956999995503585815e+09 -3.108683160022438052e+00 1.234787458529714943e+00
6.956999995220513344e+09 -3.046024865457884534e+00 1.254244037713793558e+00
6.956999995486948013e+09 -3.144766120530744224e+00 1.315049486569962012e+00
6.956999995505693436e+09 -2.945161651665899605e+00 1.525385352750378454e+00
6.956999995480877876e+09 -3.187743747074045064e+00 1.367358057405445138e+00
6.956999995505354881e+09 -2.900518876679289093e+00 1.403926673749308573e+00
6.956999995610179901e+09 -2.901233940947237855e+00 1.132918078662352723e+00
6.956999995421016693e+09 -2.826334274230863475e+00 9.254529510951940985e-01
6.956999995637882233e+09 -2.740374910168263511e+00 7.522056167225344980e-01
6.956999995798612595e+09 -2.638302184905885195e+00 9.717084116293877027e-01
6.956999995951033592e+09 -2.405520271112193686e+00 1.055464352247845294e+00
6.956999995713969231e+09 -2.486499655731897906e+00 9.082315332523376306e-01
6.956999995749208450e+09 -2.495940369810972559e+00 1.196508413677301430e+00
6.956999995874048233e+09 -2.582175724443977138e+00 9.486920331878057056e-01
6.956999995962088585e+09 -2.403276949370661164e+00 7.373188180883769594e-01
6.956999996028770447e+09 -2.447249858334302974e+00 1.016701014713874196e+00
6.956999995953301430e+09 -2.212594369591904808e+00 1.170570176428491926e+00
6.956999995684031487e+09 -2.180245870277819797e+00 1.274885288824999741e+00
6.956999995788598061e+09 -2.035675265443088744e+00 1.045539283977355627e+00
6.956999995644836426e+09 -2.183773900135712598e+00 1.250072857002448190e+00
6.956999995623100281e+09 -2.216027281596479881e+00 9.621114440076514729e-01
6.956999995669158936e+09 -1.930843008704267394e+00 9.934653435817113465e-01
6.956999995697951317e+09 -2.019721572796430831e+00 7.183179103222491202e-01
6.956999995732305527e+09 -2.055980852039492213e+00 4.320670261935218304e-01
6.956999995547636986e+09 -1.923724638782324359e+00 6.132862633520820284e-01
6.956999995656256676e+09 -2.188401498213824237e+00 5.624685474061343893e-01
6.956999995700000763e+09 -2.193941520741342188e+00 2.752573160388653850e-01
6.956999995847626686e+09 -2.006097348597015273e+00 4.406525581518735413e-01
6.956999995792540550e+09 -2.034757896961731927e+00 1.567889461410292284e-01
6.956999995550510406e+09 -1.913695890851246695e+00 5.095917482285963751e-02
6.956999995355215073e+09 -1.830270977784673514e+00 -1.473704488585023953e-01
6.956999995379747391e+09 -1.883159161117906377e+00 1.372968927866580480e-01
6.956999995610650063e+09 -1.714591451151962875e+00 8.530148691394756622e-02
6.956999995385272026e+09 -1.894894956452403578e+00 5.168824367430067956e-02
6.956999995649175644e+09 -1.792201964563332028e+00 -1.345420282838785675e-02
6.956999995637747765e+09 -1.501899997320450764e+00 -1.880829321461643597e-02
6.956999995644612312e+09 -1.505893360700995887e+00 2.716593202410054753e-01
6.956999995656708717e+09 -1.660482378242805757e+00 5.174039255075418842e-01
6.956999995699129105e+09 -1.408873936219775302e+00 3.783779868538052482e-01
6.956999995867487907e+09 -1.459883463710094587e+00 1.471036724703491672e-01
6.956999995938811302e+09 -1.449576612218770766e+00 -1.343944709496407430e-01
6.956999996083400726e+09 -1.630151533094201577e+00 -3.102385240159603041e-01
6.956999995835295677e+09 -1.493061444262271831e+00 -2.463266106250713849e-01
6.956999995979151726e+09 -1.472656718296267764e+00 -4.979685188195961398e-01
6.956999996130441666e+09 -1.400822526322601957e+00 -2.605119289907313895e-01
6.956999995957232475e+09 -1.283711973027487074e+00 -5.872469356360893178e-02
6.956999995965256691e+09 -1.265981941542399847e+00 -3.486484017367407762e-01
6.956999996126885414e+09 -1.488859151296343386e+00 -2.557161441977340299e-01
6.956999996149263382e+09 -1.251934172079945062e+00 -8.898197735676369180e-02
6.956999996103512764e+09 -1.173771333304133746e+00 1.871193582394622135e-01
6.956999996084868431e+09 -9.370237084643536773e-01 3.545632699604087112e-01
6.956999995831626892e+09 -7.958976227569964923e-01 3.349016464138993565e-01
6.956999995835562706e+09 -5.342079714506086097e-01 4.611456051157744040e-01
6.956999995977128029e+09 -5.741120470419730504e-01 7.117477272960968104e-01
6.956999996146380424e+09 -5.563907220095839490e-01 4.762183549623141277e-01
6.956999995938337326e+09 -4.197756794950554537e-01 3.262560042388769066e-01
6.956999995757479668e+09 -6.087470539716854923e-01 4.528060995990104698e-01
6.956999995504349709e+09 -4.679080314240438021e-01 4.299109807850362008e-01
6.956999995690631866e+09 -6.757211760594711292e-01 3.489956427948173179e-01
6.956999995812324524e+09 -6.838875930351495658e-01 8.525565728437961566e-02
6.956999995739213943e+09 -4.410040805603109848e-01 2.270191981104274226e-01
6.956999995737944603e+09 -6.215617272833228180e-01 4.546852314847036336e-01
6.956999995773674965e+09 -3.352012739931212182e-01 4.886782353614684271e-01
6.956999995694984436e+09 -5.695550616596163351e-01 6.413890853572743467e-01
6.956999995667113304e+09 -5.970087037215169312e-01 9.293196528975486981e-01
6.956999995684633255e+09 -5.844543819483677405e-01 1.219095328614852702e+00
6.956999995443820953e+09 -4.243704464385765762e-01 1.190507950443592700e+00
6.956999995485350609e+09 -6.443861218369131283e-01 1.005297649947792804e+00
6.956999995418022156e+09 -5.265725128493317087e-01 7.483514136677013040e-01
6.956999995430762291e+09 -5.993179663831019743e-01 1.029385747668762896e+00
6.956999995482225418e+09 -6.437317752498412649e-01 1.311898432571294570e+00
6.956999995368522644e+09 -6.859368202970955730e-01 1.575953205456402051e+00
6.956999995283882141e+09 -5.396384938228895312e-01 1.339590516174242296e+00
6.956999995200286865e+09 -7.191986846638137587e-01 1.126977064007600449e+00
6.956999995107449532e+09 -9.463809986406082064e-01 1.282553267565041955e+00
6.956999995355934143e+09 -9.928926329346351443e-01 1.139281927160885166e+00
6.956999995288316727e+09 -1.197138488372273546e+00 9.439718007735120597e-01
6.956999995401628494e+09 -1.394226952068719605e+00 1.124944468837297595e+00
6.956999995226259232e+09 -1.414726474361072572e+00 8.941637057444959957e-01
6.956999995230964661e+09 -1.251513340949937270e+00 6.538018279381834219e-01
6.956999995191434860e+09 -1.279601393398653864e+00 3.673005373324643719e-01
6.956999995142054558e+09 -1.210135084172865971e+00 6.450963219089880241e-01
6.956999995371793747e+09 -1.379911811368532026e+00 6.982971554011662141e-01
6.956999995452361107e+09 -1.389739645491040232e+00 9.773076418296509082e-01
6.956999995614563942e+09 -1.289910918069942625e+00 7.578558131034386358e-01
6.956999995751490593e+09 -1.140366181082635988e+00 9.659952229269068713e-01
6.956999995857745171e+09 -9.518834128809503525e-01 7.720397309735461677e-01
6.956999996060235023e+09 -1.091985951907119778e+00 9.263242663034282343e-01
6.956999996316979408e+09 -1.016616166857310821e+00 8.130269884250721502e-01
6.956999996536903381e+09 -9.458317394672485223e-01 9.892580851288450550e-01
6.956999996385640144e+09 -1.137666006176427436e+00 1.146590930805901243e+00
6.956999996129002571e+09 -1.271363436791346224e+00 1.120198298799285119e+00
6.956999996303224564e+09 -1.350910190184233972e+00 1.338724399637704288e+00
6.956999996581252098e+09 -1.327549833051000494e+00 1.257549928375329973e+00
6.956999996752835274e+09 -1.130387061159337181e+00 1.130582645675515696e+00
6.956999996797821999e+09 -1.169124235053416561e+00 1.415029724879189654e+00
6.956999996718016624e+09 -1.153126432962567449e+00 1.136085746361864324e+00
6.956999996435952187e+09 -1.184815417557676609e+00 1.073875069080697298e+00
6.956999996401965141e+09 -8.977558666490813577e-01 1.044274041568286959e+00
6.956999996280563354e+09 -6.483678822396024000e-01 9.576618680152004792e-01
6.956999996388289452e+09 -8.528147918364370472e-01 1.133818171269323605e+00
6.956999996291646957e+09 -9.587056458806630932e-01 8.810694015003948110e-01
6.956999996217744827e+09 -1.199240005405732612e+00 1.026383491061091613e+00
6.956999996188631058e+09 -1.269780349908348649e+00 1.306759900417454823e+00
6.956999996159434319e+09 -1.035538658862731332e+00 1.137311128520980485e+00
6.956999996171361923e+09 -9.065952041044257337e-01 1.397437686560094594e+00
6.956999996206494331e+09 -1.194607837360422309e+00 1.381660999530097689e+00
6.956999996112316132e+09 -1.255645264907974790e+00 1.113632360029710000e+00
6.956999996197096825e+09 -9.867074843586447486e-01 1.043495019631887955e+00
6.956999996244939804e+09 -1.140567708795330537e+00 8.016839673239003483e-01
6.956999996530765533e+09 -1.091717047351635550e+00 8.204430467943797378e-01
6.956999996609547615e+09 -9.652884232202024739e-01 1.069930010918022978e+00
6.956999996586887360e+09 -1.225455869475781556e+00 1.197342417574675633e+00
6.956999996596351624e+09 -1.239138960810458157e+00 1.487441887185436240e+00
6.956999996360511780e+09 -1.242348855651129513e+00 1.657157945268015187e+00
6.956999996201972008e+09 -1.233636928418207601e+00 1.900517157499764132e+00
6.956999996237949371e+09 -1.226494290977826473e+00 2.188769005012744628e+00
6.956999996301074982e+09 -1.168720293602059090e+00 1.911078946709541482e+00
6.956999996294970512e+09 -1.156134979149905595e+00 2.201318229852766706e+00
6.956999996308380127e+09 -1.165720509360751000e+00 2.491426481446563646e+00
6.956999996144862175e+09 -1.250932944237096889e+00 2.266848929779697208e+00
6.956999996205034256e+09 -1.181226583794245055e+00 1.991249938663555374e+00
6.956999996259011269e+09 -1.222272267969969572e+00 2.273803066541553619e+00
6.956999996464597702e+09 -1.206367857548220623e+00 2.478536354920497065e+00
6.956999996331063271e+09 -1.461494107004093213e+00 2.439630088037484601e+00
6.956999996329406738e+09 -1.456183790696752967e+00 2.149107188084957709e+00
6.956999996347895622e+09 -1.648240816220110538e+00 1.931835996321236815e+00
6.956999996145471573e+09 -1.824101359163155189e+00 1.819889748911746707e+00
6.956999995975028992e+09 -1.663827737875905211e+00 1.647563976609294434e+00
6.956999995975583076e+09 -1.688241260685488632e+00 1.937112193949363403e+00
6.956999995872846603e+09 -1.656959238541744872e+00 1.667110066819781355e+00
6.956999995790508270e+09 -1.555825928789318580e+00 1.926776930270701627e+00
6.956999995801537514e+09 -1.568646916633236854e+00 2.216860509483276509e+00
6.956999995657925606e+09 -1.764768421558906564e+00 2.057655058119376434e+00
6.956999995684223175e+09 -1.538784467173723414e+00 1.876895039853617275e+00
6.956999995911595345e+09 -1.403561209346417815e+00 1.756681658964022397e+00
6.956999995963027000e+09 -1.546812658383090344e+00 2.004206068311588318e+00
6.956999996040085793e+09 -1.529497430177696460e+00 2.283842779193794303e+00
6.956999995964841843e+09 -1.593304482597194482e+00 2.010527110418296459e+00
6.956999995902224541e+09 -1.775476359382591074e+00 2.228074776196052209e+00
6.956999996021595955e+09 -1.651042901258237716e+00 1.994191945022667056e+00
6.956999996157720566e+09 -1.458160336449533689e+00 2.163605279139393822e+00
6.956999996074664116e+09 -1.652928350880284558e+00 2.362606506333503109e+00
6.956999996156386375e+09 -1.431112325059568535e+00 2.193628471892519194e+00
6.956999996374814987e+09 -1.459369303485773317e+00 2.383167087883912849e+00
6.956999996121347427e+09 -1.496266781618093233e+00 2.245954621669379314e+00
6.956999995940096855e+09 -1.328466938830276334e+00 2.399009750463546808e+00
6.956999995661928177e+09 -1.275921839511154676e+00 2.464552520267276670e+00
6.956999995587679863e+09 -1.454871710962094111e+00 2.247991700436947404e+00
6.956999995429018021e+09 -1.509984291989256988e+00 2.485106502726311728e+00
6.956999995410828590e+09 -1.446562494743947269e+00 2.202120060018647685e+00
6.956999995377843857e+09 -1.389825188089502284e+00 1.919052232492516108e+00
6.956999995172135353e+09 -1.527392744394999280e+00 1.766757847200965070e+00
6.956999995173351288e+09 -1.327053640639213716e+00 1.977226997152347288e+00
6.956999995220030785e+09 -1.307328853879538011e+00 2.263350199576651178e+00
6.956999995189287186e+09 -1.447705640762352974e+00 2.515904493964654876e+00
6.956999995077974319e+09 -1.249766432622760437e+00 2.697188960716802697e+00
6.956999995073992729e+09 -1.283376753458340236e+00 2.985787286243945182e+00
6.956999995340732574e+09 -1.365682251571104455e+00 3.066471973695792386e+00
6.956999995611580849e+09 -1.442109183515243087e+00 3.138822932269220711e+00
6.956999995591529846e+09 -1.689598769576459603e+00 3.289757898276342019e+00
6.956999995503876686e+09 -1.686750904274154639e+00 3.012732151957516535e+00
6.956999995563785553e+09 -1.458025143176917338e+00 3.181640148964063552e+00
6.956999995592491150e+09 -1.738479278087326607e+00 3.252038805247232212e+00
6.956999995535353661e+09 -1.470522929040452897e+00 3.155244166498933467e+00
6.956999995527446747e+09 -1.461677953687765985e+00 2.864910303639656153e+00
6.956999995240135193e+09 -1.451029450063389348e+00 2.907018110717559001e+00
6.956999994990008354e+09 -1.326474603425420229e+00 2.986749459473071688e+00
6.956999994917242050e+09 -1.367180070337225883e+00 2.708392413047274516e+00
6.956999995064956665e+09 -1.547077638900095753e+00 2.882322546405855501e+00
6.956999995133387566e+09 -1.578851549461978143e+00 2.601712242297259170e+00
6.956999995159501076e+09 -1.414163568158787854e+00 2.363740669713769282e+00
6.956999995150731087e+09 -1.652246365469022482e+00 2.530096213496527024e+00
6.956999994964758873e+09 -1.872464897858713950e+00 2.566872519607302117e+00
6.956999995053468704e+09 -2.110676570428291932e+00 2.426088198082773317e+00
6.956999995053608894e+09 -2.220870904641098598e+00 2.157217063757994158e+00
6.956999994905915260e+09 -2.296022161069750211e+00 2.395908240379025500e+00
6.956999995057065964e+09 -2.538592722906503951e+00 2.343491709880156648e+00
6.956999995332815170e+09 -2.482615592462083853e+00 2.270942567717447513e+00
6.956999995604354858e+09 -2.398433495975114127e+00 2.210824006945377285e+00
6.956999995564537048e+09 -2.498550174574555527e+00 1.940961662513682962e+00
6.956999995479373932e+09 -2.653099021359201171e+00 2.171821624604639567e+00
6.956999995304017067e+09 -2.597715286787428912e+00 1.946838912807032251e+00
6.956999995279602051e+09 -2.677226357471207852e+00 2.225256536110097105e+00
6.956999995017041206e+09 -2.769094082653439148e+00 2.309258858025392325e+00
6.956999994997140884e+09 -3.056561640574486649e+00 2.346687246727872989e+00
6.956999994860332489e+09 -3.245991115690781914e+00 2.173960640724181825e+00
6.956999994762264252e+09 -3.460558971410166773e+00 2.004320805645935621e+00
6.956999994740141869e+09 -3.520495371491345171e+00 1.720855275152755937e+00
6.956999995023203850e+09 -3.477052349477201432e+00 1.671631894524918671e+00
6.956999994966820717e+09 -3.500106044792610227e+00 1.955751609300123928e+00
6.956999994920314789e+09 -3.711503080470043958e+00 1.761888375850786614e+00
6.956999994873253822e+09 -3.446570230823935876e+00 1.871571219077678094e+00
6.956999994583983421e+09 -3.439180676610600340e+00 1.898077991542351128e+00
6.956999994582242966e+09 -3.445955630326736241e+00 1.607586051880711020e+00
6.956999994573831558e+09 -3.481071814656696795e+00 1.895909813908750241e+00
6.956999994736404419e+09 -3.577300841101174633e+00 1.675127958927177252e+00
6.956999994859389305e+09 -3.426409453422210483e+00 1.459394127879439118e+00
6.956999995042655945e+09 -3.400877445061406323e+00 1.683438585680373745e+00
6.956999995318240166e+09 -3.477232375507268713e+00 1.631885201087299286e+00
6.956999995419709206e+09 -3.637657563444388842e+00 1.851890460840204256e+00
6.956999995596116066e+09 -3.416471878009093910e+00 1.785617512214265457e+00
6.956999995537715912e+09 -3.244740747562701699e+00 2.012624802624213505e+00
6.956999995602940559e+09 -3.083949519556756780e+00 1.779544444989511254e+00
6.956999995624547958e+09 -3.103596363475416009e+00 1.490439599617286559e+00
6.956999995567295074e+09 -3.204242210759868925e+00 1.756948607335159895e+00
6.956999995455796242e+09 -3.303002763228094718e+00 1.507451518959416426e+00
6.956999995500532150e+09 -3.228738771498542715e+00 1.784792587798880170e+00
6.956999995517149925e+09 -3.252243036842818569e+00 1.495645722902364971e+00
6.956999995676407814e+09 -3.126464608097790254e+00 1.703614698924931226e+00
6.956999995685028076e+09 -3.027426400815449892e+00 1.430573277490324813e+00
6.956999995413205147e+09 -3.085116835662400359e+00 1.515534578813663602e+00
6.956999995310292244e+09 -3.323420486266523977e+00 1.646128516380103601e+00
6.956999995328495979e+09 -3.443272227970700872e+00 1.910209337662561735e+00
6.956999995300228119e+09 -3.595557915917692693e+00 1.664354748101539716e+00
6.956999995288928986e+09 -3.698692925547625077e+00 1.935776909327160844e+00
6.956999995295576096e+09 -3.957351224449929816e+00 2.068012294769645987e+00
6.956999995087213516e+09 -4.010501258171316863e+00 1.872578042172790891e+00
6.956999995253851891e+09 -3.888334292534617820e+00 1.668270742965520137e+00
6.956999995136919022e+09 -3.976484849824763579e+00 1.919250206110079127e+00
6.956999995242873192e+09 -4.189715867101396540e+00 2.085805858644156796e+00
6.956999995069838524e+09 -3.983270726958662244e+00 1.976838860361742611e+00
6.956999995232094765e+09 -4.195534749302711752e+00 1.862595701798375858e+00
6.956999995448021889e+09 -4.001858881420560898e+00 1.879907831805401219e+00
6.956999995437960625e+09 -3.730835048235273899e+00 1.775603729234548345e+00
6.956999995572613716e+09 -3.979043689017046859e+00 1.707079442107508616e+00
6.956999995628067017e+09 -4.060967468729379526e+00 1.433861664233463173e+00
6.956999995792961121e+09 -4.160753030366025840e+00 1.651317775824705070e+00
6.956999995859656334e+09 -4.153617540259825880e+00 1.934046085928934344e+00
6.956999995955564499e+09 -3.969242991137042598e+00 1.730964490403583467e+00
6.956999995987136841e+09 -4.257813804585227402e+00 1.718135759146881103e+00
6.956999996040278435e+09 -4.038126232913954894e+00 1.900749594885327465e+00
6.956999996316183090e+09 -3.957452286145852316e+00 1.943212126421752783e+00
6.956999996343875885e+09 -4.049502345398882319e+00 1.668996168437287597e+00
6.956999996257452011e+09 -4.008478435679276863e+00 1.943372710242855961e+00
6.956999996273309708e+09 -4.277155109916547460e+00 2.052898390769413162e+00
6.956999996271270752e+09 -4.523486562245031983e+00 2.207012493322785485e+00
6.956999996361826897e+09 -4.370932903196357522e+00 1.976878872098584150e+00
6.956999996268301964e+09 -4.324633088289722593e+00 2.248068779905419312e+00
6.956999996314514160e+09 -4.279334377441902149e+00 2.531347707217632692e+00
6.956999996462581635e+09 -4.347049097802909934e+00 2.772024395011401854e+00
6.956999996303961754e+09 -4.109059166750470560e+00 2.823357073794739769e+00
6.956999996218275070e+09 -4.125896311569639430e+00 2.546212967801673166e+00
6.956999996375734329e+09 -4.354770624619953345e+00 2.631405507335436322e+00
6.956999996573468208e+09 -4.241492028466739228e+00 2.811693257608174346e+00
6.956999996809323311e+09 -4.072860634129341406e+00 2.792443983095942439e+00
6.956999996793498993e+09 -3.790752910961934674e+00 2.724625603582967237e+00
6.956999997021889687e+09 -3.841883088854972872e+00 2.552411286380390276e+00
6.956999996986207962e+09 -3.813188728970555719e+00 2.839357212600891245e+00
6.956999996971432686e+09 -3.808539666688785186e+00 2.549194190870577081e+00
6.956999996830401421e+09 -3.770478950659738704e+00 2.800383455734285043e+00
6.956999996944076538e+09 -3.891854739082096781e+00 2.562097197188657027e+00
6.956999996901254654e+09 -4.124867815731069420e+00 2.730340107460635934e+00
6.956999997161957741e+09 -3.998079129282610111e+00 2.750162447340310123e+00
6.956999997161618233e+09 -3.904149332288366470e+00 2.475186856238428490e+00
6.956999997168828964e+09 -3.868437242647708274e+00 2.763469966211012263e+00
6.956999997221826553e+09 -4.004703315494947624e+00 2.512357771866546852e+00
6.956999997175004005e+09 -4.171029772732422813e+00 2.278739129922081830e+00
6.956999997229393959e+09 -4.134185393095513028e+00 1.995686619043108179e+00
6.956999997197461128e+09 -4.262859439817995977e+00 1.737117955257013069e+00
6.956999997463504791e+09 -4.328080779594667860e+00 1.640157692201886119e+00
6.956999997246293068e+09 -4.195002463690967076e+00 1.779956012002317234e+00
6.956999997223657608e+09 -4.205850672088290665e+00 1.490466051960076532e+00
6.956999997224060059e+09 -4.196305180039320959e+00 1.780885092271798698e+00
6.956999997259719849e+09 -3.914585660178242055e+00 1.842505024099169164e+00
6.956999997104979515e+09 -4.142173362946538262e+00 1.935745026803820767e+00
6.956999996830699921e+09 -4.103397919048061837e+00 2.023504715464904624e+00
6.956999996586699486e+09 -4.213168077727240224e+00 2.136856274239702369e+00
6.956999996531805038e+09 -4.278840297327636044e+00 1.859172464431211536e+00
6.956999996656863213e+09 -4.539562574137517181e+00 1.830556817095964295e+00
6.956999996824764252e+09 -4.751762369292565680e+00 1.724656526709779314e+00
6.956999996704097748e+09 -4.928657031653309595e+00 1.921080606870056773e+00
6.956999996853351593e+09 -4.995606523532080345e+00 1.680923433614526896e+00
6.956999996974971771e+09 -4.909454564675832522e+00 1.930364336995594066e+00
6.956999996955271721e+09 -4.769743985673765785e+00 2.184386681764029614e+00
6.956999996738920212e+09 -4.791554937305907202e+00 2.377131897860428111e+00
6.956999996851691246e+09 -4.666878937392044513e+00 2.614140543740040012e+00
6.956999996996253967e+09 -4.865830521099047346e+00 2.459368658757119963e+00
6.956999996857872009e+09 -4.700645247678853167e+00 2.264435767737073668e+00
6.956999996787217140e+09 -4.496971476674576529e+00 2.459267379863740555e+00
6.956999996603373528e+09 -4.621909090059094005e+00 2.272113333499031995e+00
6.956999996652856827e+09 -4.640554647946556699e+00 1.986389218888967356e+00
6.956999996380034447e+09 -4.551512366285217936e+00 1.940850296740167291e+00
6.956999996391291618e+09 -4.832443751126198173e+00 1.867465510594657152e+00
6.956999996340806007e+09 -4.842071481809382405e+00 2.153460218619072553e+00
6.956999996507635117e+09 -4.875470258944037738e+00 1.917902960364824105e+00
6.956999996473652840e+09 -5.150120098029944415e+00 2.006487302388233029e+00
6.956999996469319344e+09 -5.158656966418416978e+00 2.296905697950462510e+00
6.956999996513764381e+09 -5.441577888925873907e+00 2.346046919763565608e+00
6.956999996455317497e+09 -5.495634091334991922e+00 2.066589635559914484e+00
6.956999996625219345e+09 -5.682545544698411000e+00 2.210227779605244969e+00
6.956999996606994629e+09 -5.667171715963527312e+00 2.499824039106695039e+00
6.956999996732331276e+09 -5.651673151739219136e+00 2.238127826963017153e+00
6.956999996794906616e+09 -5.701979207485156742e+00 1.958864264408497702e+00
6.956999997042176247e+09 -5.579278533900741799e+00 1.868108430897440053e+00
6.956999996802928925e+09 -5.706394250392200718e+00 1.763052836097949383e+00
6.956999996516606331e+09 -5.742780341825018731e+00 1.796670295067919421e+00
6.956999996422760963e+09 -5.636192284963198240e+00 2.050178632553065761e+00
6.956999996680617332e+09 -5.749667834198350036e+00 1.978990119567707096e+00
6.956999996871809006e+09 -5.846998728514501309e+00 1.783013553560429898e+00
6.956999996985857964e+09 -5.642828252517498200e+00 1.955471671659404054e+00
6.956999996884510994e+09 -5.813247649944499607e+00 2.167887712022099844e+00
6.956999996703576088e+09 -5.804507836450373048e+00 2.395089802895901787e+00
6.956999996708114624e+09 -5.801068987761151874e+00 2.104569449095276656e+00
6.956999996801557541e+09 -5.997101796260800199e+00 2.297634513802968126e+00
6.956999997066140175e+09 -6.041604322812744066e+00 2.409215131785282793e+00
6.956999997264259338e+09 -5.830965808657814442e+00 2.437757738956174869e+00
6.956999997114452362e+09 -5.766115965264282828e+00 2.197368799140687390e+00
6.956999997113217354e+09 -5.744446542021726998e+00 2.487133201493804346e+00
6.956999997080527306e+09 -5.570734642874208831e+00 2.256503532847365712e+00
6.956999996984148026e+09 -5.387516081531773082e+00 2.052600564507002456e+00
6.956999996996007919e+09 -5.408995182207392283e+00 1.763062140017216173e+00
6.956999997037455559e+09 -5.478374246728884067e+00 1.483950765923562676e+00
6.956999996962270737e+09 -5.527650484440274958e+00 1.760272221281908411e+00
6.956999996956294060e+09 -5.524976014016931281e+00 2.050774577223713813e+00
6.956999997051189423e+09 -5.632954504313130606e+00 1.798247429670285058e+00
6.956999997071315765e+09 -5.440067341044898974e+00 2.014635908229540195e+00
6.956999997028680801e+09 -5.475855454076685724e+00 2.299830574836347452e+00
6.956999997020545959e+09 -5.476135963517575256e+00 2.590292689530554249e+00
6.956999996857921600e+09 -5.341995362065769193e+00 2.390307391564759687e+00
6.956999996826452255e+09 -5.291589159889979577e+00 2.105872136312758602e+00
6.956999996545085907e+09 -5.220035219142061145e+00 2.093733448663796182e+00
6.956999996596478462e+09 -5.254284150589675129e+00 2.377670546282490527e+00
6.956999996597677231e+09 -5.245572753321103399e+00 2.087227485148351214e+00
6.956999996396927834e+09 -5.255311064020330214e+00 1.877372196972913798e+00
6.956999996549488068e+09 -5.114762998736040345e+00 1.673886988193826975e+00
6.956999996697496414e+09 -4.866943764956899621e+00 1.707260148167038860e+00
6.956999996555601120e+09 -4.847654554985212805e+00 1.454420139898176645e+00
6.956999996796689034e+09 -4.988384179353701597e+00 1.535081513681587184e+00
6.956999996639256477e+09 -5.175745598966256189e+00 1.691750622991857300e+00
6.956999996714919090e+09 -4.929732874874469317e+00 1.826611418701691081e+00
6.956999996747416496e+09 -5.198967034066812154e+00 1.722249486656199702e+00
6.956999996820447922e+09 -5.479977849041821614e+00 1.733817085371804900e+00
6.956999997019388199e+09 -5.320805659778872432e+00 1.873536042703625615e+00
6.956999996990648270e+09 -5.398622447974473992e+00 1.595052526264680637e+00
6.956999996776185036e+09 -5.415346035395742774e+00 1.790398997167749862e+00
6.956999996507922173e+09 -5.303754656260830203e+00 1.786315479546035201e+00
6.956999996256826401e+09 -5.231566293480913288e+00 1.913494372540039290e+00
6.956999996139297485e+09 -5.230408773370696096e+00 1.647749933285487689e+00
6.956999995932402611e+09 -5.392023773333487924e+00 1.772287640704377720e+00
6.956999995659707069e+09 -5.291852483278003838e+00 1.778412543203674812e+00
6.956999995643332481e+09 -5.399960875137913341e+00 2.047631666557051311e+00
6.956999995759237289e+09 -5.234442227381440382e+00 1.838815338363104512e+00
6.956999996033368111e+09 -5.304220370274194352e+00 1.772348674959055126e+00
6.956999995998090744e+09 -5.376244079702152234e+00 2.051638079628637978e+00
6.956999995908603668e+09 -5.159872039582139358e+00 1.879563388896330567e+00
6.956999995790324211e+09 -5.413105215525074954e+00 1.959045466760879650e+00
6.956999995745870590e+09 -5.637607753817720280e+00 2.138090044542392931e+00
6.956999995823950768e+09 -5.434383601936064956e+00 1.945637568505478532e+00
6.956999995656722069e+09 -5.478644658146079927e+00 1.712163540890761615e+00
6.956999995730951309e+09 -5.469458648602325113e+00 1.431378722278786153e+00
6.956999995844776154e+09 -5.246662727199913334e+00 1.579163518710029024e+00
6.956999995897267342e+09 -5.395631631760544167e+00 1.823064081072357512e+00
6.956999996086183548e+09 -5.325892310543695274e+00 1.613584914610583620e+00
6.956999996082489967e+09 -5.295070562081641619e+00 1.902498178780746230e+00
6.956999995828374863e+09 -5.306396215908832481e+00 2.042968294191939815e+00
6.956999996021418571e+09 -5.489209880194243496e+00 1.925718001219762332e+00
6.956999996226487160e+09 -5.302442236651229379e+00 1.839119777711173631e+00
6.956999996507650375e+09 -5.266077224162518000e+00 1.902832485245679273e+00
6.956999996722849846e+09 -5.388155041691345737e+00 1.750448533087608061e+00
6.956999996738944054e+09 -5.408638636161562374e+00 2.039854627477136528e+00
6.956999996813372612e+09 -5.369347449766874725e+00 2.317975161055427336e+00
6.956999996820104599e+09 -5.330657263703139748e+00 2.605885308007222623e+00
6.956999996743843079e+09 -5.077254239135141844e+00 2.725908585098831605e+00
6.956999996784540176e+09 -5.026130606037481741e+00 2.442775067277816348e+00
6.956999997061831474e+09 -5.104404449208875150e+00 2.480418226515081148e+00
6.956999997135654449e+09 -4.959432849647347652e+00 2.721183483551469884e+00
6.956999997262659073e+09 -4.845836513834615111e+00 2.485810776092204577e+00
6.956999997447756767e+09 -5.022659111022846901e+00 2.348308082831530363e+00
6.956999997498976707e+09 -5.002007587709182523e+00 2.063028369329656719e+00
6.956999997573758125e+09 -5.187768610478381781e+00 2.273587436208578616e+00
6.956999997827065468e+09 -5.300444725964641002e+00 2.186558811675335612e+00
6.956999998108605385e+09 -5.343881485238477502e+00 2.243856415638775026e+00
6.956999997966073036e+09 -5.198912872210908809e+00 2.451469149667100389e+00
6.956999998250966072e+09 -5.195753234539631116e+00 2.508570188717553773e+00
6.956999998473524094e+09 -5.060593466488051639e+00 2.637544251040006227e+00
6.956999998413925171e+09 -5.203925820569505589e+00 2.391905777922588960e+00
6.956999998470647812e+09 -5.379558710581159531e+00 2.167472975909097599e+00
6.956999998297609329e+09 -5.585313965192669983e+00 2.057214923175168853e+00
6.956999998419153214e+09 -5.719587923507416960e+00 2.284441620940761197e+00
6.956999998532581329e+09 -5.533298623890257062e+00 2.476443892293333171e+00
6.956999998541831970e+09 -5.467550274890222717e+00 2.759332698639941572e+00
6.956999998420735359e+09 -5.258458652302621772e+00 2.597929839440499933e+00
6.956999998484851837e+09 -5.056772848793579023e+00 2.797043891572327023e+00
6.956999998248601913e+09 -5.201444501319842928e+00 2.884739810925013526e+00
6.956999998189837456e+09 -5.210023767058872046e+00 3.169182448202949587e+00
6.956999998065140724e+09 -5.395896429039801490e+00 2.983880943630472071e+00
6.956999997973122597e+09 -5.644633993573305197e+00 3.102610692959030469e+00
6.956999997953797340e+09 -5.934538437591598381e+00 3.098556563382254492e+00
6.956999997857658386e+09 -5.817156179251896653e+00 2.850739653214673375e+00
6.956999997620542526e+09 -5.827040902462302441e+00 2.683070613082494393e+00
6.956999997699268341e+09 -5.704721065885988374e+00 2.934615010243547761e+00
6.956999997458177567e+09 -5.596082680443147161e+00 3.055062598853030664e+00
6.956999997515215874e+09 -5.877015342960017819e+00 3.007544474051913497e+00
6.956999997464743614e+09 -5.704113799828085085e+00 3.235562164720791500e+00
6.956999997686180115e+09 -5.874967299052324066e+00 3.156761541747497457e+00
6.956999997481916428e+09 -6.047274926348160662e+00 3.042651476356964313e+00
6.956999997430919647e+09 -6.327262870655691707e+00 3.101307567792195741e+00
6.956999997446085930e+09 -6.106386066662212286e+00 2.913111095618576396e+00
6.956999997599528313e+09 -6.109867476845924905e+00 3.159845499936031032e+00
6.956999997854121208e+09 -6.249729735741952119e+00 3.152390351333357543e+00
6.956999997578161240e+09 -6.322818476823003131e+00 3.098181130469451094e+00
6.956999997526242256e+09 -6.336896702265178760e+00 3.383734429764129192e+00
6.956999997386493683e+09 -6.230345840344775787e+00 3.615146918152388977e+00
6.956999997343354225e+09 -6.338006389328279866e+00 3.348721222388141960e+00
6.956999997295356750e+09 -6.194233484541440404e+00 3.100809707780794788e+00
6.956999997324597359e+09 -6.087593599410104694e+00 3.369524055239539351e+00
6.956999997504798889e+09 -6.121006448764277685e+00 3.595013452611603544e+00
6.956999997455571175e+09 -6.400843148055820109e+00 3.534164898686572798e+00
6.956999997382459641e+09 -6.409938531570943177e+00 3.253083905146836763e+00
6.956999997623401642e+09 -6.572356290991923977e+00 3.251725129556774618e+00
6.956999997765095711e+09 -6.581449285882823297e+00 2.998200799229374436e+00
6.956999997779237747e+09 -6.558835572789341484e+00 2.708851315646827018e+00
6.956999997568893433e+09 -6.597456745030695124e+00 2.905569336763061727e+00
6.956999997424869537e+09 -6.497890476708537477e+00 2.673667913574766075e+00
6.956999997583231926e+09 -6.728140610994209680e+00 2.594038719520696645e+00
6.956999997476150513e+09 -6.819924331811820117e+00 2.339984150661067908e+00
6.956999997589276314e+09 -6.655121609226820389e+00 2.129088044423014914e+00
6.956999997607957840e+09 -6.367917905764518771e+00 2.169082302469468537e+00
6.956999997560870171e+09 -6.306731351644804029e+00 1.888951150492302444e+00
6.956999997289897919e+09 -6.331833952764011286e+00 1.990825421889937941e+00
6.956999997308176041e+09 -6.361229393874291205e+00 1.702318364871428180e+00
6.956999997194697380e+09 -6.532552756845621644e+00 1.907758070775555037e+00
6.956999997471253395e+09 -6.443686523213047579e+00 1.915120923919603424e+00
6.956999997448046684e+09 -6.306085389606526981e+00 1.660244736723777592e+00
6.956999997681354523e+09 -6.182788288723008563e+00 1.781899742866092984e+00
6.956999997933116913e+09 -6.037708253461961938e+00 1.783374996048969985e+00
6.956999997660168648e+09 -5.947350218704209546e+00 1.741313328161615992e+00
6.956999997643460274e+09 -5.774982122460258438e+00 1.974646929000975160e+00
6.956999997870706558e+09 -5.738602686277583409e+00 2.152045766409323324e+00
6.956999997973239899e+09 -5.597126587931529507e+00 1.919869239066998245e+00
6.956999998161560059e+09 -5.600945008716186280e+00 2.141127768594012881e+00
6.956999998373802185e+09 -5.799403991414822990e+00 2.139735108188654866e+00
6.956999998356095314e+09 -5.523488257966261195e+00 2.229130173628318001e+00
6.956999998271798134e+09 -5.788445438724908243e+00 2.144713791622671284e+00
6.956999998454037666e+09 -5.814809976453408247e+00 1.919929179955725873e+00
6.956999998557576180e+09 -5.799178286030647556e+00 1.648875912944373745e+00
6.956999998759588242e+09 -5.617055183810207630e+00 1.751133701824235667e+00
6.956999998846058846e+09 -5.387542658985759125e+00 1.906958351102614246e+00
6.956999998944820404e+09 -5.653813847600636322e+00 1.968442093689172001e+00
6.956999998939597130e+09 -5.373495178617723411e+00 1.892096416621596999e+00
6.956999999105835915e+09 -5.263498867841618356e+00 2.103520374267216386e+00
6.956999999184867859e+09 -5.262923166470032221e+00 1.823898961783267492e+00
6.956999998972108841e+09 -5.408973789618507944e+00 1.957455142099901568e+00
6.956999999257338524e+09 -5.447554771893576842e+00 1.917580972278817297e+00
6.956999999207551003e+09 -5.510487102114165481e+00 1.638304755185147066e+00
6.956999999167367935e+09 -5.334143572370409814e+00 1.410878383541833925e+00
6.956999999183591843e+09 -5.284507171525449465e+00 1.696723616330131801e+00
6.956999999247268677e+09 -5.237581492778615733e+00 1.417120852099346795e+00
6.956999999117899895e+09 -5.449408107203711715e+00 1.568209043081729037e+00
6.956999998952371597e+09 -5.250733208842645716e+00 1.700735463285816040e+00
6.956999999080553055e+09 -5.213562817581864905e+00 1.442622563785560752e+00
6.956999999202655792e+09 -5.194718314131638870e+00 1.705625062066557396e+00
6.956999999403733253e+09 -5.176225712778656174e+00 1.496674298858365670e+00
6.956999999691381454e+09 -5.145729977043486336e+00 1.469055473596235117e+00
6.956999999702858925e+09 -4.860515870780091063e+00 1.523421678156064552e+00
6.956999999883362770e+09 -4.840356288494605863e+00 1.296603718298622088e+00
6.956999999766307831e+09 -4.774379041015415659e+00 1.038961126043717931e+00
6.956999999568264961e+09 -4.632485392226832310e+00 8.805958570945306985e-01
6.956999999343390465e+09 -4.690679353856600287e+00 1.055179220246072580e+00
6.956999999494805336e+09 -4.828668337659510534e+00 1.261254637640147669e+00
6.956999999487956047e+09 -4.869396050280982102e+00 9.736284333494571452e-01
6.956999999270016670e+09 -4.821203076829609913e+00 7.875795343111693381e-01
6.956999999223432541e+09 -4.713840516889770349e+00 5.216138823694297377e-01
6.956999999151762962e+09 -4.689896559379695518e+00 2.410348266887994972e-01
6.956999999004963875e+09 -4.869848275297994356e+00 4.156823987901012707e-01
6.956999998906447411e+09 -4.723423480638587080e+00 1.848387109384536653e-01
6.956999999083532333e+09 -4.677375203926654734e+00 -4.089360004234807167e-02
6.956999998979694366e+09 -4.883537789721095201e+00 -2.173848692016634165e-01
6.956999998875401497e+09 -4.889488202852118270e+00 -4.885344050036221075e-01
6.956999998916318893e+09 -4.698377932873230911e+00 -2.735061944356884100e-01
6.956999998864628792e+09 -4.967423723915096012e+00 -3.703411255976610805e-01
6.956999999042212486e+09 -5.193156051252031169e+00 -3.262584443397980594e-01
6.956999998890520096e+09 -5.242225187916438323e+00 -8.332611024401823108e-02
6.956999998886380196e+09 -5.237208873204066251e+00 -3.738294536301106641e-01
6.956999998906437874e+09 -5.242942529411304342e+00 -8.400313152788407844e-02
6.956999998903583527e+09 -5.186589767382915106e+00 2.010419838319622565e-01
6.956999998914525032e+09 -5.178178800595355291e+00 4.912902312395414084e-01
6.956999999193524361e+09 -5.216439281590205646e+00 5.629160228720082593e-01
6.956999999352586746e+09 -5.210900897552495969e+00 3.198048270664755055e-01
6.956999999264985085e+09 -5.163618146447492840e+00 4.681239917901414138e-02
6.956999999057969093e+09 -4.959932343496140206e+00 3.728246383594592539e-02
6.956999998913378716e+09 -5.163530589905379387e+00 -1.112972590768494113e-01
6.956999998746954918e+09 -5.155835438869122989e+00 1.267746974520066461e-01
6.956999998903292656e+09 -5.366029229882729901e+00 1.030180253473345076e-03
6.956999998965895653e+09 -5.567487705322557545e+00 2.008547979270632611e-01
6.956999999200917244e+09 -5.407303042031559315e+00 2.603532416251493897e-01
6.956999999342188835e+09 -5.581077494963691876e+00 4.454997101514974189e-01
6.956999999367220879e+09 -5.356904731593101765e+00 2.623209000832015247e-01
6.956999999460330009e+09 -5.366646829463360469e+00 -1.276125557250112896e-02
6.956999999367465019e+09 -5.356481646167433830e+00 -2.879107679331958103e-01
6.956999999432878494e+09 -5.074156819674368712e+00 -3.090826737146726844e-01
6.956999999364112854e+09 -5.356434333302215300e+00 -3.141061653241482010e-01
6.956999999369764328e+09 -5.354450695732899668e+00 -2.359174801905428165e-02
6.956999999089865685e+09 -5.413625945930977679e+00 2.729443488156846342e-02
6.956999998997132301e+09 -5.147828777145781132e+00 -4.472540848551190273e-02
6.956999998769114494e+09 -5.216694353625431546e+00 1.217068596518915968e-01
6.956999998519286156e+09 -5.347602501019427024e+00 1.915874443752959566e-01
6.956999998579640388e+09 -5.516803465478680835e+00 4.199793544565939563e-01
6.956999998733154297e+09 -5.552499812428969506e+00 6.640976788281784948e-01
6.956999998894592285e+09 -5.535439979529175325e+00 4.230970521669492612e-01
6.956999998681912422e+09 -5.492358461197752284e+00 2.298463518649039583e-01
6.956999998807585716e+09 -5.676927008065035807e+00 4.390210008411035703e-02
6.956999998913796425e+09 -5.646259468713999752e+00 -2.248231402711498850e-01
6.956999999016834259e+09 -5.427833523485548817e+00 -3.864024347678162163e-01
6.956999998869204521e+09 -5.545942387813226127e+00 -1.657437604399057962e-01
6.956999998808476448e+09 -5.400119704325928360e+00 7.814614822717710907e-02
6.956999998771489143e+09 -5.403555222502413713e+00 -2.100458999818451133e-01
6.956999998782695770e+09 -5.215059915841402827e+00 -4.309042938405237555e-01
6.956999998806485176e+09 -5.315410958023838006e+00 -7.025625960709716011e-01
6.956999998958578110e+09 -5.434353549396418792e+00 -9.197142257807883192e-01
6.956999998978081703e+09 -5.404486584429052165e+00 -6.313358984919751338e-01
6.956999999154975891e+09 -5.177278598785306052e+00 -6.703159077593363602e-01
6.956999999324350357e+09 -5.093958656374098837e+00 -8.912337043503300027e-01
6.956999999133090973e+09 -5.015009228410549191e+00 -1.095246733744281276e+00
6.956999999197321892e+09 -4.855844950203571209e+00 -1.329715518039385591e+00
6.956999999205608368e+09 -4.820276315790605004e+00 -1.041443598997295217e+00
6.956999999271494865e+09 -4.876281773627252569e+00 -1.318854697490420058e+00
6.956999999327474594e+09 -4.744872483669245078e+00 -1.065808484883869589e+00
6.956999999385980606e+09 -4.691325289638586860e+00 -1.345351452695258576e+00
6.956999999242549896e+09 -4.941913443748394030e+00 -1.378028538474509013e+00
6.956999999333980560e+09 -5.194184541929663723e+00 -1.489537204851674179e+00
6.956999999457255363e+09 -4.935135494181486671e+00 -1.535704922963485375e+00
6.956999999292348862e+09 -4.933927755991913244e+00 -1.774951510160728052e+00
6.956999999023019791e+09 -4.883162978547475497e+00 -1.871488362489850843e+00
6.956999999273179054e+09 -4.916932983879539698e+00 -1.727563269810907798e+00
6.956999999452779770e+09 -4.792085537854853250e+00 -1.536274975022776879e+00
6.956999999227478027e+09 -4.910663932646666119e+00 -1.676320359230160761e+00
6.956999998959942818e+09 -4.813573757950619481e+00 -1.617728315824745078e+00
6.956999998991235733e+09 -4.829119824268702565e+00 -1.329260688017388059e+00
6.956999999037086487e+09 -4.715567511196574024e+00 -1.592771771067793996e+00
6.956999999311089516e+09 -4.618951394849067249e+00 -1.597504140323305233e+00
6.956999999583238602e+09 -4.707121378480793261e+00 -1.648448500630192326e+00
6.956999999679685593e+09 -4.433440559898791378e+00 -1.633242694914208037e+00
6.956999999491575241e+09 -4.491855326855400676e+00 -1.419615480014248865e+00
6.956999999744309425e+09 -4.428782425738856610e+00 -1.548385911913167767e+00
6.956999999830150604e+09 -4.692962193943906790e+00 -1.633678227813719186e+00
6.956999999816880226e+09 -4.979905559136318161e+00 -1.677517714250013947e+00
6.956999999996016502e+09 -4.960109513022708860e+00 -1.905449619543984285e+00
6.957000000091492653e+09 -5.004059852318696322e+00 -1.634548828529177156e+00
6.957000000073796272e+09 -5.010395319367467515e+00 -1.344581256692100046e+00
6.956999999907068253e+09 -5.183929425193652740e+00 -1.507437824868975040e+00
6.956999999989876747e+09 -5.192925831766928901e+00 -1.785819500736575138e+00
6.956999999947546959e+09 -5.473058218420582044e+00 -1.850383892189688462e+00
6.956999999929800034e+09 -5.408767510617533247e+00 -2.133202304693365026e+00
6.956999999877534866e+09 -5.365339701190117161e+00 -1.850683443495941161e+00
6.957000000005515099e+09 -5.194013885014252985e+00 -2.047414222111751947e+00
6.957000000147536278e+09 -5.041773988286899488e+00 -1.844713400062673037e+00
