6.261300000000000000e+10 0.000000000000000000e+00 0.000000000000000000e+00
6.261300000006498718e+10 -1.097087722054324727e-01 -1.508560319045572085e+00
6.261299999988291168e+10 -2.540365937531812723e-01 -1.255528397215366354e-02
6.261299999874389648e+10 -7.253828902371860510e-01 8.663571075314171477e-01
6.261299999727507782e+10 -1.036745626053360958e+00 6.723737981457909019e-01
6.261299999615699005e+10 -1.734427676148585951e+00 -7.270321164735915609e-02
6.261299999600985718e+10 -1.700647108136692731e+00 -1.579098135839939632e+00
6.261299999493753052e+10 -6.821468797358072322e-01 -1.902815369379052379e+00
6.261299999508456421e+10 -1.941438330607734741e+00 -1.075422497674881406e+00
6.261299999588086700e+10 -9.014032005761889454e-01 -1.834526272104688882e+00
6.261299999536921692e+10 -7.487369753987120902e-01 -4.178671599960332994e-01
6.261299999537187958e+10 -6.691279326422807650e-01 1.093975789885428540e+00
6.261299999504070282e+10 -7.048211509182938928e-01 -3.828652793319680114e-01
6.261299999379902649e+10 -6.454296762637901086e-02 2.004807799677685853e-01
6.261299999265483093e+10 5.468956728708218584e-01 9.808460425156648732e-01
6.261299999388654327e+10 7.933452370006042198e-01 1.357650528095529774e-01
6.261299999330928040e+10 1.043128937920996258e+00 1.512858102713400044e+00
6.261299999326486206e+10 1.536244684544530781e+00 8.216672443468975295e-02
6.261299999467606354e+10 1.991008623318006432e+00 -2.239575364923756529e-01
6.261299999552519989e+10 3.196604158139086493e+00 -5.667684293853239019e-01
6.261299999411807251e+10 3.231669189436777501e+00 -9.292342325820546201e-03
6.261299999471201324e+10 3.847149645460088863e+00 -1.258465438816967374e+00
6.261299999372724152e+10 4.407259157788475434e+00 -2.262716916906374554e+00
6.261299999312126923e+10 3.691538310657780375e+00 -3.451226747600263600e+00
6.261299999313593292e+10 3.322052856391510822e+00 -1.983139803268969104e+00
6.261299999282291412e+10 3.474896430895451971e+00 -3.456459055341051023e+00
6.261299999325590515e+10 2.653449990327664931e+00 -2.260733077850018979e+00
6.261299999198122406e+10 2.913128155316929035e+00 -1.486286285816663000e+00
6.261299999228609467e+10 2.296470000415184565e+00 -2.834914633136058626e+00
6.261299999288775635e+10 2.931602722136853245e+00 -1.599346871347817389e+00
6.261299999154550934e+10 3.631541145874896070e+00 -1.621011967444186519e+00
6.261299999056623077e+10 4.636271546873469873e+00 -1.052202688906286543e+00
6.261299999199289703e+10 4.130308509797244731e+00 -1.077677973901053798e+00
6.261299999265769958e+10 4.186956516108184978e+00 -2.436662482900123994e+00
6.261299999250022125e+10 4.385786442289062670e+00 -9.441205699848627120e-01
6.261299999292762756e+10 3.571228560242615035e+00 -2.146548544809288472e+00
6.261299999164485931e+10 3.278186306916050174e+00 -1.397792152041030356e+00
6.261299999063033295e+10 4.401580296226543787e+00 -1.424996146478292314e+00
6.261299998993325806e+10 5.695828505769278571e+00 -1.063023520059567240e+00
6.261299998868373108e+10 6.378634177492040536e+00 -1.577286375929753959e+00
6.261299998844625854e+10 6.110272891883481883e+00 -3.048205684539738058e+00
6.261299998821460724e+10 6.558223723646187331e+00 -1.620728050072044679e+00
6.261299998850770569e+10 5.108322560315889049e+00 -1.298405198854923004e+00
6.261299999001918030e+10 5.047834972826558797e+00 -1.359988420267340459e+00
6.261299998994658661e+10 4.583145273693196131e+00 7.904155877407048614e-02
6.261299998906880188e+10 3.378785332775158246e+00 -1.874678714861585105e-01
6.261299998880879211e+10 4.333259840697891718e+00 -1.333499342983544000e+00
6.261299998806310272e+10 4.383591972943493786e+00 -2.650094781702946545e+00
6.261299998837332153e+10 4.191603403804095684e+00 -1.180768651052455986e+00
6.261299998822202301e+10 3.762481822438456192e+00 -2.624714021487892346e+00
6.261299998866646576e+10 4.861821736716429143e+00 -1.683470473771029319e+00
6.261299998930345917e+10 6.169182532405715236e+00 -2.104252300921915175e+00
6.261299998900519562e+10 5.958750867898790382e+00 -6.349767101756271792e-01
6.261299998906148529e+10 5.997020596478734866e+00 -2.147385558957181750e+00
6.261299998862835693e+10 5.156337947802196453e+00 -9.651568982007177055e-01
6.261299998867345428e+10 6.129081599535191494e+00 1.940452540859143316e-01
6.261299998858734894e+10 5.596560752567786956e+00 -1.220529487975605010e+00
6.261299998928359222e+10 5.210271744248956338e+00 -2.508178958179820839e+00
6.261299998913038635e+10 5.208388407073663018e+00 -4.014346047220369584e+00
6.261299999030931091e+10 5.547226473929184110e+00 -3.127028819467999821e+00
6.261299999027077484e+10 5.374076870152433294e+00 -4.630540727417531421e+00
6.261299998927902985e+10 4.958294297884195956e+00 -3.564907209720634018e+00
6.261299998970455933e+10 6.129468587916263367e+00 -2.705087987301137087e+00
6.261299999013416290e+10 7.232528991232649140e+00 -3.648864309050780630e+00
6.261299998980953979e+10 7.824505515661646093e+00 -2.293801285822154590e+00
6.261299998960182953e+10 7.916314965453782548e+00 -3.790611358118743723e+00
6.261299998967623138e+10 7.227539071732531184e+00 -5.136741337444115985e+00
6.261299998998004913e+10 7.415138982816366742e+00 -6.607970238644446326e+00
6.261299998957611847e+10 6.065784560945198578e+00 -6.052905078360478086e+00
6.261299999071553802e+10 5.924369384519323489e+00 -5.066118917537313138e+00
6.261299999004239655e+10 4.670651661430214041e+00 -4.549312736290686665e+00
6.261299999083229065e+10 4.930400426258479740e+00 -5.814463773997205820e+00
6.261299999111692047e+10 6.050865766567988580e+00 -6.791989406799501694e+00
6.261299999022402954e+10 4.858492524408275948e+00 -7.062181308140463187e+00
6.261299999072018433e+10 4.841387327378660288e+00 -8.492408630270606551e+00
6.261299998952802277e+10 3.929518099390789221e+00 -8.294265852344961942e+00
6.261299999082642365e+10 3.204476654499494259e+00 -8.010577339372076722e+00
6.261299999051915741e+10 1.744326731078914339e+00 -7.754522782353754806e+00
6.261299999039284515e+10 1.888096880697549551e+00 -6.252727408568986789e+00
6.261299998941841888e+10 1.592819418156199429e+00 -5.132318958532420261e+00
6.261299999001992798e+10 8.322559366712035667e-01 -6.294965655984971598e+00
6.261299999083435059e+10 -4.400119884231442624e-01 -6.395265055849335134e+00
6.261299999212726593e+10 -6.955813305380813549e-01 -5.650233618889910936e+00
6.261299999115949249e+10 -1.219511181809076472e+00 -4.610558525670462870e+00
6.261299999202397919e+10 -1.816834115227732305e-01 -5.294359950395297609e+00
6.261299999332145691e+10 5.461287821154342526e-01 -5.013541022153994220e+00
6.261299999403970337e+10 -3.244805264584259552e-01 -4.004493614638702681e+00
6.261299999398749542e+10 -3.176628403083350261e-01 -2.491469574104286266e+00
6.261299999329119110e+10 3.675676015308906308e-01 -1.334910718061929069e+00
6.261299999279877472e+10 1.485050722093146147e+00 -2.229767035518259721e+00
6.261299999211434174e+10 8.872937857253883065e-01 -3.440655006726577092e+00
6.261299999154916382e+10 -2.634795149663963221e-01 -2.635480775514404517e+00
6.261299999174819183e+10 1.034023237791651617e+00 -3.389728569713779116e+00
6.261299999152624512e+10 4.564945445493920895e-01 -2.007985717660972114e+00
6.261299999074479675e+10 1.688745096191821116e+00 -2.411606699316382052e+00
6.261299999058931732e+10 6.637654709326969993e-01 -1.308312747521662489e+00
6.261299999060315704e+10 4.359307163256977424e-01 -2.804946852376882571e+00
6.261299999104470062e+10 1.148645768216874252e+00 -4.065538932759622526e+00
6.261299999114834595e+10 2.377305413777109244e+00 -4.943984309169976221e+00
6.261299999035861969e+10 3.400043352799984930e+00 -4.155092428725746245e+00
6.261299998969559479e+10 2.587858961887919751e+00 -5.247229805064802299e+00
6.261299998910205841e+10 1.964922322403900079e+00 -4.001566196747177173e+00
6.261299998764112854e+10 1.638275950756925337e+00 -4.227409390421375868e+00
6.261299998729248047e+10 1.653695004068469032e+00 -2.754242486629248088e+00
6.261299998735272217e+10 1.474001578321453287e+00 -4.256272915137885526e+00
6.261299998659494781e+10 4.341543156208129695e-01 -5.054086330306427399e+00
6.261299998670652771e+10 -5.497032714075916759e-01 -6.199332159134803177e+00
6.261299998648199463e+10 -2.773480646141061601e-01 -4.727115447485715549e+00
6.261299998610160065e+10 -1.242741778264072061e-01 -3.269760405134691794e+00
6.261299998513934326e+10 -3.021933069633038760e-01 -2.114590211922488194e+00
6.261299998483166504e+10 1.342819563262792615e-02 -6.662349232739155358e-01
6.261299998520396423e+10 1.378571146728563117e-02 8.012139445890582579e-01
6.261299998629905701e+10 -1.016034358334494181e+00 9.808044624578126092e-01
6.261299998634988403e+10 -9.697617416743887775e-01 2.493183154251039646e+00
6.261299998722532654e+10 -1.317038560349808485e+00 3.678516460741723115e+00
6.261299998801976776e+10 -2.603592405947323662e+00 3.753737193639255842e+00
6.261299998683557129e+10 -1.829604421781150236e+00 4.292837789894641709e+00
6.261299998583873749e+10 -1.981287968647253761e+00 5.422140417598642514e+00
6.261299998626673889e+10 -3.430272120115883894e+00 5.518434516391397260e+00
6.261299998766884613e+10 -3.236331762071979146e+00 4.981306230826165304e+00
6.261299998697891235e+10 -2.572392030968294385e+00 6.153989739288093119e+00
6.261299998710974884e+10 -2.583568294629681628e+00 4.645755117798202605e+00
6.261299998714099884e+10 -2.713323319309198567e+00 6.153800434133779973e+00
6.261299998765314484e+10 -2.187572771228736279e+00 7.477926433501543180e+00
6.261299998694107056e+10 -1.693354537911200275e+00 6.236673379437521092e+00
6.261299998795116425e+10 -1.520987495144004553e+00 7.351130048138224460e+00
6.261299998669047546e+10 -2.293374205279165245e+00 7.676858858060804813e+00
6.261299998597355652e+10 -2.730199030796643278e+00 8.936709269811744960e+00
6.261299998597251892e+10 -2.786202610122754386e+00 7.423805994453557489e+00
6.261299998613728333e+10 -2.279266776332937283e+00 8.840804133968820366e+00
6.261299998571675873e+10 -3.498106345830769293e+00 8.047329435409581677e+00
6.261299998491683197e+10 -3.955818339918830695e+00 6.846234508972464994e+00
6.261299998488150787e+10 -3.228906371621873106e+00 5.518693538762615702e+00
6.261299998496242523e+10 -3.763254825717672336e+00 6.932885181990771528e+00
6.261299998506101990e+10 -4.972229241412717826e+00 7.838795373935393940e+00
6.261299998518104553e+10 -5.260263190991106619e+00 9.320228474528867935e+00
6.261299998650477600e+10 -5.222572558523484787e+00 1.005393676850649598e+01
6.261299998685527039e+10 -3.875445843865455764e+00 9.458607101336509615e+00
6.261299998649306488e+10 -2.436234920699934747e+00 9.757760361841839369e+00
6.261299998571668243e+10 -2.994589128858330174e+00 8.584097549171469055e+00
6.261299998489373016e+10 -1.784000557261363973e+00 8.197777716106813273e+00
6.261299998608464050e+10 -2.634802027544389524e+00 8.584931486148072111e+00
6.261299998692705536e+10 -1.834313610899664049e+00 7.614584490050470222e+00
6.261299998663119507e+10 -1.684515422537975260e+00 9.091758479266554005e+00
6.261299998638175201e+10 -1.213423051811304276e+00 7.674766904828629777e+00
6.261299998533643341e+10 -1.483168747130851894e-01 7.420074774408325524e+00
6.261299998580896759e+10 6.154273778303074316e-01 6.201296632274897469e+00
6.261299998593169403e+10 1.430294172563447153e-01 4.768190726687237202e+00
6.261299998450659180e+10 4.773814844115749079e-01 4.381780530388756034e+00
6.261299998458192444e+10 1.859746784086708793e+00 3.769077992172312541e+00
6.261299998580084991e+10 2.755328276247513308e+00 3.704536830161375249e+00
6.261299998688243866e+10 2.263820504778104592e+00 2.766131185703792905e+00
6.261299998588326263e+10 2.249596246204913275e+00 1.628830386928181495e+00
6.261299998679920197e+10 2.924565256600958119e+00 6.300870661495062697e-01
6.261299998730455017e+10 1.571995605867702928e+00 1.085270831627614507e+00
6.261299998869043732e+10 1.665340923340240087e+00 1.687446094601838809e+00
6.261299998873151398e+10 1.806782657574779183e+00 3.194204506828413948e+00
6.261299998888795471e+10 2.094792081111362947e+00 4.672240243511447844e+00
6.261299998847257233e+10 1.390896255884968902e+00 3.397876589839873063e+00
6.261299998886570740e+10 2.703682971106760036e+00 4.041345634681231758e+00
6.261299998761359406e+10 3.264137595035360384e+00 3.400939402761149921e+00
6.261299998839794922e+10 3.736695883129689033e+00 2.195331771672854870e+00
6.261299998869851685e+10 2.504881195361115864e+00 1.368104383900401455e+00
6.261299998747021484e+10 2.035212946084274943e+00 6.179740938382572990e-01
6.261299998858217621e+10 1.707514653281137162e+00 -3.557669928077619170e-01
6.261299998794057465e+10 4.102908439248171835e-01 -8.002619467038225576e-01
6.261299998878540039e+10 -8.201673038113672654e-01 -1.053760110191916066e+00
6.261299999020430756e+10 -7.376618158882303211e-01 -5.323030958041988780e-01
6.261299998953984833e+10 3.190855438310243875e-01 -1.388922766493629446e+00
6.261299998947941589e+10 2.894048573987760276e-01 1.235192426335685045e-01
6.261299999024336243e+10 1.585708250798023577e+00 2.908526181731647675e-01
6.261299999104350281e+10 1.209469911378169504e+00 1.519769597796743588e+00
6.261299999216928101e+10 8.611635387271922015e-01 5.693360473557631529e-01
6.261299999171921539e+10 1.369113862801800474e+00 -7.839710222570732689e-01
6.261299999298278046e+10 2.052106403933420253e+00 -1.262451860966591122e+00
6.261299999173149109e+10 1.993527002763422429e+00 -2.112661171221726697e+00
6.261299999214727783e+10 2.453599817502069236e+00 -3.493771475043141006e+00
6.261299999102545929e+10 2.237339163465649428e+00 -2.500407802945469271e+00
6.261299999209822083e+10 1.691049866486729503e+00 -1.582383366266478131e+00
6.261299999172490692e+10 3.157867393639600007e+00 -1.615466234708567095e+00
6.261299999229202271e+10 3.554214825928703636e+00 -2.962056408110435246e+00
6.261299999103225708e+10 4.148802348942184359e+00 -2.369212540767590802e+00
6.261299999024482727e+10 5.344240944343187749e+00 -1.876365012957193823e+00
6.261299998914818573e+10 5.922526788165024314e+00 -1.007470234531740338e+00
6.261299998939179993e+10 5.321079730718118128e+00 -2.375289042425845931e+00
6.261299999064184570e+10 4.625297156446114499e+00 -2.870562051355554978e+00
6.261299998950868988e+10 5.091430131881683252e+00 -3.759766161877224455e+00
6.261299998964797974e+10 5.799928235808032184e+00 -2.429111170278293930e+00
6.261299998978417969e+10 6.000406784536040483e+00 -3.923524851300063787e+00
6.261299999012138367e+10 7.428397275820030288e+00 -4.296552377124113420e+00
6.261299999093712616e+10 7.503791053640642694e+00 -5.569697821879046273e+00
6.261299999242015839e+10 7.199510278909693639e+00 -5.576092195163970366e+00
6.261299999145041656e+10 6.059213683427231878e+00 -5.349516986471257951e+00
6.261299999001742554e+10 5.951788016457107311e+00 -4.873058079879992732e+00
6.261299998953111267e+10 5.758776912050605823e+00 -6.293713329009618107e+00
6.261299998992087555e+10 6.021979354438182774e+00 -4.854677176573408914e+00
6.261299998932734680e+10 7.090077271749226639e+00 -3.960863143291040167e+00
6.261299998907862854e+10 6.434110256424369290e+00 -5.302452475409870303e+00
6.261299998853335571e+10 6.417272670904299758e+00 -3.890216313219813316e+00
6.261299998801777649e+10 7.321797300089679439e+00 -2.791112019527059118e+00
6.261299998806925201e+10 7.252461509300321296e+00 -1.279636944571266310e+00
6.261299998815380096e+10 7.008262600159268274e+00 2.120840585957601832e-01
6.261299998957486725e+10 6.746678619550666056e+00 6.639282282665648349e-01
6.261299998963876343e+10 6.481515825390300911e+00 -8.252393221921536792e-01
6.261299999063642883e+10 5.723603458388670795e+00 2.460853582004562945e-02
6.261299999097270203e+10 5.200239983296020441e+00 1.404835114407446017e+00
6.261299999019935608e+10 4.487311064107623260e+00 3.159444946123808329e-01
6.261299998881314850e+10 4.066714693536193970e+00 -1.239960114468381946e-01
6.261299998889734650e+10 3.678910090761173368e+00 1.337007904492055976e+00
6.261299999019698334e+10 4.405524530955736928e+00 1.063176835807656762e+00
6.261299999014440918e+10 5.799622089441461625e+00 1.651175064915479940e+00
6.261299999028486633e+10 5.511517106924048726e+00 3.130796997444104335e+00
6.261299999168317413e+10 5.905320322490862139e+00 2.704569204101655355e+00
6.261299999312567902e+10 6.155164755623550477e+00 3.090283648522053284e+00
6.261299999409272003e+10 6.579162560158594353e+00 4.175213604696907943e+00
6.261299999497635651e+10 6.716322601307544993e+00 5.396845133645062020e+00
6.261299999481227875e+10 5.849247452656266333e+00 4.166693048139934241e+00
6.261299999497022247e+10 6.606892249957143193e+00 2.865523679801749157e+00
6.261299999571265411e+10 7.009882539634159748e+00 4.121870561275599698e+00
6.261299999562854767e+10 7.037097197774767388e+00 2.610513935636963545e+00
6.261299999636815643e+10 6.514311083406052916e+00 1.397383838924318944e+00
6.261299999625460052e+10 6.751837596126637031e+00 -9.348838569610329330e-02
6.261299999699689484e+10 7.103119099978421502e+00 1.178365002897875602e+00
6.261299999737149811e+10 7.908475241612575424e+00 2.404370469028506818e+00
6.261299999746236420e+10 7.434389419291798973e+00 9.694489014477212230e-01
6.261299999766828156e+10 8.062711611846891557e+00 -3.924695711163970202e-01
6.261299999711498260e+10 7.515609916389392353e+00 9.062037076460598417e-01
6.261299999578581238e+10 6.828800785787291439e+00 6.746410207552898664e-01
6.261299999552477264e+10 7.246068040449950232e+00 2.106340004858987758e+00
6.261299999551883698e+10 7.532394680729037617e+00 3.592945409898053111e+00
6.261299999615773773e+10 8.297797804840726599e+00 4.732232804397211723e+00
6.261299999552328491e+10 8.920949721358118367e+00 3.507011972341383732e+00
6.261299999683874512e+10 8.522540304689570689e+00 4.141710684126143960e+00
6.261299999774618530e+10 8.260007898187639697e+00 2.958646527891696465e+00
6.261299999656547546e+10 8.219756557399882979e+00 2.011904733930542033e+00
6.261299999589319611e+10 7.661986271340068377e+00 3.248412003537162640e+00
6.261299999728191376e+10 8.059346553996213913e+00 3.701832004607734206e+00
6.261299999795349884e+10 9.215806433125294461e+00 4.411468486951095613e+00
6.261299999904329681e+10 1.009065655579788157e+01 4.993696410501988758e+00
6.261299999878668213e+10 1.019717163769178470e+01 6.481922066543778449e+00
6.261299999783462524e+10 1.136960749917805380e+01 6.586761809832961667e+00
6.261299999796897125e+10 1.155856130243883939e+01 8.082843598391278306e+00
6.261299999707083893e+10 1.082892816871527231e+01 9.059061936787983882e+00
6.261299999610496521e+10 1.080669340094430630e+01 7.893467821991006161e+00
6.261299999582782745e+10 1.203106425274071789e+01 8.739709594225578471e+00
6.261299999674285889e+10 1.083018319273921470e+01 8.627408526462625460e+00
6.261299999610911560e+10 1.141074471178005290e+01 7.381081263763741518e+00
6.261299999643868256e+10 1.248191435483279577e+01 8.398919598898395122e+00
6.261299999785007477e+10 1.301169887549211879e+01 8.537917062053455908e+00
6.261299999747429657e+10 1.230605655359472017e+01 9.823558214603695049e+00
6.261299999784257507e+10 1.083958112584791422e+01 9.747175369776968523e+00
6.261299999866889954e+10 1.060938094166681012e+01 1.099465848949057367e+01
6.261299999811522675e+10 1.192771646453221379e+01 1.049720972613951275e+01
6.261299999904045868e+10 1.151597236981185723e+01 9.371851880277564106e+00
6.261299999809207916e+10 1.150434063584363642e+01 1.055187502509184760e+01
6.261299999821538544e+10 1.147213169749421802e+01 1.206044148026733964e+01
6.261299999827268219e+10 1.148635977746529591e+01 1.054765329162726317e+01
6.261299999735393524e+10 1.127176175928052082e+01 9.363646886142090509e+00
6.261299999749942780e+10 1.150089843045023486e+01 7.874236564783615222e+00
6.261299999774375153e+10 1.213553075426860595e+01 6.521623449578167531e+00
6.261299999804837799e+10 1.132100622496859543e+01 7.760884216341180419e+00
6.261299999829968262e+10 1.028478536935837973e+01 6.686125021925159118e+00
6.261299999709033966e+10 1.115973893671617567e+01 6.939009936393011557e+00
6.261299999687894440e+10 1.023917277389965363e+01 8.122176830987127616e+00
6.261299999731875610e+10 1.002241358498004686e+01 6.689837951760171819e+00
6.261299999628602600e+10 1.082725912517283007e+01 7.449909895908955804e+00
6.261299999711570740e+10 9.620640079681697543e+00 7.065575894232977383e+00
6.261299999750408173e+10 8.240826493928294028e+00 7.552700818105307690e+00
6.261299999722271729e+10 7.975075209992425584e+00 9.016333984539471658e+00
6.261299999685231018e+10 7.809551765858040007e+00 7.557767802099595755e+00
6.261299999576555634e+10 8.863556235592731980e+00 7.550966442954954339e+00
6.261299999543397522e+10 8.394309753906528115e+00 6.150297015476620111e+00
6.261299999481455994e+10 9.208559328235228492e+00 7.266244858966335762e+00
6.261299999334629822e+10 9.571973490406556095e+00 7.330725685579766449e+00
6.261299999368407440e+10 1.055359158581837953e+01 8.432699936197863622e+00
6.261299999423886871e+10 1.004365370151097103e+01 9.745780281736765360e+00
6.261299999496678162e+10 8.989597399602653027e+00 8.938861895085723930e+00
6.261299999444978333e+10 8.483777523527205489e+00 7.608872283911675360e+00
6.261299999464830780e+10 8.550790495789028611e+00 6.109501572682281889e+00
6.261299999537999725e+10 8.831763604693435354e+00 7.404760474721324037e+00
6.261299999546333313e+10 1.004530006793170926e+01 6.503429449328299583e+00
6.261299999569024658e+10 1.042619132582461106e+01 5.055863921278214157e+00
6.261299999609620667e+10 9.904261010224743700e+00 6.417774506774705401e+00
6.261299999664577484e+10 1.033407778912513031e+01 7.761368806288380107e+00
6.261299999692935944e+10 1.028280049375295846e+01 6.275109705112740244e+00
6.261299999786791229e+10 1.055779717915391025e+01 5.119469056754756053e+00
6.261299999659297943e+10 1.073185176441358735e+01 5.917134472025892045e+00
6.261299999668934631e+10 1.085200998078773260e+01 7.423218651045170091e+00
6.261299999672871399e+10 1.083004205848567914e+01 5.909950229531728993e+00
6.261299999611582947e+10 1.221345314878771227e+01 5.859324008841302778e+00
6.261299999616767883e+10 1.095659386208089714e+01 5.016928420303351288e+00
6.261299999509619141e+10 1.027801576509016890e+01 4.190209060767517535e+00
6.261299999539382172e+10 1.040445942916490196e+01 2.711208376657207708e+00
6.261299999566616058e+10 1.182749684844694471e+01 3.150311768325416040e+00
6.261299999663219452e+10 1.069950163630065454e+01 2.856329128020539621e+00
6.261299999658339691e+10 9.900438223979405095e+00 4.141292164009736432e+00
6.261299999665986633e+10 8.411438724398939470e+00 4.404059484509789790e+00
6.261299999687411499e+10 8.167783947728997518e+00 2.925295587249188145e+00
6.261299999732057190e+10 9.612232488169695444e+00 3.004387014373345988e+00
6.261299999795491028e+10 1.000149384372971717e+01 1.686016296969918393e+00
6.261299999797879791e+10 1.001211085447207516e+01 1.723021507041417877e-01
6.261299999785391998e+10 1.089210494697882048e+01 1.397875131461087328e+00
6.261299999689025116e+10 1.175518368041803008e+01 2.184290432769573798e+00
6.261299999646865082e+10 1.032505933520159935e+01 2.446989721399531081e+00
6.261299999646381378e+10 1.001984744710425801e+01 3.929837017018675382e+00
6.261299999652687073e+10 9.745790889658973555e+00 5.417429089935317243e+00
6.261299999579933167e+10 8.928696063360295199e+00 4.370982035486486339e+00
6.261299999597061157e+10 8.524141702756223182e+00 2.922185073522474141e+00
6.261299999713807678e+10 9.122271865026496229e+00 2.166357483318797961e+00
6.261299999673970032e+10 8.130638326307236596e+00 3.238724833937268066e+00
6.261299999681232452e+10 7.981915496833505763e+00 1.733859184648833374e+00
6.261299999693308258e+10 7.052897379729360594e+00 2.923126155568606777e+00
6.261299999667073059e+10 6.966072710641112664e+00 4.411630662227989497e+00
6.261299999674787140e+10 6.927816742469168787e+00 2.900141366775538021e+00
6.261299999744259644e+10 8.218146755176604756e+00 2.520117212012552788e+00
6.261299999793434906e+10 8.279252632109509236e+00 1.089573243829319527e+00
6.261299999776316833e+10 8.270106860219094358e+00 2.593776294677146321e+00
6.261299999762895966e+10 8.535719208139029845e+00 4.078178914090068830e+00
6.261299999779091644e+10 9.039011155004047282e+00 2.659559873158583443e+00
6.261299999721392822e+10 8.375897153137543683e+00 3.892188911423104081e+00
6.261299999701261139e+10 8.587035042686750330e+00 2.406622933275842868e+00
6.261299999700009155e+10 8.464531131358901561e+00 3.915546342033024541e+00
6.261299999644917297e+10 9.684309796078629518e+00 4.623106667606560194e+00
6.261299999645841217e+10 9.250144666338593780e+00 3.172786328242844789e+00
6.261299999588510895e+10 9.161269150363732905e+00 1.774415329130008656e+00
6.261299999700035858e+10 9.427901071589539939e+00 2.762917777534920738e+00
6.261299999570384979e+10 9.607302482724797699e+00 3.523771975939181456e+00
6.261299999586415100e+10 1.084321318117042665e+01 2.664213073519515529e+00
6.261299999441730499e+10 1.106820573932819762e+01 3.048960741628770066e+00
6.261299999445465851e+10 1.112629120749413936e+01 4.561324638166738055e+00
6.261299999407260132e+10 1.118356470905888322e+01 6.025143893525203964e+00
6.261299999338369751e+10 1.227603145858817335e+01 5.235245790273010513e+00
6.261299999464311981e+10 1.234324255052217723e+01 4.397780227504862083e+00
6.261299999320417786e+10 1.191006514080083534e+01 4.213901460597076820e+00
6.261299999452706909e+10 1.201231878688025745e+01 3.484843548368732336e+00
6.261299999312820435e+10 1.209020407210927495e+01 4.058538670803522486e+00
6.261299999212982178e+10 1.265552632177790571e+01 3.070785834400564518e+00
6.261299999217605591e+10 1.240122612683551218e+01 1.579072960659435809e+00
6.261299999189754486e+10 1.219930185617547913e+01 1.047345241285517758e-01
6.261299999252320862e+10 1.287658229501833596e+01 1.305504441300788132e+00
6.261299999393769836e+10 1.336450976851754646e+01 1.536075056108430203e+00
6.261299999384526062e+10 1.212263332114498660e+01 6.751384210349683501e-01
6.261299999531118774e+10 1.248583788631647451e+01 7.807189910204782590e-01
6.261299999597486877e+10 1.208270052346481016e+01 -5.189063784182573746e-01
6.261299999685245514e+10 1.120608325110910108e+01 -1.386894231558939872e+00
6.261299999738852692e+10 1.075268052885013148e+01 -2.728186074692982910e+00
6.261299999599554443e+10 1.075497031808801118e+01 -2.135217807405009438e+00
6.261299999734171295e+10 1.009153916287018760e+01 -2.334486272787676953e+00
6.261299999795687866e+10 9.607498609799517197e+00 -3.630360215957792125e+00
6.261299999808199310e+10 1.052500325591825536e+01 -4.828085242020444312e+00
6.261299999743348694e+10 9.754866559036683427e+00 -3.697449096758147924e+00
6.261299999779182434e+10 9.837515388504449731e+00 -5.166046198023847680e+00
6.261299999781681824e+10 9.797781017216248500e+00 -6.679258111701050105e+00
6.261299999800071716e+10 1.017953659220103546e+01 -8.132687337771947966e+00
6.261299999948609161e+10 1.046241766628240200e+01 -8.057443298765948114e+00
6.261299999914165497e+10 1.183646485098577017e+01 -7.523240760567968977e+00
6.261299999894181061e+10 1.199417142433695460e+01 -6.030858197042490154e+00
6.261299999865038300e+10 1.058485968055361859e+01 -5.560831287122828925e+00
6.261299999920999908e+10 9.854720685276046055e+00 -4.358442545074857399e+00
6.261299999968271637e+10 9.218715152392672252e+00 -3.068462097202199423e+00
6.261299999968546295e+10 9.214792533537043084e+00 -1.554529838424274057e+00
6.261299999905566406e+10 8.035655018426771434e+00 -8.438919394015731434e-01
6.261299999866152191e+10 8.209618676888668531e+00 6.074525035101145942e-01
6.261299999845436859e+10 8.959760654085343390e+00 1.906062201240495968e+00
6.261299999783155823e+10 9.192189624018189065e+00 5.458777375942105436e-01
6.261299999639946747e+10 9.682665454681039563e+00 5.220048528280674116e-01
6.261299999717539215e+10 8.860387429026728157e+00 1.528886844414225621e+00
6.261299999624635315e+10 9.334022002784305272e+00 2.626414719348030502e+00
6.261299999692171478e+10 8.913515538008224937e+00 1.338363517476467646e+00
6.261299999687057495e+10 1.027327967924069618e+01 6.747070807401958081e-01
6.261299999658411407e+10 1.024951121945275290e+01 2.161108324948750159e+00
6.261299999632782745e+10 1.038497796020878461e+01 3.647034959490245143e+00
6.261299999697454834e+10 1.053908914849576561e+01 2.286883571421211681e+00
6.261299999691202545e+10 1.113639682725848878e+01 3.676606013688535679e+00
6.261299999660291290e+10 9.681969207962206170e+00 3.391817183948577785e+00
6.261299999597209930e+10 1.060147487207825989e+01 2.367806695168966691e+00
6.261299999722241211e+10 9.859911924870555566e+00 2.790676249631521610e+00
6.261299999693196869e+10 1.108294615738132904e+01 3.634384183593393214e+00
6.261299999709692383e+10 9.832955152988617442e+00 4.472432783757796848e+00
6.261299999841678619e+10 1.004840157003483370e+01 3.762811836323628256e+00
6.261299999872151947e+10 1.014994861751358002e+01 5.242284790360324465e+00
6.261299999954331970e+10 1.141574096273009076e+01 5.362394604692600097e+00
6.261299999939731598e+10 1.140271585087063144e+01 6.869221278505908579e+00
6.261300000036933136e+10 1.232685025925840705e+01 7.571480763785519486e+00
