4.174200000000000000e+10 0.000000000000000000e+00 0.000000000000000000e+00
4.174199999958275604e+10 1.633004191247517112e-01 -3.571204520052884829e-02
4.174199999914345551e+10 2.159094107223021031e-01 -1.149795349261901189e-01
4.174199999876029205e+10 4.507649408002253333e-01 -1.069640140306308274e-01
4.174199999840134430e+10 4.704114857597779253e-01 -3.767922408584562510e-01
4.174199999850814056e+10 3.132857615580331156e-01 -7.841523562769374678e-01
4.174199999842089081e+10 3.099558067320148935e-01 -3.432301883698161693e-01
4.174199999832936859e+10 3.419146781428865078e-01 9.567553604818318513e-02
4.174199999835297394e+10 3.137666508763832240e-01 -3.523051589527155247e-01
4.174199999819635773e+10 6.845319344680012019e-01 -1.522036117431493640e-01
4.174199999856243134e+10 4.331372007712748773e-01 -2.216636292943082176e-01
4.174199999859553528e+10 1.101433305227355053e-01 8.916660469486598073e-02
4.174199999849648285e+10 6.171834550269664210e-03 -3.367621886942515075e-01
4.174199999813038635e+10 -1.978879719798150028e-01 -4.991534998758335728e-01
4.174199999815122223e+10 -2.187538262673261180e-01 -9.476698774867851061e-01
4.174199999822660828e+10 -2.570478522896864071e-01 -5.062097077033167469e-01
4.174199999820223236e+10 -2.166024233538940413e-01 -9.532066085942159095e-01
4.174199999849475861e+10 -2.602641316821799888e-01 -6.147392743401460802e-01
4.174199999865465546e+10 -5.411303916074526876e-01 -3.023546868204375349e-01
4.174199999903019714e+10 -7.429918831163810911e-01 -1.600189672353525827e-01
4.174199999892002106e+10 -3.118314513117765863e-01 -9.678649861985534619e-02
4.174199999850709534e+10 -2.064398605335263648e-01 4.611852601493880710e-02
4.174199999852083588e+10 -2.016206419738525157e-01 4.953672175153539525e-01
4.174199999892633820e+10 -3.893505513826767128e-01 4.467886267529149191e-01
4.174199999900811768e+10 -4.459620401447096927e-01 8.447224232800643051e-03
4.174199999932276154e+10 -5.498491966506601214e-01 3.121651245356525939e-01
4.174199999914375305e+10 -7.982930748051628722e-01 6.412077196552070646e-01
4.174199999908135223e+10 -6.014683247281427114e-01 2.419555322684271981e-01
4.174199999925345612e+10 -4.940718557560770385e-01 -1.591459778891148313e-01
4.174199999918033600e+10 -2.861584140775512708e-01 2.325955422357735558e-01
4.174199999925497437e+10 -5.637973172189011950e-02 6.116303129579828690e-01
4.174199999904099274e+10 3.188258401935196718e-01 4.872605680156798513e-01
4.174199999924531555e+10 3.173059327672928531e-01 8.690206286191720642e-02
4.174199999914866638e+10 7.562749197083227237e-01 8.832298377408766277e-02
4.174199999888870239e+10 3.967478668297233502e-01 1.624414229242404639e-02
4.174199999877857208e+10 4.223331720994384364e-01 4.512761052110622062e-01
4.174199999904191589e+10 2.301793764363226358e-01 7.607322888965032393e-01
4.174199999889152527e+10 1.301041500792091132e-01 1.172318174608500740e+00
4.174199999931028748e+10 -1.935152861179370576e-02 1.106449694740845091e+00
4.174199999908779907e+10 -7.553988490210343520e-02 7.199538356927384086e-01
4.174199999908318329e+10 -5.378042569333342515e-02 2.710200230959649015e-01
4.174199999945874023e+10 -4.160392955833432105e-02 2.435489136679991340e-02
4.174199999962704468e+10 -9.257624106756928706e-02 -3.893020283119711933e-01
4.174199999973781586e+10 -2.962769057249461380e-01 -7.743632231519811393e-01
4.174199999964916992e+10 -3.118208403232614057e-01 -3.339805700536728761e-01
4.174199999963941956e+10 -6.200822350850887510e-02 -7.075242355398295713e-01
4.174199999945271301e+10 -1.677518381072775344e-01 -1.102487805871219750e+00
4.174199999940642548e+10 -1.767441113893878923e-01 -6.554830651468328551e-01
4.174199999919264221e+10 5.831598218241193510e-02 -9.734146025191996454e-01
4.174199999918373108e+10 1.109706477414994230e-01 -1.419715496641225982e+00
4.174199999905630493e+10 5.087327534120480443e-01 -1.585801996522219648e+00
4.174199999865158081e+10 6.181547607826552992e-01 -1.423756751943825227e+00
4.174199999823601532e+10 7.423829391696811220e-01 -1.305821000059271819e+00
4.174199999830379486e+10 3.020607771811431030e-01 -1.365475424366984436e+00
4.174199999816857910e+10 6.743394011849872527e-01 -1.577988549794781203e+00
4.174199999851642609e+10 5.670232551735665538e-01 -1.841655274493385841e+00
4.174199999844181061e+10 7.498195084742493854e-01 -2.245455859525141040e+00
4.174199999856084442e+10 4.894851077163155928e-01 -1.898910473663441234e+00
4.174199999862299347e+10 4.329341166430596965e-01 -1.457349986375433115e+00
4.174199999826033020e+10 6.664070002353531530e-01 -1.330851273852256655e+00
4.174199999791381836e+10 4.320496948989617225e-01 -1.495302210094605844e+00
4.174199999797135925e+10 -3.191620074130541163e-04 -1.603850132410521878e+00
4.174199999792980957e+10 -3.537131513159713636e-01 -1.878482131700461411e+00
4.174199999773635864e+10 4.572970043984248001e-02 -1.949598264632139699e+00
4.174199999792577362e+10 -3.349922918207436928e-01 -1.803968821764588615e+00
4.174199999837174225e+10 -3.017529469876863435e-01 -1.758757981794426550e+00
4.174199999830616760e+10 -2.279299499736621715e-01 -2.197263103060152378e+00
4.174199999833264923e+10 -2.674525190752117809e-01 -2.644222780529209338e+00
4.174199999858661652e+10 -6.173243860845201159e-01 -2.521233959842488659e+00
4.174199999839291382e+10 -8.090711898225301235e-01 -2.878654874001255859e+00
4.174199999799689484e+10 -9.794306969407298169e-01 -3.005871764074256713e+00
4.174199999811383820e+10 -1.105758021126208357e+00 -2.590657927302085550e+00
4.174199999828504944e+10 -1.304303696024602832e+00 -2.225553261086448131e+00
4.174199999851085663e+10 -1.250316590317507082e+00 -2.610431873950884718e+00
4.174199999825741577e+10 -9.960591387368589178e-01 -2.880909773293976350e+00
4.174199999817794037e+10 -1.435668852573486642e+00 -2.930537920346599989e+00
4.174199999804848480e+10 -1.552504202350807549e+00 -3.344816553568960238e+00
4.174199999809909058e+10 -1.942599000048274460e+00 -3.127327183954643708e+00
4.174199999812913513e+10 -1.889908720185128566e+00 -3.572700660692459618e+00
4.174199999805420685e+10 -2.005444762565160577e+00 -3.144829322285457529e+00
4.174199999769300079e+10 -2.185132651412000193e+00 -3.343021156793760884e+00
4.174199999770287323e+10 -2.089539842751716225e+00 -3.782112169369355126e+00
4.174199999731583405e+10 -1.942134537622608459e+00 -3.607439973530051525e+00
4.174199999753971100e+10 -1.553765554195809973e+00 -3.640378460133685046e+00
4.174199999769130707e+10 -1.437643648959672893e+00 -4.047282442854127638e+00
4.174199999764679718e+10 -1.554389174525383499e+00 -4.479052530155748890e+00
4.174199999747182465e+10 -1.822771073740069081e+00 -4.794317187076996056e+00
4.174199999730228424e+10 -1.948637854629335031e+00 -5.191115361099464032e+00
4.174199999729771423e+10 -2.152053154524963041e+00 -5.591911703407600243e+00
4.174199999766130066e+10 -2.340626422859990896e+00 -5.406757520274411810e+00
4.174199999766686249e+10 -2.676660569374140319e+00 -5.705231093791159225e+00
4.174199999778372955e+10 -2.513339104666137303e+00 -5.303106622319060826e+00
4.174199999736520386e+10 -2.648205869434292925e+00 -5.396292792702729102e+00
4.174199999773760986e+10 -2.593081142606429967e+00 -5.641873691464635243e+00
4.174199999807212830e+10 -2.387557573240679964e+00 -5.423028678758591070e+00
4.174199999804207611e+10 -2.523847752041193271e+00 -5.850297110441112558e+00
4.174199999792645264e+10 -2.426431970991634213e+00 -6.273590657144397120e+00
4.174199999760898590e+10 -2.471145394969924691e+00 -6.588634951723718380e+00
4.174199999767832947e+10 -2.904331775868059129e+00 -6.686501342479109766e+00
4.174199999763999176e+10 -2.496305116690294312e+00 -6.501891855672356613e+00
4.174199999770912170e+10 -2.093324981293023690e+00 -6.688611738794916661e+00
4.174199999792528534e+10 -2.373954713447046228e+00 -6.411924169026736564e+00
4.174199999792318726e+10 -2.135576066179067478e+00 -6.030863061444123652e+00
4.174199999784599304e+10 -1.781607747748746418e+00 -6.296916342588722237e+00
4.174199999768948364e+10 -1.639840988720986381e+00 -6.693706776439131367e+00
4.174199999770146942e+10 -2.088137279167417759e+00 -6.663323613481820118e+00
4.174199999769091034e+10 -2.123736576211403104e+00 -7.111271723817403689e+00
4.174199999759546661e+10 -2.150666488880342619e+00 -7.549679792181816396e+00
4.174199999769682312e+10 -2.175073806716390390e+00 -7.112452439271834237e+00
4.174199999795137024e+10 -1.828648286876712437e+00 -7.243719670764556362e+00
4.174199999796852875e+10 -1.403959404507034270e+00 -7.097496487117385122e+00
4.174199999803991699e+10 -9.882153399819166850e-01 -6.942264735134974885e+00
4.174199999806124878e+10 -9.202213301071243690e-01 -7.386064300538147442e+00
4.174199999781357574e+10 -7.580192899019135844e-01 -7.047858547166910625e+00
4.174199999808341980e+10 -7.838829609209336802e-01 -7.406401806699488333e+00
4.174199999846944427e+10 -9.346369777643565024e-01 -7.232354282076838281e+00
4.174199999835662079e+10 -1.122800195202395379e+00 -7.624657030701559535e+00
4.174199999854628754e+10 -8.254267756374156217e-01 -7.903280682923306877e+00
4.174199999895116425e+10 -8.470672619696865135e-01 -7.709258771649230013e+00
4.174199999908258057e+10 -4.461009615209315382e-01 -7.554366031042391683e+00
4.174199999939395905e+10 -2.742402069824618760e-01 -7.279513228824572302e+00
4.174199999933834839e+10 -4.416042409475517960e-02 -6.897404269844908953e+00
4.174199999923941803e+10 6.268666377678400181e-02 -7.322648670580955255e+00
4.174199999942138672e+10 1.963332239017290815e-01 -7.711314482990071717e+00
4.174199999945348358e+10 5.666534165974420612e-01 -7.458590735264891691e+00
4.174199999928768158e+10 6.934493757453016327e-01 -7.060510810219023270e+00
4.174199999936056519e+10 8.855595313474124985e-01 -7.460283932292624876e+00
4.174199999927616119e+10 4.462830437943373640e-01 -7.504424648614048898e+00
4.174199999917054749e+10 8.179739111428051546e-01 -7.274799404624647359e+00
4.174199999888904572e+10 6.086106366337709073e-01 -6.993802035881452994e+00
4.174199999907234955e+10 3.853731404941147520e-01 -6.649417505838318476e+00
4.174199999927919006e+10 2.927265755811316872e-01 -6.261255301813957175e+00
4.174199999892670441e+10 5.176270994925796787e-01 -6.426214026581027028e+00
4.174199999894529724e+10 5.068273262502001053e-01 -5.977243943376728375e+00
4.174199999869776917e+10 1.517490398954030595e-01 -5.856066057945290559e+00
4.174199999889762115e+10 -2.300637756651169874e-01 -5.983796207029578262e+00
4.174199999861795044e+10 -5.093050266681331539e-01 -5.769680962513050737e+00
4.174199999867281342e+10 -3.462003555438804003e-01 -5.354442529217882552e+00
4.174199999884233093e+10 -6.542290167030441195e-01 -5.074411595882384773e+00
4.174199999884264374e+10 -6.476870631177076287e-01 -5.523848412112144501e+00
4.174199999870873260e+10 -2.189801429023155999e-01 -5.541610247327021455e+00
4.174199999891712189e+10 -2.598322554074011248e-01 -5.937769290891349527e+00
4.174199999865566254e+10 1.046632308083670360e-01 -5.966347104582866656e+00
4.174199999868007660e+10 -6.993447805191588262e-02 -6.379815104887232025e+00
4.174199999881151581e+10 -1.113040827701179125e-01 -6.807656183810545159e+00
4.174199999846530151e+10 4.739546998619270646e-02 -6.568941874443451567e+00
4.174199999840866852e+10 4.919201996991957593e-01 -6.533919524215106023e+00
4.174199999881327820e+10 6.849215644517830937e-01 -6.501081113335842154e+00
4.174199999857975006e+10 1.067440583025447198e+00 -6.535410145479464639e+00
4.174199999883797455e+10 7.508466870719556763e-01 -6.347998056505431919e+00
4.174199999867804718e+10 8.095021354444522643e-01 -6.763954416064577480e+00
4.174199999845262146e+10 7.913327011614473827e-01 -7.152399438139468657e+00
4.174199999834577942e+10 1.132015147018591295e+00 -7.425449868376656326e+00
4.174199999793564606e+10 1.232749529366015784e+00 -7.579333492285840634e+00
4.174199999823094177e+10 1.276901282874635557e+00 -7.243345489656205061e+00
4.174199999812181091e+10 1.022705695795359748e+00 -6.889068943818266177e+00
4.174199999789345551e+10 7.298475970865818674e-01 -7.142294630291887714e+00
4.174199999805555725e+10 1.103197972946548422e+00 -6.951585514936414967e+00
4.174199999771471405e+10 1.163542474347461386e+00 -7.238325933020911762e+00
4.174199999814160919e+10 1.089620299507263468e+00 -7.358040991740889325e+00
4.174199999827264404e+10 1.013665316546841000e+00 -6.934842758310272970e+00
4.174199999863059235e+10 8.753559664914902783e-01 -7.168888550265686277e+00
4.174199999862469482e+10 7.505927692640479432e-01 -6.737106568203437895e+00
4.174199999859172821e+10 1.103926040638865791e+00 -7.012977869915274276e+00
4.174199999891568756e+10 1.045679401429880251e+00 -6.706886840381243609e+00
4.174199999866797638e+10 1.360500215579812266e+00 -6.910754860577357661e+00
4.174199999884120941e+10 9.968269209251239271e-01 -6.711337989691473993e+00
4.174199999903362274e+10 7.778021612821540698e-01 -6.369223102735114495e+00
4.174199999902622223e+10 5.612472918550983625e-01 -6.763032082522201449e+00
4.174199999879022980e+10 9.320955103910851802e-01 -6.669143615051259744e+00
4.174199999902249908e+10 1.075043752270585351e+00 -6.311857544915575602e+00
4.174199999903905487e+10 1.073887437242959209e+00 -5.862679452469544472e+00
4.174199999899705505e+10 8.535593574022342089e-01 -6.252201873659878117e+00
4.174199999887223816e+10 4.891345247882354919e-01 -6.020572231913658534e+00
4.174199999899040985e+10 1.980822134212607000e-01 -5.699075973893839020e+00
4.174199999919111633e+10 2.292544375945745616e-01 -6.100052294965490063e+00
4.174199999899769592e+10 -1.489675814172105872e-01 -6.246930197313091959e+00
4.174199999906697845e+10 2.097746556244392269e-01 -6.508732716775305960e+00
4.174199999875733185e+10 8.605921077612289916e-02 -6.810147268817464017e+00
4.174199999845800018e+10 3.043972175380553202e-01 -6.555653305666167441e+00
4.174199999801489258e+10 2.585945027943697405e-01 -6.495681953013274779e+00
4.174199999794092560e+10 4.852348336984722565e-01 -6.114631073864090993e+00
4.174199999750831604e+10 5.539579266999306029e-01 -6.013837783648246393e+00
4.174199999754369354e+10 5.759206569086823269e-01 -5.566285921859553731e+00
4.174199999743283081e+10 5.087841019796868203e-01 -5.996679653242347641e+00
4.174199999730578613e+10 4.283437534388854218e-01 -6.420266141356542278e+00
4.174199999743632507e+10 5.302071902231598743e-01 -6.002390288268843577e+00
4.174199999741943359e+10 2.346362260429295521e-01 -5.664176243380901532e+00
4.174199999775097656e+10 -6.319839499290030860e-02 -5.605767694298958936e+00
4.174199999783358002e+10 3.026588223529453336e-01 -5.853481105537468920e+00
4.174199999811786652e+10 3.408187857297180767e-01 -5.507413399016665601e+00
4.174199999816271210e+10 6.692839036787596729e-01 -5.203874745276062974e+00
4.174199999832901764e+10 8.783241177848229997e-01 -4.842376082676826066e+00
4.174199999810923767e+10 1.269434968117200579e+00 -4.870056624342969265e+00
4.174199999808047485e+10 1.191439900610704594e+00 -5.311786880240565445e+00
4.174199999824595642e+10 1.527727424317260496e+00 -5.063669656275843423e+00
4.174199999855521393e+10 1.424958867286864272e+00 -4.754096141332007086e+00
4.174199999867222595e+10 9.934428564553386964e-01 -4.800342042678136245e+00
4.174199999906371307e+10 9.579556777643047916e-01 -4.582364379668460330e+00
4.174199999946307373e+10 9.469274524906811097e-01 -4.788339544900737543e+00
4.174199999929038239e+10 8.604922583089077426e-01 -4.382455418064579611e+00
4.174199999945552826e+10 5.554393758691708038e-01 -4.096614129098774093e+00
4.174199999921160126e+10 1.973198989586679719e-01 -4.216145299618212938e+00
4.174199999942605591e+10 1.471418536452442638e-01 -3.824319722984502956e+00
4.174199999981963348e+10 -2.276315703074999197e-02 -3.959463972698891610e+00
4.174199999946701813e+10 2.466631908727715539e-01 -4.030926392692145477e+00
4.174199999970899963e+10 -1.012852522693769020e-02 -4.309388188819498033e+00
4.174199999950113678e+10 1.151202716096569045e-01 -4.687730719072465746e+00
4.174199999993518066e+10 2.318301288061586918e-01 -4.683080059604614043e+00
4.174200000032207489e+10 4.474612812628966929e-01 -4.759566964909381248e+00
