1.391400000000000000e+10 0.000000000000000000e+00 0.000000000000000000e+00
1.391400000000763321e+10 -1.170636457167343186e-01 2.757388859803944214e-01
1.391400000000075340e+10 3.365138194258483761e-02 5.346437762501550228e-01
1.391399999971424103e+10 -4.493875197810409672e-02 4.955469629423490674e-01
1.391399999962482452e+10 -3.139788903207760273e-01 5.925843432312125625e-01
1.391399999962379074e+10 -1.255852992515889277e-01 8.256098577352249945e-01
1.391399999962700081e+10 -1.531429652314065248e-01 5.272403370882493556e-01
1.391399999988737297e+10 -2.925398974095307914e-01 4.765579891883491848e-01
1.391399999992699051e+10 -1.478721369209221592e-01 7.359723871698878872e-01
1.391399999975773239e+10 -3.948599734465829680e-01 7.240134647325703332e-01
1.391399999974132156e+10 -3.794692868693305132e-01 4.252026759999930627e-01
1.391399999986808014e+10 -2.021486150462007969e-01 2.195731153948174419e-01
1.391399999975831223e+10 -1.868159723058347432e-01 4.979796053653668952e-01
1.391399999973579216e+10 -2.321960801100652338e-01 7.933227211867518447e-01
1.391399999973620224e+10 -2.322762298086991639e-01 1.092979073354496178e+00
1.391399999978255081e+10 -3.616464991768473247e-01 1.359266980149862469e+00
1.391399999952935410e+10 -5.159781833245083993e-01 1.316057921945481324e+00
1.391399999973655510e+10 -5.235838396669036943e-01 1.532401076800553152e+00
1.391399999965863419e+10 -5.985866491892067875e-01 1.811859252285591193e+00
1.391399999984368896e+10 -5.124155716141410855e-01 1.592489121334862201e+00
1.391400000000752449e+10 -5.209505391274057429e-01 1.341731893035693624e+00
1.391399999980124092e+10 -7.132735399957043088e-01 1.442989885215125723e+00
1.391399999962072945e+10 -9.163315494480055445e-01 1.569390265126695994e+00
1.391399999985717583e+10 -8.592865481215428147e-01 1.394366719922582654e+00
1.391399999986567688e+10 -8.887533585640532419e-01 1.692449828887330865e+00
1.391399999972533989e+10 -8.704878586273893104e-01 1.956582191664772541e+00
1.391399999984023857e+10 -1.040130637740441788e+00 1.737918304773340639e+00
1.391399999980737877e+10 -8.213985295683394749e-01 1.535753413139295365e+00
1.391399999983418846e+10 -6.307652060111508252e-01 1.306113997302521756e+00
1.391400000004393959e+10 -6.266787600752935505e-01 1.520080384879676005e+00
1.391400000032182693e+10 -5.736807880621046518e-01 1.421265479442362256e+00
