6.957000000000000000e+09 0.000000000000000000e+00 0.000000000000000000e+00
6.957000000085201263e+09 -2.555901471547001869e-01 -1.088525530280763098e-01
6.956999999964852333e+09 -1.201588904944131120e-01 1.183235532068547258e-01
6.956999999676875114e+09 -1.250467337873258089e-01 1.567878913821796338e-01
6.956999999735968590e+09 4.995467787945717664e-02 -6.752641610610538025e-02
6.956999999694762230e+09 3.361439612459863335e-01 -3.867774871460211150e-02
6.956999999413578033e+09 2.985013471362899518e-01 2.419540004022126267e-02
6.956999999517382622e+09 2.920612268090500008e-02 -9.556632645862886410e-03
6.956999999378044128e+09 1.676217152968567381e-01 2.045936684767303837e-01
6.956999999352220535e+09 2.334200949418413773e-01 4.864415090305773126e-01
6.956999999250417709e+09 4.230712589047636030e-01 2.912414566312614417e-01
6.956999999029166222e+09 2.380403941668263745e-01 3.265368549749946281e-01
6.956999998984707832e+09 1.940051128501202871e-01 4.277839617790801796e-02
6.956999999205251694e+09 3.674575386864369353e-01 1.183381676720346304e-01
6.956999998981260300e+09 5.399869190686559239e-01 5.128655101479882850e-02
6.956999999213764191e+09 3.809863627590707180e-01 1.226681488818272825e-01
6.956999999338068008e+09 5.628111787293648138e-01 -6.686508138547322955e-02
6.956999999189031601e+09 6.307169217016296292e-01 1.731585397235602397e-01
6.956999999181184769e+09 6.290231249176270190e-01 -1.173067108452338358e-01
6.956999999435288429e+09 7.309646730455974240e-01 -1.997417245701453570e-02
6.956999999427358627e+09 7.285974814573786817e-01 -3.104324456501527663e-01
6.956999999304956436e+09 5.641942393922895205e-01 -1.044622369785677407e-01
6.956999999046496391e+09 6.907087169637671220e-01 -1.447959426033187391e-01
6.956999998999391556e+09 9.769983488530336047e-01 -1.607299843283785945e-01
6.956999998801655769e+09 8.148545119142547311e-01 -2.272892548670671364e-02
6.956999998813527107e+09 8.226593179661203514e-01 -3.129575310636375507e-01
6.956999998822360039e+09 8.362945774474884741e-01 -6.030791633807079943e-01
6.956999998974641800e+09 5.928123572650972894e-01 -5.587925122160977143e-01
6.956999999090945244e+09 3.616944219847009201e-01 -6.910519512858201985e-01
6.956999999099138260e+09 4.383305935295369604e-01 -9.712202523205839544e-01
6.956999998904339790e+09 4.973051443691531848e-01 -7.638314619767375691e-01
6.956999998924485207e+09 4.361461718407553811e-01 -1.047183271082869016e+00
6.956999998985921860e+09 5.880108858141637196e-01 -1.287177262276354650e+00
6.956999999037082672e+09 7.130446273183144168e-01 -1.544439070915662349e+00
6.956999998861824036e+09 7.638559396965317605e-01 -1.318303928566095129e+00
6.956999998727394104e+09 9.119148329309484380e-01 -1.529115851301439566e+00
6.956999998490162849e+09 8.997541697328866883e-01 -1.361760477196549912e+00
6.956999998762087822e+09 8.706030749338937724e-01 -1.459950924929225069e+00
6.956999998985275269e+09 1.051629990557082506e+00 -1.502974102418196178e+00
6.956999999006674767e+09 1.128400573509824811e+00 -1.782407187438595386e+00
6.956999998917939186e+09 1.121273304801615245e+00 -1.505803362259846567e+00
6.956999998814601898e+09 1.392613538314583010e+00 -1.517218267649889762e+00
6.956999998691106796e+09 1.365751642183952175e+00 -1.255565901619635216e+00
6.956999998513846397e+09 1.559922714937550525e+00 -1.379303484062703866e+00
6.956999998637058258e+09 1.614058509998594459e+00 -1.121771621669608310e+00
6.956999998667830467e+09 1.581321169020123651e+00 -1.408853242334968225e+00
6.956999998826305389e+09 1.392825994952334723e+00 -1.254613873276316127e+00
6.956999999023901939e+09 1.586613291000389392e+00 -1.166088497992895157e+00
6.956999998763788223e+09 1.702858116949732770e+00 -1.223208365303085854e+00
6.956999998614417076e+09 1.941215398877480514e+00 -1.296067729755881581e+00
6.956999998593017578e+09 1.783632487596235050e+00 -1.052871983946534584e+00
6.956999998757265091e+09 1.703070917674154083e+00 -1.278631168104377158e+00
6.956999998691811562e+09 1.811529070732529112e+00 -1.540140636466160062e+00
6.956999998688065529e+09 1.743440096355776792e+00 -1.822601881588585382e+00
6.956999998685935974e+09 1.454737516404197795e+00 -1.789726631161872916e+00
6.956999998448540688e+09 1.328264988484309850e+00 -1.899648329591128393e+00
6.956999998624881744e+09 1.126920919036248137e+00 -1.786515569552381111e+00
6.956999998796111107e+09 1.184556618642859327e+00 -2.014096541390158368e+00
6.956999998912075043e+09 1.448011349810799153e+00 -2.053825962865720722e+00
6.956999999006501198e+09 1.389293389043234406e+00 -2.322285158058668308e+00
6.956999998841175079e+09 1.581067795385676655e+00 -2.179721247210122836e+00
6.956999998899992943e+09 1.665021717735522877e+00 -2.451615822087215957e+00
6.956999998613874435e+09 1.709608903437624949e+00 -2.475758116155208910e+00
6.956999998411113739e+09 1.723989234514508695e+00 -2.268114304759133670e+00
6.956999998280922890e+09 1.603877576642089187e+00 -2.037770929348365456e+00
6.956999998262850761e+09 1.539114121530679169e+00 -1.755080983560397767e+00
6.956999998247658730e+09 1.808657078394483975e+00 -1.647608741662761389e+00
6.956999998387551308e+09 1.708763692906965614e+00 -1.881885883062964560e+00
6.956999998230754852e+09 1.750876660830241072e+00 -2.122875484695909254e+00
6.956999997969154358e+09 1.650008008685116545e+00 -2.199197835623789565e+00
6.956999998059124947e+09 1.662118508165974617e+00 -1.923166696559340583e+00
6.956999998109282494e+09 1.652152330723712037e+00 -1.637125851146406852e+00
6.956999997869253159e+09 1.724619889783918225e+00 -1.783989520140853768e+00
6.956999998001416206e+09 1.732444847735888915e+00 -2.042651647462383924e+00
6.956999997760157585e+09 1.819902865854853946e+00 -1.906343375164792242e+00
6.956999997846308708e+09 2.091490313914779797e+00 -1.849309934509943298e+00
6.956999997907852173e+09 2.085338618302269520e+00 -2.133227367646123085e+00
6.956999998079673767e+09 2.319671155148023356e+00 -2.133491054128450415e+00
6.956999997918592453e+09 2.561082860078003787e+00 -2.119081517509178170e+00
6.956999998007692337e+09 2.742709405392904198e+00 -2.327666049285711747e+00
6.956999998008481979e+09 2.692569976473393023e+00 -2.613882597585509338e+00
6.956999997738190651e+09 2.761153955179403319e+00 -2.695572902688463390e+00
6.956999997757618904e+09 2.785889679089992299e+00 -2.406704107037277662e+00
6.956999997552093506e+09 2.592025225006647116e+00 -2.474602997593198683e+00
6.956999997677504539e+09 2.555011692308692961e+00 -2.734095841625794776e+00
6.956999997952250481e+09 2.615397594499623946e+00 -2.806915732502071048e+00
6.956999997802330971e+09 2.749519389253265444e+00 -3.016605605791605083e+00
6.956999998018091202e+09 2.617092403483614937e+00 -2.873969153406402910e+00
6.956999997795612335e+09 2.666838561427651744e+00 -2.693794221808471168e+00
6.956999997542436600e+09 2.549056118081108657e+00 -2.613395904094889310e+00
6.956999997356896400e+09 2.555075318976173016e+00 -2.389849268040798780e+00
6.956999997568880081e+09 2.546506578838979351e+00 -2.191294173619259933e+00
6.956999997441345215e+09 2.621795974288057440e+00 -2.441295712704084853e+00
6.956999997366798401e+09 2.437168214539258582e+00 -2.652931873744489799e+00
6.956999997576048851e+09 2.543538597757218689e+00 -2.824203522706956182e+00
6.956999997770768166e+09 2.348596429663368124e+00 -2.731919308185347894e+00
6.956999997881616592e+09 2.283930013609228205e+00 -2.992621136302052509e+00
6.956999998038264275e+09 2.427313294191023818e+00 -2.794285124353634853e+00
6.956999998127289772e+09 2.151359268990877815e+00 -2.775354907450197306e+00
6.956999998412036896e+09 2.132479063263543306e+00 -2.720608222673558618e+00
6.956999998499031067e+09 2.251166517091487407e+00 -2.470049220715799354e+00
6.956999998612731934e+09 2.417426631770593026e+00 -2.679487246873399009e+00
6.956999998489287376e+09 2.312540972382760351e+00 -2.920723705423374117e+00
6.956999998645233154e+09 2.255436820072586279e+00 -3.159165840728806796e+00
6.956999998779654503e+09 2.443444212093347723e+00 -3.335287154518462138e+00
6.956999998668238640e+09 2.495141652607898664e+00 -3.071946493995377114e+00
6.956999998852747917e+09 2.431586159042073092e+00 -3.287240271471107089e+00
6.956999999061660767e+09 2.252213794337738495e+00 -3.194419963183005251e+00
6.956999998834873199e+09 2.365012853864889575e+00 -3.336821513764353764e+00
6.956999998996854782e+09 2.485705248948034907e+00 -3.127944332201084254e+00
6.956999998902275085e+09 2.435820855628441528e+00 -3.398130807633475303e+00
6.956999999125308037e+09 2.331337814721712309e+00 -3.552318874880138200e+00
6.956999999361296654e+09 2.456055527792381454e+00 -3.667163203428121854e+00
6.956999999387454987e+09 2.547673415732599089e+00 -3.941674440039835581e+00
6.956999999313350677e+09 2.469102548401882480e+00 -3.671915851056622326e+00
6.956999999259010315e+09 2.210088597789520826e+00 -3.551943221326863576e+00
6.956999999240723610e+09 2.124621828100477394e+00 -3.274823186079908854e+00
6.956999999218894958e+09 2.005689546369973986e+00 -3.539044934875430481e+00
6.956999999382649422e+09 2.170448861185005907e+00 -3.364478568521230617e+00
6.956999999386209488e+09 2.174303891813323730e+00 -3.073949800584916847e+00
6.956999999274412155e+09 2.138662468508128356e+00 -3.339779803168609451e+00
6.956999999394450188e+09 2.174829307388567390e+00 -3.077639869028194752e+00
6.956999999502774239e+09 1.917115884108571144e+00 -2.998366436803346247e+00
6.956999999539037704e+09 1.804212045528702069e+00 -3.263643931919971042e+00
6.956999999541584015e+09 1.803684895875922622e+00 -2.973079418743480140e+00
6.956999999658374786e+09 1.815991804494258455e+00 -3.238866966372535128e+00
6.956999999619316101e+09 2.026534653789543228e+00 -3.042447382237162046e+00
6.956999999377732277e+09 2.175441663095505351e+00 -2.980010295208292082e+00
6.956999999379632950e+09 2.266534336317663545e+00 -3.255932406927610767e+00
6.956999999508828163e+09 2.361846679515593017e+00 -3.498128010450008318e+00
6.956999999559217453e+09 2.366414018887498472e+00 -3.211990633156629915e+00
6.956999999439517021e+09 2.240644772083183245e+00 -3.444989268428845008e+00
6.956999999401896477e+09 2.090124840065513023e+00 -3.199300544333639529e+00
6.956999999397974968e+09 2.254620049570145390e+00 -2.959800130066101431e+00
6.956999999343789101e+09 2.257076778949200779e+00 -3.245268846871994572e+00
6.956999999135753632e+09 2.455671605682502534e+00 -3.286692387489349887e+00
6.956999999071730614e+09 2.630428085191545584e+00 -3.063542705299635571e+00
6.956999998781679153e+09 2.625758769884247723e+00 -3.080358975197812210e+00
6.956999998585062981e+09 2.839645263622302629e+00 -3.074972692947221642e+00
6.956999998555965424e+09 2.720490651968734852e+00 -3.338392491363649128e+00
6.956999998684494972e+09 2.964862890737522516e+00 -3.428928839916993709e+00
6.956999998589838028e+09 2.850446269675020350e+00 -3.678695508957391613e+00
6.956999998365339279e+09 2.835319433199709582e+00 -3.862559719960542370e+00
6.956999998493339539e+09 2.913240312117454600e+00 -4.111514948481937104e+00
6.956999998329426765e+09 3.021757352129957219e+00 -4.325503478311762962e+00
6.956999998157526016e+09 2.939387005521544083e+00 -4.544819728701029682e+00
6.956999998151120186e+09 3.016032488789469390e+00 -4.825032032717053276e+00
6.956999997942173958e+09 3.017716594273700093e+00 -4.623108634263607186e+00
6.956999997697204590e+09 3.170963514401336170e+00 -4.592453089435889702e+00
6.956999997565123558e+09 3.429397026979839058e+00 -4.578266722909315689e+00
6.956999997623516083e+09 3.212420713552118556e+00 -4.394021961283134381e+00
6.956999997869598389e+09 3.061364060805698450e+00 -4.361465042753110311e+00
6.956999997732657433e+09 3.138452201065937697e+00 -4.605880597190559200e+00
6.956999997663840294e+09 2.890749229947459753e+00 -4.470448276437914537e+00
6.956999997940037727e+09 2.860098193307517356e+00 -4.385536400166036408e+00
6.956999998013702393e+09 2.931694788294523235e+00 -4.113723999405777931e+00
6.956999998143621445e+09 2.943231676465466684e+00 -4.373382394793356553e+00
6.956999997963886261e+09 3.123895622451083209e+00 -4.512989625117353576e+00
6.956999997989079475e+09 3.105098534786908893e+00 -4.801860674899065096e+00
6.956999998220331192e+09 3.081955821124441552e+00 -4.976278539689068303e+00
6.956999997932358742e+09 3.046115809410717468e+00 -4.991182530700653430e+00
6.956999998142018318e+09 3.188744754796710268e+00 -4.849286516868975383e+00
6.956999998120020866e+09 3.279144177030246965e+00 -4.574007489994741604e+00
6.956999998096792221e+09 3.080507066658846327e+00 -4.784811229432766488e+00
6.956999998108754158e+09 2.985354104422766053e+00 -5.059105476059961859e+00
6.956999998120047569e+09 3.098344849849961946e+00 -4.791635751672737698e+00
6.956999997881375313e+09 3.212970556387940491e+00 -4.911348198902037332e+00
6.956999997983992577e+09 3.310426152051218374e+00 -5.165132588924191914e+00
6.956999998110456467e+09 3.058732810818560299e+00 -5.093774874925343532e+00
6.956999998181053162e+09 3.059588088301399278e+00 -5.375643498146569499e+00
6.956999998187528610e+09 3.199172720889423172e+00 -5.630415340651326872e+00
6.956999998068841934e+09 3.159993339240505072e+00 -5.892737525705774360e+00
6.956999998056105614e+09 3.166897797945930293e+00 -5.602522742390164900e+00
6.956999998262560844e+09 3.279175854454935646e+00 -5.431629449481026661e+00
6.956999998282431602e+09 3.452910545652914109e+00 -5.663698167886997759e+00
6.956999998277889252e+09 3.437955135561936437e+00 -5.373542694783758122e+00
6.956999998260845184e+09 3.209183512625640500e+00 -5.551889353642776470e+00
6.956999998396449089e+09 3.134957803681954758e+00 -5.797931010676825814e+00
6.956999998459293365e+09 3.318598764607310958e+00 -6.014174133655873611e+00
6.956999998363171577e+09 3.306502868927881256e+00 -5.740223788545817385e+00
6.956999998286896706e+09 3.323515496967023974e+00 -5.460353828876311155e+00
6.956999998542719841e+09 3.350672733821541627e+00 -5.595451210030650380e+00
6.956999998653071404e+09 3.192179075229014451e+00 -5.378340957349466045e+00
6.956999998769528389e+09 3.243283251264673872e+00 -5.639608482718735161e+00
6.956999998720812798e+09 3.453113952410288512e+00 -5.444589488827840995e+00
6.956999998804397583e+09 3.344985550848960099e+00 -5.188159498645330103e+00
6.956999998939413071e+09 3.168355288671608427e+00 -5.001058018213938361e+00
6.956999999140736580e+09 3.303825520373713243e+00 -4.841210637649148829e+00
6.956999999141977310e+09 3.585780327322664274e+00 -4.770965040129810930e+00
6.956999999189634323e+09 3.512279254996722777e+00 -4.493907508332000589e+00
6.956999999376054764e+09 3.457511181237084674e+00 -4.709968928172283853e+00
6.956999999471494675e+09 3.688674540641703636e+00 -4.562018558508568411e+00
6.956999999202178001e+09 3.790913299399317982e+00 -4.600099110485036391e+00
6.956999999304685593e+09 3.520628167319607371e+00 -4.629638485921458546e+00
6.956999999148088455e+09 3.664606160291523640e+00 -4.827583563863022675e+00
6.956999999091354370e+09 3.949536826608158080e+00 -4.833081077796610003e+00
6.956999999019610405e+09 4.216432475352765330e+00 -4.922824913825448512e+00
6.956999998938291550e+09 3.937466935753172859e+00 -4.922910540726845419e+00
6.956999998931947708e+09 3.932406806221521833e+00 -4.632447715713628789e+00
6.956999998980403900e+09 3.946141376721196803e+00 -4.918625699817146923e+00
6.956999999158243179e+09 3.760360024152849867e+00 -4.783374288213432024e+00
6.956999999174317360e+09 3.859662246662645124e+00 -5.055982433423982236e+00
6.956999999326292038e+09 3.871676870989144259e+00 -5.303356534856588311e+00
6.956999999273670197e+09 4.029172490144999230e+00 -5.064902061344136897e+00
6.956999999062732697e+09 3.966213028840009702e+00 -4.875228972116754989e+00
6.956999998849040985e+09 3.779317586321611078e+00 -4.813257940435074822e+00
6.956999998870846748e+09 3.698813329732749899e+00 -5.091606774201998142e+00
6.956999998961138725e+09 3.721811760616863918e+00 -5.366839128370425094e+00
6.956999998934119225e+09 3.521266061542992709e+00 -5.158306424176641869e+00
6.956999998929391861e+09 3.803572170397885088e+00 -5.226975262330950223e+00
6.956999999004131317e+09 3.773538784795538614e+00 -5.506164292056088705e+00
6.956999998801439285e+09 3.980063323202404746e+00 -5.479743406750764656e+00
6.956999998629605293e+09 4.169454439173717830e+00 -5.341763542641960072e+00
6.956999998711826324e+09 4.084553082911008381e+00 -5.076309420195016742e+00
6.956999998701224327e+09 4.036718118555742585e+00 -5.362725058613164286e+00
6.956999998746000290e+09 3.885830118524606913e+00 -5.606983939858566579e+00
6.956999998939698219e+09 3.702222279761302470e+00 -5.492076046123890443e+00
6.956999999070013046e+09 3.460581741891047169e+00 -5.587272851302969912e+00
6.956999998873802185e+09 3.447361067450148919e+00 -5.801190652895016342e+00
6.956999998867212296e+09 3.642227130018349524e+00 -6.016639692089004399e+00
6.956999998994807243e+09 3.805159625456302042e+00 -6.220617591961738135e+00
6.956999999228389740e+09 3.716788460208162004e+00 -6.072076515529006180e+00
6.956999999434232712e+09 3.794234395520595715e+00 -6.261985293538828046e+00
6.956999999249042511e+09 3.789521785246686925e+00 -6.038117010873284229e+00
6.956999999223583221e+09 3.704011690065220019e+00 -6.314656966168831431e+00
6.956999999365520477e+09 3.453340939556121203e+00 -6.352769139189397229e+00
6.956999999286894798e+09 3.611468879250382624e+00 -6.583524452106423119e+00
6.956999999486531258e+09 3.435094789809567839e+00 -6.699593547856315112e+00
6.956999999356263161e+09 3.180069539101230802e+00 -6.748856897084145601e+00
6.956999999614130974e+09 3.050796810696008166e+00 -6.783891325127274996e+00
6.956999999496934891e+09 3.143924819747796473e+00 -6.534839639663126754e+00
6.956999999368968010e+09 2.990824421129510746e+00 -6.746072574129176935e+00
6.956999999552513123e+09 2.925942278923204132e+00 -6.530350491279585334e+00
6.956999999560940742e+09 2.953817285499487078e+00 -6.819463718195537538e+00
6.956999999569663048e+09 2.973284963652137680e+00 -7.109255774003941930e+00
6.956999999356310844e+09 3.032579802449095752e+00 -7.297403090797857317e+00
6.956999999534509659e+09 3.159665970164272863e+00 -7.488527912167115552e+00
6.956999999505415916e+09 3.439302584447085476e+00 -7.561954233562369510e+00
6.956999999506280899e+09 3.427584513243796760e+00 -7.271615748280001235e+00
6.956999999633419037e+09 3.331288262653399723e+00 -7.028721878034154713e+00
6.956999999878186226e+09 3.486063887861086563e+00 -7.052550750641669808e+00
6.956999999825574875e+09 3.456741212854495426e+00 -6.768285427741997928e+00
6.956999999899749756e+09 3.326317796053544384e+00 -6.519443464995221760e+00
6.956999999863734245e+09 3.383358823195756759e+00 -6.802080468969457172e+00
6.956999999888208389e+09 3.251000806879075888e+00 -6.544559804558830685e+00
6.956999999716875076e+09 3.097168900117081680e+00 -6.721803423136915256e+00
6.956999999832003593e+09 3.348121785036628939e+00 -6.812370878377564942e+00
6.956999999721360207e+09 3.099505219916108611e+00 -6.710476717566296934e+00
6.956999999504089355e+09 2.929372769813194832e+00 -6.801486466154186949e+00
6.956999999785521507e+09 2.977628050690489747e+00 -6.855357836614866862e+00
6.956999999954284668e+09 2.784701617122434580e+00 -6.992226323681386191e+00
6.956999999854225159e+09 2.770531729707201851e+00 -6.719789382863041283e+00
6.956999999985449791e+09 2.600118424296987030e+00 -6.915171026601015569e+00
6.956999999787968636e+09 2.812236612285309967e+00 -6.894157543905721219e+00
6.956999999983872414e+09 2.721643846926560695e+00 -6.699608910232402792e+00
6.956999999964202881e+09 2.710840065876981342e+00 -6.409900602362191613e+00
6.957000000248518944e+09 2.726853592180455976e+00 -6.352089045493881869e+00
