3.478500000000000000e+10 0.000000000000000000e+00 0.000000000000000000e+00
3.478499999971681213e+10 1.729980162243030528e-01 1.923446610914837096e-01
3.478500000000209045e+10 2.495786022700610118e-01 -5.233585739134130610e-02
3.478499999971564484e+10 2.175264810250807090e-02 -1.670697349244996133e-01
3.478499999981010437e+10 2.810425230602054958e-01 9.932245340557088742e-02
3.478499999983879852e+10 3.239567853118174301e-01 4.793926453853700753e-01
3.478499999986908722e+10 2.214552251663615690e-01 1.110254973357645558e-01
3.478499999978479767e+10 4.597307819863315492e-01 3.995371167129950774e-01
3.478499999945272064e+10 4.655838705707582847e-01 5.913967749076566305e-01
3.478499999940138245e+10 4.505454018547388473e-01 2.115856579215205091e-01
3.478499999970807648e+10 4.526393072574103615e-01 4.419182756001940882e-01
3.478499999976339722e+10 3.090078455155271797e-01 9.059454025406910027e-02
3.478500000006821442e+10 5.387520419354835388e-01 1.283073997492449048e-01
3.478500000032862091e+10 6.008844161020496788e-01 -1.463656444312035620e-01
