5.565600000000000000e+10 0.000000000000000000e+00 0.000000000000000000e+00
5.565599999989902496e+10 3.811267263028152996e-01 6.950324752958918495e-01
5.565599999925012207e+10 -3.094831381511436996e-02 9.133103612838102681e-01
5.565599999925821686e+10 -1.430883861423626335e-01 1.704437985710540726e+00
5.565599999866331482e+10 -6.336203448476627198e-01 1.914195586507546176e+00
5.565599999832431030e+10 -1.330149915939457639e+00 1.718116523746225477e+00
5.565599999811808777e+10 -8.648581922947886635e-01 2.334152639550675090e+00
5.565599999877787018e+10 -9.178470580672077883e-01 2.781811218350503712e+00
5.565599999852697754e+10 -8.552837803240720405e-01 3.537894584347904825e+00
5.565599999850310516e+10 -8.654491239123096591e-01 4.336550099731142360e+00
5.565599999925582123e+10 -6.446653339000948391e-01 4.184233558310525680e+00
5.565599999923052216e+10 -7.062644793767074436e-01 3.387936404745495178e+00
5.565599999874051666e+10 -1.143631952481328762e+00 3.843049679290865939e+00
5.565599999937203979e+10 -1.491575422812366991e+00 4.187493747295108371e+00
5.565599999979117584e+10 -1.059523628086994629e+00 4.713022149320679866e+00
5.565599999972608948e+10 -1.168308091586413022e+00 3.924064880241949993e+00
5.565599999972777557e+10 -1.287940806370030167e+00 3.133995894367150203e+00
5.565599999956519318e+10 -6.557649222267012412e-01 2.673079280945692915e+00
5.565599999906582642e+10 -1.066840895572694237e+00 2.203856383907695449e+00
5.565599999931495667e+10 -1.283473271815398276e+00 1.476168806953903179e+00
5.565599999898896790e+10 -7.995732142876226245e-01 9.301884961331249313e-01
5.565599999919668579e+10 -3.661984141225899658e-01 2.917807572069814892e-01
5.565599999867610931e+10 1.210403141542717997e-01 -6.894075647994774014e-02
5.565599999875705719e+10 8.314212367288145167e-01 -4.257744602767314923e-01
5.565599999926515961e+10 1.360803754512410535e+00 -1.093701303894037413e-01
5.565599999942754364e+10 1.243402444573011634e+00 -8.829156221587997067e-01
5.565599999927307129e+10 1.383959042061316813e+00 -1.116142840716435325e-01
5.565599999986654663e+10 1.787985124610705689e+00 -4.624313072320133666e-01
5.565600000049375153e+10 1.302486495782688269e+00 -3.653210574099081676e-01
