6.261300000000000000e+10 0.000000000000000000e+00 0.000000000000000000e+00
6.261299999902907562e+10 4.556350881999972624e-01 1.068514541035247900e+00
6.261299999828147888e+10 1.741622804623783383e+00 7.868351423553241464e-01
6.261299999734964752e+10 1.223927088587254630e+00 -2.882001713952280220e-01
6.261299999855614471e+10 2.051799148287015040e+00 -6.767996939914129317e-01
6.261299999862568665e+10 2.855501100819447302e+00 6.043093784687751935e-01
6.261299999909227753e+10 3.164771703951027249e+00 2.010956972754630812e+00
6.261299999953012085e+10 2.954057527836827735e+00 5.771138265020976377e-01
6.261299999994974518e+10 1.577752701115036515e+00 1.047976410389100277e+00
6.261300000128738403e+10 1.938657766520355041e+00 4.376591010777038937e-01
