4.869900000000000000e+10 0.000000000000000000e+00 0.000000000000000000e+00
4.869899999996237183e+10 7.003362169586882513e-02 -5.584274682511332077e-01
4.869899999957580566e+10 -2.369911114135763441e-01 -8.313051575706054130e-01
4.869899999908675385e+10 -2.583324119053495571e-01 -1.111551393049532876e+00
4.869899999939595795e+10 -1.394125835193884000e-01 -6.550312366138257847e-01
4.869899999973592377e+10 2.264736372372641582e-01 -3.929015471461466680e-01
4.869899999966012573e+10 5.390592842244463778e-01 7.046294343356174217e-02
4.869899999962976837e+10 9.607001625280967572e-01 4.439052077864378276e-01
4.869899999977976227e+10 1.346877886875651020e+00 8.266972362799649421e-01
4.869899999983515167e+10 8.751957144299642444e-01 5.223794587412844415e-01
4.869899999979461670e+10 7.009780515020167524e-01 1.057324715411992466e+00
4.869900000034194183e+10 7.610560442006257809e-01 9.349001276104482727e-01
