2.782800000000000000e+10 0.000000000000000000e+00 0.000000000000000000e+00
2.782799999972210312e+10 2.000348501681407376e-01 -6.451273611382059119e-03
2.782799999961761475e+10 1.058637022880856843e-01 3.057928035628981189e-01
2.782799999964299393e+10 1.405572034050858177e-01 -3.396347486506368085e-02
2.782799999932137299e+10 4.318710491572677612e-02 3.208094124975979788e-02
2.782799999934608078e+10 5.720629608434062152e-02 -3.092034328459129511e-01
2.782799999925276184e+10 -1.279389979661240684e-01 -3.663278986010576332e-02
2.782799999936429214e+10 -1.109406763518712979e-01 2.867148269062494981e-01
2.782799999951216125e+10 1.940024015263245583e-01 3.359726013707859948e-01
2.782799999929314804e+10 -3.053627260897029405e-02 4.734442000509243575e-01
2.782799999900931549e+10 -2.133948257147941507e-01 4.161447479722528153e-01
2.782799999894513321e+10 -3.120254957663569084e-01 9.453242875480799556e-02
2.782799999864984512e+10 -4.425646814330151946e-01 2.087572703265918594e-01
2.782799999879671097e+10 -5.285305017223070889e-01 5.059476481026348171e-01
2.782799999854472351e+10 -5.571634800709693858e-01 2.758056312128661647e-01
2.782799999857432938e+10 -5.216187419655484714e-01 6.151316518513962883e-01
2.782799999858861923e+10 -4.347222696459737690e-01 9.460800045026421801e-01
2.782799999889786530e+10 -2.902774542094820887e-01 9.740836647315458396e-01
2.782799999873624420e+10 -5.307175715979549624e-01 1.156700823564789093e+00
2.782799999897917557e+10 -3.131614276805902986e-01 1.261271740292562171e+00
2.782799999908501434e+10 -3.841284124315330062e-01 9.433980891060658180e-01
2.782799999912998962e+10 -1.168514892365563607e-01 1.152735655368459344e+00
2.782799999906668854e+10 -1.462237019589467668e-01 1.488015137807043420e+00
2.782799999905871964e+10 -1.504541682881604114e-01 1.830360933640063026e+00
2.782799999922340393e+10 1.008934355790062909e-01 1.994634275352014541e+00
2.782799999921721268e+10 6.510005685798986308e-02 2.335167006266492429e+00
2.782799999937638092e+10 -1.909528017058749749e-01 2.497599462424187067e+00
2.782799999969432068e+10 -3.181434919392251426e-01 2.502078360640776822e+00
2.782799999972342682e+10 -2.981971264265485533e-01 2.842720591091652427e+00
2.782799999992803192e+10 -1.140560661169673640e-01 3.046463923040283461e+00
2.782799999993464661e+10 -4.070121254557658164e-01 3.223706834751286721e+00
2.782799999997012329e+10 -2.495477073134379220e-01 3.525747474426009553e+00
2.782800000003348541e+10 -5.627797741620538252e-02 3.801272853382379857e+00
2.782799999993966293e+10 -3.818719037110297476e-01 3.751596639059352700e+00
2.782799999996696472e+10 -7.231881459558018310e-01 3.757916909153456775e+00
2.782800000025131226e+10 -6.395947980173510850e-01 3.929501137856180382e+00
