6.957000000000000000e+09 0.000000000000000000e+00 0.000000000000000000e+00
6.956999999911585808e+09 3.228965911069398703e-02 2.749088281348273655e-01
6.956999999843475342e+09 1.730743992245736829e-01 3.001053637006037556e-02
6.956999999649752617e+09 2.236911903477210306e-01 -1.805690441659320022e-01
6.956999999758448601e+09 1.145114022928334918e-01 -4.269415618300737014e-01
6.956999999725673676e+09 2.500876407594149198e-01 -1.720310557627979797e-01
6.956999999543151855e+09 1.315888820915209201e-01 2.052616751900473990e-02
6.956999999459472656e+09 -9.310625606569031265e-02 -1.436212971738175248e-01
6.956999999573369026e+09 1.569704592679429800e-01 -4.915587738111754090e-02
6.956999999688929558e+09 -6.429970456162126258e-02 -1.978828004356269210e-01
6.956999999648180962e+09 -4.474783819291598685e-02 8.915689080140562495e-02
6.956999999923803329e+09 -1.307059771291930461e-01 1.219905300156886446e-01
6.956999999932952881e+09 -1.299294879396399038e-01 4.124215635237065136e-01
6.957000000122467041e+09 -2.160635648003380593e-01 2.096904261651675316e-01
