2.782800000000000000e+10 0.000000000000000000e+00 0.000000000000000000e+00
2.782799999980921936e+10 1.288552768717740327e-01 -2.535381238135601678e-01
2.782799999979114151e+10 9.832781669960510840e-02 -5.941600708561178834e-01
2.782799999999076080e+10 1.317454189204335380e-01 -3.179044297563663468e-01
2.782799999972966766e+10 1.049418781941161560e-01 -9.791622761182261492e-02
2.782799999986355972e+10 2.183954181978580156e-01 -3.919962616532003952e-01
2.782799999958449554e+10 4.140769652808039547e-01 -3.586182726735078763e-01
2.782799999934011078e+10 3.033751919935882557e-01 -5.714636630638918469e-01
2.782799999915540695e+10 3.456476691608529883e-01 -2.861935405142873590e-01
2.782799999926796341e+10 2.707503064742770582e-01 2.845435344150537560e-02
2.782799999893590546e+10 1.956502351200725687e-01 6.558320120015742605e-02
2.782799999901758957e+10 1.930811931600668330e-01 3.981539788026318138e-01
2.782799999884473801e+10 2.778609607259530101e-02 6.432711118264744510e-01
2.782799999883651352e+10 2.745530701553995367e-01 4.059518170013290961e-01
2.782799999906517792e+10 1.878052343091844156e-01 1.662253218669226817e-01
2.782799999891339111e+10 1.759206022109569001e-02 4.217060567045408659e-01
2.782799999912792206e+10 1.586211161430572669e-01 1.950566720786115482e-01
2.782799999917267227e+10 4.503052958261831717e-01 2.127569893751249386e-02
2.782799999907051849e+10 5.050525366105576008e-01 3.435319449636222711e-01
2.782799999922861099e+10 4.176276001010843508e-01 6.344718684413461762e-01
2.782799999941576385e+10 6.046602259852189576e-01 4.170454337251924271e-01
2.782799999957289505e+10 8.175019925901954032e-01 6.345083789182618395e-01
2.782799999979840851e+10 7.784084077240346344e-01 8.892593400371671120e-01
2.782799999966350174e+10 1.084245113979388497e+00 9.637300146140768131e-01
2.782799999966902161e+10 1.083744833489803217e+00 6.213101931009796797e-01
2.782799999999412537e+10 1.191220702745360072e+00 6.274318170057111566e-01
2.782800000008360672e+10 9.602055633100682330e-01 3.909851149860217867e-01
2.782800000017161942e+10 9.108745043956877341e-01 7.182501416688295004e-01
