6.957000000000000000e+09 0.000000000000000000e+00 0.000000000000000000e+00
6.956999999823828697e+09 -9.805690844069380949e-03 2.308723217246902992e-01
6.956999999789531708e+09 2.611315092620787870e-01 1.316189475253868590e-01
6.956999999901080132e+09 -5.943697674480941107e-03 1.058832037975365181e-01
6.956999999799764633e+09 2.317009151838130276e-01 2.389049626356086475e-01
6.956999999829798698e+09 5.114102032034864020e-01 3.116727775289561686e-01
6.956999999821615219e+09 4.688859901133193286e-01 2.434156564324596594e-02
6.956999999578014374e+09 4.997030434379994834e-01 1.797224872874084167e-01
6.956999999318681717e+09 4.105597140280481394e-01 2.758201325613640620e-01
6.956999999460084915e+09 2.546318131716842625e-01 7.550484058656675712e-02
6.956999999302297592e+09 1.093382505790616022e-02 6.329462156066981149e-02
6.956999999447141647e+09 1.494269247667116551e-01 -1.471198840641277927e-01
6.956999999208477020e+09 1.699472456913428409e-02 -2.467969300969960200e-01
6.956999999322056770e+09 2.263082307969608853e-01 -8.029743407332426419e-02
6.956999999432781219e+09 3.473764157128074737e-01 -3.201246051376848145e-01
6.956999999254915237e+09 2.830283945437584991e-01 -9.953982711058537158e-02
6.956999999318861008e+09 1.350574370300876847e-01 1.422245245692050075e-01
6.956999999344099998e+09 4.699445005148998600e-02 -1.335333196350301510e-01
6.956999999298481941e+09 -7.845173883998561581e-02 -3.916355013875785218e-01
6.956999999530124664e+09 -4.148154635445155947e-03 -2.327175473136694206e-01
6.956999999438385010e+09 -1.918283074544856470e-01 -4.346938802700796023e-01
6.956999999336868286e+09 -8.812662291116435398e-03 -6.362728088835247764e-01
6.956999999251170158e+09 1.930086687923202038e-01 -4.455940114565631327e-01
6.956999999102219582e+09 3.776726285665144012e-01 -2.778222510624371311e-01
6.956999999182534218e+09 2.287244854774626857e-01 -5.140391970321560589e-01
6.956999999281569481e+09 4.942937271047006531e-01 -5.780661413391995351e-01
6.956999999244731903e+09 5.636774562879791617e-01 -2.983102506044549296e-01
6.956999999215313911e+09 5.602348981524932769e-01 -9.247622224530183122e-03
6.956999999427750587e+09 4.932703847449967371e-01 1.773564479599999411e-01
6.956999999140606880e+09 5.126919929752691285e-01 2.174312320181717717e-01
6.956999999283285141e+09 7.607302462297251822e-01 1.668897845772739363e-01
6.956999999373109818e+09 9.636917996086978855e-01 -2.065400405365508396e-02
6.956999999287240028e+09 7.888293160580619467e-01 -2.362553857054086326e-01
6.956999999287274361e+09 4.983681593588911163e-01 -2.444293037326940587e-01
6.956999999226298332e+09 3.631151794422582957e-01 5.416688257442819898e-03
6.956999999411221504e+09 5.854205192603133545e-01 -2.318882649019272935e-02
6.956999999354322433e+09 6.296107652037702396e-01 -3.046923248366777970e-01
6.956999999210875511e+09 8.098232214507370408e-01 -1.275459800819600531e-01
6.956999999235988617e+09 8.315303350995145726e-01 -4.162198997753780993e-01
6.956999999273817062e+09 1.098852810214289821e+00 -3.087853354309058052e-01
6.956999999241920471e+09 9.196403230144605256e-01 -5.352803808794489582e-01
6.956999998956487656e+09 8.655184446237861318e-01 -5.410608001498441455e-01
6.956999999177115440e+09 6.799735951139898038e-01 -5.045759607955573323e-01
6.956999999113067627e+09 9.047860999909819180e-01 -3.319733633352092705e-01
6.956999998890528679e+09 7.224637639051267879e-01 -3.728317996733215844e-01
6.956999998807700157e+09 8.932122239518784923e-01 -5.928746773955830829e-01
6.956999998739517212e+09 8.933853886683784662e-01 -3.104113425484664734e-01
6.956999998780062675e+09 6.070568333622119450e-01 -2.820126187956790709e-01
6.956999998840380669e+09 8.230860143067171286e-01 -4.667493539850205986e-01
6.956999998724640846e+09 6.655560492180723209e-01 -6.817448056081711893e-01
6.956999998873464584e+09 5.289076607406968389e-01 -4.729069184337787446e-01
6.956999999065865517e+09 4.639912368953164612e-01 -6.807581244206833970e-01
6.956999999100287437e+09 7.407282196770936800e-01 -7.624053955373273350e-01
6.956999998817119598e+09 6.756316728493971802e-01 -7.659773135956703394e-01
6.956999998613246918e+09 8.409618572612367338e-01 -6.413316790637184628e-01
6.956999998532011032e+09 6.683934064527448093e-01 -8.605471127413797383e-01
6.956999998814084053e+09 6.867935560323213950e-01 -7.932357610256799418e-01
6.956999998746603966e+09 7.514017607588446834e-01 -1.068384326417755048e+00
6.956999998521549225e+09 7.924326843706142043e-01 -8.892164775737517735e-01
6.956999998798955917e+09 8.751178264723972200e-01 -8.638505641195327600e-01
6.956999998775357246e+09 5.873858574469174032e-01 -8.308671214175843422e-01
6.956999998785434723e+09 5.444619427259983491e-01 -1.118078693004482815e+00
6.956999998582319260e+09 7.472721113845876006e-01 -1.163318912070894218e+00
6.956999998343065262e+09 6.852241661170623832e-01 -1.316099775014809570e+00
6.956999998281246185e+09 5.764093679706960849e-01 -1.578344496976186173e+00
6.956999998060413361e+09 3.877502169785229658e-01 -1.569678615070352334e+00
6.956999998170533180e+09 6.509623105308436353e-01 -1.514656120148681229e+00
6.956999998225123405e+09 4.095002500907112264e-01 -1.362503248307762815e+00
6.956999998093366623e+09 3.178499855369403826e-01 -1.604732237770428727e+00
6.956999998086431503e+09 2.945813217012300811e-01 -1.894292204794969292e+00
6.956999997978784561e+09 1.718967740889625062e-01 -2.134698500631322826e+00
6.956999997879257202e+09 1.645962546222281275e-01 -2.407600678626386603e+00
6.956999998059704781e+09 1.589829939114334179e-01 -2.179913147309992194e+00
6.956999998067141533e+09 6.520158276116863605e-02 -2.454839026090901655e+00
6.956999998026253700e+09 1.349235912767708101e-01 -2.733947514786938982e+00
6.956999997952056885e+09 2.307088053850696041e-01 -2.998058399431261734e+00
6.956999997939301491e+09 1.909139842919516383e-01 -2.710502901097848305e+00
6.956999997977223396e+09 3.870248608679295321e-01 -2.921540751565387506e+00
6.956999997852729797e+09 3.567213169557188479e-01 -3.182342248850520416e+00
6.956999998020799637e+09 1.452222286770695481e-01 -3.289371742834335866e+00
6.956999997936441422e+09 -6.245593557585848998e-02 -3.474271635206783504e+00
6.956999997967052460e+09 -3.315240931941494940e-01 -3.368916144649379607e+00
6.956999997985799789e+09 -3.157114428147032026e-01 -3.079376857898006303e+00
6.956999997943395615e+09 -2.482042229407157574e-01 -3.358803350487407080e+00
6.956999997657056808e+09 -2.906435989829178057e-01 -3.384172621324620156e+00
6.956999997652050972e+09 -2.856908990558142403e-01 -3.093681814651445094e+00
6.956999997852311134e+09 -1.933236304179150600e-01 -3.282887273561003738e+00
6.956999997705248833e+09 -4.406693593291542976e-01 -3.242548034890603947e+00
6.956999997482120514e+09 -2.688564243269768173e-01 -3.170934698910624849e+00
6.956999997506521225e+09 -2.547346347552171819e-01 -3.460139964198370333e+00
6.956999997489805222e+09 -3.960494754091731795e-01 -3.206792009567164481e+00
6.956999997508568764e+09 -5.824639935509487998e-01 -2.984683836744074448e+00
6.956999997769979477e+09 -6.502684029038530156e-01 -3.091929193339957305e+00
6.956999997957984924e+09 -7.917456687563780848e-01 -2.921422422153671317e+00
6.956999997886093140e+09 -5.473546810036982180e-01 -2.781639841417501202e+00
6.956999997700056076e+09 -3.321147136095121688e-01 -2.840770262138625046e+00
6.956999997764956474e+09 -5.028163535108407523e-01 -3.066786679154196449e+00
6.956999997604166031e+09 -7.436526104095186884e-01 -3.042729606835902434e+00
6.956999997855744362e+09 -6.061509517165548644e-01 -2.995443154612947190e+00
6.956999997833956718e+09 -5.888944159331257477e-01 -3.284687000931977074e+00
6.956999997925984383e+09 -5.267028968354927621e-01 -3.016176914908686335e+00
6.956999997927010536e+09 -5.715363281031579090e-01 -3.303271688175131615e+00
6.956999997910811424e+09 -5.832962117545060776e-01 -3.593157518780285553e+00
6.956999997910613060e+09 -5.902295713568797009e-01 -3.302664168243629295e+00
6.956999997914336205e+09 -5.661824562101857028e-01 -3.592219644929274480e+00
6.956999997861263275e+09 -8.383214882568830184e-01 -3.505282077659983120e+00
6.956999997625982285e+09 -8.091952119756552486e-01 -3.673297037941150034e+00
6.956999997871560097e+09 -9.487404095844335083e-01 -3.741512317369293683e+00
6.956999997952823639e+09 -7.203917140660541785e-01 -3.581238665519956843e+00
6.956999997787026405e+09 -5.126151622825334542e-01 -3.698604204313670873e+00
6.956999997733053207e+09 -6.777766847136674766e-01 -3.931505715755760022e+00
6.956999997539296150e+09 -8.729373067596589708e-01 -3.837671514486783231e+00
6.956999997298700333e+09 -9.739625509895206701e-01 -3.965507752719495738e+00
6.956999997364924431e+09 -7.371721439574443480e-01 -4.120360043793277249e+00
6.956999997555287361e+09 -5.189440204872290963e-01 -4.144297532293778730e+00
6.956999997462357521e+09 -4.773824206466585340e-01 -4.416457619120964573e+00
6.956999997486433983e+09 -3.311380897260878253e-01 -4.166522825615724734e+00
6.956999997619577408e+09 -5.873761821025621499e-01 -4.198917646914382296e+00
6.956999997815233231e+09 -7.852348731748588495e-01 -4.282614423206474008e+00
6.956999997692029953e+09 -9.263485392549807296e-01 -4.060483012784526835e+00
6.956999997918279648e+09 -8.032970156952059515e-01 -4.195033787805676262e+00
6.956999997911262512e+09 -8.648509933044616904e-01 -4.478928774365257937e+00
6.956999997692454338e+09 -1.024259145884208078e+00 -4.584505639335240801e+00
6.956999997555299759e+09 -8.604195318478661259e-01 -4.387579763923223020e+00
6.956999997590221405e+09 -8.654499904797313681e-01 -4.099153589452349422e+00
6.956999997686619759e+09 -9.444149150372534995e-01 -3.836653152479160056e+00
6.956999997802953720e+09 -9.293416115279994338e-01 -3.570807854443393214e+00
6.956999997801386833e+09 -8.876038112506159372e-01 -3.283249164716697255e+00
6.956999997781849861e+09 -9.613347405128196410e-01 -3.002862706211884891e+00
6.956999997955224037e+09 -8.893643886029211076e-01 -3.224664726268204440e+00
6.956999997907306671e+09 -8.417511047897320298e-01 -2.942049477260456847e+00
6.956999998138021469e+09 -9.914007112661894494e-01 -3.035911941680822679e+00
6.956999997976460457e+09 -8.873087092580298485e-01 -2.817973168486817226e+00
6.956999998164579391e+09 -6.886768965469085568e-01 -2.915907993338162196e+00
6.956999998244673729e+09 -4.469447932782399935e-01 -2.775961557734393903e+00
6.956999998295212746e+09 -3.883121709377893027e-01 -3.056037504811349503e+00
6.956999998436223030e+09 -3.235845250627706893e-01 -2.810352723519303986e+00
6.956999998199501991e+09 -4.908272991844309097e-01 -2.831026871326072669e+00
6.956999998276694298e+09 -5.857142544147390106e-01 -3.094602875331205816e+00
6.956999998309834480e+09 -3.016253087903535968e-01 -3.145883579288271559e+00
6.956999998087154388e+09 -4.685297304077437053e-01 -3.062271548022011736e+00
6.956999998348928452e+09 -4.365484886861346614e-01 -2.940262805934703128e+00
6.956999998360792160e+09 -3.152751424951686920e-01 -2.676470210827972540e+00
6.956999998502022743e+09 -4.899522985244531004e-01 -2.860796717391060007e+00
6.956999998387714386e+09 -3.040483718509805477e-01 -3.052650466086440417e+00
6.956999998503649712e+09 -3.863708791942033205e-01 -2.799240805428762524e+00
6.956999998221502304e+09 -4.369456604486031681e-01 -2.751599062972997611e+00
6.956999998298354149e+09 -2.705820858875573331e-01 -2.977101595409981094e+00
6.956999998050715446e+09 -1.225620457033506083e-01 -2.942466883815159306e+00
6.956999998283437729e+09 -2.106715403425947208e-01 -2.792428653678665107e+00
6.956999998234103203e+09 -2.054711835440798384e-01 -2.506118483877865621e+00
6.956999998183679581e+09 -2.023703216090409762e-01 -2.792269306605203560e+00
6.956999998012021065e+09 -3.058787607706060507e-01 -2.581903246644776218e+00
6.956999998009140968e+09 -3.191795979325999788e-01 -2.872160525816553456e+00
6.956999997882165909e+09 -3.357269761380882733e-01 -3.133001605998043448e+00
6.956999997877047539e+09 -7.966264332239192392e-02 -2.995745054119305806e+00
6.956999997610760689e+09 -7.140992668733983639e-02 -2.879737187045822822e+00
6.956999997848053932e+09 -1.188270806342460739e-01 -3.040604304753374620e+00
6.956999997660666466e+09 -1.472241138771400726e-01 -2.820344911486567518e+00
6.956999997728366852e+09 -7.919004929237438706e-02 -2.546077771325652161e+00
6.956999997788198471e+09 1.775902913602978028e-01 -2.423936396301259677e+00
6.956999997746593475e+09 1.569077022100723862e-01 -2.710773888432720824e+00
6.956999997985854149e+09 7.627069453184533165e-02 -2.566945761670710535e+00
6.956999997980033875e+09 7.219849393718848207e-02 -2.857435068937269840e+00
6.956999997789957047e+09 -1.036091787632466704e-01 -2.725537158137169680e+00
6.956999997863033295e+09 -8.903920954025594525e-02 -3.006396652414256465e+00
6.956999997603104591e+09 -1.287576551461874219e-01 -2.882728600916372841e+00
6.956999997734311104e+09 -2.994766351257216463e-01 -3.077855215788276588e+00
6.956999997735064507e+09 -2.216594128162425736e-01 -2.797893772134047552e+00
6.956999997667401314e+09 -8.260488475181465562e-02 -3.043901901270087418e+00
6.956999997721386909e+09 -3.673328481767350606e-01 -3.065116339264151613e+00
6.956999997796405792e+09 -5.736240233476861405e-01 -2.874720456955934367e+00
6.956999997776637077e+09 -7.030767671187033718e-01 -3.134115285710680432e+00
6.956999997786568642e+09 -7.760695176931871053e-01 -2.853031825494136697e+00
6.956999997781024933e+09 -9.023056690734555518e-01 -2.591367535780329412e+00
6.956999998024400711e+09 -1.046722231606696862e+00 -2.657294636650987307e+00
6.956999998309474945e+09 -1.090200370129158491e+00 -2.693024571649791366e+00
6.956999998342504501e+09 -1.024383292083510311e+00 -2.974114650022309458e+00
6.956999998116005898e+09 -9.322564670090870420e-01 -3.131103587419413969e+00
6.956999997840865135e+09 -8.672785397139762820e-01 -3.063948904607871171e+00
6.956999998011796951e+09 -9.636132543492220703e-01 -2.849620771719149293e+00
6.956999998260167122e+09 -8.131629619616765892e-01 -2.839055303336745606e+00
6.956999998358052254e+09 -9.776356580937569651e-01 -3.057691467896999971e+00
6.956999998300481796e+09 -8.791766730406673780e-01 -3.324947747339299653e+00
6.956999998473928452e+09 -7.727052503729133770e-01 -3.532346997429798297e+00
6.956999998237928391e+09 -8.458355898049467747e-01 -3.685285908676037891e+00
6.956999998314309120e+09 -8.034175971330990151e-01 -3.962416226429028132e+00
6.956999998134644508e+09 -5.855874003974431696e-01 -4.031011417394442020e+00
6.956999998259727478e+09 -6.600638935077263181e-01 -4.282490897242269945e+00
6.956999998229521751e+09 -6.903095621721438979e-01 -4.569905761582404580e+00
6.956999998146349907e+09 -6.434003465306179503e-01 -4.295467421515526851e+00
6.956999998428177834e+09 -6.707673999985093172e-01 -4.360724917392047040e+00
6.956999998526509285e+09 -6.931112356945648978e-01 -4.088206603663391725e+00
6.956999998486937523e+09 -4.157831517047909098e-01 -4.011020325344198945e+00
6.956999998437263489e+09 -2.653724453442445896e-01 -4.254625754351224032e+00
6.956999998365531921e+09 -5.203208708553808126e-01 -4.135083364277870821e+00
6.956999998613312721e+09 -4.122355817512127207e-01 -4.028515402266317658e+00
6.956999998337842941e+09 -3.670694607134623033e-01 -4.109207288433351479e+00
6.956999998456137657e+09 -4.184774820966480902e-01 -3.848826566214141653e+00
6.956999998380256653e+09 -5.766077692509520292e-01 -4.080497351146651575e+00
6.956999998523807526e+09 -6.134007832315380160e-01 -4.330445408948231822e+00
6.956999998729566574e+09 -4.754176273804726627e-01 -4.178595701023501086e+00
6.956999998965682983e+09 -6.027024879239591959e-01 -4.066871497637166044e+00
6.956999999012627602e+09 -8.771781505246762922e-01 -3.983842496991055970e+00
6.956999998796143532e+09 -6.857883620354653376e-01 -4.014486518417522909e+00
6.956999998664206505e+09 -7.307867237738848720e-01 -3.759530931586182234e+00
6.956999998509827614e+09 -9.614971277781261261e-01 -3.845404886080138418e+00
6.956999998628808975e+09 -6.976106113128077713e-01 -3.820068321391192345e+00
6.956999998457653046e+09 -7.257061509277269451e-01 -4.053200662561218692e+00
6.956999998475187302e+09 -6.956315212553304539e-01 -3.764717464749248510e+00
6.956999998639711380e+09 -4.568911901193215552e-01 -3.745495423967377668e+00
6.956999998610776901e+09 -7.135157930860478448e-01 -3.612299688859048175e+00
6.956999998675788879e+09 -5.150509755266482470e-01 -3.814338374261558418e+00
6.956999998642165184e+09 -6.661294733429409254e-01 -4.060263631745702817e+00
6.956999998644083977e+09 -5.109736177402269819e-01 -4.305941215501639441e+00
6.956999998832383156e+09 -5.971485845550197347e-01 -4.509784073060514764e+00
6.956999999048288345e+09 -4.544131448975109455e-01 -4.641867713125877870e+00
6.956999999231812477e+09 -5.160047838480567028e-01 -4.425165485340058602e+00
6.956999999364951134e+09 -2.614423174881539969e-01 -4.468830096303534560e+00
6.956999999132400513e+09 -4.261187640088103246e-01 -4.525719199887937805e+00
6.956999999133101463e+09 -4.221825255060588922e-01 -4.235170558696366605e+00
6.956999999387274742e+09 -5.540171459989161606e-01 -4.185673582842410312e+00
6.956999999103140831e+09 -5.832576625871581655e-01 -4.239033868673494077e+00
6.956999999220290184e+09 -6.716395716992100695e-01 -3.988236599493448331e+00
6.956999999265511513e+09 -7.866676302183005509e-01 -4.251215872132614315e+00
6.956999999187801361e+09 -6.173827714174516812e-01 -4.028195222255233077e+00
6.956999999458119392e+09 -7.183142981470264088e-01 -3.993912489252692488e+00
6.956999999420066833e+09 -7.001177229078391351e-01 -4.281411044940659494e+00
6.956999999444998741e+09 -5.313339089121789094e-01 -4.046198509901884677e+00
6.956999999502202988e+09 -7.620940850958872748e-01 -4.213266948166214831e+00
6.956999999213489532e+09 -7.378646232782406500e-01 -4.191091231782621662e+00
6.956999999148913383e+09 -6.048278249500584902e-01 -3.940959986493168365e+00
6.956999999228796005e+09 -7.829866003437917499e-01 -3.725756229933619323e+00
6.956999999071482658e+09 -8.199685368947857711e-01 -3.967249932926192546e+00
6.956999998951452255e+09 -8.464187915828355058e-01 -4.230551375493894817e+00
6.956999998663694382e+09 -8.681039166531364648e-01 -4.196499272964866023e+00
6.956999998816388130e+09 -6.677882377861318330e-01 -4.341387764321700260e+00
6.956999998873170853e+09 -6.541394030916599656e-01 -4.056740675041017319e+00
6.956999998900710106e+09 -9.342233185946264840e-01 -3.984428248544900519e+00
6.956999999088150024e+09 -8.961733559836887464e-01 -3.765674979326104843e+00
6.956999999172719002e+09 -9.054440904187740502e-01 -3.487832120125401669e+00
6.956999998919126511e+09 -1.013823015072950140e+00 -3.579371189500666350e+00
6.956999999169076920e+09 -1.072209459006828514e+00 -3.443171994704263383e+00
6.956999999112720490e+09 -8.595499612977923753e-01 -3.632999289887179017e+00
6.956999999288364410e+09 -1.061667337190781657e+00 -3.520161430075537279e+00
6.956999999251028061e+09 -8.994365158145838368e-01 -3.758324470347639945e+00
6.956999999242143631e+09 -6.196035607169637638e-01 -3.680548619984572500e+00
6.956999999318092346e+09 -5.642119339805052869e-01 -3.955499571031219297e+00
6.956999999449652672e+09 -6.331117120845228818e-01 -4.205258096054643957e+00
6.956999999348002434e+09 -3.640261063141075337e-01 -4.246423920652707906e+00
6.956999999571798325e+09 -5.284115894946977976e-01 -4.332023710041726261e+00
6.956999999600888252e+09 -5.819920347709637287e-01 -4.616131839988080188e+00
6.956999999704625130e+09 -6.191877681685820090e-01 -4.884999070220984230e+00
6.956999999872902870e+09 -6.292900514794038669e-01 -4.648324278818232180e+00
6.956999999647148132e+09 -6.756545045629475110e-01 -4.471350740707991989e+00
6.956999999498569489e+09 -6.238131654707839147e-01 -4.715628106520982854e+00
6.956999999515657425e+09 -9.118311944573485039e-01 -4.681158855252070872e+00
6.956999999494001389e+09 -7.054914970896598581e-01 -4.884602805359726574e+00
6.956999999399223328e+09 -6.688727631883266689e-01 -5.156835592005155178e+00
6.956999999314847946e+09 -4.456225862746875377e-01 -5.322590319087140642e+00
6.956999999457151413e+09 -3.096063091303061787e-01 -5.108852928515148939e+00
6.956999999309174538e+09 -1.939475665839516250e-01 -5.330574162490231416e+00
6.956999999281356812e+09 -1.762605101127165952e-01 -5.619274391287236270e+00
6.956999999126588821e+09 3.059981141139200833e-02 -5.752278533021775608e+00
6.956999999060709953e+09 5.343641336320578694e-03 -5.470398015633570310e+00
6.956999999335812569e+09 -8.783979999837289443e-02 -5.462039953515043678e+00
6.956999999283095360e+09 -9.586685100301947648e-02 -5.747681210471672131e+00
6.956999999293861389e+09 -4.026072565680582915e-02 -6.032683925677395642e+00
6.956999999559189796e+09 -3.280782641823918461e-02 -6.150920302778018822e+00
6.956999999506798744e+09 4.486378391920569503e-02 -5.875862562523472832e+00
6.956999999678297997e+09 -1.761822738323337578e-01 -5.954354541039697857e+00
6.956999999447524071e+09 -1.954769770907497095e-01 -6.129869333854398583e+00
6.956999999632954597e+09 -3.386144829799684342e-01 -6.301804146637353554e+00
6.956999999601047516e+09 -1.488817281157353567e-01 -6.084047619042833865e+00
6.956999999617237091e+09 -1.493864000189520924e-01 -5.793923252201031104e+00
6.956999999541088104e+09 1.195825067492006233e-01 -5.873242224242738452e+00
6.956999999538970947e+09 4.092507665475265122e-01 -5.896096449189634825e+00
6.956999999744970322e+09 3.816291770986737220e-01 -6.099162366062186535e+00
6.956999999708956718e+09 3.630196962498662416e-01 -5.811427738006197607e+00
6.956999999692663193e+09 2.782225629339937223e-01 -5.533977791761430787e+00
6.956999999662278175e+09 2.949689591498937946e-01 -5.822475292037466055e+00
6.956999999659700394e+09 5.355723406203694026e-01 -5.659570831283629033e+00
6.956999999775818825e+09 2.696692975342433463e-01 -5.675272583356723466e+00
6.957000000046660423e+09 2.512814890665164280e-01 -5.778911172402462881e+00
6.957000000043537140e+09 3.933940499669920099e-01 -5.525477230525923211e+00
6.957000000132552147e+09 1.949295004146579802e-01 -5.332804794675819693e+00
