2.087100000000000000e+10 0.000000000000000000e+00 0.000000000000000000e+00
2.087099999990692139e+10 -1.285160733775779496e-01 -2.734097231332582867e-01
2.087099999996178436e+10 -9.052642237812899562e-02 -5.824076202039230044e-01
2.087099999982015610e+10 -2.189463776179643162e-01 -8.341662293874312351e-01
2.087099999994998932e+10 -5.034127612886971637e-01 -8.805865432458611641e-01
2.087099999981792068e+10 -2.168101380032891878e-01 -8.992787002150359754e-01
2.087099999982339096e+10 -1.609397117132054245e-01 -1.210375505279238872e+00
2.087099999994850159e+10 -1.057914120090291399e-01 -9.253508469607885090e-01
2.087099999998280334e+10 -3.272295688447294792e-01 -7.023685695443393495e-01
2.087099999977565002e+10 -4.199375126477786213e-01 -9.224263683898572541e-01
2.087099999949935150e+10 -5.706097337896625099e-01 -8.925997780954978422e-01
2.087099999952469635e+10 -6.238196495952376130e-01 -5.820212672476234861e-01
2.087099999968467331e+10 -7.541259630807002345e-01 -3.425198925917583015e-01
2.087099999972702026e+10 -9.077055319929758781e-01 -6.155636021066832608e-01
2.087099999985461044e+10 -1.020686060019069918e+00 -8.818137336361300260e-01
2.087099999984825897e+10 -1.086912111892816668e+00 -5.727726248899870365e-01
2.087099999990848923e+10 -7.809865133719583463e-01 -6.248750935085866098e-01
2.087099999969448471e+10 -8.678458656469152377e-01 -8.407211292367881006e-01
2.087099999979796600e+10 -8.983170997648776135e-01 -5.435748803749458347e-01
2.087099999980308914e+10 -9.000299095722631426e-01 -8.596499834796408335e-01
2.087099999970656967e+10 -1.039531056703360434e+00 -5.928984194143440689e-01
2.087099999972837448e+10 -1.039302241951734818e+00 -9.082667031736511021e-01
2.087100000002526093e+10 -1.104575236051993370e+00 -9.950460942416194943e-01
2.087099999997035599e+10 -9.433864027250967732e-01 -7.287072457179311069e-01
2.087100000016194916e+10 -1.007998196962633042e+00 -4.857040778329450026e-01
