4.174200000000000000e+10 0.000000000000000000e+00 0.000000000000000000e+00
4.174199999955615997e+10 1.664442788595799083e-02 -6.902851427676760798e-02
4.174199999969727325e+10 1.638092713889170160e-01 3.315524903907275944e-01
4.174199999985623932e+10 -1.700317531454550168e-01 7.598310411178677004e-02
4.174199999991737366e+10 -2.437511332623433502e-01 -3.631803524544444106e-01
4.174199999965125275e+10 1.113194370406766220e-01 -4.348697795886329875e-01
4.174199999969348145e+10 2.269808128464772534e-01 -8.671607803483911692e-01
4.174199999940325928e+10 3.626205733374696649e-01 -1.182453422547652844e+00
4.174199999925232697e+10 7.743438430347523438e-01 -1.281144515466151601e+00
4.174199999900556946e+10 9.522943456989719779e-01 -9.502635774028639348e-01
4.174199999910678864e+10 6.451289537952731301e-01 -1.262418082240096329e+00
4.174199999910705566e+10 6.371120675059978034e-01 -8.130051268015280330e-01
4.174199999932688904e+10 4.841796640986361089e-01 -4.520048002149568145e-01
4.174199999888708496e+10 5.405512429266019492e-01 -5.256958498925405898e-01
4.174199999890719604e+10 4.140411915620835215e-01 -9.565406468188479838e-01
4.174199999873160553e+10 4.281541094973858042e-01 -1.370066734604833636e+00
4.174199999863047028e+10 1.022102184300710537e-01 -1.077544890309836134e+00
4.174199999822845459e+10 7.494605254291318575e-02 -1.276732830217527148e+00
4.174199999829433441e+10 -2.346029640716048581e-01 -1.595911766131058673e+00
4.174199999790528107e+10 -5.827780594180975715e-02 -1.455977298758801108e+00
4.174199999795248413e+10 -2.186039243870973592e-01 -1.038720247876908198e+00
4.174199999772312164e+10 -4.828415082339566622e-01 -7.565699768703753048e-01
4.174199999760489655e+10 -4.926889126142131037e-02 -7.479258956494829746e-01
4.174199999752773285e+10 -3.740298646408870553e-01 -4.469062458183565845e-01
4.174199999760309601e+10 -4.089074068538961493e-02 -7.390960290293276946e-01
4.174199999776583862e+10 2.968214420985981761e-02 -3.260940360586091491e-01
4.174199999763098145e+10 1.925971120409270543e-01 -7.227143618450302398e-01
4.174199999732058716e+10 -1.093298104003093685e-01 -8.432591980952965915e-01
4.174199999743328857e+10 2.109389184908113668e-01 -5.487039504311341798e-01
4.174199999746450806e+10 3.080339724272999069e-01 -9.864643572817322070e-01
4.174199999784487152e+10 2.552823127691298266e-01 -1.220084276298314396e+00
4.174199999778707123e+10 4.158738122172881413e-01 -8.042652227272670817e-01
4.174199999775695038e+10 3.286139918902387658e-01 -3.643620269886247987e-01
4.174199999744699860e+10 3.430009357244634405e-03 -3.792769753821187972e-01
4.174199999731774139e+10 -4.151531024979860929e-01 -4.798592321727153664e-01
4.174199999767674255e+10 -3.158656864437139888e-01 -2.282708290171315824e-01
4.174199999764871979e+10 1.230674635458393618e-01 -3.209474761107696250e-01
4.174199999736831665e+10 -8.561423976639717659e-02 -6.035503337569199100e-01
4.174199999728875732e+10 -2.505548401309386497e-01 -1.014039751532965328e+00
4.174199999718653870e+10 -2.753992447574700742e-01 -1.451041806860505323e+00
4.174199999722678375e+10 -4.447298988729221358e-01 -1.865461792040514322e+00
4.174199999714222717e+10 -2.124637765786698551e-01 -2.240880397746839225e+00
4.174199999739935303e+10 -3.241245122740026297e-01 -2.592240468878244997e+00
4.174199999708389282e+10 -1.591554664102976246e-01 -2.317820053381445256e+00
4.174199999709610748e+10 2.853267389706088952e-01 -2.383567090181556214e+00
4.174199999749281311e+10 1.078716290337519423e-01 -2.268806007014904758e+00
4.174199999750227356e+10 1.076637744231177529e-01 -2.718190989633574528e+00
4.174199999718570709e+10 -1.867706843688961560e-01 -2.841200772916919082e+00
4.174199999743180084e+10 -3.371124654144512789e-01 -3.185977056426064991e+00
4.174199999740555573e+10 1.109122166062086468e-01 -3.210902173895323397e+00
4.174199999778723907e+10 4.026228418348036520e-02 -2.984265909030547448e+00
4.174199999784016418e+10 3.796762471427586605e-01 -3.274150568901465608e+00
4.174199999817385101e+10 2.735784569882765416e-01 -2.992309184087362794e+00
4.174199999774863434e+10 2.993056292711911981e-01 -3.135706956987258653e+00
4.174199999771576691e+10 1.084477885142195175e-01 -3.541329181226008149e+00
4.174199999775894165e+10 -6.259373234694395882e-02 -3.954750227450527067e+00
4.174199999775180817e+10 -4.769118873255121516e-01 -3.780606951160144114e+00
4.174199999748593140e+10 -3.512354344681771767e-01 -4.120535834275600884e+00
4.174199999717749786e+10 -5.073347329488210322e-01 -4.407831168034473279e+00
4.174199999740476227e+10 -8.037162707636996695e-01 -4.157743468321477565e+00
4.174199999753942871e+10 -4.727989856072732366e-01 -3.884988099493177138e+00
4.174199999757059479e+10 -4.167426931264093248e-01 -3.440102979705563779e+00
4.174199999790975189e+10 -1.905184635628694445e-01 -3.250809536471254813e+00
4.174199999787500000e+10 1.793113306791118133e-01 -3.503899604315252603e+00
4.174199999826589203e+10 -2.565054770244565296e-02 -3.588920016780126510e+00
4.174199999831255341e+10 -3.143721066792718594e-02 -3.141901283596864047e+00
4.174199999847367859e+10 -3.031369463606677916e-01 -3.461672095125532866e+00
4.174199999838681793e+10 -2.488723947522016866e-01 -3.024011910790608937e+00
4.174199999830863190e+10 -6.273965406159980329e-01 -2.794573035252471360e+00
4.174199999815979004e+10 -1.050214068187017347e+00 -2.761280612307205118e+00
4.174199999775316620e+10 -1.144057619661476677e+00 -2.928276136117896389e+00
4.174199999744247437e+10 -1.044205655362374197e+00 -3.237363881086241957e+00
4.174199999740329742e+10 -1.420285978355235956e+00 -2.994330655176490996e+00
4.174199999738000488e+10 -1.558336226378188805e+00 -2.567205479462379536e+00
4.174199999744520569e+10 -1.306392405605401041e+00 -2.933687831898467824e+00
4.174199999740026855e+10 -1.473643759316346280e+00 -3.348469667103726621e+00
4.174199999721916199e+10 -1.492821630060046756e+00 -3.759404860131343451e+00
4.174199999725586700e+10 -1.265112853043828034e+00 -4.145199619400345981e+00
4.174199999736801147e+10 -1.026277631593814021e+00 -4.509092960006801931e+00
4.174199999763906097e+10 -1.095741398870644812e+00 -4.860867558208337158e+00
4.174199999783917236e+10 -8.271239722226122471e-01 -5.160594721582898892e+00
4.174199999794621277e+10 -5.193746314312464030e-01 -5.470221691504988826e+00
4.174199999810732269e+10 -8.367630496195996859e-01 -5.195730074157930645e+00
4.174199999818905640e+10 -4.057312592955980568e-01 -5.293542089734211586e+00
4.174199999861506653e+10 -2.679055357236147517e-01 -5.254065454644458733e+00
4.174199999824484253e+10 -3.120405443244911869e-01 -5.003026555715521795e+00
4.174199999832405090e+10 7.641859252515764700e-02 -4.791219048704843608e+00
4.174199999829710388e+10 -3.699427338511265262e-01 -4.745702938893477274e+00
4.174199999871693420e+10 -2.757583397646104495e-01 -4.875727141400672870e+00
4.174199999881072235e+10 -2.797259740157654329e-01 -4.436153777166467194e+00
4.174199999839304352e+10 -3.911735074386727962e-01 -4.313032169620336198e+00
4.174199999810807800e+10 -7.385354470923719550e-01 -4.326165461031746595e+00
4.174199999803719330e+10 -7.326834266094524040e-01 -4.769986411112174807e+00
4.174199999846581268e+10 -6.216842569996250401e-01 -4.847438643624427002e+00
4.174199999843478394e+10 -6.471255470607158999e-01 -4.399748862921933679e+00
4.174199999809573364e+10 -9.338568794345092350e-01 -4.329973784942614756e+00
4.174199999818074036e+10 -7.081863835796896600e-01 -4.709293344347380561e+00
4.174199999849362183e+10 -9.001147201591194191e-01 -4.449863574683208256e+00
4.174199999833380127e+10 -1.320067365604932430e+00 -4.461371756183033277e+00
4.174199999830165100e+10 -1.393588766122255906e+00 -4.019107655027625015e+00
4.174199999839434052e+10 -1.001172560986224980e+00 -4.217740262278738328e+00
4.174199999877217102e+10 -9.212344063414903417e-01 -3.987760176190303429e+00
4.174199999890885162e+10 -8.480137850500056862e-01 -3.565867063582664809e+00
4.174199999912068176e+10 -4.526354347549412793e-01 -3.536902006046165781e+00
4.174199999932250977e+10 -3.013495273512868389e-01 -3.164861215584613419e+00
4.174199999934107971e+10 -3.132998967777804733e-01 -2.715919326579236071e+00
4.174199999946287537e+10 -5.662571669448326350e-01 -3.066939869614201619e+00
4.174199999978137970e+10 -6.486720459954903317e-01 -3.373203177481283177e+00
4.174199999945632172e+10 -6.102949455644748333e-01 -3.681259652234102120e+00
4.174199999955712128e+10 -4.359335487163396583e-01 -3.279421763421061176e+00
4.174199999959906769e+10 -9.477104472203867758e-02 -2.989792236112198243e+00
4.174199999957318878e+10 -2.359433173702616404e-01 -2.563837926961213487e+00
4.174200000000768280e+10 -1.363488145068459390e-01 -2.621585411544718358e+00
4.174199999994943237e+10 9.549616093661533744e-02 -3.002230724564065589e+00
4.174200000027916718e+10 1.737113424218675872e-01 -2.706944331205110021e+00
