6.957000000000000000e+09 0.000000000000000000e+00 0.000000000000000000e+00
6.956999999790543556e+09 3.986807578893106913e-02 -1.974161036266337266e-01
6.956999999880735397e+09 1.087560851151730679e-01 -4.649126917331612985e-01
6.956999999700572014e+09 5.477053368973267000e-02 -6.864101789359041694e-01
6.956999999745841980e+09 7.611734556826342535e-02 -9.726433303055386226e-01
6.956999999775413513e+09 1.192787307210438491e-01 -1.258470373463191905e+00
6.956999999797397614e+09 8.321726727882315655e-02 -1.545960874218136327e+00
6.956999999992246628e+09 1.452758634467387622e-01 -1.752399828675716087e+00
6.956999999977379799e+09 1.930170300301772834e-01 -2.038641431397775872e+00
6.956999999799015045e+09 4.862442025089566688e-02 -2.216886415587981496e+00
6.956999999718136787e+09 1.235262373499872030e-01 -2.485741257124645109e+00
6.956999999749548912e+09 -1.507654982109610797e-01 -2.395122088284017181e+00
6.956999999795061111e+09 -4.990390500809036012e-02 -2.663804275061322002e+00
6.956999999851637840e+09 -6.905836756723147951e-02 -2.948174972478712519e+00
6.956999999878099442e+09 -5.445195244708337518e-02 -2.659175092775805105e+00
6.957000000116982460e+09 -1.862261394516947222e-01 -2.559150458875504963e+00
