6.261300000000000000e+10 0.000000000000000000e+00 0.000000000000000000e+00
6.261299999869210815e+10 -3.072439377538548413e-02 7.618946705572611222e-01
6.261299999919145966e+10 7.767622598314049415e-03 -6.668037963359090270e-01
6.261299999790348053e+10 7.351082757523248468e-01 -9.894474179946350922e-01
6.261299999782269287e+10 1.859235178362520502e+00 -2.000301383926669452e+00
6.261299999849890137e+10 1.653501014996653806e+00 -6.614857809433245528e-01
6.261299999713969421e+10 1.026587584690055177e+00 -4.344595305604858071e-01
6.261299999621522522e+10 8.383657942098521332e-02 -1.175126875413081029e+00
6.261299999569351196e+10 1.417206565020533438e+00 -6.832353212658544006e-01
6.261299999558309937e+10 1.332565362345500493e+00 8.242987591067287845e-01
6.261299999589752197e+10 -1.455506721548820437e-01 9.155342744904203522e-01
6.261299999569094849e+10 -1.255837953960705633e-01 -5.841136268039571755e-01
6.261299999605091858e+10 3.925234899528017296e-01 -1.960340955338780056e+00
6.261299999581475067e+10 8.767099285269066566e-01 -5.454901011653283671e-01
6.261299999548068237e+10 1.152896674438401270e+00 -1.996053259439714678e+00
6.261299999557998657e+10 1.080775678262664075e+00 -3.505009988384353292e+00
6.261299999582424164e+10 4.902248858719748803e-02 -2.424343793395379087e+00
6.261299999648771667e+10 9.363747058870838802e-02 -3.784424755074057956e+00
6.261299999627239990e+10 2.762332720634557703e-01 -2.297040381876794157e+00
6.261299999711495972e+10 -6.253547887800079419e-01 -3.174106168296201069e+00
6.261299999737332916e+10 -9.169590630432233880e-01 -1.711154875797571639e+00
6.261299999736124420e+10 -1.377433588170683176e+00 -2.689929487934461516e-01
6.261299999791033173e+10 -2.132898809417500985e+00 -1.460542803194629480e+00
6.261299999690951538e+10 -2.356258546837290080e+00 -3.467719656943082374e-01
6.261299999776856995e+10 -3.561391160680086543e+00 -6.656692862419789636e-01
6.261299999637131500e+10 -3.639308705959146018e+00 -1.243270232108606432e+00
6.261299999738639069e+10 -4.705440062996065542e+00 -8.897072160637196081e-01
6.261299999702017212e+10 -6.138462279876371497e+00 -5.666813174933339470e-01
6.261299999669092560e+10 -6.775464634131522779e+00 7.666749935099673730e-01
6.261299999741090393e+10 -6.618346403250973786e+00 -5.558077115159275605e-01
6.261299999591398621e+10 -6.817787225423663777e+00 -4.486405461259546090e-01
6.261299999509820557e+10 -5.937443706538243049e+00 4.741347522174395035e-01
6.261299999437942505e+10 -4.738628772835955516e+00 -1.074203143755237955e-01
6.261299999480084229e+10 -4.921820744860162300e+00 1.335098649468174248e+00
6.261299999386152649e+10 -5.451997128344781451e+00 2.397458340045135472e+00
6.261299999328594208e+10 -4.521263793302987111e+00 1.351295833977020910e+00
6.261299999359127808e+10 -3.941826028723021569e+00 -1.363522499447977765e-02
6.261299999243376923e+10 -4.900410271702980936e+00 -1.961272090191801265e-01
6.261299999365779114e+10 -5.778386383038014884e+00 -4.468925684938215848e-02
6.261299999386535645e+10 -4.285645161036605089e+00 9.903057316706079249e-02
6.261299999368600464e+10 -5.445680593406684977e+00 1.055150517355169404e+00
6.261299999431172180e+10 -6.724118881652564106e+00 5.393123115513352994e-01
6.261299999463825989e+10 -6.611972726175662451e+00 2.013357713579353447e+00
6.261299999448883057e+10 -6.192785771834404152e+00 5.663028573433237511e-01
6.261299999499878693e+10 -6.589685148389659908e+00 -8.027954184057546350e-01
6.261299999546144867e+10 -7.085552235555208078e+00 -2.156337430377621267e+00
6.261299999501348877e+10 -8.305833699814236581e+00 -2.932389679955972106e+00
6.261299999445444489e+10 -8.025755836912441765e+00 -4.311171514975457697e+00
6.261299999462967682e+10 -9.505686086203041896e+00 -4.577845235847214589e+00
6.261299999409513092e+10 -1.032868922502595588e+01 -3.425049301685749725e+00
6.261299999494562531e+10 -9.940851100049782119e+00 -4.615954298383853960e+00
6.261299999549230957e+10 -9.504564618058571668e+00 -5.958640175990383092e+00
6.261299999448697662e+10 -1.030582828133715978e+01 -6.758204499857482617e+00
6.261299999463569641e+10 -9.672519397383659623e+00 -5.391158362235186630e+00
6.261299999572702789e+10 -9.305541285967420251e+00 -4.408132376427910337e+00
6.261299999613285065e+10 -1.016359405734362120e+01 -5.587566983152142619e+00
6.261299999632025146e+10 -1.123356304307286280e+01 -4.533024267155610687e+00
6.261299999682170105e+10 -1.098153725526474567e+01 -3.126950328000236645e+00
6.261299999537004089e+10 -1.105664574031421132e+01 -2.703806198926383519e+00
6.261299999544557953e+10 -1.127288037886981442e+01 -1.207293619304989685e+00
6.261299999544248962e+10 -1.127383578384274543e+01 3.066427614308329108e-01
6.261299999546316528e+10 -1.184781306690213754e+01 -1.094119979909139229e+00
6.261299999472301483e+10 -1.247486966980502388e+01 6.820200915649832218e-02
6.261299999462681580e+10 -1.347993191625062082e+01 1.196301680516458132e+00
6.261299999462109375e+10 -1.308660758560835369e+01 2.658244587558471927e+00
6.261299999487216949e+10 -1.322077097071809959e+01 1.171309493448834838e+00
6.261299999504158020e+10 -1.335839413910202467e+01 -3.268135568756485032e-01
6.261299999623318481e+10 -1.428060233283601299e+01 -4.738732493754573838e-01
6.261299999658037567e+10 -1.445815881817277138e+01 -1.936728883046588745e+00
6.261299999782844543e+10 -1.531482299815110082e+01 -1.958382669301270029e+00
6.261299999906973267e+10 -1.606948527193194920e+01 -2.384656755783503890e+00
6.261300000009760284e+10 -1.544736626767834764e+01 -1.463534206700376927e+00
6.261299999986959076e+10 -1.409740927587793280e+01 -8.172840227566614546e-01
6.261299999903784943e+10 -1.413115101951264485e+01 -2.081834079901972778e+00
6.261299999994587708e+10 -1.484743890689731316e+01 -3.058781495495587421e+00
6.261300000013827515e+10 -1.525104592140147375e+01 -1.612372985404592063e+00
