1.391400000000000000e+10 0.000000000000000000e+00 0.000000000000000000e+00
1.391399999973368835e+10 1.084261787848654068e-01 8.435535584241334039e-02
1.391399999944300461e+10 4.872698585011722011e-02 4.272533047261675709e-02
1.391399999944054222e+10 3.012570278678253222e-01 -1.185713554897034616e-01
1.391399999973608398e+10 3.507046778700841361e-01 -1.205930924461999787e-01
1.391399999976818657e+10 2.651826386256274093e-01 -4.059867787557063790e-01
1.391399999976819611e+10 2.651714523649850719e-01 -1.063301351230920289e-01
1.391400000002262497e+10 3.822189590760536881e-01 2.513183567330046220e-04
1.391399999990593338e+10 5.695435999835625207e-01 -2.024468460770184053e-01
1.391399999994011116e+10 5.606017460585881462e-01 9.512000133118081457e-02
1.391399999986630440e+10 8.470560624743470601e-01 1.429800727620523237e-01
1.391399999982356071e+10 9.105717257616258165e-01 4.326917709017054081e-01
1.391399999982027054e+10 9.068955316875491057e-01 1.330757387087161403e-01
1.391399999982570076e+10 1.120083286859789196e+00 -7.743696541767064456e-02
1.391399999984399223e+10 1.092649366914468123e+00 2.204000965834149173e-01
1.391399999999853897e+10 8.813523623328812784e-01 7.458123325992999098e-02
1.391400000002937698e+10 1.051674648742708662e+00 3.191899580967049177e-01
1.391399999995265007e+10 1.341228707019947786e+00 3.110960427380614624e-01
1.391399999985947990e+10 1.407020015367224985e+00 5.881970392479138887e-01
1.391399999999274063e+10 1.440642706477104129e+00 3.219166651382885935e-01
1.391400000020280647e+10 1.613031378882483713e+00 1.956286260965758306e-01
