1.391400000000000000e+10 0.000000000000000000e+00 0.000000000000000000e+00
1.391399999975387192e+10 1.590106202370036859e-01 6.269475860698654757e-02
1.391399999985814476e+10 1.963781016630881116e-01 -2.157381779120094989e-01
1.391399999983081436e+10 2.023143844070575958e-01 -5.140869097845186531e-01
1.391400000002721405e+10 1.615564748600931688e-01 -2.914666384067848837e-01
1.391399999992346764e+10 -2.409281127312104531e-02 -8.036223137796685845e-02
1.391399999985628128e+10 -3.010175767523138868e-01 1.233465114078814706e-02
1.391400000003264046e+10 -3.075142455952218912e-01 -2.298412880150363380e-01
1.391399999999096107e+10 -1.167129093713274446e-01 -4.571115857871195232e-01
1.391399999997917175e+10 -1.208456798075217137e-01 -1.577154420361773779e-01
1.391399999974319267e+10 3.174121601916098101e-02 -2.617615056773927029e-01
1.391399999958594704e+10 1.063803901656787260e-01 -1.784171028505801559e-02
1.391399999983590889e+10 2.583096963374104105e-01 -8.288604189391907129e-02
1.391399999954161263e+10 3.037938165183007300e-01 -1.162726812234705642e-01
1.391399999944630051e+10 2.565464989958177733e-01 1.638652036677501478e-01
1.391399999957333374e+10 3.855693540949883258e-01 4.026321264862585680e-01
1.391399999957366180e+10 3.788668694906172640e-01 1.030506288023870787e-01
1.391399999965458488e+10 5.707327742851331376e-01 -1.124323674920875427e-01
1.391399999974465370e+10 6.491964048515075358e-01 -3.872507886056422155e-01
1.391399999981394005e+10 9.196907453436550250e-01 -2.785014883581039546e-01
1.391399999999732780e+10 1.110696221432696085e+00 -4.187877710519348762e-01
1.391400000005844498e+10 8.553642984205928057e-01 -2.743426615233373056e-01
1.391400000006431770e+10 8.625850529621508223e-01 -5.738547097292043819e-01
1.391400000016710854e+10 1.144057947346952764e+00 -5.749374912275913019e-01
