4.869900000000000000e+10 0.000000000000000000e+00 0.000000000000000000e+00
4.869899999987409210e+10 1.077237418668174351e-01 5.391709172927117155e-01
4.869899999974184418e+10 3.578007030662218590e-01 1.027159237534620129e+00
4.869899999990909576e+10 -1.214872849898457896e-01 1.273069119101131630e+00
4.869899999967829895e+10 2.604040581371381835e-01 9.280271393898577026e-01
4.869899999913989258e+10 2.382084129973362496e-01 1.094727202274244693e+00
4.869899999921356201e+10 -1.410190250445270133e-02 1.593800446852533748e+00
4.869899999906340027e+10 6.726754497091025353e-02 2.131380970381476558e+00
4.869899999890949249e+10 1.406436785399832745e-01 2.669052683116843738e+00
4.869899999895983887e+10 -4.814693713298331956e-02 2.139916792263241163e+00
4.869899999935214233e+10 1.475348372085315829e-01 1.785000497870351976e+00
4.869899999952991486e+10 5.111145893748278990e-01 2.177896724735843392e+00
4.869899999975531006e+10 5.767221815273388952e-01 1.665008316336355154e+00
4.869899999964645386e+10 2.504303162587731557e-01 1.217967713950152575e+00
4.869899999963921356e+10 2.577751699276891184e-01 6.540039032657566365e-01
4.869899999933349609e+10 4.829236344668441649e-01 1.071145377232142426e+00
4.869899999952567291e+10 -2.983047240635539055e-02 1.206471370926501585e+00
4.869899999914916229e+10 -4.041121411801926744e-01 1.397035370838411117e+00
4.869899999896873474e+10 -7.394988819457890550e-01 1.813114849091038039e+00
4.869899999871479034e+10 -5.869992148580955860e-01 1.333098417427666327e+00
4.869899999885123444e+10 -3.712096987468525566e-01 1.836068924442615380e+00
4.869899999872319031e+10 -9.195757503298087610e-01 1.803495394526142936e+00
4.869899999896543884e+10 -6.644482758003316114e-01 1.362600710036943497e+00
4.869899999874520111e+10 -9.060680055634127150e-01 9.029514878153914736e-01
4.869899999919475555e+10 -1.191303030392185436e+00 1.089233312550239585e+00
4.869899999908695984e+10 -1.186110649882052837e+00 5.355960539927658859e-01
4.869899999885330200e+10 -1.559297552412804766e+00 1.830386473066987763e-01
4.869899999843437958e+10 -1.236316268529024986e+00 3.788598738355141160e-01
4.869899999843410492e+10 -1.273351999125344136e+00 9.417007362896325784e-01
4.869899999854003143e+10 -8.019542054543075116e-01 6.506251702713290452e-01
4.869899999854299164e+10 -1.132977894962257093e+00 1.107326525609079404e+00
4.869899999902877045e+10 -9.561406238225677034e-01 1.332949402572543907e+00
4.869899999863307190e+10 -9.081846740922485672e-01 9.338475921964319859e-01
4.869899999886218262e+10 -7.751707739172002398e-01 1.431820473623697021e+00
4.869899999904530334e+10 -8.245693769918402971e-01 9.006058034871412543e-01
4.869899999875751495e+10 -6.650035969878529407e-01 4.424799939409183036e-01
4.869899999867591095e+10 -5.304236895223998216e-01 -9.917583804401330916e-02
4.869899999867151642e+10 -5.388783579013368685e-01 -6.631534951675379652e-01
4.869899999861627960e+10 -6.194006180660172056e-01 -1.218695388725650641e+00
4.869899999862298584e+10 -7.815900230953414241e-01 -1.758890907139586179e+00
4.869899999861594391e+10 -7.729642491387832548e-01 -1.194942721661956142e+00
4.869899999903752136e+10 -9.604613028300732491e-01 -1.519414531725404416e+00
4.869899999893930817e+10 -4.597277967405200005e-01 -1.759791488415820337e+00
4.869899999901206207e+10 -1.251854425558701633e-02 -2.095755914064895364e+00
4.869899999889949799e+10 5.369957767637156820e-01 -2.036384943517321577e+00
4.869899999937136078e+10 4.758067526129020619e-01 -1.733462961332200791e+00
4.869899999905915070e+10 8.404276201977826100e-01 -1.437253682218088802e+00
4.869899999883839417e+10 9.891072664041500317e-01 -9.399375272263275072e-01
4.869899999851674652e+10 1.012340993102258224e+00 -1.402714492251380562e+00
4.869899999846337891e+10 8.466662125913428927e-01 -1.939245282126373926e+00
4.869899999800485229e+10 5.717041473438356780e-01 -2.118989649629789085e+00
4.869899999810929108e+10 1.024082597951335716e+00 -2.439314698482575317e+00
4.869899999805851746e+10 9.445057003708168253e-01 -2.995418514431751333e+00
4.869899999776327515e+10 1.289470047845511891e+00 -2.660764556628848698e+00
4.869899999770059967e+10 1.387883394107860546e+00 -3.212623078281167111e+00
4.869899999770313263e+10 1.176255889769254104e+00 -2.689776121585565338e+00
4.869899999720529175e+10 9.683289625749864626e-01 -2.854338027715497716e+00
4.869899999742305756e+10 1.007932542337701909e+00 -2.335519392789159987e+00
4.869899999771063232e+10 9.914270310155338661e-01 -1.850555546667140394e+00
4.869899999792014313e+10 5.061670321796929439e-01 -2.047506577271557937e+00
4.869899999777485657e+10 2.591165167882686360e-01 -1.561688941339375969e+00
4.869899999771790314e+10 2.712443609187234483e-01 -1.000644924441404626e+00
4.869899999744107819e+10 -1.656904337886844214e-03 -1.409367158170538259e+00
4.869899999694667053e+10 2.697327694181497204e-01 -1.401004206272381758e+00
4.869899999697894287e+10 8.310938638217975072e-01 -1.445653639123547052e+00
4.869899999677538300e+10 4.996112837616032420e-01 -1.037189532422019944e+00
4.869899999718754578e+10 7.388271487543367488e-01 -1.338950162549134904e+00
4.869899999702229309e+10 8.960503711689793427e-01 -1.854831878615272434e+00
4.869899999688067627e+10 9.094269918187424251e-01 -2.400658072111716557e+00
4.869899999719966125e+10 8.443236717209212649e-01 -1.940037502899135458e+00
4.869899999708890533e+10 4.516707217913381589e-01 -1.550527212523585163e+00
4.869899999712669373e+10 4.961754329068860381e-01 -2.111555859206337260e+00
4.869899999712349701e+10 5.179986956971945888e-01 -1.547929126355097829e+00
4.869899999688179016e+10 6.837617058843347140e-01 -2.029866121214999541e+00
4.869899999688681030e+10 6.684131084858560001e-01 -2.593692993330280583e+00
4.869899999658483124e+10 7.081076254636757827e-01 -2.118934284803729806e+00
4.869899999653839111e+10 7.032844780940386009e-01 -2.681056646241288366e+00
4.869899999658786774e+10 1.254298498091185543e+00 -2.571070774218397137e+00
4.869899999674407959e+10 8.605046046097081236e-01 -2.943474979745531073e+00
4.869899999706044769e+10 1.327390807780183479e+00 -2.933986738967344632e+00
4.869899999653414154e+10 1.130110338426024486e+00 -2.886586288789197319e+00
4.869899999653829956e+10 1.133779523047233839e+00 -3.450617144075033949e+00
4.869899999657715607e+10 1.003274676305224711e+00 -3.997992884971146133e+00
4.869899999710694885e+10 1.113409582581158963e+00 -3.838768358700949790e+00
4.869899999739374542e+10 1.229427280181016435e+00 -3.367120957220411714e+00
4.869899999690508270e+10 1.189750645471672419e+00 -3.088202787242428915e+00
4.869899999740930176e+10 1.391333863596898590e+00 -2.935601864105805703e+00
4.869899999791104126e+10 1.233263207429580621e+00 -2.732057953320002230e+00
4.869899999767765045e+10 1.044891705497523748e+00 -2.254346967657355094e+00
4.869899999806761932e+10 7.135214667551432743e-01 -2.491586058819871941e+00
4.869899999775195312e+10 7.699244435112325702e-01 -2.955628775186776469e+00
4.869899999727034760e+10 1.030524765400422371e+00 -2.820326558217403967e+00
4.869899999712599945e+10 1.034826304380060735e+00 -3.365585496915864283e+00
4.869899999733696747e+10 7.173624261698781091e-01 -2.949808617686954459e+00
4.869899999716157532e+10 4.374865984281732789e-01 -2.492568842841248689e+00
4.869899999735511780e+10 1.753451213732654113e-02 -2.815590753729344975e+00
4.869899999776964569e+10 7.602718788878395917e-02 -3.193617628687843712e+00
4.869899999817479706e+10 -1.446801777128313149e-01 -3.518118577204460973e+00
4.869899999828479767e+10 -5.525041334628641998e-01 -3.891937718165698890e+00
4.869899999821807861e+10 -1.068100219754466451e+00 -3.673143121219656138e+00
4.869899999845075989e+10 -1.345424141017712349e+00 -4.105707988134748909e+00
4.869899999893204498e+10 -1.421541202214433142e+00 -4.389839742905668807e+00
4.869899999893074799e+10 -1.421362375690444768e+00 -3.825783142231217848e+00
4.869899999938375092e+10 -1.586995023861875298e+00 -4.118209888162891907e+00
4.869899999975988007e+10 -1.166965034886757957e+00 -4.134467037363393160e+00
4.869900000026649475e+10 -1.300820676131895004e+00 -3.925694668745530080e+00
