4.869900000000000000e+10 0.000000000000000000e+00 0.000000000000000000e+00
4.869899999973870850e+10 3.044114302240598091e-01 3.965103345615959007e-01
4.869899999940209198e+10 6.964874031168358792e-01 1.703987087653262567e-01
4.869899999941687012e+10 5.953043406614546562e-01 7.251105489887585964e-01
4.869899999898725891e+10 4.424178610094523512e-01 1.057102419417870420e+00
4.869899999856767273e+10 7.972438183623592467e-01 1.184406116392866304e+00
4.869899999843601227e+10 1.344098118036616052e+00 1.142235076493320234e+00
4.869899999845794678e+10 1.711056897796493281e+00 7.144248168980529279e-01
4.869899999836172485e+10 1.196034071069386417e+00 5.054888165519914045e-01
4.869899999831096649e+10 1.244727130872686605e+00 -5.416642137445126792e-02
4.869899999781180573e+10 9.907165700517613915e-01 1.278303603386302112e-02
4.869899999782654572e+10 9.597461865607522791e-01 -5.502313400195212312e-01
4.869899999766340637e+10 1.279879434760495371e+00 -1.154180952809008009e-01
4.869899999773722076e+10 1.428755968526570275e+00 4.236077957196068833e-01
4.869899999767891693e+10 9.043130269841156421e-01 6.229114039814165338e-01
4.869899999755493164e+10 1.191722639504953385e+00 1.092149168664915404e+00
4.869899999725608826e+10 1.206582496478343369e+00 6.139917191813861752e-01
4.869899999690998840e+10 1.090282793252008053e+00 1.840508066263534803e-01
4.869899999711721039e+10 1.293862880115120184e+00 -2.994534155247077223e-01
4.869899999660340118e+10 1.114473959213037269e+00 -4.477272017200755183e-01
4.869899999654704285e+10 1.589718134582720044e+00 -1.491837604088831482e-01
4.869899999667513275e+10 1.617464563423362423e+00 3.994373789758177695e-01
4.869899999711652374e+10 1.506628097640356323e+00 7.326757605021532171e-01
4.869899999763380432e+10 1.557153154436996756e+00 5.135251243335258176e-01
4.869899999804934692e+10 1.179650398600142758e+00 5.680901481847173695e-01
4.869899999769145966e+10 1.085949722053777489e+00 1.422981014186974758e-01
4.869899999817358398e+10 1.376203484424487700e+00 1.039860960808030865e-01
4.869899999804244232e+10 1.522279776606274115e+00 -4.248105822849945756e-01
4.869899999777790070e+10 1.573618876102852893e+00 7.071313051997146770e-02
4.869899999729979706e+10 1.854033548607242121e+00 1.753327918036716171e-01
4.869899999748959351e+10 2.385160478254242822e+00 1.818626574552359432e-01
4.869899999780607605e+10 2.393206073687721425e+00 -2.849741806029248981e-01
4.869899999797621155e+10 2.489927943618958750e+00 -8.139917598629287099e-01
4.869899999799250031e+10 2.484308490457203700e+00 -1.377786547842835496e+00
4.869899999836065674e+10 2.737666301849225547e+00 -1.033647710476200743e+00
4.869899999821755981e+10 3.111222816143588421e+00 -1.431316263264523991e+00
4.869899999869212341e+10 3.338520319952695825e+00 -1.634512642978000141e+00
4.869899999868536377e+10 3.352622737620216675e+00 -1.070671344064633157e+00
4.869899999822314453e+10 3.597239950267049124e+00 -1.282049850154240556e+00
4.869899999810076904e+10 3.649553165323407899e+00 -7.339168669253148813e-01
4.869899999860210419e+10 3.402187466419887674e+00 -6.588277663663063555e-01
4.869899999886670685e+10 3.429099495333273406e+00 -1.156243856311290674e+00
4.869899999892541504e+10 3.298536794129642846e+00 -1.701833343728401449e+00
4.869899999868659973e+10 3.437927791511384168e+00 -1.210205461858335996e+00
4.869899999884538269e+10 3.573246103848106703e+00 -6.861448235834667342e-01
4.869899999847631836e+10 3.490058432788398335e+00 -1.104512372624644856e+00
4.869899999845118713e+10 3.975672749283179819e+00 -1.390359757182158651e+00
4.869899999892251587e+10 3.826592719652087027e+00 -1.118718948287514836e+00
4.869899999857862091e+10 3.834063972355787442e+00 -1.565757290230823440e+00
4.869899999852818298e+10 3.751753694854319754e+00 -2.121493161527966187e+00
4.869899999897093964e+10 4.099796404499445046e+00 -2.153048206423719968e+00
4.869899999943109894e+10 4.172033407879520261e+00 -2.471161305770657624e+00
4.869899999929531097e+10 4.190005647432697877e+00 -3.018335819883811499e+00
4.869899999947434998e+10 4.629229870409734104e+00 -2.713066478810256754e+00
4.869899999997873688e+10 4.857659751818650840e+00 -2.820661578482078991e+00
4.869899999982085419e+10 4.755738965087930481e+00 -3.352495079831645519e+00
4.869899999983300018e+10 4.316879954750221238e+00 -3.706637310742247227e+00
4.869900000014640045e+10 4.712760794991820212e+00 -3.958073775445929421e+00
