1.391400000000000000e+10 0.000000000000000000e+00 0.000000000000000000e+00
1.391399999979593086e+10 1.034595293831591239e-01 1.935102659712327755e-01
1.391399999985431290e+10 7.135666662947538763e-02 4.856662620552826271e-01
1.391399999987112045e+10 -1.479894800715644831e-02 7.721777618374929819e-01
1.391399999993250656e+10 -2.670114975754931397e-01 9.218934458249417041e-01
1.391399999969705963e+10 -2.485424828295125232e-01 7.374544594770013894e-01
1.391399999973048019e+10 -1.080607526812987496e-01 1.000022766099154081e+00
1.391399999989527893e+10 -6.395641700049684020e-02 1.246376504614739034e+00
1.391399999962977219e+10 -1.221100363555066848e-01 1.372543602271482088e+00
1.391399999948248482e+10 1.367591044995424554e-01 1.405521106684451960e+00
1.391399999945695686e+10 4.102660371179936982e-01 1.525255940714979497e+00
1.391399999946477699e+10 4.189648719667815047e-01 1.824684182277650057e+00
1.391399999919164276e+10 5.234847768610781937e-01 1.890005832817993614e+00
1.391399999889996529e+10 5.732831784735493708e-01 1.842687860152221191e+00
1.391399999898893929e+10 8.255488692911909787e-01 1.707633358770661802e+00
1.391399999906049728e+10 8.655711342941870834e-01 1.419411608922258594e+00
1.391399999927458000e+10 7.451390762559874092e-01 1.591047162137247506e+00
1.391399999946051598e+10 9.800800993847781362e-01 1.595998631244947230e+00
1.391399999942967224e+10 8.607040280006963417e-01 1.322883017570394282e+00
1.391399999968488121e+10 8.818967375457901214e-01 1.167277269789132710e+00
1.391399999966195679e+10 9.015226989074615060e-01 8.691440527061233823e-01
1.391399999964880371e+10 9.283086782854136354e-01 1.167311122356768482e+00
1.391399999952210045e+10 6.767057025478520060e-01 1.065152101931995166e+00
1.391399999933294678e+10 7.103262979754587647e-01 1.295119365736001615e+00
1.391399999931916809e+10 7.131720249232696984e-01 9.957931600918338289e-01
1.391399999941589737e+10 4.824979471141020992e-01 1.160799409180028441e+00
1.391399999928754616e+10 2.220463651617139433e-01 1.086739268614453691e+00
1.391399999928113174e+10 2.919897419987909082e-01 1.378048163485578792e+00
1.391399999931728745e+10 3.545961504279365739e-01 1.087243607020288882e+00
1.391399999914523697e+10 4.431495328766931197e-01 8.584399643199277508e-01
1.391399999911649513e+10 3.306577739297728025e-01 5.821908309378953650e-01
1.391399999936314583e+10 4.274743412504857232e-01 4.422489366390377485e-01
1.391399999946338081e+10 5.425011337179528326e-01 1.843418840614819421e-01
1.391399999953220749e+10 6.570424829734191619e-01 -8.386958645078623764e-02
1.391399999941393661e+10 4.160244211432824191e-01 4.923264484347444903e-02
1.391399999934986305e+10 3.944052127709100630e-01 3.411593263223667849e-01
1.391399999922773933e+10 6.680465315098715884e-01 3.406606765825062610e-01
1.391399999938070107e+10 4.759402214479949711e-01 1.689284716851488233e-01
1.391399999928541565e+10 3.756167549859968924e-01 4.347289761058781288e-01
1.391399999928165627e+10 9.986694812411689437e-02 5.519553312207126083e-01
1.391399999918642616e+10 3.660744220670311133e-01 4.526632209769089199e-01
1.391399999902827644e+10 1.132511871339628717e-01 4.820414699438219652e-01
1.391399999915872192e+10 3.830209374234100350e-01 4.805362413836279378e-01
1.391399999892707253e+10 1.929568851312167266e-01 4.834171434642083875e-01
1.391399999900420380e+10 1.220608582277569604e-01 7.641639296115981805e-01
1.391399999904400063e+10 1.321864229322810558e-01 1.060993608097017482e+00
1.391399999886064529e+10 3.681892979754022299e-01 1.039140434844643357e+00
1.391399999900048637e+10 4.742691501068149740e-01 1.282010372806853482e+00
1.391399999876249123e+10 4.192669143739050086e-01 1.108438550738127137e+00
1.391399999851799202e+10 2.756764746547647471e-01 1.011503858350172091e+00
1.391399999857176781e+10 2.439436828413504288e-01 1.304582841457960107e+00
1.391399999866412735e+10 2.929466315778078700e-01 1.585407362345956583e+00
1.391399999857924271e+10 4.534415791276619756e-01 1.347016933852432263e+00
1.391399999856576920e+10 6.101030152277771013e-01 1.091929159144117367e+00
1.391399999862808037e+10 6.539094850403480708e-01 8.021147842364970693e-01
1.391399999852068138e+10 8.254119961066599398e-01 1.023127008121012871e+00
1.391399999874701309e+10 6.587413798153487487e-01 1.126995714429510853e+00
1.391399999874187851e+10 6.925197175747027645e-01 8.292932509306017996e-01
1.391399999872902298e+10 4.678910931039819143e-01 1.027209503667879886e+00
1.391399999885207176e+10 6.397562432773632457e-01 8.148054027740700977e-01
1.391399999912841797e+10 5.323170987023023715e-01 8.582080535226549456e-01
1.391399999914754295e+10 2.337223301588307600e-01 8.746241905580871556e-01
1.391399999931796074e+10 4.684241174170949984e-01 7.993439945577052175e-01
1.391399999918025780e+10 5.643696755253158059e-01 1.047590654607908789e+00
1.391399999905431366e+10 7.973535894187051554e-01 9.074106430955539704e-01
1.391399999920812798e+10 5.794829298107780913e-01 7.707808590050423403e-01
1.391399999895267868e+10 4.403563149306955471e-01 6.987820412861366348e-01
1.391399999920698547e+10 3.008765795684296140e-01 7.740672628628734175e-01
1.391399999933336830e+10 1.428926853984860690e-01 5.530189783045100782e-01
1.391399999933374977e+10 8.632800228535789100e-02 2.587497205272291656e-01
1.391399999926196671e+10 1.533601756108442515e-01 5.418538443077960398e-01
1.391399999909120560e+10 1.222623532363454335e-01 7.861233207364582976e-01
1.391399999916990662e+10 -1.489094775577103347e-01 8.864537376570440497e-01
1.391399999898758507e+10 -3.469193731505796352e-01 7.547519104616853269e-01
1.391399999886363220e+10 -5.305141621944566843e-01 9.565504036905685403e-01
1.391399999864454651e+10 -5.878368807338907320e-01 1.152790135664693461e+00
1.391399999880503273e+10 -6.889256899024639447e-01 9.208000657169046477e-01
1.391399999906397057e+10 -8.319311430084377346e-01 9.687021720842650119e-01
1.391399999935015297e+10 -8.437146645692672475e-01 1.056764305432102757e+00
1.391399999952115250e+10 -6.933310088814311767e-01 1.251540472347718813e+00
1.391399999979077530e+10 -7.614860422134878126e-01 1.139950923565393071e+00
1.391399999981121254e+10 -7.109726777460211311e-01 1.434611431475801613e+00
1.391399999974268150e+10 -4.269485131895560670e-01 1.501152811555177768e+00
1.391399999954440308e+10 -5.361303578034938289e-01 1.697517569441720831e+00
1.391399999953313255e+10 -3.856603431516047453e-01 1.956411103570700138e+00
1.391399999923490143e+10 -3.594943743311532769e-01 1.943461727584267829e+00
1.391399999909550285e+10 -6.204010208114053571e-01 1.895608913697074183e+00
1.391399999917503738e+10 -5.774887520242978356e-01 1.609904475239799293e+00
1.391399999947421837e+10 -5.897242883172268968e-01 1.598268876631776969e+00
1.391399999947357178e+10 -5.969638151037061080e-01 1.298700392688142635e+00
1.391399999971551704e+10 -4.467131618830652018e-01 1.391873938543078282e+00
1.391399999975107384e+10 -4.835325827644852414e-01 1.096621362776977193e+00
1.391399999984402847e+10 -6.478895481756672403e-01 8.639408255085736510e-01
1.391399999987627029e+10 -6.281209440974884206e-01 1.161201209466263595e+00
1.391399999960752296e+10 -6.543447607895294116e-01 1.291127472204602444e+00
1.391399999936366272e+10 -8.278366557180102392e-01 1.276072428100039291e+00
1.391399999964773178e+10 -8.790888626667966443e-01 1.195622881541781091e+00
1.391399999979838753e+10 -8.163976517310398417e-01 9.442933191876645704e-01
1.391399999971041298e+10 -5.588806792514260380e-01 1.069750240095818539e+00
1.391399999973694038e+10 -3.966419685090461500e-01 1.320287688466465159e+00
1.391399999989934349e+10 -6.183789967742803206e-01 1.200906715348729836e+00
1.391400000001358604e+10 -5.055605929384210384e-01 9.478950035082380765e-01
1.391400000019909668e+10 -2.790634920274580044e-01 8.840271859320614212e-01
