4.869900000000000000e+10 0.000000000000000000e+00 0.000000000000000000e+00
4.869899999945864105e+10 -1.583187034711390218e-01 5.393990182517516274e-03
4.869899999924775696e+10 -3.835118393857347430e-01 -4.668097029683335730e-01
4.869899999961232758e+10 -1.154671711038054438e-01 -1.300607645847424165e-01
4.869899999936148071e+10 -6.206435450862531900e-01 -1.242739943445610451e-01
4.869899999942848206e+10 -6.763969849269375612e-01 -6.815565146361268756e-01
4.869899999896221924e+10 -8.440091690768505295e-01 -4.119830817255080713e-01
4.869899999897683716e+10 -8.391048172293117391e-01 1.518643164853170080e-01
4.869899999941493225e+10 -5.943477689953041709e-01 -1.056732209145330725e-01
4.869899999919799805e+10 -3.660474738464975508e-01 -5.736249645586796175e-01
4.869899999903018188e+10 -1.964665098147655997e-01 -1.084743464267241553e+00
4.869899999870081329e+10 -5.660525741209083694e-01 -1.355084627698383226e+00
4.869899999815530396e+10 -6.711960793260733915e-01 -1.257477027580015116e+00
4.869899999805901337e+10 -1.163175867465067181e+00 -9.989320285597524940e-01
4.869899999805290222e+10 -1.122592524481481613e+00 -4.363689713065481701e-01
4.869899999756124878e+10 -8.568150057565354638e-01 -3.602039635668662365e-01
4.869899999728158569e+10 -1.332649083875582896e+00 -4.765328756889610773e-01
4.869899999759931183e+10 -1.127717336505620338e+00 -5.794573031841321331e-02
4.869899999707783508e+10 -9.128535560274586569e-01 -6.529701260430399723e-02
4.869899999753348541e+10 -6.082554322548922032e-01 6.798196968107535210e-02
4.869899999765585327e+10 -2.256904079876285718e-01 -3.280380668144940448e-01
4.869899999752311707e+10 3.050235387955979038e-01 -4.654631354665872411e-01
4.869899999792634583e+10 6.929625032739065160e-01 -5.366874717096841163e-01
4.869899999825369263e+10 6.564352503299336616e-01 -9.945855542144583783e-01
4.869899999836426544e+10 7.092447377333377379e-01 -4.439982893189574620e-01
4.869899999863842010e+10 9.582320780102229207e-01 -8.694484866511456023e-01
4.869899999855676270e+10 6.935286482394037444e-01 -3.780971176540759426e-01
4.869899999860823822e+10 1.898652925506175704e-01 -6.267641609704790451e-01
4.869899999907004547e+10 5.110202343215405341e-01 -5.848307205400824493e-01
4.869899999930691528e+10 8.900065106918473301e-01 -2.407038252930474020e-01
4.869899999979010773e+10 1.154014678509764913e+00 -1.182733910249953169e-01
4.869899999981581116e+10 1.510678095407864685e+00 3.179514593063140770e-01
4.869899999979520416e+10 1.138781189513040415e+00 -1.056399171817286042e-01
4.869899999992056274e+10 8.824215301830915514e-01 -5.921851827514178490e-01
4.869900000041470337e+10 1.114838991103257460e+00 -4.508747042710771757e-01
