6.957000000000000000e+09 0.000000000000000000e+00 0.000000000000000000e+00
6.956999999975472450e+09 -2.410124911409616821e-02 2.885342928670939222e-01
6.956999999924657822e+09 3.380928943370789530e-02 5.687105361789142055e-01
6.956999999765712738e+09 2.798394988576407422e-03 3.274446805611272993e-01
6.956999999674796104e+09 4.169048311785494842e-02 6.006772842585097472e-01
6.956999999598392487e+09 2.855331699858082092e-02 8.807209076662627645e-01
6.956999999716913223e+09 1.708664766526884760e-01 6.568137995380387562e-01
6.956999999954237938e+09 2.098292892167970547e-01 8.198890139088808038e-01
6.956999999889743805e+09 -1.167357534907373373e-02 9.965568257493263582e-01
6.956999999985214233e+09 2.604936286281478441e-01 1.031841253059437635e+00
6.956999999895140648e+09 3.710064788621544318e-01 1.285037112124575165e+00
6.957000000139810562e+09 4.073588896560932371e-01 1.437515262844226704e+00
