4.869900000000000000e+10 0.000000000000000000e+00 0.000000000000000000e+00
4.869899999976935577e+10 -5.146431129122345238e-01 -1.042753283179215056e-02
4.869899999993132782e+10 -3.227561406556354040e-01 4.946528605715984628e-01
4.869899999968396759e+10 1.102878830599163251e-01 7.581820221117564484e-01
4.869899999926857758e+10 2.484846111875308461e-01 4.024921875516402903e-01
4.869899999967012024e+10 -1.888967148044612410e-02 1.101991651123290228e-01
4.869899999989850616e+10 -5.285600584523966194e-01 3.121014094725883814e-02
4.869899999936998749e+10 -7.224247973518506116e-01 6.655805207254655853e-02
4.869899999939225769e+10 -3.779971450222084361e-01 -3.795754095285307494e-01
4.869899999968705750e+10 -6.051793848435630396e-01 -8.034180443922687154e-01
4.869899999983039093e+10 -7.844657148498909160e-01 -2.881776185744790997e-01
4.869899999984587860e+10 -8.251279089179301973e-01 -8.505549328687684874e-01
4.869899999958728790e+10 -9.544302586280567491e-01 -1.334882058238118896e+00
4.869899999952694702e+10 -1.510426376031805962e+00 -1.408292270448419092e+00
4.869899999954141235e+10 -1.459051625327562496e+00 -8.467650135161483016e-01
4.869899999917105103e+10 -1.157311354718634444e+00 -5.468535514739230052e-01
4.869899999912034607e+10 -8.699992452145833832e-01 -6.410925542617623707e-02
4.869899999864092255e+10 -6.188586561683759868e-01 -2.229966492932531907e-01
4.869899999917416382e+10 -5.166116996386574955e-01 -7.015098404899347551e-02
4.869899999923515320e+10 -1.622023943273350755e-01 -5.047039433142879172e-01
4.869899999912432098e+10 -1.234881134687689092e-01 -1.056409097606082481e+00
4.869899999967378235e+10 -1.855046683142102248e-01 -9.450140728514646593e-01
4.869899999972299194e+10 -3.081609467805704328e-01 -1.493370964075594776e+00
4.869899999979574585e+10 7.500241075594776818e-02 -1.085873012349767075e+00
4.869899999947289276e+10 1.398962451501149090e-02 -6.273921030303419855e-01
4.869899999954522705e+10 5.472867883443777171e-01 -4.585020459170368046e-01
4.869899999929260254e+10 7.565250908018699150e-01 3.688255181063526678e-04
4.869899999873302460e+10 7.342311148340295857e-01 -6.699186117739017177e-02
4.869899999881980133e+10 1.077628644862876017e+00 3.719946033459361479e-01
4.869899999883699799e+10 9.741050874690799777e-01 9.262046237040683083e-01
4.869899999890935516e+10 1.458251662994385356e+00 1.206433337063339994e+00
4.869899999894035339e+10 1.558048311860922741e+00 1.760726882997111886e+00
4.869899999912090302e+10 1.378518952408062104e+00 1.257405774990977942e+00
4.869899999963929749e+10 1.540547779857096344e+00 1.105174192900646446e+00
4.869899999985050964e+10 1.570590742777367543e+00 5.830153174118980486e-01
4.869899999967120361e+10 1.069272974154537259e+00 7.692699010021222250e-01
4.869900000014367676e+10 1.075589136808518864e+00 1.077317886001852187e+00
