4.869900000000000000e+10 0.000000000000000000e+00 0.000000000000000000e+00
4.869899999965910339e+10 3.929326981181841677e-02 4.476682160889510209e-01
4.869899999942958069e+10 -2.881392020830526590e-01 8.454997516084401532e-01
4.869899999938798523e+10 -2.324101089041577806e-01 2.857450143328680303e-01
4.869899999961753845e+10 -7.099778919070203198e-01 9.236194067399663976e-02
4.869899999960254669e+10 -7.011418357620730069e-01 -4.714277379744366003e-01
4.869899999909280396e+10 -9.271984203368606181e-01 -5.563913138647813561e-01
4.869899999876005554e+10 -8.228826031777345396e-01 -1.130434571396601307e-01
4.869899999908179474e+10 -1.071292282700364140e+00 -5.041181175025151173e-01
4.869899999962371063e+10 -1.026669765673180246e+00 -6.541008944794011182e-01
4.869900000016721344e+10 -9.310348701124633308e-01 -5.373928422474122391e-01
