6.957000000000000000e+09 0.000000000000000000e+00 0.000000000000000000e+00
6.957000000005412102e+09 -1.829638489892284475e-02 2.899490459542218290e-01
6.957000000001735687e+09 -1.203768455417155575e-02 -5.364218610517945685e-04
6.956999999783733368e+09 1.718780230182484492e-01 5.500169631692277544e-02
6.956999999733672142e+09 1.470278163819158102e-01 3.401521913605098923e-01
6.956999999640623093e+09 4.212344856320420217e-01 3.159233878145333851e-01
6.956999999896144867e+09 2.852061067863468358e-01 3.412137800496830020e-01
6.957000000056012154e+09 5.158448316656238930e-02 4.067725683669846104e-01
6.956999999948256493e+09 -1.180844756264234907e-02 1.444663419074478372e-01
6.956999999891088486e+09 -1.140594579550447685e-01 4.103819148552359519e-01
6.956999999974657059e+09 -6.647881406040845320e-02 1.361795690884914922e-01
6.957000000036066055e+09 3.921926937711602001e-02 3.997916580340131198e-01
6.957000000103164673e+09 -1.306047144710948404e-01 1.737561510899176820e-01
