4.174200000000000000e+10 0.000000000000000000e+00 0.000000000000000000e+00
4.174199999973546600e+10 2.629777481674947515e-01 -2.507967913908525359e-01
4.174199999971023560e+10 5.954750742336881730e-01 -5.522025807334642877e-01
4.174199999941852570e+10 2.627886516644007409e-01 -4.730794460779632615e-01
4.174199999913158417e+10 -6.649276347445998159e-02 -3.668902896735313779e-01
4.174199999896278381e+10 -5.822420282979502704e-02 -7.833930808309941263e-01
4.174199999877698517e+10 -2.622604349460546658e-01 -1.138195517618139752e+00
4.174199999905909729e+10 3.386801240433057192e-03 -9.104263391386697712e-01
4.174199999930265045e+10 2.410285309884907246e-01 -1.204102024867341525e+00
4.174199999929983521e+10 1.764024753551627633e-01 -7.592965543171934506e-01
4.174199999965388489e+10 4.517930426068250682e-01 -7.883576363744487780e-01
4.174199999968363953e+10 6.695857265062393759e-02 -5.580241922647619646e-01
4.174199999964063263e+10 -1.576651885414359633e-02 -9.977327287074855278e-01
4.174199999998915100e+10 -1.107375209077977873e-01 -7.302427333994090386e-01
4.174199999966841888e+10 -3.185453582868246203e-01 -9.668540231828625098e-01
4.174199999983478546e+10 -4.485824298658731557e-01 -5.700560712199229663e-01
4.174199999998408508e+10 -2.490810996489692397e-01 -9.441485156421638436e-01
4.174199999990083313e+10 -3.380410154005344392e-01 -5.114920840178780459e-01
4.174199999976759338e+10 -7.294438083895122826e-01 -3.351781226041078421e-01
4.174199999985469055e+10 -6.910992246583428367e-01 -7.744731140848493123e-01
4.174199999997415161e+10 -3.307392661279453527e-01 -1.015108157931593258e+00
4.174199999965265656e+10 -6.227160014728779780e-01 -1.130992251554209238e+00
4.174199999963488770e+10 -5.733461775214726552e-01 -1.577403750096711521e+00
4.174199999991197968e+10 -9.046057526108882696e-01 -1.702002038708852583e+00
4.174200000011016083e+10 -7.569727092738046670e-01 -2.077456421533207642e+00
