5.565600000000000000e+10 0.000000000000000000e+00 0.000000000000000000e+00
5.565599999933838654e+10 1.527910775032310930e-01 -4.212476998591095922e-01
5.565599999910563660e+10 3.820571794580042424e-02 3.345452489326421475e-01
5.565599999987258148e+10 2.504565087845376792e-01 2.619356678838007935e-01
5.565599999908925629e+10 2.618827091707423005e-01 1.044728105754548220e-01
5.565599999953694916e+10 8.209279591850558999e-01 4.588204924070833357e-01
5.565599999913143921e+10 1.466999653488582966e+00 6.968856180894194008e-01
5.565599999865367889e+10 1.242805933042611333e+00 1.296889673043284841e+00
5.565599999838129425e+10 1.170061036000983545e+00 2.044579673935650099e+00
5.565599999842519379e+10 9.557065305375210817e-01 1.276042896116858838e+00
5.565599999922318268e+10 9.207223163956057554e-01 1.253250994384774941e+00
5.565599999889529419e+10 1.127740700976752386e+00 1.951933003697118085e+00
5.565599999921003723e+10 1.376603810747385914e+00 2.642965737026250927e+00
5.565599999925109100e+10 1.389411795715552733e+00 1.845046993534474211e+00
5.565599999900362396e+10 1.095358533039800575e+00 2.545628860564492335e+00
5.565599999940679932e+10 1.196382775646649410e+00 1.863155276669909544e+00
5.565599999895719910e+10 1.297311712997557764e+00 2.515994674313299928e+00
5.565599999902678680e+10 1.126044298697762347e+00 1.738595981223574949e+00
5.565599999920773315e+10 8.240603128329865301e-01 2.455943497172549783e+00
5.565599999934682465e+10 1.166542038250603097e+00 3.164380973249381057e+00
5.565599999999285889e+10 8.495871650464990044e-01 2.816963948366530079e+00
5.565599999929532623e+10 8.925049841430588993e-01 3.204428604172168349e+00
5.565599999930862427e+10 9.395946568017283784e-01 4.002005944554686501e+00
5.565599999929084015e+10 8.846908891177858170e-01 4.798996073747861857e+00
5.565599999997942352e+10 1.203830652590169414e+00 4.548945634981135910e+00
5.565599999926974487e+10 9.655496139158271651e-01 4.269478429176919221e+00
5.565599999901421356e+10 1.098972137961983009e+00 3.524208328970137138e+00
5.565599999853916168e+10 1.243429458144769795e+00 4.150290028261177433e+00
5.565599999843725586e+10 1.067761224376201801e+00 4.923129007953594538e+00
5.565599999796334076e+10 1.259147205484246967e+00 4.308882353679103439e+00
5.565599999778241730e+10 1.478344285872418062e+00 5.055703908163809324e+00
5.565599999844551849e+10 1.122913550889557799e+00 5.324935120901292507e+00
5.565599999906331635e+10 1.106055504353305130e+00 5.831457280571493484e+00
5.565599999927536774e+10 1.421292696097122832e+00 5.128475623527461558e+00
5.565599999951910400e+10 6.641268730200585724e-01 5.052213194978787847e+00
5.565599999957492828e+10 6.776269751937001873e-01 5.849223568339615653e+00
5.565599999961773682e+10 5.416340191959604367e-01 5.062968477481772922e+00
5.565599999891503143e+10 2.778510397366250051e-01 5.337106005171314393e+00
5.565599999910105133e+10 3.467114025781638520e-01 4.563040062075097936e+00
5.565599999838756561e+10 2.336763324772588024e-01 4.221454985150548289e+00
5.565599999811060333e+10 -2.499419945715229130e-01 4.794105900884195748e+00
5.565599999790872955e+10 -6.172308739681180434e-01 5.474451491371481460e+00
5.565599999855370331e+10 -1.643338854037582064e-01 5.342495324480258212e+00
5.565599999857456207e+10 -1.253464085569682140e-01 6.140347867290384620e+00
5.565599999868315887e+10 9.939734586712997699e-02 6.899439906989806914e+00
5.565599999947265625e+10 4.730236523704978158e-02 6.787639002180231529e+00
5.565599999964239502e+10 -5.652630595409159353e-01 6.303412819413320989e+00
5.565600000019409943e+10 -5.459080541819238963e-01 6.881143806604085533e+00
