2.782800000000000000e+10 0.000000000000000000e+00 0.000000000000000000e+00
2.782799999984268951e+10 2.948290203790471797e-01 -7.490552385224026610e-02
2.782799999956375122e+10 1.788020030398625448e-01 8.638342750859935582e-02
2.782799999976155090e+10 2.481216771325414627e-01 -1.844535913096399526e-01
2.782799999978018188e+10 5.826013260910639646e-02 9.995377274540862000e-02
2.782799999978001404e+10 5.930837946243191355e-02 -2.425092589333655013e-01
2.782799999970600891e+10 7.186203328319319683e-02 -5.766468873978363163e-01
2.782799999945600510e+10 2.933586546129109962e-01 -6.522687876448656219e-01
2.782799999944874573e+10 -4.067076847565265219e-02 -7.274598916751197075e-01
2.782799999959405136e+10 -2.698186995790219367e-01 -9.364083578888893200e-01
2.782799999936502838e+10 -4.895991179706027374e-01 -8.078476959693157156e-01
2.782799999944934082e+10 -6.990206181765196147e-01 -1.065366245736836026e+00
2.782799999969842148e+10 -7.801538963597818288e-01 -1.285951332555469673e+00
2.782799999973783112e+10 -8.738417371312687809e-01 -1.612985767346299060e+00
2.782799999953462982e+10 -9.929104324515781732e-01 -1.861610942559749571e+00
2.782799999986285782e+10 -9.462685886799473423e-01 -1.947479278914624246e+00
2.782799999965859604e+10 -9.049566562975356332e-01 -1.675721232823786488e+00
2.782799999951126099e+10 -6.565868039243073495e-01 -1.491638458256949074e+00
2.782799999925945663e+10 -7.883559998732756480e-01 -1.300551867344494239e+00
2.782799999931344986e+10 -8.063170442128939630e-01 -1.638256080879694210e+00
2.782799999941028595e+10 -6.789263555729301292e-01 -1.335474939882096201e+00
2.782799999974789429e+10 -6.232713396031220876e-01 -1.349819637573980380e+00
2.782799999973718643e+10 -6.674156562401377668e-01 -1.010380841142850983e+00
2.782799999966327667e+10 -5.483262098887520253e-01 -1.322850438328886824e+00
2.782799999994560242e+10 -3.604193267206817763e-01 -1.275252715057163755e+00
2.782799999986504745e+10 -5.051348416341238101e-01 -1.575003575793479049e+00
2.782799999990023422e+10 -6.136097009597897278e-01 -1.252084000409578124e+00
2.782800000008769989e+10 -3.790613086664755826e-01 -1.087384535962600873e+00
2.782800000010432816e+10 -3.974184707609274003e-01 -7.458166699840365066e-01
