6.957000000000000000e+09 0.000000000000000000e+00 0.000000000000000000e+00
6.956999999714118004e+09 1.577066863436417388e-02 -4.957209445615950311e-02
6.956999999442689896e+09 9.451668129408902219e-02 -1.171027036472959415e-01
6.956999999602220535e+09 -1.202416708860555294e-01 -3.686517234746028437e-03
6.956999999619382858e+09 5.043730279864447330e-02 -2.382256954737569099e-01
6.956999999866898537e+09 1.058824398834002090e-01 -9.646359174163857131e-02
6.957000000018810272e+09 2.709150294387549507e-03 1.287307609301583389e-01
6.956999999827383041e+09 -1.222082995207000727e-01 -5.067348079990321996e-02
6.956999999734611511e+09 -3.634446440756809449e-01 8.211601678024721407e-02
6.956999999760556221e+09 -5.326370154194092210e-01 -1.526930855109331631e-01
6.956999999613836288e+09 -3.638407997737317379e-01 -3.382077465958335249e-01
6.956999999523123741e+09 -2.414831875026058894e-01 -5.856635788028591305e-01
6.956999999517801285e+09 -2.760409007247098256e-01 -8.741283639934189775e-01
6.956999999550398827e+09 -4.656463265542097885e-01 -1.091893620210806271e+00
6.956999999570886612e+09 -3.874169525761623767e-01 -1.370990226534600342e+00
6.956999999498069763e+09 -1.751006322633312517e-01 -1.186452979644458283e+00
6.956999999653422356e+09 -4.150371553938451141e-01 -1.238706193579647286e+00
6.956999999486904144e+09 -2.124494230994161681e-01 -1.363863749028620287e+00
6.956999999452006340e+09 8.003725342819123512e-03 -1.549920284513565560e+00
6.956999999489948273e+09 8.174185204991597786e-02 -1.828411907001953551e+00
6.956999999388689041e+09 -1.336621508967403837e-01 -1.661732020460305659e+00
6.956999999493975639e+09 -3.629868673890192243e-02 -1.914456253490777193e+00
6.956999999287244797e+09 -2.054445758222895116e-02 -2.118046170889736679e+00
6.956999999437886238e+09 -2.464943427743541970e-01 -2.014661412604317636e+00
6.956999999176257133e+09 -3.319632956401703527e-01 -1.921495412538743786e+00
6.956999999271521568e+09 -4.422017458126478173e-01 -1.670086222297270773e+00
6.956999999297645569e+09 -3.393925930046289285e-01 -1.940608516883590040e+00
6.956999999201224327e+09 -1.488221108133579162e-01 -1.743579906035125582e+00
6.956999999053543091e+09 -3.126411687327851352e-02 -1.522661955598780814e+00
6.956999999080280304e+09 -3.686051347824071539e-02 -1.233372663723772078e+00
6.956999998992800713e+09 5.520243854974495740e-02 -1.494727149225041352e+00
6.956999999093344688e+09 1.728890936399083977e-01 -1.740644444493270937e+00
6.956999999082909584e+09 1.929831922995493554e-01 -1.450951784425309254e+00
6.956999999199865341e+09 4.352672281774210838e-01 -1.341159826495907703e+00
6.956999999042260170e+09 5.086254919041055533e-01 -1.108321602187886112e+00
6.956999999005641937e+09 3.642257097403650001e-01 -8.588375477109529976e-01
6.956999999148588181e+09 1.527176350927031967e-01 -7.200387079110622812e-01
6.956999999150293350e+09 4.339969688389359037e-01 -6.471447628556773468e-01
6.956999999266605377e+09 3.221361777495995726e-01 -8.887914829099574643e-01
6.956999999333099365e+09 1.268037957011016736e-01 -6.841983506442744778e-01
6.956999999462129593e+09 9.332104624432124851e-05 -9.116407811850051335e-01
6.956999999634313583e+09 -1.502807671692289182e-01 -7.322670528484126473e-01
6.956999999836197853e+09 -1.462312516423270037e-01 -5.233155777211851989e-01
6.956999999788557053e+09 9.086260228564890795e-02 -3.622214400259550215e-01
6.956999999984488487e+09 2.486292171657240313e-01 -2.167737461811344302e-01
6.957000000121633530e+09 3.478896837260777031e-01 -4.529370240578612372e-01
