2.782800000000000000e+10 0.000000000000000000e+00 0.000000000000000000e+00
2.782799999970791626e+10 1.749194218105636911e-01 3.703551552589687268e-02
2.782799999947565079e+10 1.462239090597212132e-01 2.870598336846714727e-01
2.782799999979284668e+10 7.621050888370652088e-02 1.785842793703172338e-01
2.782799999976612091e+10 2.415775704648486233e-01 -1.201154260610710067e-01
2.782799999974884415e+10 2.166146108857653352e-01 2.210010772617130304e-01
2.782799999970447540e+10 2.131192852660087622e-01 5.605617029305367538e-01
2.782799999974206924e+10 2.440112611269233123e-01 8.995519377168307296e-01
2.782799999976744843e+10 2.493225947179008306e-01 5.580703751637366983e-01
2.782800000003112030e+10 4.636479855502887437e-01 6.007733880851598984e-01
2.782800000014559555e+10 4.228971245694553849e-01 2.805906740368983576e-01
