5.565600000000000000e+10 0.000000000000000000e+00 0.000000000000000000e+00
5.565599999960620880e+10 -2.911047884342123915e-01 6.314342717411931538e-01
5.565599999941743469e+10 -4.324189604954606359e-02 -1.043996184485558310e-01
5.565599999953479767e+10 -8.169355854498633329e-01 5.730395590087827840e-02
5.565599999908199310e+10 -4.393962813770424525e-01 5.967056118004272491e-01
5.565599999858628845e+10 1.321211761805740625e-02 1.030230122888265321e+00
5.565599999847228241e+10 4.710970868861710792e-01 1.675108566591604786e+00
5.565599999842895508e+10 1.150945347401115759e+00 1.257432942834976419e+00
5.565599999906248474e+10 6.929480590197721890e-01 1.422979155273995655e+00
5.565599999923757935e+10 8.886402235301951169e-01 6.682800200884385644e-01
5.565599999935614777e+10 6.751954989344962632e-01 1.429138742232376469e+00
5.565599999929486084e+10 6.401727005259284509e-01 2.225091566784438424e+00
5.565599999912929535e+10 -1.413474382421019415e-01 2.206697390652903490e+00
5.565599999914951324e+10 -1.863430949669399039e-01 3.004250172138560604e+00
5.565599999917503357e+10 -2.196835331840422678e-01 2.206277031509946696e+00
5.565599999971900177e+10 -4.908069766347129548e-01 2.725036466874376728e+00
5.565600000012687683e+10 1.924189497278285810e-01 2.798259396719174674e+00
