2.087100000000000000e+10 0.000000000000000000e+00 0.000000000000000000e+00
2.087099999982741928e+10 6.831082943328532775e-02 -2.558957285517840519e-01
2.087099999966338348e+10 2.763567682954601867e-01 -8.343922744326925933e-02
2.087099999994394302e+10 3.289557415261085138e-01 5.240303656664851983e-02
2.087099999967365646e+10 1.954793753352088714e-01 -4.278956730222921445e-02
2.087099999978827667e+10 1.951270923784579614e-01 -3.373986543811166028e-01
2.087099999983512497e+10 1.402037643790947086e-01 -6.451670987190978312e-01
2.087099999989780045e+10 -1.054083302440561865e-01 -8.340569230856428318e-01
2.087100000005606079e+10 -2.240824841513757160e-01 -1.080639472105559662e+00
2.087099999979642105e+10 -1.638336612906715062e-01 -9.106708616945554668e-01
2.087099999964078140e+10 -3.590610094853630141e-01 -7.167767474923237847e-01
2.087099999945283508e+10 -6.118273793557349460e-01 -7.435725065510512266e-01
2.087099999955490494e+10 -4.788914812669277099e-01 -4.755378464567114882e-01
2.087099999944040680e+10 -7.734980540273992400e-01 -4.810363855376419417e-01
2.087099999946089172e+10 -6.407429042739026803e-01 -7.671991644212379224e-01
2.087099999957216263e+10 -7.863392809825158203e-01 -1.024790573784254866e+00
2.087099999978342819e+10 -8.439387740243190494e-01 -1.252785642567928237e+00
2.087099999974036407e+10 -1.156900959688933916e+00 -1.241266441140308485e+00
2.087099999957350922e+10 -9.395954824122628724e-01 -1.398968578390380246e+00
2.087099999958189011e+10 -9.472422705718153146e-01 -1.714886168284440515e+00
2.087099999981623077e+10 -8.345042713975111548e-01 -1.894628283647844302e+00
2.087099999997868347e+10 -1.105371952191069207e+00 -1.907752082023305595e+00
2.087100000021709442e+10 -1.048267356096627134e+00 -1.708170482267806323e+00
