1.391400000000000000e+10 0.000000000000000000e+00 0.000000000000000000e+00
1.391399999978527451e+10 -1.867394474517008740e-01 9.389067434634097709e-02
1.391399999966811752e+10 -3.563698267369470596e-01 3.113621092677398283e-01
1.391399999942734528e+10 -3.558769850409901347e-01 4.897505649510594528e-01
1.391399999933857155e+10 -6.418976837542569314e-01 5.000141841708202195e-01
1.391399999959459305e+10 -6.617201125151913610e-01 6.544613413010451630e-01
1.391399999966095161e+10 -6.846326487432875529e-01 9.457784054603082247e-01
1.391399999980172157e+10 -5.547748150839557635e-01 1.176245286042676419e+00
1.391399999979281425e+10 -5.429499718060281088e-01 8.769545610431985772e-01
1.391399999998668480e+10 -6.933958683887898600e-01 1.048927386860826205e+00
1.391399999998936462e+10 -6.258602687084638960e-01 7.569927005658518837e-01
1.391400000003219032e+10 -5.998874912915197477e-01 1.052433899144961771e+00
1.391399999978977966e+10 -5.484526364611896909e-01 8.839539718798162804e-01
1.391399999981760406e+10 -5.145775137188305370e-01 5.875211458945568399e-01
1.391399999992786026e+10 -2.736557530298963092e-01 7.275012346108186145e-01
1.391399999998984146e+10 -5.220155022047520132e-01 8.832889894789124341e-01
1.391400000019074249e+10 -4.395390423090312915e-01 6.768178885889569729e-01
