6.261300000000000000e+10 0.000000000000000000e+00 0.000000000000000000e+00
6.261300000006052399e+10 -5.681816928954606938e-02 1.511662013481221312e+00
6.261299999893918610e+10 9.587346281892968891e-01 1.568816682389505557e+00
6.261299999888897705e+10 -5.129679777211672009e-01 1.217271347257566028e+00
6.261299999982008362e+10 5.777254412259055227e-01 7.320431207860700340e-01
6.261299999991033936e+10 1.238929948379584367e+00 -6.268813418024172801e-01
6.261299999956317902e+10 2.121753151323422237e+00 -1.806760560432053353e+00
6.261299999851333618e+10 1.513806462783357398e+00 -9.010851919098515905e-01
6.261299999860485077e+10 1.443525830582522262e+00 6.084509414238697955e-01
6.261299999912340546e+10 5.805652172919113507e-01 -5.222184212501969069e-01
6.261300000019410706e+10 -3.845271508023637708e-01 -5.939216130919572345e-02
