2.087100000000000000e+10 0.000000000000000000e+00 0.000000000000000000e+00
2.087099999990601730e+10 -2.852404193126623078e-01 9.868121894315262654e-02
2.087099999972157288e+10 -4.075003248163414082e-01 -1.270751113049022607e-01
2.087099999946904373e+10 -3.393940296019353764e-01 -3.046236020632638319e-01
2.087099999920356369e+10 -2.884127412145817693e-01 -4.684964009497448734e-01
2.087099999910784531e+10 -1.882349475147383489e-01 -7.526353979217810242e-01
2.087099999899854279e+10 -2.282836684415441297e-01 -1.046543250872178588e+00
2.087099999905984116e+10 -2.814446304755363615e-02 -8.096481021558035174e-01
2.087099999910670090e+10 1.173546949946090157e-02 -1.119722757510315692e+00
2.087099999941216660e+10 3.918834143625211930e-02 -1.196330203151448668e+00
2.087099999930770111e+10 -6.479578512322231587e-02 -9.166757271706780230e-01
2.087099999928863907e+10 1.051695434014543462e-01 -6.508164864839146579e-01
2.087099999960354233e+10 1.253812404974762318e-01 -6.698222010913588154e-01
2.087099999984184265e+10 3.258431050103183235e-01 -7.242392064684701758e-01
2.087099999975241470e+10 2.867272539230057982e-01 -4.235644591387827673e-01
2.087099999963676834e+10 3.814795867629868220e-01 -1.450309443782481500e-01
2.087099999975654984e+10 2.147115097707710252e-01 -3.853926817730745635e-01
2.087099999972576523e+10 3.238867039563020356e-01 -6.804617346726558047e-01
2.087099999984982300e+10 4.977830163251902862e-01 -4.474320442413919907e-01
2.087099999985073471e+10 4.903983602966416888e-01 -7.634657438152527842e-01
2.087099999992924118e+10 2.981437007811017503e-01 -1.001808583908386785e+00
2.087100000000196838e+10 4.830873809194871082e-01 -7.559650628026139962e-01
2.087100000004546738e+10 7.946309829903838162e-01 -7.246452285150272177e-01
2.087099999978874588e+10 6.730387602469470876e-01 -5.859280899621062133e-01
2.087099999980413055e+10 9.425934888366909181e-01 -4.215009918004206657e-01
2.087099999951692963e+10 8.884011128546439595e-01 -5.419648512845441912e-01
2.087099999957877731e+10 8.998855501482835306e-01 -8.517639189745924710e-01
2.087099999945148849e+10 1.171316224931353123e+00 -9.520436398747449402e-01
2.087099999953135681e+10 9.818062401531870709e-01 -7.119612607820293704e-01
2.087099999947346115e+10 9.041753524860366431e-01 -4.110391361512425457e-01
2.087099999933405304e+10 6.455922332239744099e-01 -5.278003007070884989e-01
2.087099999945615005e+10 5.322290159085815153e-01 -2.591481278911225705e-01
2.087099999939997864e+10 2.770836089657729984e-01 -4.371314549159520668e-01
2.087099999919281387e+10 4.792065481075271638e-01 -5.642598751956670045e-01
2.087099999919604111e+10 4.496034221658732899e-01 -2.495442965741313524e-01
2.087099999931736755e+10 2.956635912602467720e-01 -1.521376335828605875e-03
2.087099999931736755e+10 3.975627699022071804e-01 2.977263785369544391e-01
2.087099999930466080e+10 3.911484243335576760e-01 -1.807429566216389727e-02
2.087099999959458160e+10 3.124163207080432603e-01 -1.164567070668321852e-01
2.087099999955246353e+10 5.097825994675652117e-01 1.268643800395916066e-01
2.087099999962349701e+10 7.968138522707184368e-01 2.386670493084479261e-01
2.087099999977100372e+10 6.472984132230070742e-01 4.749285973992133369e-01
2.087099999995638275e+10 7.365362040333756077e-01 7.149369376816598898e-01
2.087100000005535889e+10 5.579596932785998442e-01 4.735925519008309381e-01
2.087100000028894424e+10 3.491837176607077708e-01 4.313566774602472509e-01
