3.478500000000000000e+10 0.000000000000000000e+00 0.000000000000000000e+00
3.478499999981607819e+10 8.961956331879550319e-02 -3.244382303262806078e-01
3.478499999993514252e+10 2.263844782702706671e-01 -6.624288901483796899e-01
3.478500000000440216e+10 4.124980076675599516e-01 -9.905809756136743083e-01
3.478500000005223083e+10 7.926189442713373889e-01 -1.008992844842089953e+00
3.478499999999254608e+10 7.245317428370631196e-01 -1.381713518233038673e+00
3.478499999986043549e+10 3.766134685097207169e-01 -1.474549022347221294e+00
3.478499999974246979e+10 5.340246773952204151e-01 -1.145269419189434146e+00
3.478499999945121002e+10 2.856580496667220359e-01 -1.169801849039174391e+00
3.478499999970974731e+10 3.680749580100108886e-01 -1.440882097206259038e+00
3.478499999977674103e+10 4.338497556825204327e-01 -1.812774771249821226e+00
3.478499999982033539e+10 1.002476481746276682e-01 -1.996970151786536363e+00
3.478500000006378937e+10 3.072436284601837153e-01 -2.209103073653588822e+00
3.478499999985170746e+10 3.925096278609578326e-01 -2.517112868991883357e+00
3.478500000003972626e+10 4.639003155579054516e-01 -2.843717081833738280e+00
3.478500000011353302e+10 1.627981989075149016e-01 -2.617867378972177583e+00
