4.869900000000000000e+10 0.000000000000000000e+00 0.000000000000000000e+00
4.869899999996080780e+10 -1.228028273863587400e-01 5.491310666121392847e-01
4.869899999961888123e+10 -5.670743829022935056e-01 4.869355219605093765e-01
4.869899999920863342e+10 -6.016833790132468662e-01 8.725005210105267750e-01
4.869899999941851044e+10 -9.623696026342269949e-01 1.251997635195976510e+00
4.869899999973551178e+10 -1.419882460759595011e+00 1.343404787623956098e+00
4.869899999963191986e+10 -1.268327384756545051e+00 1.876753855950988426e+00
4.869899999954010010e+10 -8.973519790759429959e-01 1.461894724695873560e+00
4.869899999978001404e+10 -7.470563994707578592e-01 1.949759982473563413e+00
4.869899999963855743e+10 -1.095675813798059117e+00 2.370017024304244657e+00
4.869899999983773804e+10 -1.607904826285734945e+00 2.496937682462796015e+00
4.869899999994068146e+10 -1.943478956043359185e+00 2.055401221110733534e+00
4.869899999955432892e+10 -1.536811791556787155e+00 2.114698227631772731e+00
4.869899999974774170e+10 -1.220133371808050260e+00 1.689883449955820627e+00
4.869899999973200226e+10 -1.166471413180254268e+00 2.251162556123604830e+00
4.869899999956696320e+10 -9.681307914334643661e-01 2.752743672355733029e+00
4.869899999960763550e+10 -1.103390774132369634e+00 3.298831550274083924e+00
4.869899999960849762e+10 -1.087350465325966908e+00 2.735002209801062012e+00
4.869899999994251251e+10 -8.574606354360599925e-01 2.342897548911498262e+00
4.869900000004856110e+10 -1.381220455131077607e+00 2.162369309965799236e+00
4.869900000009199524e+10 -1.282876642330945893e+00 1.608651624321063567e+00
4.869899999997537231e+10 -9.554961729668932646e-01 2.052929406892260111e+00
4.869900000011924744e+10 -7.792977516211445632e-01 1.536775584756974400e+00
