4.174200000000000000e+10 0.000000000000000000e+00 0.000000000000000000e+00
4.174199999965586090e+10 1.632979887800014296e-01 2.386192133363335688e-01
4.174199999984977722e+10 5.222263658792042351e-02 -1.513752836183033801e-01
4.174199999970382690e+10 4.771414236885456739e-01 -1.647359305156662623e-01
4.174199999936333466e+10 7.664011727742154889e-01 -2.140271153252455705e-01
4.174199999941152191e+10 7.522157107103805140e-01 2.326421356347342650e-01
4.174199999960263824e+10 3.582281127459703840e-01 3.340585768347665852e-01
4.174199999964092255e+10 4.930634862962192111e-01 7.611303841500602907e-01
4.174199999959946442e+10 5.197728738325090303e-01 1.207901441007315224e+00
4.174199999924603271e+10 6.835606820706132680e-01 1.432166709737281884e+00
4.174199999947136688e+10 9.456297691597472799e-01 1.719534239038297940e+00
4.174199999984893799e+10 1.108042116831392088e+00 1.901458567339539218e+00
4.174199999996559906e+10 1.257803893867823986e+00 2.308886199409609485e+00
4.174199999988687134e+10 1.237962227936617143e+00 2.750977759936044542e+00
4.174200000028445435e+10 1.400326101902646059e+00 2.883658262178784515e+00
