6.261300000000000000e+10 0.000000000000000000e+00 0.000000000000000000e+00
6.261299999922993469e+10 -1.179506316237069141e+00 -5.547775134143528852e-01
6.261299999940183258e+10 9.924865509707281319e-02 2.372141681767543364e-01
6.261299999876284027e+10 8.461317816605438968e-02 1.609617942419457437e+00
6.261299999802488708e+10 -1.229173711525839874e+00 1.755914746389547032e+00
6.261299999755005646e+10 -2.200377624993606673e+00 6.960503495493193249e-01
6.261299999833754730e+10 -3.490936289742846199e+00 7.756373169768777665e-01
6.261299999831202698e+10 -3.403355379792588398e+00 2.286826227784811927e+00
6.261299999899828339e+10 -2.391871460625285994e+00 1.393537598971132718e+00
6.261299999857865906e+10 -2.488682761867603954e+00 -5.786164132597293452e-02
6.261299999839777374e+10 -2.677672668314877935e+00 1.433304328850502518e+00
6.261299999752650452e+10 -1.565149302845053825e+00 1.976625249177693000e+00
6.261299999757571411e+10 -1.714416544793269326e+00 3.482384802595563933e+00
6.261299999735266876e+10 -2.489596259511541732e+00 2.201228404851430120e+00
6.261299999726750946e+10 -1.142657825137896932e+00 1.515285058905905480e+00
6.261299999749663544e+10 -1.142576415511749932e+00 1.878407877379895119e-02
6.261299999768943787e+10 -2.016225670083257704e+00 1.240086297420793571e+00
6.261299999711228180e+10 -1.341274080725344042e+00 1.397721451057298836e-02
6.261299999818945312e+10 -1.667467257269312331e+00 -9.985978732759797083e-01
6.261299999917929840e+10 -5.349656556599065027e-01 -1.170826066134020849e+00
6.261299999788545227e+10 -1.320266886563147946e+00 -1.206565666244593160e+00
6.261299999805661774e+10 -2.341066298038435356e+00 -2.311411345162631470e+00
6.261299999864616394e+10 -3.547978194379079575e+00 -1.612978254480483375e+00
6.261299999891229248e+10 -3.622150396918322190e+00 -3.101497305160317630e+00
6.261299999886214447e+10 -5.072909014062287447e+00 -3.531379276702717895e+00
6.261299999756910706e+10 -4.950457133572252921e+00 -2.753515637238503011e+00
6.261299999702410126e+10 -5.727467876800814039e+00 -1.574008250543372789e+00
6.261299999704380798e+10 -7.043439755051880802e+00 -2.322235229121095479e+00
6.261299999678666687e+10 -7.160166544554982693e+00 -3.809603969343248409e+00
6.261299999688948822e+10 -7.093260177115507936e+00 -2.300642209227595103e+00
6.261299999780332947e+10 -7.680176733880125894e+00 -3.355360886067882742e+00
6.261299999793279266e+10 -6.750548812769243234e+00 -2.167487066566653020e+00
6.261299999873933411e+10 -6.139063389462748432e+00 -3.293358211919459322e+00
6.261299999923188019e+10 -6.397197716575272253e+00 -1.885246651624810532e+00
6.261299999813106537e+10 -5.970040752833216224e+00 -2.832745865673670149e+00
6.261299999793686676e+10 -6.574746966566975104e+00 -4.207020551210602477e+00
6.261299999654745483e+10 -7.053298496660445061e+00 -3.842970660314207532e+00
6.261299999657057953e+10 -6.875337944336180840e+00 -5.346236851155265590e+00
6.261299999749042511e+10 -6.197187212754877272e+00 -6.339218411714920620e+00
6.261299999883153534e+10 -5.798822628396695933e+00 -6.917782646528702450e+00
6.261299999975000000e+10 -6.983307697101337475e+00 -6.704641410724393680e+00
6.261299999975080109e+10 -7.035527175847175130e+00 -8.217680171939585776e+00
6.261299999975502777e+10 -6.195965692368401001e+00 -9.477494626676868705e+00
6.261300000098169708e+10 -6.137144031086859464e+00 -1.036284350204466520e+01
