4.174200000000000000e+10 0.000000000000000000e+00 0.000000000000000000e+00
4.174200000000870514e+10 -4.726728682719987776e-04 4.493999863789475135e-01
4.174199999977567291e+10 -9.219608431959840089e-02 8.226526198248704791e-01
4.174199999976955414e+10 4.017710565802805334e-02 1.252159562160896300e+00
4.174199999976719666e+10 1.612742351553499431e-01 1.685017807230690723e+00
4.174199999988034058e+10 -1.530549443101586471e-02 1.287456323806231318e+00
4.174199999961577606e+10 2.885401204603139091e-01 1.088156686488844782e+00
4.174199999928598785e+10 3.392130074977200982e-02 9.195019398762932505e-01
4.174199999913892365e+10 4.221331410189960720e-01 7.471630715503295717e-01
4.174199999905886078e+10 2.090249554309625835e-01 1.134733352369891701e+00
4.174199999890247345e+10 -1.862994696935047767e-01 1.280674912820922939e+00
4.174199999877011108e+10 -2.191187278007807326e-01 1.708972467833670628e+00
4.174199999872881317e+10 1.417445714067409046e-01 1.973753154275522004e+00
4.174199999867094421e+10 5.328983882684148465e-01 1.760009361375649783e+00
4.174199999865045166e+10 7.570337767023254116e-01 2.149084809654452144e+00
4.174199999863713837e+10 5.311952109444079140e-01 2.537486631869154241e+00
4.174199999865916443e+10 5.791108638290393129e-01 2.983866894086447008e+00
4.174199999865441895e+10 8.356051576365108868e-01 2.614780848632978216e+00
4.174199999871779633e+10 7.639997809555018060e-01 3.053975758471362489e+00
4.174199999842031860e+10 8.042937746491829465e-01 2.719431966924918065e+00
4.174199999871519470e+10 8.752979768614482792e-01 2.387707956352055128e+00
4.174199999871185303e+10 8.706362028786505114e-01 1.938260020393346439e+00
4.174199999859348297e+10 6.593596077988507220e-01 2.316923781886729206e+00
4.174199999823179626e+10 5.797294690347047919e-01 2.571638057039791647e+00
4.174199999779425049e+10 6.596206560407033015e-01 2.636510949608517951e+00
4.174199999800943756e+10 5.631221135313505544e-01 2.253864527848065347e+00
4.174199999817200470e+10 5.284373552512041661e-01 2.671481793739981736e+00
4.174199999800909424e+10 7.453584745194710148e-01 3.029868437335186737e+00
4.174199999796582794e+10 7.399894291671763602e-01 2.582503667473260656e+00
4.174199999788799286e+10 5.650338519381739033e-01 2.175848901172749095e+00
4.174199999807360840e+10 1.676755020365865989e-01 2.077413804181158508e+00
4.174199999776292419e+10 1.139440156997652553e-01 1.757064294992907172e+00
4.174199999798614502e+10 1.957287223994149672e-01 1.375591545833541041e+00
4.174199999766013336e+10 -7.900342126799492215e-03 1.142596813566166603e+00
4.174199999808889771e+10 1.020838688638964348e-01 1.220700003776132858e+00
4.174199999774869537e+10 -1.171537773326832704e-01 1.025168141155715196e+00
4.174199999767952728e+10 -5.542585328683443668e-01 1.103853798014353682e+00
4.174199999800231934e+10 -8.286765174733585759e-01 9.537312869470306875e-01
4.174199999786045074e+10 -1.081738569775935410e+00 6.104108892982117451e-01
4.174199999790539551e+10 -1.089557639945798018e+00 1.632474724042308756e-01
4.174199999764809418e+10 -9.877617563665066491e-01 -1.909721217125903703e-01
4.174199999778402710e+10 -6.665231091084322657e-01 -4.744583865975035009e-01
4.174199999773470306e+10 -9.028281997332556763e-01 -9.529724663739752577e-02
4.174199999805957794e+10 -1.212243578907721719e+00 -6.780721688351912246e-02
4.174199999800054169e+10 -1.154137074790238859e+00 -5.095933470778997165e-01
4.174199999829570770e+10 -1.138303040674377709e+00 -8.482089143492659300e-01
4.174199999842356873e+10 -9.171670697038416531e-01 -1.218055163281832609e+00
4.174199999869379425e+10 -5.638677097047763986e-01 -1.153294189720314611e+00
4.174199999878750610e+10 -4.852441857713540307e-01 -1.585813701101035811e+00
4.174199999846322632e+10 -6.800416968720780497e-01 -1.343050312772296806e+00
4.174199999872048950e+10 -5.663168782387569822e-01 -1.693650632516686461e+00
4.174199999911334991e+10 -7.845224434018266413e-01 -1.684444934911564440e+00
4.174199999876473999e+10 -8.898726400812899673e-01 -1.420985080038560389e+00
4.174199999871537018e+10 -9.614036249677557766e-01 -9.799833477793264969e-01
4.174199999841822815e+10 -9.155335010824349196e-01 -1.314108142927731704e+00
4.174199999831245422e+10 -9.540245750490652377e-01 -8.789453803258248099e-01
4.174199999801850128e+10 -1.048190913720594697e+00 -5.522038052287072674e-01
4.174199999833235931e+10 -1.316907740453069575e+00 -3.752250552220789404e-01
4.174199999819488525e+10 -1.725309510134601210e+00 -5.030761663924784299e-01
4.174199999774774933e+10 -1.727276803787421988e+00 -4.572611078080937586e-01
4.174199999774868011e+10 -1.453853225387626180e+00 -1.005048527675516112e-01
4.174199999773998260e+10 -1.441587705412862741e+00 -5.497377537752037302e-01
4.174199999781327820e+10 -1.403192677761246898e+00 -9.915404003325103410e-01
4.174199999801326752e+10 -1.753324557999776490e+00 -7.929217568929447513e-01
4.174199999801432800e+10 -1.509424153761926846e+00 -4.153667125722678155e-01
4.174199999766531372e+10 -1.548186739819320756e+00 -6.959448048730263459e-01
4.174199999770919037e+10 -1.995181028506270104e+00 -7.134685631527803995e-01
4.174199999765917206e+10 -1.728801776967930692e+00 -1.072044842603902870e+00
4.174199999765859985e+10 -1.648970776770818158e+00 -6.297066979384100538e-01
4.174199999779490662e+10 -1.477364469289147220e+00 -2.372676518218858610e-01
4.174199999807023621e+10 -1.518516233659280568e+00 1.156268118478073759e-01
4.174199999782616425e+10 -1.895307980263812864e+00 1.378461336093865230e-01
4.174199999760607910e+10 -1.610666725318724790e+00 -1.315584993900856814e-01
4.174199999798271179e+10 -1.855735247776447050e+00 -1.203283774228198072e-01
4.174199999789643097e+10 -1.973347724920236690e+00 3.048291837503581680e-01
4.174199999824013519e+10 -2.255431043675085956e+00 3.706705229151601166e-01
4.174199999853549957e+10 -2.162641124954591820e+00 6.965362467179141426e-01
4.174199999868447876e+10 -2.342061322677926327e+00 1.080789498362901391e+00
4.174199999832729340e+10 -2.437535472464343655e+00 1.336407828292593747e+00
4.174199999821515656e+10 -2.337220724189379428e+00 1.759962741833005939e+00
4.174199999839842987e+10 -2.205272776957284631e+00 2.148595750196489185e+00
4.174199999876450348e+10 -2.267569840544802595e+00 2.401868365497404678e+00
4.174199999901699829e+10 -1.926132456018035510e+00 2.254553373575164166e+00
4.174199999921400452e+10 -2.270692125911360382e+00 2.465513343332005114e+00
4.174199999913881683e+10 -2.376294689148119144e+00 2.895898583021301320e+00
4.174199999917578888e+10 -2.342983886691009765e+00 3.342619835077409007e+00
4.174199999933404541e+10 -1.923007110649228135e+00 3.317892334678837152e+00
4.174199999955039978e+10 -1.928342479468956983e+00 3.711843245442099093e+00
4.174199999985752869e+10 -2.029140623086157280e+00 3.399518083143044045e+00
4.174199999978408051e+10 -2.022954267617135038e+00 2.956117942511966579e+00
4.174199999980962372e+10 -1.996872864316015406e+00 2.508118516167120671e+00
4.174199999979693604e+10 -2.009724553999550967e+00 2.058996892873053319e+00
4.174199999994641113e+10 -1.587678200832244313e+00 2.098626523764323792e+00
4.174200000015013123e+10 -1.987787509119479434e+00 2.119737617433196775e+00
