1.391400000000000000e+10 0.000000000000000000e+00 0.000000000000000000e+00
1.391400000001345444e+10 -6.241249211697500604e-02 -2.927759613676617634e-01
1.391399999973732758e+10 -3.506341139669563733e-03 -3.931645750498400926e-01
1.391399999962356567e+10 -1.420391384078541486e-01 -1.530372411885785322e-01
1.391399999977708626e+10 -3.767988682034494885e-01 -2.584580581771562247e-01
1.391399999974540710e+10 -3.593746846225571168e-01 -5.559254985870188959e-01
1.391399999974397278e+10 -4.610676654393063290e-01 -8.377953038179035694e-01
1.391399999982058716e+10 -7.473842971428387161e-01 -7.936675216689816903e-01
1.391399999979972458e+10 -7.041565519719974464e-01 -4.978800096850821144e-01
1.391399999981420135e+10 -7.193344369215327605e-01 -7.968016537330659954e-01
1.391399999997742653e+10 -9.064792705735968958e-01 -9.645166728690501845e-01
1.391399999998432541e+10 -9.103809705166171495e-01 -1.264068485609087356e+00
1.391400000001468468e+10 -1.184018575605772838e+00 -1.382368573008509127e+00
1.391399999986778259e+10 -9.792608427073350441e-01 -1.544504711550060305e+00
1.391399999986799431e+10 -9.768901210854992190e-01 -1.244857520471465584e+00
1.391399999983677673e+10 -9.743770685099554241e-01 -1.542873089235404116e+00
1.391400000004124832e+10 -7.553225906613341145e-01 -1.543638654523395104e+00
1.391399999991028786e+10 -5.828994326234603340e-01 -1.750794380687433760e+00
1.391399999990948486e+10 -5.806808695735155013e-01 -1.451147026365245951e+00
1.391399999989945030e+10 -5.436380765930989289e-01 -1.153958101867472275e+00
1.391399999998266983e+10 -8.218322937118719418e-01 -1.227961049882567934e+00
1.391399999981244087e+10 -8.632057987987904468e-01 -1.471074506948216065e+00
1.391399999996313477e+10 -9.255785373854096276e-01 -1.219687966728470352e+00
1.391399999978318596e+10 -1.155169324539941256e+00 -1.288248397873650974e+00
1.391399999988714600e+10 -1.218411954536429809e+00 -1.014411539159194575e+00
1.391400000014770508e+10 -1.211716048158822723e+00 -8.665678491301953557e-01
