6.261300000000000000e+10 0.000000000000000000e+00 0.000000000000000000e+00
6.261299999924102020e+10 -5.938926211329197402e-01 1.167587508505676386e+00
6.261299999927924347e+10 -5.893097216498084379e-01 2.681037853832431317e+00
6.261299999871830750e+10 -1.953525342611449167e+00 3.022042969832370307e+00
6.261299999887639618e+10 -2.633606734969260010e+00 1.678722427083007229e+00
6.261299999858275604e+10 -1.158067659838384111e+00 1.509678927905286017e+00
6.261299999868447113e+10 -1.418437569711314516e+00 2.176941455637448897e-02
6.261299999924790955e+10 -7.403736131016935840e-01 -1.208994832314657542e+00
6.261299999951707458e+10 7.376104997409889119e-01 -1.396412016531784150e+00
6.261300000056969452e+10 1.038629153874826461e+00 -3.507571006118233026e-01
