3.478500000000000000e+10 0.000000000000000000e+00 0.000000000000000000e+00
3.478500000002290344e+10 -3.112643719639726289e-02 3.816087058136964361e-01
3.478499999978837585e+10 3.142736669044483844e-02 6.785999109592814049e-01
3.478499999962417603e+10 1.269944016085857441e-01 1.011802798747899690e+00
3.478499999984202576e+10 2.054035146550128865e-01 1.317600967534930945e+00
3.478499999985034943e+10 4.719407684743106568e-01 1.593294873041700255e+00
3.478499999988528442e+10 8.536585950313317905e-01 1.607055583318617753e+00
3.478499999959229279e+10 7.290870899930084192e-01 1.820965968139739655e+00
3.478499999966796112e+10 5.825226924797768380e-01 1.474683762728602465e+00
3.478500000000948334e+10 5.633057115296604689e-01 1.301150905169358385e+00
3.478500000019583130e+10 4.552409693865754337e-01 9.837961894538103103e-01
