6.957000000000000000e+09 0.000000000000000000e+00 0.000000000000000000e+00
6.956999999994990349e+09 -5.038780847127059120e-03 -2.904892708816894653e-01
6.956999999997405052e+09 -3.987007010075220570e-02 -2.018393772362514493e-03
6.956999999788778305e+09 -2.416578955152300923e-01 1.180075774521377116e-02
6.956999999510739326e+09 -1.583774204052844914e-01 2.570344316842801402e-02
6.956999999403274536e+09 -1.228296686624293227e-01 2.933265337761413738e-01
6.956999999277606010e+09 6.343810820506394499e-02 4.775716029284318154e-01
6.956999999244097710e+09 -1.258708916298890979e-02 7.560170068237486163e-01
6.956999999432111740e+09 1.216446598695675868e-01 5.797582670519789705e-01
6.956999999498059273e+09 2.858823880189964584e-01 3.492992822963406074e-01
6.956999999498929024e+09 2.844352397944555633e-01 6.398705246614515563e-01
6.956999999540615082e+09 1.902279413165803845e-01 9.115721251637067812e-01
6.956999999605744362e+09 1.356449660774080024e-01 1.189445008336556198e+00
6.956999999549592018e+09 -7.317040688436857176e-02 1.383552064942593862e+00
6.956999999657754898e+09 9.604619168665676221e-02 1.593554347674745131e+00
6.956999999883474350e+09 1.096128844797150670e-02 1.755560288530281010e+00
6.956999999990787506e+09 -1.061362837381598506e-01 1.512236135349497301e+00
6.957000000109975815e+09 -3.709792528794366717e-01 1.502920562322879627e+00
