6.957000000000000000e+09 0.000000000000000000e+00 0.000000000000000000e+00
6.957000000067618370e+09 1.372509820183522300e-01 -2.470311053982910676e-01
6.956999999906550407e+09 3.451115611795143034e-01 -1.233957019486413426e-01
6.956999999646171570e+09 4.257365373484561788e-01 -2.271363559893840867e-02
6.956999999547308922e+09 5.259736838985084040e-01 -2.769050284777749837e-01
6.956999999470149994e+09 5.997427781886599529e-01 -6.647497538795232863e-03
6.956999999683169365e+09 7.892620795722185001e-01 4.938490325512262524e-02
6.956999999724713326e+09 7.614145794351667718e-01 3.356245005196334397e-01
6.956999999949094772e+09 8.652909985573404850e-01 4.882582177884112751e-01
6.956999999961837769e+09 7.273661872463148548e-01 7.436967856263445587e-01
6.956999999724757195e+09 8.787831986751372115e-01 8.165003236478769466e-01
6.956999999722366333e+09 8.728081355593300117e-01 1.107005191448309445e+00
6.956999999639640808e+09 1.032070290640297205e+00 8.784738445469066903e-01
6.956999999603934288e+09 1.240104940178710979e+00 1.078176439912557516e+00
6.956999999541665077e+09 1.288704909875438620e+00 7.985425796405549725e-01
6.956999999728064537e+09 1.236559079263469085e+00 5.818157350208671419e-01
6.957000000015804291e+09 1.249252226333734672e+00 5.433521983023239521e-01
6.957000000000910759e+09 1.109788450197188414e+00 2.888673712724725284e-01
6.957000000224143982e+09 1.199064388383342061e+00 4.520575257080441389e-01
