6.957000000000000000e+09 0.000000000000000000e+00 0.000000000000000000e+00
6.956999999875357628e+09 -1.395147620957037371e-01 -2.223382636881977570e-01
6.956999999631633759e+09 -1.540207550251820323e-01 -3.798901978398001589e-01
6.956999999608504295e+09 -1.362071353001937379e-01 -9.078436609089035603e-02
6.956999999440053940e+09 2.013063601666059688e-03 1.014504131418904886e-01
6.956999999421631813e+09 2.033973527107373058e-01 -1.072107819669288475e-01
6.956999999386445999e+09 -6.507503470303513393e-02 -1.763838467946893251e-03
6.956999999675606728e+09 -8.732875342813847808e-02 -1.979936364082349187e-02
6.956999999819565773e+09 -5.525246602036944232e-02 2.305629370375153198e-01
6.956999999919968605e+09 2.158867960026424893e-01 2.594976036081190762e-01
6.957000000009556770e+09 1.956367860692189986e-01 5.351755196050300700e-01
6.957000000271632195e+09 2.252566990800461966e-01 6.571322705920685792e-01
