2.782800000000000000e+10 0.000000000000000000e+00 0.000000000000000000e+00
2.782800000002350616e+10 1.946311322335955440e-01 2.807992267205260961e-01
2.782800000001349640e+10 4.934050519943727897e-01 1.137184863990680916e-01
2.782799999973276901e+10 5.942688585312079219e-01 -5.450923243982666588e-02
2.782799999972769547e+10 9.318573619885077708e-01 -1.118706442585327004e-01
2.782799999993679047e+10 8.532978455538214879e-01 -3.714656352511311321e-01
2.782799999977394485e+10 6.044803614530014357e-01 -2.016022186826971763e-01
2.782799999952167130e+10 8.219597232426844036e-01 -1.219572894929869117e-01
2.782799999947175217e+10 8.711766606969398863e-01 2.132560040267505452e-01
2.782799999951833344e+10 7.023360730243739525e-01 5.075432240677867357e-01
2.782799999948906326e+10 7.405590852582042416e-01 1.684792330001794736e-01
2.782799999928910446e+10 7.733730599360719715e-01 4.445612041680921944e-01
2.782799999954786301e+10 9.956980475970068634e-01 4.745336568022568424e-01
2.782799999953313446e+10 1.158871631523398005e+00 7.752651908959086180e-01
2.782799999954445648e+10 1.165255059870043741e+00 1.117483169010747623e+00
2.782799999977795792e+10 1.384256582291896187e+00 1.239128634676095242e+00
2.782799999984246063e+10 1.389437347488147401e+00 1.575423851306414491e+00
2.782799999985483932e+10 1.112777546730467471e+00 1.373958711661837473e+00
2.782800000016811752e+10 9.747965302832273249e-01 1.383967864463300890e+00
