6.957000000000000000e+09 0.000000000000000000e+00 0.000000000000000000e+00
6.956999999794317245e+09 -1.497128267400774371e-01 1.404112790741865457e-01
6.956999999710391045e+09 1.036513285056277767e-01 2.553127146537674530e-02
6.956999999597394943e+09 1.737238595831974708e-02 2.789525046226163374e-01
6.956999999571057320e+09 3.062051502326182950e-01 2.611635413206614964e-01
6.956999999509263039e+09 2.871391835802797887e-01 5.444522789726329304e-01
6.956999999319723129e+09 2.908913522158082521e-01 7.646679134245363274e-01
6.956999999258232117e+09 2.579107195379437556e-01 4.825940112569186979e-01
6.956999999201513290e+09 3.926695074432384747e-03 3.533285742526022233e-01
6.956999999255805016e+09 1.571172009242694789e-01 5.942011333507393189e-01
6.956999999265373230e+09 1.501053173015785835e-01 3.038672067948358091e-01
6.956999999397891998e+09 -1.746462864437373086e-02 5.008283157140507313e-01
6.956999999181468010e+09 1.142699035959635900e-01 3.585574556044432426e-01
6.956999998947947502e+09 -5.060052420205615742e-02 3.064005956957316368e-01
6.956999998695425034e+09 -1.943389651258337625e-01 3.038949974497418549e-01
6.956999998901746750e+09 -2.217738376618266227e-01 5.066592296249236016e-01
6.956999998888087273e+09 -2.315131197597781187e-01 2.165677494527303293e-01
6.956999998822579384e+09 5.130910276968264627e-02 2.041239739603909475e-01
6.956999998920752525e+09 -2.209144624268351564e-01 2.304099481397435811e-01
6.956999999000400543e+09 -3.613699964477693483e-01 -1.117428405450993090e-02
6.956999998880319595e+09 -3.556971380062619037e-01 -2.757171797945651703e-01
6.956999999115311623e+09 -5.174382801883185001e-01 -3.309718422348991718e-01
6.956999999008228302e+09 -4.973260030637193796e-01 -6.159628965371061193e-02
6.956999999066626549e+09 -5.099098994914652572e-01 -3.459653421981422894e-01
6.956999998957777977e+09 -6.433843778540973002e-01 -5.799975889703523624e-01
6.956999998808736801e+09 -3.984859235556500456e-01 -5.326055667871085753e-01
6.956999998665886879e+09 -2.548355311110026000e-01 -7.409156098879142727e-01
6.956999998804779053e+09 -3.819889207093177252e-02 -8.758676531916652630e-01
6.956999998831694603e+09 1.255740381921644500e-01 -6.373546131120995106e-01
6.956999998673407555e+09 -1.003487400585599820e-01 -5.460393510792174165e-01
6.956999998939254761e+09 -1.805705264186955872e-01 -4.604573276724958641e-01
6.956999998958656311e+09 -4.327233849165836865e-01 -6.035552396496256522e-01
6.956999998749352455e+09 -3.373407112995129298e-01 -7.811184451660716510e-01
6.956999998750912666e+09 -1.879654520040461296e-01 -1.030355470945468310e+00
6.956999998635809898e+09 -3.322607045956781358e-01 -8.059344183353797098e-01
6.956999998438990593e+09 -2.837020946090882956e-01 -1.014113712976420167e+00
6.956999998193885803e+09 -1.451529234739584728e-01 -1.085962509479430738e+00
6.956999997918428421e+09 -2.334038511611130629e-01 -1.113703915605736450e+00
6.956999997921593666e+09 -2.265715561249081467e-01 -8.232253461691012575e-01
6.956999997935121536e+09 -2.782320172814881087e-01 -5.375984982537169721e-01
6.956999997822584152e+09 -2.907511119256686594e-02 -4.391576752232483893e-01
6.956999997687307358e+09 -2.655614267095030012e-01 -3.381189535791255807e-01
6.956999997563405037e+09 -1.862150795933264213e-01 -5.886920094097846112e-01
6.956999997678058624e+09 -2.467495382287614725e-01 -3.286448095059745778e-01
6.956999997542988777e+09 -4.688198730643826084e-01 -1.987398783092234056e-01
6.956999997272256851e+09 -5.003134991285569377e-01 -2.994703352948668851e-01
6.956999997147544861e+09 -5.006659884710222830e-01 -5.619227528547754424e-01
6.956999996970080376e+09 -7.198958764726719473e-01 -6.317727904990388943e-01
6.956999997250919342e+09 -6.453171491734652765e-01 -6.303257059713642807e-01
6.956999997217532158e+09 -9.165946713056998263e-01 -7.289579760415144660e-01
6.956999997371253014e+09 -8.285301215994287372e-01 -4.986339307270232224e-01
6.956999997084985733e+09 -8.353050607960943452e-01 -5.480287354698450963e-01
6.956999997299144745e+09 -6.782035139816036118e-01 -4.301750028011662175e-01
6.956999997316736221e+09 -9.327784931453007022e-01 -2.911907622541783369e-01
6.956999997258549690e+09 -6.716341019755829311e-01 -1.778223154274767848e-01
6.956999997244912148e+09 -7.531151600553118719e-01 1.007622127680851687e-01
6.956999997348549843e+09 -9.186256512473591762e-01 -1.144121253414574768e-01
6.956999997224457741e+09 -1.031902696083784488e+00 1.226618361653132316e-01
6.956999997277357101e+09 -7.577268259343593604e-01 2.030589751341165261e-01
6.956999997096240044e+09 -5.705615304275041266e-01 3.319016447625208199e-01
6.956999996882308006e+09 -5.597555115251426905e-01 5.282451412014114167e-01
6.956999996807363510e+09 -6.869372980032486531e-01 2.779600132894108899e-01
6.956999997042137146e+09 -5.916847014816538630e-01 1.356822204082366590e-01
6.956999997213276863e+09 -7.597794274867195607e-01 2.996631309041898339e-01
6.956999997115465164e+09 -5.088589444931130856e-01 4.087787817386959732e-01
6.956999997018815041e+09 -2.348506299507034378e-01 4.052085979710794428e-01
6.956999997228423119e+09 -9.832888025524874620e-02 2.573544786266603879e-01
6.956999997021926880e+09 -2.138165520794791941e-01 4.260444054420173821e-01
6.956999996739592552e+09 -1.482549646232168006e-01 4.466228058903162768e-01
6.956999996552912712e+09 -1.787577866521686265e-02 2.661055603353142951e-01
6.956999996704744339e+09 -4.154273293155333335e-02 1.948548115752310461e-02
6.956999996579821587e+09 -2.396386631551722102e-01 -1.525225957131718102e-01
6.956999996402409554e+09 -3.475313831887627547e-01 5.074706570326845134e-02
6.956999996276654243e+09 -3.127955903399378679e-01 -2.088939248691948636e-01
6.956999996391724586e+09 -2.578134876211228832e-01 5.220064468953325432e-02
6.956999996369987488e+09 -2.128776350967596098e-01 3.384571046997155719e-01
6.956999996235922813e+09 -5.668501214115273523e-02 1.333596437025781345e-01
6.956999996453545570e+09 -1.589062568846784651e-01 -2.981413940862473466e-02
6.956999996345674515e+09 8.717616876779721302e-02 8.082816248272681192e-02
6.956999996470299721e+09 -1.395748112258628493e-01 -5.141045605663854823e-02
6.956999996467183113e+09 1.293032948996597487e-01 5.872286657875239180e-02
6.956999996492054939e+09 1.253393539542771717e-01 -2.307597067361785992e-01
6.956999996320671082e+09 -7.912411268617544624e-02 -3.458972985069392325e-01
6.956999996481427193e+09 -2.191571371843504534e-01 -1.484570428302735279e-01
6.956999996422277451e+09 -2.701093707048700110e-01 1.314352059270464668e-01
6.956999996465127945e+09 -2.995368652308638691e-01 -1.544535262617691418e-01
6.956999996674400330e+09 -5.000269844010383213e-01 -1.755101390945398299e-01
6.956999996697110176e+09 -7.636743406634807219e-01 -2.955469598332848835e-01
6.956999996432337761e+09 -8.016140956237390869e-01 -1.820090290394892341e-01
6.956999996644529343e+09 -8.270297823374864743e-01 -3.788931883537205447e-01
6.956999996773896217e+09 -9.153047721837280770e-01 -1.341355612141598985e-01
6.956999996928526878e+09 -7.049838712083666969e-01 -6.506784535767751176e-03
6.956999996933488846e+09 -7.096095881249323556e-01 2.839901727179071633e-01
6.956999996903061867e+09 -9.268561073169924169e-01 4.745490228415926159e-01
6.956999996884182930e+09 -1.211644730473963261e+00 5.290789581884998150e-01
6.956999996651590347e+09 -1.354039043169885659e+00 6.293736309003292728e-01
6.956999996440989494e+09 -1.465130867045080887e+00 4.628193783756904822e-01
6.956999996591349602e+09 -1.713707807864927046e+00 4.568340146913705824e-01
6.956999996593299866e+09 -1.695111539231300535e+00 7.468079300528578379e-01
6.956999996669919968e+09 -1.603127170042079275e+00 1.011577100219404945e+00
6.956999996485809326e+09 -1.805863424625418379e+00 1.108714256101005713e+00
6.956999996443435669e+09 -1.800803296099105388e+00 8.212888713018029474e-01
6.956999996435404778e+09 -1.934881213268682565e+00 1.078957488333780690e+00
6.956999996338829041e+09 -2.161656419760325853e+00 1.232842693369440967e+00
6.956999996583107948e+09 -2.004418191842362695e+00 1.226634695185178092e+00
6.956999996469589233e+09 -1.820345976761601037e+00 1.032558772641971157e+00
6.956999996556526184e+09 -1.955316608335848860e+00 1.274755892405424085e+00
6.956999996679271698e+09 -2.068925790487551541e+00 1.512370950535108838e+00
6.956999996812375069e+09 -1.980088763293759380e+00 1.269830513157383267e+00
6.956999996779424667e+09 -1.691387508894057090e+00 1.269221542267667147e+00
6.956999996793403625e+09 -1.953375135320755795e+00 1.394127803709413360e+00
6.956999996851585388e+09 -1.900180820644140400e+00 1.114449820182482398e+00
6.956999996865745544e+09 -1.916628058193272421e+00 8.246853182484030764e-01
6.956999997119585037e+09 -1.869904141323079472e+00 6.912058477996780859e-01
6.956999997088811874e+09 -2.082768171060104478e+00 4.958180553682161040e-01
6.956999996938578606e+09 -1.980548182694138681e+00 7.225677450746468278e-01
6.956999997054042816e+09 -1.868348008990161846e+00 4.806718923592172565e-01
6.956999997028270721e+09 -1.582915070820592573e+00 5.286129072856547984e-01
6.956999997236371994e+09 -1.434378158278041271e+00 3.905368093298156040e-01
6.956999997189952850e+09 -1.427266329364301090e+00 6.772931518307593324e-01
6.956999997122436523e+09 -1.195643065709101505e+00 8.392398560504119587e-01
6.956999996873012543e+09 -1.164500751783941190e+00 6.934584528401825931e-01
6.956999996662329674e+09 -1.329278102665636396e+00 8.070170438612535024e-01
6.956999996668325424e+09 -1.498581390084321896e+00 5.709345446200723151e-01
6.956999996744550705e+09 -1.366995985903685096e+00 3.233270987878251734e-01
6.956999996793954849e+09 -1.279569456577601905e+00 5.065449916552289267e-02
6.956999996947093010e+09 -1.440546414821745502e+00 -1.366143362655465598e-01
6.956999996906142235e+09 -1.507345211936693241e+00 1.431988532047230034e-01
6.956999996640626907e+09 -1.400222172246465391e+00 9.359391733354811838e-02
6.956999996655799866e+09 -1.397554595431999891e+00 -1.965735805921661750e-01
6.956999996631144524e+09 -1.508476266040888136e+00 -4.640113742147516929e-01
6.956999996458331108e+09 -1.621814287933580623e+00 -2.597454754115546827e-01
6.956999996348020554e+09 -1.701456511365651236e+00 -2.990329012027781452e-03
6.956999996200987816e+09 -1.949024878780211134e+00 3.607226716920489129e-02
6.956999996341139793e+09 -1.993650458392116631e+00 -2.145280072935920879e-01
6.956999996271521568e+09 -1.827978216326030969e+00 1.381501647134028565e-02
6.956999996175193787e+09 -1.822011943957724034e+00 2.878951768784212550e-01
6.956999996326023102e+09 -1.576966073876920449e+00 3.283631251316321276e-01
6.956999996326898575e+09 -1.580292594803746953e+00 3.780733716839607128e-02
6.956999996420099258e+09 -1.312081131627480746e+00 -2.392439230728602567e-02
6.956999996700735092e+09 -1.385128815575949579e+00 -4.241420831573307348e-02
6.956999996677753448e+09 -1.239303611482506895e+00 -2.926967285440609245e-01
6.956999996911565781e+09 -1.246057619437596298e+00 -1.203001695009444927e-01
6.956999996943892479e+09 -1.043027752916265483e+00 8.504919470132255022e-02
6.956999996846021652e+09 -1.302457507776420664e+00 -1.853093835358518571e-03
6.956999996763208389e+09 -1.445610218904102684e+00 2.370690023303207994e-01
6.956999996810236931e+09 -1.346650161386062861e+00 -3.205875082770698326e-02
6.956999996713102341e+09 -1.467842411707899419e+00 -2.776434114436042710e-01
6.956999996835058212e+09 -1.625098943170288468e+00 -6.590835257288291116e-02
6.956999996697558403e+09 -1.825009531774103966e+00 -2.257957459304968939e-01
6.956999996502179146e+09 -1.753043674267313889e+00 -4.284833076204982993e-01
6.956999996403588295e+09 -1.697319873526935252e+00 -1.608845222127858188e-01
6.956999996328376770e+09 -1.752034730058435352e+00 1.144043185446708688e-01
6.956999996458291054e+09 -1.820419587485447854e+00 3.651637816302492068e-01
6.956999996608748436e+09 -2.004183374565065012e+00 5.325794965724316432e-01
6.956999996579566002e+09 -1.923908163301524255e+00 8.103181895848817762e-01
6.956999996459339142e+09 -1.931969181307817474e+00 1.074732718865147207e+00
6.956999996229972839e+09 -2.110305200020544447e+00 1.079418674209305484e+00
6.956999996449659348e+09 -2.299539282470079105e+00 1.060366433479820403e+00
6.956999996581528664e+09 -2.243980562750457430e+00 8.074666189492105683e-01
6.956999996746508598e+09 -2.392908432775643579e+00 6.202859225059176307e-01
6.956999997001870155e+09 -2.526477110503732693e+00 6.574923284720052274e-01
6.956999997000685692e+09 -2.515105533154899486e+00 9.478434631055691062e-01
6.956999997100564957e+09 -2.781876904736941825e+00 1.005217099313907569e+00
6.956999997343471527e+09 -2.934825924225359817e+00 9.600774233381658140e-01
6.956999997251867294e+09 -2.880207066633283297e+00 6.897812740521334085e-01
6.956999997503068924e+09 -2.996388330888347884e+00 7.782928438561033113e-01
6.956999997659771919e+09 -2.767715089802170514e+00 8.653974050321663336e-01
6.956999997631926537e+09 -2.954427939455960939e+00 1.086298878262751622e+00
6.956999997671378136e+09 -3.022170810108853800e+00 8.064972210048231283e-01
6.956999997611419678e+09 -3.128314014514297359e+00 1.070264360620017952e+00
6.956999997835846901e+09 -3.145558031898756379e+00 8.864994871854264824e-01
6.956999998089173317e+09 -3.098206403452628876e+00 7.522680611395153871e-01
6.956999998088815689e+09 -3.098130230063880219e+00 4.616921435179418554e-01
6.956999998020513535e+09 -3.314455081409187542e+00 6.432765277844592067e-01
6.956999998143552780e+09 -3.063208351550514408e+00 7.218313099451099113e-01
6.956999997872878075e+09 -3.148687226408259487e+00 6.596760298357862151e-01
6.956999997713945389e+09 -3.375262469089729045e+00 7.482124646151793179e-01
6.956999997932114601e+09 -3.535901224904907547e+00 6.431795282906919153e-01
6.956999998107891083e+09 -3.678813263678372358e+00 4.612094066392992131e-01
6.956999998024209023e+09 -3.612881974647428329e+00 7.315515718009018009e-01
6.956999997786921501e+09 -3.445297071179306503e+00 7.382041988704124424e-01
6.956999997964671135e+09 -3.559598781466596140e+00 5.387683022648205311e-01
6.956999997967188835e+09 -3.556713575663197791e+00 8.293192174788206472e-01
6.956999998032986641e+09 -3.687000753003105036e+00 1.080576875516861879e+00
6.956999997973233223e+09 -3.857268624096222176e+00 1.308333146892346255e+00
6.956999998090293884e+09 -4.106078407874313108e+00 1.402274880040320415e+00
6.956999998090970993e+09 -4.086482624046431589e+00 1.112361022964513335e+00
6.956999998133328438e+09 -4.294583258514258262e+00 9.140319256924019919e-01
6.956999998297226906e+09 -4.365505619832343420e+00 6.848117849718489136e-01
6.956999998238673210e+09 -4.381872737458401446e+00 9.689563248869350609e-01
6.956999998197636604e+09 -4.380574499481686424e+00 1.256617290168224432e+00
6.956999998351394653e+09 -4.446643350049832577e+00 1.019071549851346958e+00
6.956999998477627754e+09 -4.393541479546568596e+00 7.627906700664185413e-01
6.956999998315969467e+09 -4.634163076420171556e+00 7.427294117645708571e-01
6.956999998445234299e+09 -4.894345508654339483e+00 7.482148603588107960e-01
6.956999998165178299e+09 -4.863834510493449947e+00 6.769968526466549896e-01
6.956999998137613297e+09 -4.906161555490476722e+00 9.631490722894524570e-01
6.956999998347107887e+09 -4.715492920244592767e+00 1.027895842238780721e+00
6.956999998416076660e+09 -4.483851477209488401e+00 8.665885543029636651e-01
6.956999998401361465e+09 -4.423777457909179311e+00 5.826711652878727721e-01
6.956999998447985649e+09 -4.503909249732541475e+00 3.072812823069867028e-01
6.956999998669425011e+09 -4.642700125385633925e+00 4.343103705141587723e-01
6.956999998681055069e+09 -4.599163950931045797e+00 1.472496859277465098e-01
6.956999998680332184e+09 -4.584105775998093435e+00 -1.429351293311596494e-01
6.956999998460714340e+09 -4.747389567626153273e+00 -2.406127198097182673e-01
6.956999998519816399e+09 -4.746462400931376280e+00 -5.251133762807795868e-01
6.956999998795454979e+09 -4.677171702154715227e+00 -4.646425678573132823e-01
6.956999998662577629e+09 -4.491332522423387097e+00 -2.850825092050303100e-01
6.956999998428192139e+09 -4.562610570226614648e+00 -1.288212063629257942e-01
6.956999998412854195e+09 -4.560293997470534322e+00 1.613406217682248067e-01
6.956999998374057770e+09 -4.760557078682091436e+00 -4.559906149498765826e-02
6.956999998368041039e+09 -4.789658264275514554e+00 2.434535606924443929e-01
6.956999998259090424e+09 -5.037421158362069384e+00 3.491783184167300824e-01
6.956999998365418434e+09 -4.804469577815414283e+00 4.865188684571501998e-01
6.956999998638895035e+09 -4.801224302151120504e+00 5.846748243081598684e-01
6.956999998592920303e+09 -4.763485570372320232e+00 3.002514808702299032e-01
6.956999998500214577e+09 -4.488650263424905695e+00 3.177348696068387768e-01
6.956999998594803810e+09 -4.762200464733910898e+00 3.433807213963868121e-01
6.956999998778244019e+09 -4.774888927187440402e+00 5.683769040358216396e-01
6.956999998560865402e+09 -4.595686046244794376e+00 6.395611044078317597e-01
6.956999998485515594e+09 -4.480666135666756311e+00 3.835781827118442955e-01
6.956999998463707924e+09 -4.473135597560196963e+00 6.732369450238515629e-01
6.956999998223362923e+09 -4.569318449939976823e+00 5.412608008189796482e-01
6.956999997954584122e+09 -4.539366816965697993e+00 4.349813151138132161e-01
6.956999998081923485e+09 -4.742561528301111551e+00 5.990880350247329567e-01
6.956999998267217636e+09 -4.605984126866538020e+00 4.217542032128343554e-01
6.956999998096323013e+09 -4.381548959100146412e+00 4.914573840415930595e-01
6.956999997889840126e+09 -4.517232113061860233e+00 6.443930036276079854e-01
6.956999997901399612e+09 -4.261899628688304631e+00 5.061678632968312774e-01
6.956999997926629066e+09 -4.249326753108890742e+00 2.169622647741176191e-01
6.956999997925719261e+09 -4.241190188467411026e+00 5.074230484750594794e-01
6.956999997829078674e+09 -4.402580742333898733e+00 7.288912509203304690e-01
6.956999997774827003e+09 -4.562767574460554698e+00 9.651779845747010533e-01
6.956999997957555771e+09 -4.431221983298224920e+00 7.814922886806295876e-01
6.956999998239109993e+09 -4.377999361612369356e+00 7.332294095182417815e-01
6.956999998227560043e+09 -4.654055949787584190e+00 6.432635138459651403e-01
6.956999998266982079e+09 -4.929674249276768450e+00 7.264197439509708643e-01
6.956999998082054138e+09 -4.737147569705671302e+00 6.116608127459898236e-01
6.956999998096837044e+09 -4.733213939806251602e+00 3.214876004726895942e-01
6.956999998320030212e+09 -4.549073555372309841e+00 2.948079369395917304e-01
6.956999998453822136e+09 -4.362751148370467291e+00 4.731845120171120356e-01
6.956999998218987465e+09 -4.199416809228675440e+00 5.242642750791213224e-01
6.956999998409024239e+09 -4.080075005927928267e+00 3.396622182146107338e-01
6.956999998279852867e+09 -3.821643588617325893e+00 3.706842548169423934e-01
6.956999998324688911e+09 -3.905444408676114865e+00 6.452777918744668773e-01
6.956999998324885368e+09 -3.906010320995738638e+00 9.358533219742377618e-01
6.956999998435253143e+09 -3.927926202248941401e+00 1.203758244171092784e+00
6.956999998211604118e+09 -4.104495565475055230e+00 1.146848076705873520e+00
6.956999998327495575e+09 -4.370918725554449047e+00 1.142122675961859235e+00
6.956999998379798889e+09 -4.403513110366801264e+00 8.581570380067757853e-01
6.956999998201665878e+09 -4.234085876274518156e+00 7.032455445933367688e-01
6.956999998008712769e+09 -4.167315440608150290e+00 9.099948944773047499e-01
6.956999998043843269e+09 -3.976697559680937744e+00 6.935112040031490288e-01
6.956999998072045326e+09 -4.070472480705404905e+00 9.670900981851000555e-01
6.956999998092576981e+09 -3.979100862762094515e+00 6.920188631478561003e-01
6.956999998126346588e+09 -3.822000771242286987e+00 9.341215221026971660e-01
6.956999998102537155e+09 -3.682029215410591139e+00 6.805952562277075568e-01
6.956999998320551872e+09 -3.866164871989747898e+00 6.258408353385099820e-01
6.956999998334110260e+09 -3.858515291739438524e+00 3.356820135302872044e-01
6.956999998393149376e+09 -3.854814430063465025e+00 5.119095265410245066e-02
6.956999998431442261e+09 -3.900312184185147135e+00 3.356169065447451860e-01
6.956999998532204628e+09 -3.911856420783792476e+00 6.331542623027525130e-02
6.956999998277868271e+09 -3.771335034174702727e+00 6.214694913891206929e-02
6.956999998507190704e+09 -3.598179681787606832e+00 1.898344913857446387e-02
6.956999998633964539e+09 -3.824517599599279283e+00 -1.119137670457996114e-01
6.956999998680535316e+09 -3.829964726802030039e+00 -3.986819362490303664e-01
6.956999998733726501e+09 -3.837421205914645750e+00 -1.131129502030927547e-01
6.956999998701476097e+09 -3.726760117330851330e+00 1.536238422159211248e-01
6.956999998673153877e+09 -3.666295139298836769e+00 4.364247110522010975e-01
6.956999998728984833e+09 -3.418883373150194416e+00 5.782162867176232623e-01
6.956999998856762886e+09 -3.163251796180627462e+00 6.307498583780050128e-01
6.956999999055027962e+09 -3.369169059730507954e+00 6.829364359222560577e-01
6.956999998965168953e+09 -3.361627007025506764e+00 9.591664610727617113e-01
6.956999998973430634e+09 -3.460715527949483672e+00 1.232200731640601177e+00
6.956999999125942230e+09 -3.636920409010392152e+00 1.058630313234461440e+00
6.956999999201740265e+09 -3.707132473537634532e+00 1.330217236854158491e+00
6.956999998973526955e+09 -3.879024097563102291e+00 1.383194226440476848e+00
6.956999998873093605e+09 -3.837959551230090582e+00 1.113636678072448927e+00
6.956999998940005302e+09 -3.807823472077895843e+00 1.394793475529230165e+00
6.956999999149824142e+09 -3.684579119260055879e+00 1.235980492011306664e+00
6.956999998893565178e+09 -3.570483976414284388e+00 1.311796804556551344e+00
6.956999998710613251e+09 -3.757775241806591282e+00 1.437832312028292092e+00
6.956999998705557823e+09 -3.751163897280251458e+00 1.147375382048463344e+00
6.956999998966463089e+09 -3.624759042340234938e+00 1.127754454558403729e+00
6.956999999022077560e+09 -3.575666331762890504e+00 1.408701882556288032e+00
6.956999999298761368e+09 -3.636655199236917824e+00 1.473206477506146195e+00
6.956999999306517601e+09 -3.913098146941185629e+00 1.384023327328508968e+00
6.956999999116906166e+09 -3.907940166195956078e+00 1.604148782167954312e+00
6.956999999110445023e+09 -3.934516389956145499e+00 1.314862677899672150e+00
6.956999998849925995e+09 -3.844993772679729194e+00 1.407327899375848679e+00
6.956999999061591148e+09 -3.979716487524626700e+00 1.553895344183398475e+00
6.956999998900114059e+09 -4.089409306326980520e+00 1.769132618149545033e+00
6.956999999074341774e+09 -4.319712102680438370e+00 1.736885711914324393e+00
6.956999998832893372e+09 -4.158776530550759354e+00 1.721493224536965627e+00
6.956999998828825951e+09 -4.105546063155754766e+00 1.435863266706963515e+00
6.956999998819816589e+09 -4.337918733258789850e+00 1.261632752241093502e+00
6.956999998797295570e+09 -4.310793698686484099e+00 9.732033483957175379e-01
6.956999998589211464e+09 -4.178876397851655433e+00 8.191466740069538455e-01
6.956999998695131302e+09 -3.997934746186909916e+00 6.179609706155415605e-01
6.956999998606201172e+09 -3.998962586735005598e+00 8.945923347554367577e-01
6.956999998549531937e+09 -4.072701871986004640e+00 1.169884233291272224e+00
6.956999998414577484e+09 -4.297446353722481405e+00 1.044537526429657692e+00
6.956999998622616768e+09 -4.455524418433444822e+00 9.173939253750891254e-01
6.956999998548343658e+09 -4.467171128384062051e+00 6.367119885988749006e-01
6.956999998545585632e+09 -4.485715543884778000e+00 3.467413053873667494e-01
6.956999998542000771e+09 -4.485980825793610904e+00 6.372952157644657945e-01
6.956999998481840134e+09 -4.484772572944215163e+00 9.215728806837306664e-01
6.956999998460664749e+09 -4.503908360220520102e+00 1.210743948536637804e+00
6.956999998407220840e+09 -4.378314143826686156e+00 1.467267554375943250e+00
6.956999998368976593e+09 -4.380699026040515420e+00 1.755306080544674074e+00
6.956999998360171318e+09 -4.185596411638154102e+00 1.540150479562056418e+00
6.956999998321390152e+09 -4.116272336772509810e+00 1.260642483627561372e+00
6.956999998448611259e+09 -3.990485844394576098e+00 1.489611776632451257e+00
6.956999998412268639e+09 -4.258157453583621965e+00 1.596689476108727579e+00
6.956999998408366203e+09 -4.149598475701354872e+00 1.866196838154252857e+00
6.956999998476486206e+09 -4.102161068631208884e+00 1.587729827038019792e+00
6.956999998678783417e+09 -3.902315405707275531e+00 1.647496455342175148e+00
6.956999998655071259e+09 -3.901837259865526875e+00 1.357889857613078899e+00
6.956999998582645416e+09 -3.982935445113397588e+00 1.627356195673455908e+00
6.956999998588846207e+09 -3.807937456301144330e+00 1.395468820750835226e+00
6.956999998788635254e+09 -3.876670971158402423e+00 1.195983453955924869e+00
6.956999999069506645e+09 -3.929800591500715257e+00 1.143800873198714374e+00
6.956999999354639053e+09 -3.946904402177727533e+00 1.090495340744898733e+00
6.956999999506177902e+09 -3.722712886474143446e+00 1.196366272362008543e+00
6.956999999475177765e+09 -3.685111272590520404e+00 1.482826730140582860e+00
6.956999999446108818e+09 -3.677883771933852408e+00 1.193798625394063118e+00
6.956999999382142067e+09 -3.606991286270669228e+00 1.468238041374025027e+00
6.956999999246378899e+09 -3.774735994947408191e+00 1.273649995952170322e+00
6.956999999222548485e+09 -3.748475714376087176e+00 1.562054200326678632e+00
6.956999999342868805e+09 -3.579086266524480919e+00 1.765191567420009822e+00
6.956999999408088684e+09 -3.691233718556456989e+00 2.025199007603347034e+00
6.956999999472360611e+09 -3.564885179077985633e+00 1.771546355555303487e+00
6.956999999520014763e+09 -3.711158194586700709e+00 1.525035065985687277e+00
6.956999999639437675e+09 -3.925649275397819604e+00 1.369580292705250280e+00
6.956999999645586967e+09 -3.872416438842935626e+00 1.083988007457827862e+00
6.956999999589295387e+09 -3.831164275125348073e+00 1.366058958939901258e+00
6.956999999682168961e+09 -3.986346646893345724e+00 1.593495642233245357e+00
6.956999999559065819e+09 -3.981561836514987185e+00 1.856663181983530420e+00
6.956999999764551163e+09 -3.932891303826321572e+00 1.657059756795142391e+00
6.956999999722523689e+09 -3.854252947492851966e+00 1.380502006901033196e+00
6.956999999564112663e+09 -3.611997013527987743e+00 1.354958622797088230e+00
6.956999999359417915e+09 -3.484014444536593480e+00 1.193232897736740128e+00
6.956999999157621384e+09 -3.305264898907184001e+00 1.084783922426740377e+00
6.956999999417284012e+09 -3.235963058254212932e+00 1.195269142595283052e+00
6.956999999224680901e+09 -3.127928298731295076e+00 1.006412252321565504e+00
6.956999999196824074e+09 -2.995235118710371847e+00 1.263416158960354085e+00
6.956999999220880508e+09 -2.944819672962585511e+00 9.782599404644699570e-01
6.956999999485384941e+09 -2.824559990633582096e+00 9.813833600764599874e-01
6.956999999408268929e+09 -3.080247004213208406e+00 8.668768300329136034e-01
6.956999999172484398e+09 -3.206054639274015905e+00 9.809488426546444373e-01
6.956999999174735069e+09 -2.917965834021150062e+00 9.430770548077642701e-01
6.956999999191398621e+09 -2.963536958305170277e+00 6.565807865629722517e-01
6.956999999067053795e+09 -2.846154874765270293e+00 4.216459676280651103e-01
6.956999999252025604e+09 -2.827139584645927073e+00 1.983558917466257954e-01
6.956999999239447594e+09 -3.100811505814831559e+00 1.015056326088439459e-01
6.956999999130855560e+09 -3.157578600015949810e+00 3.649821092577076320e-01
6.956999999204934120e+09 -2.995254444426821205e+00 5.943242006998880056e-01
6.956999999289852142e+09 -3.189057096405369940e+00 7.934821805654481697e-01
6.956999999398385048e+09 -3.297815728985068695e+00 5.468513502020186934e-01
6.956999999148874283e+09 -3.445755717358228054e+00 5.639595765911328273e-01
6.956999999009182930e+09 -3.315349814044842525e+00 3.450644647218583105e-01
6.956999999075695992e+09 -3.597761772622821930e+00 3.610034003499879018e-01
6.956999999208958626e+09 -3.695833869327378896e+00 1.221366558240394029e-01
6.956999999120241165e+09 -3.926605645735724792e+00 2.748066499392708972e-01
6.956999999201770782e+09 -3.854888437215937103e+00 5.281168262708524352e-03
6.956999999095877647e+09 -3.735058215234507095e+00 2.478955995524168565e-01
6.956999999105669022e+09 -4.018177289671405639e+00 1.832255245004679178e-01
6.956999999074132919e+09 -4.059787021359869463e+00 4.690726766680346493e-01
6.956999999109730721e+09 -4.096978129996589502e+00 1.830934615471649374e-01
6.956999999018950462e+09 -4.372979770518781173e+00 1.790360005482547479e-01
6.956999999303833961e+09 -4.323288920742736074e+00 2.074395583830000445e-01
6.956999999270787239e+09 -4.311058262859053691e+00 -8.099206072016507107e-02
6.956999999393328667e+09 -4.267821155349768247e+00 1.789090678861567918e-01
6.956999999188080788e+09 -4.063348829282174890e+00 1.565745877869333946e-01
6.956999999460715294e+09 -4.126371535946093516e+00 7.825971352677178750e-02
6.956999999593491554e+09 -3.986760955223039193e+00 2.957769990193984677e-01
6.956999999502598763e+09 -4.150745252898544457e+00 5.177728628369235864e-01
6.956999999510587692e+09 -4.123991431339468328e+00 2.285412732278916947e-01
6.956999999353842735e+09 -3.880797797131921634e+00 2.554177880912072984e-01
6.956999999513098717e+09 -3.906777347800158839e+00 1.376266091454350637e-02
6.956999999522952080e+09 -3.913519844944311377e+00 -2.765680811315414100e-01
6.956999999249434471e+09 -3.815538216337861943e+00 -2.812758177751905619e-01
6.956999999364211082e+09 -3.550466043795784010e+00 -2.496902301403262081e-01
6.956999999538757324e+09 -3.706857550649079514e+00 -4.214742357261686001e-01
6.956999999374292374e+09 -3.581125882441725583e+00 -6.253791728179309839e-01
6.956999999482031822e+09 -3.430117516113720733e+00 -4.017206429982819182e-01
6.956999999295338631e+09 -3.405560016616986818e+00 -6.230280443063282991e-01
6.956999999263901711e+09 -3.465338456459011507e+00 -3.404103333146096810e-01
6.956999999228334427e+09 -3.474365524140901496e+00 -5.216049802628258680e-02
6.956999998981977463e+09 -3.627566631610274150e+00 -3.566151154399800627e-02
6.956999999133193970e+09 -3.431485811575442746e+00 1.163919427100286036e-01
6.956999999123753548e+09 -3.506346429693148359e+00 -1.642167834340006460e-01
6.956999998890537262e+09 -3.533793042934681328e+00 6.930326596774116776e-03
6.956999998861006737e+09 -3.816800373170342375e+00 -5.197045931528137402e-02
6.956999998912873268e+09 -3.836876832824500649e+00 -3.371743734687904226e-01
6.956999999018094063e+09 -3.826672488108871395e+00 -6.651047316576608193e-02
6.956999999037366867e+09 -3.857407017694541196e+00 -3.548131670771515478e-01
6.956999999100614548e+09 -3.620217583749564039e+00 -1.993288415684078829e-01
6.956999999053405762e+09 -3.341646866369918811e+00 -1.314745347366861050e-01
6.956999998922551155e+09 -3.517621137570509759e+00 -3.221172394188098198e-01
6.956999998658494949e+09 -3.398095399837227415e+00 -3.426741173907633109e-01
6.956999998766783714e+09 -3.326898656194716697e+00 -6.027493017833378541e-01
6.956999998776517868e+09 -3.342702333278568805e+00 -8.927320404815899391e-01
6.956999998698142052e+09 -3.513779194050676846e+00 -6.713173073353657649e-01
6.956999998781457901e+09 -3.458302606245976740e+00 -3.985255507719203671e-01
6.956999998919083595e+09 -3.668432237686110930e+00 -5.446049750033598036e-01
6.956999998919592857e+09 -3.669093681352747272e+00 -8.351799237005734788e-01
6.956999998947374344e+09 -3.579221120662110955e+00 -1.110108320140326565e+00
6.956999998773434639e+09 -3.348231656373763077e+00 -1.138802444425136562e+00
6.956999998599060059e+09 -3.297317530578932843e+00 -1.365596722126946050e+00
6.956999998822315216e+09 -3.483276540538844390e+00 -1.368894159036085911e+00
6.956999998807574272e+09 -3.500499427612747461e+00 -1.079203698249036281e+00
6.956999998839856148e+09 -3.276968892764782204e+00 -8.963746847342101143e-01
6.956999998882308960e+09 -3.269459025504961147e+00 -1.183734824340474390e+00
6.956999998858897209e+09 -3.009781111151101918e+00 -1.312007021111262883e+00
6.956999998896473885e+09 -3.181586589205791960e+00 -1.543319339902530674e+00
6.956999998939197540e+09 -3.103922900361123727e+00 -1.266592863781176748e+00
6.956999999193790436e+09 -3.227741667610458443e+00 -1.332060809727966477e+00
6.956999999398052216e+09 -3.065063964945248465e+00 -1.204594190938019338e+00
6.956999999379455566e+09 -3.071044025718557169e+00 -9.146754188255741269e-01
6.956999999267995834e+09 -2.841280297935546262e+00 -1.053310892806989418e+00
6.956999999154045105e+09 -2.751659429444953453e+00 -1.305139963151985549e+00
6.956999999231507301e+09 -2.815378091943355532e+00 -1.032423804605528739e+00
6.956999999037862778e+09 -2.980093694737190546e+00 -8.916937151993531430e-01
6.956999999147247314e+09 -3.163134794715932951e+00 -1.089090661255717851e+00
6.956999999038977623e+09 -3.256963159970555299e+00 -1.341891890748449834e+00
6.956999999208288193e+09 -3.360780643746927865e+00 -1.554001102326902695e+00
6.956999999159597397e+09 -3.329930591979427756e+00 -1.838802815853018524e+00
6.956999999257810593e+09 -3.541031638651736202e+00 -2.012656196668992870e+00
6.956999999459228516e+09 -3.750378420075498376e+00 -2.018926268827909709e+00
6.956999999419083595e+09 -3.851607978444523628e+00 -2.288324570712606754e+00
6.956999999316086769e+09 -4.066726177632894235e+00 -2.454307598321527895e+00
6.956999999480886459e+09 -3.914315280101423600e+00 -2.269790756478305305e+00
6.956999999701143265e+09 -4.075931674335717680e+00 -2.170787949460365684e+00
6.956999999718942642e+09 -3.786976867014569148e+00 -2.145832095742132850e+00
6.956999999699357033e+09 -4.049948152961306391e+00 -2.023778809310648352e+00
6.956999999712121964e+09 -3.954873460025548848e+00 -2.298063986664164560e+00
6.956999999534770966e+09 -4.184721820120604896e+00 -2.310340252193264110e+00
6.956999999552924156e+09 -3.896591544390942907e+00 -2.277387226883532900e+00
6.956999999755279541e+09 -3.925560610904098358e+00 -2.483900082502271012e+00
6.956999999566146851e+09 -4.047619727971300208e+00 -2.300147483002283444e+00
6.956999999328786850e+09 -4.045685926843575864e+00 -2.132544417660134251e+00
6.956999999213747978e+09 -3.800612041656693307e+00 -2.027000865311177513e+00
6.956999999146290779e+09 -3.974985004788942344e+00 -1.804564102756143651e+00
6.956999999291060448e+09 -3.743698685232090817e+00 -1.704650186790874100e+00
6.956999999291985512e+09 -4.029336526218528114e+00 -1.651314778275782658e+00
6.956999999183336258e+09 -3.789922676972264259e+00 -1.775051604705816466e+00
6.956999999324430466e+09 -3.739042193307784423e+00 -2.023925380674568508e+00
6.956999999303985596e+09 -3.450488008479168922e+00 -1.996484637156025421e+00
6.956999999348011971e+09 -3.512704742060400509e+00 -1.716082635855312066e+00
6.956999999557020187e+09 -3.608005251187856643e+00 -1.894036842804819099e+00
6.956999999675060272e+09 -3.574303001644309141e+00 -1.630664023445520083e+00
6.956999999675564766e+09 -3.551766198592595902e+00 -1.340963599176202115e+00
6.956999999396987915e+09 -3.622519139113625553e+00 -1.298262137349283307e+00
6.956999999401232719e+09 -3.386181301472166005e+00 -1.129262411087701201e+00
6.956999999398906708e+09 -3.624262615158988954e+00 -1.295834848473490286e+00
6.956999999328077316e+09 -3.675863599298488715e+00 -1.572881776080026661e+00
6.956999999215561867e+09 -3.408210222880695639e+00 -1.584560549775367200e+00
6.956999999301195145e+09 -3.630169396497454404e+00 -1.751400707404179080e+00
6.956999999248061180e+09 -3.405935030629450910e+00 -1.574397292147408756e+00
6.956999999244230270e+09 -3.385962535425208308e+00 -1.864260915609511127e+00
6.956999999486240387e+09 -3.293296182430814678e+00 -1.732813629734190064e+00
6.956999999248908043e+09 -3.441955198566120089e+00 -1.655300597597042955e+00
6.956999999210445404e+09 -3.416353961395414363e+00 -1.942179778395310530e+00
6.956999999204159737e+09 -3.406038218749328106e+00 -2.232504726873918433e+00
6.956999999099262238e+09 -3.291158921147951055e+00 -1.987079142869223380e+00
6.956999999094713211e+09 -3.334620561247217729e+00 -1.699807690608390986e+00
6.956999999010882378e+09 -3.374723912456376596e+00 -1.424492174734912853e+00
6.956999998773897171e+09 -3.542838294613065653e+00 -1.421338187206674597e+00
6.956999998776631355e+09 -3.544783760644887316e+00 -1.130781412089642224e+00
6.956999998775708199e+09 -3.428661226266943363e+00 -1.397144328091377563e+00
6.956999999008933067e+09 -3.593990926003612252e+00 -1.449169322520965419e+00
6.956999999053708076e+09 -3.558212320772062842e+00 -1.164301687424377896e+00
6.956999999311509132e+09 -3.617583713317819250e+00 -1.284501939080235910e+00
6.956999999186346054e+09 -3.851317225604850236e+00 -1.403402410243309584e+00
6.956999999142576218e+09 -3.803882376590748571e+00 -1.120085245621982306e+00
6.956999998943527222e+09 -3.598017241695829149e+00 -1.070755169881860702e+00
6.956999998987849236e+09 -3.807714673474284606e+00 -8.745485903065598476e-01
6.956999999017267227e+09 -3.749987942153641285e+00 -5.912877398295295350e-01
6.956999999024764061e+09 -3.485221004209285045e+00 -4.718023515313038430e-01
6.956999999213261604e+09 -3.658050408056506164e+00 -3.338417832699110965e-01
6.956999999262495041e+09 -3.717187769242248585e+00 -5.363951816466144829e-02
6.956999999255079269e+09 -3.685687878165698095e+00 -3.424080459020116818e-01
6.956999999230916977e+09 -3.700345409349540482e+00 -6.316066529280586206e-01
6.956999999186446190e+09 -3.722213289776409528e+00 -3.452874626915434786e-01
6.956999999208932877e+09 -3.967349028270912292e+00 -1.908941209137236528e-01
6.956999998939129829e+09 -3.938955168916178362e+00 -8.680497374287840517e-02
6.956999999195025444e+09 -3.809909046204517757e+00 -3.885722435250869161e-02
6.956999999233699799e+09 -3.813587408992546557e+00 2.491102844003906525e-01
6.956999999334750175e+09 -4.014420052919550841e+00 6.501930846605280534e-02
6.956999999295102119e+09 -4.085031085187678990e+00 -2.140445331546381169e-01
6.956999999196650505e+09 -3.838060549159660439e+00 -3.312931828914241206e-01
6.956999999247958183e+09 -3.984122449893970241e+00 -8.539091621072744664e-02
6.956999999046659470e+09 -4.031026309859885082e+00 1.188478165275041187e-01
6.956999999068128586e+09 -4.047839403689253324e+00 4.081415900232879812e-01
6.956999999021211624e+09 -4.087512570332884287e+00 1.241356930484972532e-01
6.956999999016226768e+09 -4.262309470672777323e+00 3.562039952191951020e-01
6.956999999161203384e+09 -4.412878155617269371e+00 5.580588637279730868e-01
6.956999999157304764e+09 -4.122639830683457518e+00 5.715129609977912528e-01
6.956999999043523788e+09 -4.387249574720676115e+00 6.098539290245746924e-01
6.956999999183614731e+09 -4.302177077160265206e+00 3.699129127510975557e-01
6.956999999225333214e+09 -4.516592173239875940e+00 1.782877579067095597e-01
6.956999999079833984e+09 -4.767680966361292683e+00 1.930834653976491455e-01
6.956999999213906288e+09 -4.903338292178480273e+00 4.123007913896689081e-01
6.956999999100223541e+09 -5.092578722956210058e+00 2.233598355809917890e-01
6.956999998992789268e+09 -5.077450880711491976e+00 -4.620204176802097940e-02
6.956999998887822151e+09 -5.206566091142503794e+00 -2.844156096161952751e-01
6.956999998699110031e+09 -4.985924083951311481e+00 -2.962148294926073011e-01
6.956999998715951920e+09 -4.994043618603717150e+00 -5.861888374546788683e-01
6.956999998517933846e+09 -5.204349990288571703e+00 -5.546496902208510882e-01
6.956999998726148605e+09 -5.206930077852192085e+00 -7.573179151827587052e-01
6.956999998999773979e+09 -5.183270922855522045e+00 -6.624287477376191724e-01
6.956999999012993813e+09 -5.436460742702728055e+00 -8.043958440964384948e-01
6.956999999205595016e+09 -5.574960379980243630e+00 -9.721962334099985004e-01
6.956999998980015755e+09 -5.496187935928030122e+00 -8.068375417437241293e-01
6.956999998895153046e+09 -5.415045346881519173e+00 -1.072635828195338537e+00
6.956999998885129929e+09 -5.422911306272911958e+00 -7.823391511813571064e-01
6.956999999134258270e+09 -5.465111317632226573e+00 -9.258272332989365694e-01
6.956999999413873672e+09 -5.495012641236761475e+00 -9.990111764871478783e-01
6.956999999259076118e+09 -5.727231284327672256e+00 -1.079922667882623033e+00
6.956999999431256294e+09 -5.881461084846183240e+00 -1.255995161270815785e+00
6.956999999594310760e+09 -6.031312344205402631e+00 -1.444123395137935972e+00
6.956999999637809753e+09 -6.067085588443053901e+00 -1.729189306932658488e+00
6.956999999781525612e+09 -5.872364450871711661e+00 -1.568366232751783107e+00
6.956999999643647194e+09 -5.884898654661927075e+00 -1.312892196600117023e+00
6.956999999885098457e+09 -6.031563672170428880e+00 -1.244884574836529367e+00
6.956999999648446083e+09 -5.960463149003055072e+00 -1.397772817563796455e+00
6.956999999431511879e+09 -5.840646469207197100e+00 -1.246056024768148252e+00
6.956999999695237160e+09 -5.830383295666376142e+00 -1.367620604556956332e+00
6.956999999415937424e+09 -5.905492261976808877e+00 -1.339601621733076398e+00
6.956999999197345734e+09 -5.836597371058966921e+00 -1.160980289053157311e+00
6.956999999146504402e+09 -5.858619518751828181e+00 -1.446225157544680950e+00
6.956999999183286667e+09 -5.933413863690708112e+00 -1.167859680867927352e+00
6.956999999194571495e+09 -5.881915669566536664e+00 -8.821061579370561567e-01
6.956999999029560089e+09 -5.653664926962221671e+00 -8.106413972114029365e-01
6.956999998950357437e+09 -5.626259425080032628e+00 -1.088868681535647864e+00
6.956999998916662216e+09 -5.876348061900082520e+00 -9.448033423676839293e-01
6.956999999202079773e+09 -5.858276503587742212e+00 -8.933771622104962340e-01
6.956999999182786942e+09 -5.853804961396988027e+00 -6.034767060923615922e-01
6.956999999250205040e+09 -5.809887193161499930e+00 -3.242626398373762431e-01
6.956999999240070343e+09 -5.882159716593538867e+00 -4.300036049700273200e-02
6.956999999134859085e+09 -6.009508660900528376e+00 -2.820553162262822156e-01
6.956999998857511520e+09 -6.074294956909639609e+00 -3.396360570729223816e-01
6.956999999087272644e+09 -6.126238130789116276e+00 -1.694998877339259080e-01
6.956999998798900604e+09 -6.147035466509854551e+00 -1.985465358081293930e-01
6.956999999018808365e+09 -6.144019826363126491e+00 -8.635760125772273810e-03
6.956999998964954376e+09 -6.052908867148835803e+00 -2.792518499875157323e-01
6.956999998759469032e+09 -6.029166312518627890e+00 -4.833265126371338316e-01
6.956999998579462051e+09 -5.886200151183632379e+00 -6.610700090247485505e-01
6.956999998552467346e+09 -5.889535678528031504e+00 -9.503703089865025433e-01
6.956999998669939041e+09 -6.028209374931135400e+00 -7.236445208031638821e-01
6.956999998410872459e+09 -6.159281784092148548e+00 -7.354374654272086698e-01
6.956999998499235153e+09 -5.977725330463416142e+00 -9.443962997260569869e-01
6.956999998298388481e+09 -5.771729059755070779e+00 -9.851452485686349458e-01
6.956999998459068298e+09 -5.898887357615903326e+00 -7.791177659392034549e-01
6.956999998448484421e+09 -5.643737251170063196e+00 -6.404783108186616891e-01
6.956999998447857857e+09 -5.459995483227126911e+00 -4.153715189209373770e-01
6.956999998207441330e+09 -5.314773615111410443e+00 -4.898376281018538836e-01
6.956999998007030487e+09 -5.106432942276203590e+00 -5.192322980956484146e-01
6.956999998058205605e+09 -5.285783845971549155e+00 -7.420525100881247837e-01
6.956999998288397789e+09 -5.396602322845633459e+00 -6.036130876301228909e-01
6.956999998082901955e+09 -5.268597249718942166e+00 -4.429244542338033330e-01
6.956999998219371796e+09 -5.194673015323819421e+00 -6.885781937967221378e-01
6.956999998359420776e+09 -4.948871007238530240e+00 -6.222290437475447300e-01
6.956999998507473946e+09 -5.166539076751911708e+00 -4.992030855806081080e-01
6.956999998646622658e+09 -5.096229969200764209e+00 -2.539913416223865128e-01
6.956999998666734695e+09 -4.890350317239144928e+00 -4.992380115860833856e-02
6.956999998856746674e+09 -5.081676096216152239e+00 5.835481404669184968e-02
6.956999998963219643e+09 -4.991947243947318036e+00 -1.966877344404955319e-01
6.956999998975595474e+09 -4.987761985471382609e+00 -4.869700316756811476e-01
6.956999998755452156e+09 -5.140996777085012681e+00 -3.752097209534916988e-01
6.956999998983429909e+09 -5.281660823988945097e+00 -2.626292312404466811e-01
6.956999999135375023e+09 -5.071189643025306282e+00 -3.932010323054059842e-01
6.956999999303898811e+09 -4.845423021623993520e+00 -3.220421225439147328e-01
6.956999999450720787e+09 -5.063900303206318121e+00 -1.989755810829446081e-01
6.956999999404808044e+09 -5.183811628029019403e+00 6.169242960230103545e-02
6.956999999631980896e+09 -5.285288056063718543e+00 2.117903455808568813e-01
6.956999999759042740e+09 -5.286559029701251688e+00 -4.952977245107167970e-02
6.956999999771398544e+09 -5.215199132771241253e+00 -3.309362157461264164e-01
6.956999999867489815e+09 -5.247875554307183776e+00 -6.032102958281189142e-01
6.957000000118052483e+09 -5.253441148199803123e+00 -4.561661841076080637e-01
