6.957000000000000000e+09 0.000000000000000000e+00 0.000000000000000000e+00
6.956999999979305267e+09 -1.592666745956895502e-01 -2.421576813242057313e-01
6.956999999830914497e+09 -2.087672364075478515e-01 2.718346601824295217e-03
6.956999999792124748e+09 -2.082346898795137125e-01 -2.852566400062946927e-01
6.956999999841100693e+09 -5.469927735003454750e-02 -5.270472314320114871e-01
6.957000000013095856e+09 -2.451706799058661346e-01 -6.633298178063311568e-01
6.957000000019973755e+09 -2.615244458879963929e-01 -9.533638603464211769e-01
6.956999999995683670e+09 -2.436879466624463642e-01 -6.643546414149004153e-01
6.957000000012223244e+09 -4.615578371520399625e-01 -4.727988120061131783e-01
6.957000000288120270e+09 -5.420028903280005306e-01 -4.298556489349752985e-01
