6.261300000000000000e+10 0.000000000000000000e+00 0.000000000000000000e+00
6.261299999945246887e+10 8.757180714285672796e-01 1.106952262469955262e+00
6.261299999797663879e+10 7.629239673553830370e-01 1.425096729607913781e+00
6.261299999877339172e+10 7.267373046007671311e-01 1.382854421551751312e-01
6.261299999846472168e+10 -6.407153074638926027e-01 -4.333876015617321720e-01
6.261299999830273438e+10 1.218503101543956246e-01 -1.731180839444224739e+00
6.261299999883653259e+10 1.534465012484337976e+00 -1.838860284675972956e+00
6.261299999850464630e+10 1.975289311919375734e+00 -4.290583278239996634e-01
6.261299999729455566e+10 2.029175254774675974e+00 4.791196830939379314e-01
6.261299999836431122e+10 9.711523757902063014e-01 6.471351533351076268e-01
6.261299999877626038e+10 1.172641100223546617e+00 -7.956786764095450382e-01
6.261299999834094238e+10 1.641898123006989785e+00 -2.167651591132973010e+00
6.261299999948709106e+10 2.326329998787854958e+00 -1.453569256551015432e+00
6.261299999919460297e+10 2.055044098723379342e+00 6.864689291853576236e-03
6.261299999821000671e+10 3.202907122587665967e+00 -6.377219946830360586e-02
6.261299999738969421e+10 3.212229618333945602e+00 1.208634395579243126e+00
6.261299999686734772e+10 2.406402073865389735e+00 3.824610540816086868e-02
6.261299999578438568e+10 1.604475033156376629e+00 -6.517735081488092996e-01
6.261299999725111389e+10 1.656979998022897194e+00 -2.803474862770559684e-01
6.261299999844482422e+10 2.453044127560561449e+00 2.027093512025369693e-01
6.261299999814440155e+10 1.031702053068908054e+00 -2.233751530354909365e-01
6.261299999732587433e+10 8.355655893588302963e-01 1.035017544182295968e+00
6.261299999735088348e+10 7.484661973021016212e-01 -4.762077517851952546e-01
6.261299999619029999e+10 6.301857371729966406e-01 4.887099211611222183e-01
6.261299999717527008e+10 -2.290581253527096406e-01 1.252614322383164946e+00
6.261299999751487732e+10 -1.170541520830191251e+00 2.388523321561263568e+00
6.261299999816908264e+10 -2.429580520643234376e+00 1.860460062898523947e+00
6.261299999830068207e+10 -2.513470209697708846e+00 3.366334391604617338e+00
6.261299999771115112e+10 -2.504990501038221407e+00 4.760749862894430251e+00
6.261299999776639557e+10 -3.325977392093637075e+00 6.031553772487018072e+00
6.261299999767984009e+10 -3.550962661192075487e+00 4.536928703916844441e+00
6.261299999918140411e+10 -3.711399009372542857e+00 4.644491969171157919e+00
6.261299999899086761e+10 -3.619976181960677941e+00 6.143609139024229115e+00
6.261299999920121765e+10 -2.126725855377282315e+00 6.277656209887032546e+00
6.261300000042080688e+10 -1.738390705857372209e+00 5.469073503180209350e+00
