4.869900000000000000e+10 0.000000000000000000e+00 0.000000000000000000e+00
4.869899999982656860e+10 -4.534354082269885233e-01 2.871924555142020830e-01
4.869899999936620331e+10 -1.283567728494265370e-01 3.106180853133249098e-01
4.869899999951747894e+10 1.266194886887734850e-01 -1.692414080268911381e-01
4.869899999945931244e+10 1.750442885548730843e-02 -7.195792746002673823e-01
4.869899999912557220e+10 -2.097947088193553855e-01 -1.113425014187167550e+00
4.869899999917436218e+10 -5.012003334189616410e-01 -1.593908046636073328e+00
4.869899999874387360e+10 -1.652891544099858168e-01 -1.735353230961749649e+00
4.869899999911737061e+10 -3.872477824017672710e-01 -1.375636448388636301e+00
4.869899999953900909e+10 -6.788074647970914199e-01 -1.140315891743294729e+00
4.869899999933670807e+10 -6.732904042829797042e-01 -6.138142370641090917e-01
4.869899999960224915e+10 -1.170472513649905677e+00 -5.923378280507044513e-01
4.869899999962606049e+10 -1.192628720391744723e+00 -2.921820494516214062e-02
4.869899999999250793e+10 -1.015255449310292102e+00 3.611849976439615584e-01
4.869899999973412323e+10 -1.292990043342817419e+00 -5.626308410031977125e-02
4.869899999925434875e+10 -1.018759203471731878e+00 5.677457793179040146e-02
4.869899999913137817e+10 -1.569231617492009789e+00 5.241310520114460247e-02
4.869899999935308075e+10 -1.305538829054076366e+00 -3.942148338648210903e-01
4.869899999919032288e+10 -1.364281790660220262e+00 -9.310773982807607485e-01
4.869899999969912720e+10 -1.160143341968276731e+00 -1.063773950304836013e+00
4.869900000016844940e+10 -1.143650940802612093e+00 -7.513257003139226509e-01
