2.087100000000000000e+10 0.000000000000000000e+00 0.000000000000000000e+00
2.087099999973440552e+10 -1.697900675453501429e-01 2.373283368863857157e-02
2.087099999985778809e+10 -1.262177962691991562e-01 3.115014898118634301e-01
2.087099999954497528e+10 -1.688011379462269757e-01 3.278732669665735955e-01
2.087099999966238022e+10 1.233457570828759287e-01 2.996047707579222452e-01
2.087099999966283417e+10 1.251222822338577956e-01 6.157207319151046798e-01
2.087099999941022873e+10 -2.203337743504601987e-02 4.954382637218096574e-01
2.087099999934787750e+10 -6.819492940777795165e-02 1.889845051993039871e-01
2.087099999913269424e+10 -8.358585047196030737e-02 -4.208213365063814826e-02
2.087099999911467361e+10 1.169444153825340699e-01 2.016299221755632476e-01
2.087099999942837143e+10 1.045658305749450900e-01 2.387012923438161238e-01
2.087099999934741592e+10 1.040731045665240495e-01 5.442802422258902206e-01
2.087099999904339218e+10 1.743618302004450449e-01 5.948925423091476761e-01
2.087099999918154526e+10 -7.575026059318429317e-02 7.301333857301285368e-01
2.087099999893541718e+10 -1.929015765122452375e-01 5.700412724644089435e-01
2.087099999924676514e+10 -2.188224784038104165e-01 5.218350023805793381e-01
2.087099999935782623e+10 -4.889285693126049770e-01 4.008355594405342837e-01
2.087099999911977768e+10 -3.615636386149543302e-01 2.363841363800081863e-01
2.087099999897335434e+10 -5.040262786962539376e-01 4.776260488166120810e-01
2.087099999900512314e+10 -4.711443373065279383e-01 7.904232838699247754e-01
2.087099999920639038e+10 -2.917423880750810716e-01 9.554645105832199059e-01
2.087099999913858414e+10 -4.873591118293880697e-01 7.165727884534421888e-01
2.087099999920282364e+10 -4.357411659084611255e-01 1.021763695624697377e+00
2.087099999930584717e+10 -2.355185546855841361e-01 1.243641444606027990e+00
2.087099999922588348e+10 2.715666314256992564e-02 1.400293780352850570e+00
2.087099999927840805e+10 3.377612018226079371e-01 1.426723717808030978e+00
2.087099999925160599e+10 3.964011410551798176e-01 1.736200249848968369e+00
2.087099999938095856e+10 4.564104672441916533e-01 2.018334816467551196e+00
2.087099999908421707e+10 5.537734398392142321e-01 2.067294048602839940e+00
2.087099999919906235e+10 4.619246705847859236e-01 1.787460471595748945e+00
2.087099999903615570e+10 4.579375404822510487e-01 1.516575746963384042e+00
2.087099999903887939e+10 3.850104429627557723e-01 1.208993416008601329e+00
2.087099999891997147e+10 9.240508395718616264e-02 1.195744353731587939e+00
2.087099999915879440e+10 1.441670298398623484e-01 9.952019089972742316e-01
2.087099999907557297e+10 1.850422934882533788e-01 1.297420819835732653e+00
2.087099999911409378e+10 4.097538952866945916e-01 1.078437703840021022e+00
2.087099999891224289e+10 5.413772520421712420e-01 1.283046893108636066e+00
2.087099999911182022e+10 4.444975863511955727e-01 1.057846329699654531e+00
2.087099999885501099e+10 3.425585952151549707e-01 9.042562392808998206e-01
2.087099999898151016e+10 4.629057239171730509e-01 6.407281921930270130e-01
2.087099999922520828e+10 5.479267092832245112e-01 8.232507295109007250e-01
2.087099999914213943e+10 4.384333504860612463e-01 1.107931992385676523e+00
2.087099999909677887e+10 3.200637682876640300e-01 1.397524302887012126e+00
2.087099999885143661e+10 5.193631687898706550e-01 1.401964084923158271e+00
2.087099999892993546e+10 5.542030290261057424e-01 1.097732562452639282e+00
2.087099999874901581e+10 7.220454002221639023e-01 1.295291545681143131e+00
2.087099999849248123e+10 8.507041106440406120e-01 1.427843923609519061e+00
2.087099999818510437e+10 8.099778509551114336e-01 1.489430770357380363e+00
2.087099999826775360e+10 8.058792932861027491e-01 1.794529282304083928e+00
2.087099999841174698e+10 6.368850150237959085e-01 1.569498046435993333e+00
2.087099999847238541e+10 6.854641788391107049e-01 1.875922363597132714e+00
2.087099999823888016e+10 4.751286821714898467e-01 1.910085030460817901e+00
2.087099999804595947e+10 5.345959139130468385e-01 1.666819002435617980e+00
2.087099999793235779e+10 2.540243470408097837e-01 1.575678016204498322e+00
2.087099999807760239e+10 3.456748320749939429e-01 1.841077647070415990e+00
2.087099999807769394e+10 4.042408908207964502e-01 1.530428858720362051e+00
2.087099999838935471e+10 3.750023236167874252e-01 1.574547291958611872e+00
2.087099999838665390e+10 3.717336094876110830e-01 1.258454444717331810e+00
2.087099999857278824e+10 1.163519492258988652e-01 1.266648037735804255e+00
2.087099999840230942e+10 -4.645712565334753075e-02 1.477271837921682929e+00
2.087099999833617783e+10 -3.436164789951964837e-02 1.168381710052826650e+00
2.087099999820143127e+10 2.074075331291189705e-01 1.321104287269865285e+00
2.087099999788874054e+10 1.716788109648035576e-01 1.350785414935804285e+00
2.087099999761378860e+10 2.761713147036570226e-01 1.234963447249389112e+00
2.087099999770365524e+10 2.936719138176110411e-01 1.537536623566151395e+00
2.087099999792559433e+10 4.621646367271627920e-01 1.686818433961258412e+00
2.087099999787923431e+10 4.876661211568764087e-01 1.375156734185026819e+00
2.087099999777447510e+10 7.702711139709785826e-01 1.279801853980298443e+00
2.087099999762976837e+10 9.817515970276197157e-01 1.464919382000927861e+00
2.087099999752163315e+10 8.442608258009107747e-01 1.728235641655774923e+00
2.087099999735236740e+10 5.873878581201400495e-01 1.655448984835775628e+00
2.087099999744798660e+10 7.470442647837690631e-01 1.399910938607530353e+00
2.087099999737129593e+10 4.426108622149557692e-01 1.362876088831654453e+00
2.087099999732497406e+10 7.020964668253673047e-01 1.188364595225639420e+00
2.087099999723212814e+10 9.622947355147664084e-01 1.342016552516154482e+00
2.087099999747107315e+10 1.080471937981373198e+00 1.172096786181518802e+00
2.087099999743091583e+10 1.062252236648239645e+00 1.485127259552172063e+00
2.087099999745097351e+10 1.082302237855490956e+00 1.170280714127597932e+00
2.087099999758271790e+10 1.202323560028301985e+00 1.431376110082444697e+00
2.087099999757597733e+10 1.156309034746091591e+00 1.118694338643808184e+00
2.087099999773186111e+10 8.860438823928904473e-01 1.169578052212451480e+00
2.087099999775488663e+10 1.199312662667766149e+00 1.205146018509422712e+00
2.087099999786627579e+10 1.370762845885641568e+00 1.446246927394228443e+00
2.087099999809550858e+10 1.156108303012527649e+00 1.410086490245777702e+00
2.087099999791175842e+10 1.353900465710937029e+00 1.574547197098312701e+00
2.087099999807179260e+10 1.255107742657161518e+00 1.828636867210882144e+00
2.087099999801400757e+10 1.314373184219423729e+00 2.133729215536853019e+00
2.087099999826119614e+10 1.421261203302006670e+00 1.968185882454841940e+00
2.087099999820504379e+10 1.478119540409154942e+00 2.274039614621137240e+00
2.087099999797079849e+10 1.690374285745571248e+00 2.277144329378658849e+00
2.087099999807852936e+10 1.669371870201151964e+00 1.980689454974711827e+00
2.087099999829152298e+10 1.627194264497970222e+00 2.210446023338624055e+00
2.087099999812588501e+10 1.718628154643821127e+00 1.957193940147527123e+00
2.087099999798033524e+10 1.804418717455113175e+00 2.224379080395953778e+00
2.087099999804193115e+10 1.797624560108080249e+00 2.534366566292141520e+00
2.087099999786762238e+10 1.667024575732549252e+00 2.305254286966607946e+00
2.087099999800399017e+10 1.943470433719346691e+00 2.375355043385491971e+00
2.087099999815694809e+10 2.105083401736078219e+00 2.150816524641421257e+00
2.087099999819258118e+10 2.071516864431883320e+00 2.463124288976981990e+00
2.087099999848048019e+10 1.940953485096318598e+00 2.463894426595529374e+00
2.087099999834349823e+10 2.005397217516275088e+00 2.186376916202977583e+00
2.087099999842369461e+10 1.765371462919032464e+00 1.996933786702827396e+00
2.087099999866909409e+10 1.950662456523664101e+00 1.923586707418116104e+00
2.087099999871560669e+10 1.959151496394692549e+00 2.236152446032495522e+00
2.087099999864107895e+10 1.992445891897610011e+00 1.930751879189752440e+00
2.087099999880801010e+10 1.925038529676055488e+00 1.670899080700068762e+00
2.087099999885227966e+10 2.108650674776849865e+00 1.924393607975738218e+00
2.087099999887849808e+10 2.095149161990138786e+00 1.609650928069805698e+00
2.087099999888013840e+10 2.105249238966976577e+00 1.293695302068093467e+00
2.087099999892786026e+10 2.416162118203866616e+00 1.325135333965550499e+00
2.087099999879935837e+10 2.354326342628408675e+00 1.607262721722301890e+00
2.087099999892729950e+10 2.069380773351134017e+00 1.655940347265781876e+00
2.087099999873370743e+10 1.819926762719483948e+00 1.640846585082117448e+00
2.087099999875472260e+10 2.057000003750078410e+00 1.432790625852869093e+00
2.087099999896045303e+10 1.988417139877238338e+00 1.662800954137544807e+00
2.087099999894982529e+10 1.672639691158658515e+00 1.673014751126164379e+00
2.087099999869260406e+10 1.495115925736347107e+00 1.625530450930538828e+00
2.087099999876454544e+10 1.635099271333592785e+00 1.351373726081168236e+00
2.087099999869415665e+10 1.422008459365849298e+00 1.128729114579318571e+00
2.087099999838463593e+10 1.370726230261240186e+00 1.089994340380209259e+00
2.087099999852913666e+10 1.104554331727476191e+00 1.180575288412858637e+00
2.087099999869007874e+10 8.490769833659421728e-01 1.274178776852194828e+00
2.087099999891203690e+10 1.042748845727796470e+00 1.159465800038536720e+00
2.087099999914324570e+10 9.112073940179036269e-01 1.330264930844631488e+00
2.087099999902092743e+10 6.548860963947404912e-01 1.191446025830730004e+00
2.087099999890842438e+10 6.938856298090635422e-01 8.986064351806881678e-01
2.087099999894317245e+10 7.107144794586128800e-01 1.212361087556964367e+00
2.087099999871597672e+10 6.217265249253828285e-01 1.011373693312284550e+00
2.087099999863311386e+10 4.518386012036557653e-01 7.579878944934006491e-01
2.087099999847303772e+10 3.438629122393168092e-01 1.008287885692890740e+00
2.087099999835290527e+10 2.855313056741907718e-01 7.217592908534522511e-01
2.087099999850944138e+10 5.541503187295868660e-01 6.645533503778311424e-01
2.087099999822218704e+10 6.194019118283501379e-01 5.498416518801015895e-01
2.087099999836027908e+10 5.018363686494233811e-01 2.909173151164792803e-01
2.087099999863871765e+10 6.487653267500383958e-01 2.623343477994626860e-01
2.087099999860958862e+10 6.707900638313598618e-01 5.763393241951857426e-01
2.087099999884214783e+10 8.437294558073527018e-01 7.025945134701082617e-01
2.087099999908199310e+10 9.777382049516227802e-01 8.589521560979793691e-01
2.087099999886069489e+10 8.136659111662996047e-01 7.039017520077337497e-01
2.087099999854745102e+10 8.513808782837557487e-01 7.235947676549289165e-01
2.087099999878479385e+10 1.042460901988283783e+00 8.077948641518857276e-01
2.087099999880748749e+10 1.170652667193789798e+00 5.197243646746714241e-01
2.087099999856331253e+10 1.249336602185904033e+00 7.044422662283916781e-01
2.087099999880972290e+10 1.385503563724775233e+00 5.606638693207047774e-01
2.087099999880192947e+10 1.157461023193593563e+00 7.794525802356230271e-01
2.087099999879446030e+10 1.322662167495995078e+00 1.048869442216612047e+00
2.087099999881964111e+10 1.354518039493980863e+00 7.353669279056311847e-01
2.087099999876240921e+10 1.356756746749018694e+00 4.244774911728291245e-01
2.087099999849860764e+10 1.530503511721451160e+00 4.368708232355868470e-01
2.087099999832691193e+10 1.324158172711962234e+00 6.038281603089998839e-01
2.087099999822185516e+10 1.419258677783799438e+00 3.212474827873850192e-01
2.087099999823542404e+10 1.712766528951292777e+00 4.378736581270313843e-01
2.087099999854470062e+10 1.701358765977179610e+00 3.734506796956419961e-01
2.087099999865712738e+10 1.959120715637796106e+00 2.290501498061806029e-01
2.087099999837436295e+10 2.071780583041019863e+00 1.437011457085126676e-01
2.087099999818751526e+10 1.973222868452731760e+00 3.788742079979763311e-01
2.087099999829934311e+10 1.963776533403827518e+00 6.744039715450489414e-01
2.087099999832114410e+10 1.950333167067771933e+00 9.894860633153150786e-01
2.087099999831085968e+10 1.948101064703896990e+00 1.305432089583306032e+00
2.087099999827786255e+10 1.816701731495272032e+00 1.019813495482733146e+00
2.087099999845669556e+10 2.051760455028011965e+00 1.132499565494150096e+00
2.087099999859318542e+10 1.879195875299042306e+00 1.359488900677393586e+00
2.087099999865297318e+10 2.004879987371597228e+00 1.075654937477641404e+00
2.087099999855639648e+10 2.185039514832982199e+00 1.316794160686718618e+00
2.087099999824280930e+10 2.208209782158622847e+00 1.284267989975628854e+00
2.087099999832214737e+10 2.229693633726039348e+00 1.589516660280047677e+00
2.087099999832207108e+10 2.229802781019297520e+00 1.905637908861459673e+00
2.087099999827817154e+10 2.284637724534751335e+00 1.597419361063178833e+00
2.087099999799131775e+10 2.383798142281598587e+00 1.509023290685999052e+00
2.087099999816017914e+10 2.451571784814330357e+00 1.250518379725767293e+00
2.087099999815883636e+10 2.452492422912166958e+00 9.344013016834288310e-01
2.087099999805659485e+10 2.456765885923905213e+00 1.233502119043207390e+00
2.087099999781289673e+10 2.314321707410052831e+00 1.375819917050311592e+00
2.087099999795746994e+10 2.289827072186054302e+00 1.655874991385752004e+00
2.087099999768368912e+10 2.143836698828796461e+00 1.716395506007284411e+00
2.087099999763471603e+10 1.862653172730524220e+00 1.580490360044447762e+00
2.087099999789421463e+10 1.821800306519362422e+00 1.756340929420235675e+00
2.087099999775279617e+10 1.999458947385729157e+00 1.536405881497169945e+00
2.087099999762851715e+10 1.843897000346317538e+00 1.290870006145591553e+00
2.087099999777586365e+10 1.688690672618199162e+00 1.058205756425775856e+00
2.087099999747348022e+10 1.668059658082717167e+00 9.683619050015316310e-01
2.087099999753808594e+10 1.525543106654869030e+00 1.243039718695984064e+00
2.087099999773700714e+10 1.746665525859004253e+00 1.135954163923455162e+00
2.087099999804458237e+10 1.819565950864601822e+00 1.139997540859630121e+00
2.087099999810626602e+10 1.661551556068556534e+00 8.732405171114450138e-01
2.087099999817779922e+10 1.400857597103126073e+00 1.037113994384126547e+00
2.087099999837870789e+10 1.644378819545992299e+00 1.053432591505089055e+00
2.087099999852464676e+10 1.706360315464073629e+00 1.326915872045389300e+00
2.087099999868692398e+10 1.546023655374918704e+00 1.108075718728220416e+00
2.087099999871641159e+10 1.842030687466075012e+00 1.215047702130915175e+00
2.087099999857423401e+10 1.673757820873871482e+00 1.441768524165219834e+00
2.087099999859897614e+10 1.636950988386851158e+00 1.754763405123031195e+00
2.087099999857913971e+10 1.644013304966063460e+00 1.439344233926070471e+00
2.087099999884142685e+10 1.820138152789938069e+00 1.450234403588876786e+00
2.087099999862487030e+10 1.901651667638873278e+00 1.665620775912851403e+00
2.087099999853436279e+10 2.026626127985885706e+00 1.389717437302294467e+00
2.087099999859033585e+10 2.057046120645810383e+00 1.080081756643114232e+00
2.087099999883005524e+10 2.056778848426544126e+00 1.286159586994360726e+00
2.087099999872774887e+10 2.063924512126800614e+00 9.871362108723948925e-01
2.087099999841854477e+10 2.015940779823544027e+00 9.421656060243499553e-01
2.087099999816143036e+10 2.193784625504373142e+00 9.890328452351103694e-01
2.087099999840161896e+10 2.170642895374909731e+00 7.848088613715018536e-01
2.087099999841681290e+10 2.278402492628787801e+00 1.081607990919738693e+00
2.087099999869003296e+10 2.432538160607405242e+00 1.042550792801102189e+00
2.087099999880062866e+10 2.308284892390924714e+00 7.737344554010696651e-01
2.087099999897507858e+10 2.543812465626640762e+00 8.921675918111867665e-01
2.087099999878086853e+10 2.791686194203063742e+00 8.643474553548952111e-01
2.087099999853330612e+10 2.971135329132088110e+00 7.840772880331339234e-01
2.087099999846197128e+10 3.197911059932058375e+00 5.757106978838872902e-01
2.087099999839368057e+10 3.315843492091011591e+00 2.904724165863599716e-01
2.087099999858266068e+10 3.494198119056926899e+00 4.704984569269883288e-01
2.087099999865338135e+10 3.512789322745444309e+00 1.629504759851659879e-01
2.087099999879901123e+10 3.503707580285533307e+00 -1.174806440140787056e-01
2.087099999852278137e+10 3.608217894127275116e+00 -4.755262685145353330e-03
2.087099999858050919e+10 3.399385799555624477e+00 2.254383627792356792e-01
2.087099999871453094e+10 3.205698148518571156e+00 4.362850739582078696e-01
2.087099999864102173e+10 3.086202069097552236e+00 1.530013884314777584e-01
2.087099999881558609e+10 3.278427279034730191e+00 -2.730193565815705603e-02
2.087099999883853912e+10 2.991472104304437440e+00 1.033220519194892328e-01
2.087099999883955383e+10 2.952379006508094150e+00 4.170151517428919430e-01
2.087099999888999939e+10 2.876511159349699032e+00 7.197227093020893696e-01
2.087099999906877899e+10 2.941569658070019688e+00 9.721859983990466247e-01
2.087099999877923965e+10 2.815191679395858682e+00 9.608456344077312972e-01
2.087099999883740997e+10 3.111182079099247488e+00 1.055389539818544220e+00
2.087099999900231171e+10 2.901135817942205541e+00 1.224566398421367719e+00
2.087099999901121140e+10 2.865944077219573671e+00 1.538596621756727068e+00
2.087099999908198166e+10 2.832947342300274229e+00 1.844922192611023526e+00
2.087099999913025665e+10 2.964338115856739897e+00 1.561481625220683789e+00
2.087099999895097733e+10 3.191989513639283960e+00 1.687838567225707465e+00
2.087099999898018265e+10 3.163272989849794659e+00 2.001295380401612256e+00
2.087099999911636734e+10 3.091360008819236782e+00 1.725225622032108941e+00
2.087099999937176895e+10 2.927083863209739789e+00 1.637389541916168367e+00
2.087099999936553574e+10 2.691575426641742208e+00 1.848172761444029977e+00
2.087099999936395264e+10 2.385178874376042479e+00 1.925962945456457520e+00
2.087099999912853622e+10 2.383301548658329327e+00 2.136932440478184425e+00
2.087099999926579666e+10 2.137920083999830023e+00 1.992431365316535530e+00
2.087099999907799530e+10 2.250364323142993506e+00 2.220508547983221614e+00
2.087099999918312073e+10 2.142034160932375642e+00 1.942756474064744054e+00
2.087099999895605850e+10 2.082649157890239522e+00 1.730982620193945998e+00
2.087099999898878860e+10 2.363233446327594578e+00 1.589088674996886441e+00
2.087099999901646805e+10 2.539044755305779777e+00 1.850348717543968124e+00
2.087099999894316483e+10 2.403521438076550609e+00 1.574318890060563803e+00
2.087099999900578690e+10 2.713118316809308261e+00 1.587003830274798855e+00
2.087099999892693329e+10 2.739782495706943877e+00 1.282038670022944471e+00
2.087099999902644730e+10 2.999335088132054850e+00 1.432577154112795847e+00
2.087099999911778641e+10 3.295546886299468348e+00 1.494615016311705569e+00
2.087099999934033203e+10 3.367917311133247438e+00 1.282086678573844063e+00
2.087099999949959183e+10 3.629070339923653687e+00 1.202290254508521672e+00
2.087099999924824905e+10 3.818510676100199674e+00 1.231824205185126475e+00
2.087099999934431839e+10 3.884463789654093446e+00 9.379646125930239942e-01
2.087099999965264130e+10 3.879105882919108073e+00 8.683806387365258228e-01
2.087099999955424118e+10 3.945719169294555240e+00 1.161319114231351035e+00
2.087099999955593109e+10 3.914295337155468513e+00 1.475870143339016449e+00
2.087099999947868729e+10 4.007018752396331429e+00 1.768048500056647487e+00
2.087099999939455795e+10 3.998653668370463432e+00 2.072655039968524182e+00
2.087099999969828415e+10 3.998924594184436909e+00 2.160312752353696908e+00
2.087099999980196762e+10 4.234609548667114254e+00 1.976914430422430646e+00
2.087099999985443878e+10 3.924161122161132109e+00 2.005222266385821239e+00
2.087099999981370163e+10 4.104375941185023358e+00 2.261728824355798029e+00
2.087099999956119537e+10 4.173464740222962988e+00 2.438928450606242748e+00
2.087099999974361801e+10 4.075155329359557932e+00 2.677654066906279162e+00
2.087099999970518494e+10 4.038694327245200277e+00 2.989304588876278146e+00
2.087099999949659729e+10 4.095347969160613388e+00 2.758621715160332499e+00
2.087099999962591171e+10 4.220510048163645500e+00 3.018515944108643101e+00
2.087099999935980988e+10 4.294038118962745010e+00 2.864513631354942191e+00
2.087099999933749390e+10 4.273847061828368155e+00 2.549828200155557667e+00
2.087099999942564011e+10 4.224430745182910840e+00 2.250293748791313053e+00
2.087099999965440750e+10 4.013384744085896294e+00 2.195002598952450423e+00
2.087099999964902878e+10 3.897386882792902796e+00 1.900981817308526223e+00
2.087099999972016525e+10 4.049886104028897371e+00 1.633370011399030375e+00
2.087099999958600616e+10 3.922232798408638033e+00 1.377170558624574159e+00
2.087099999945885849e+10 4.147895982912938706e+00 1.195947537977421593e+00
2.087099999944821548e+10 4.455220921826702707e+00 1.122662052292673351e+00
2.087099999945895386e+10 4.155911658071369530e+00 1.223811840454420041e+00
2.087099999946352386e+10 3.998163586099569677e+00 1.497723022114413771e+00
2.087099999945745087e+10 3.805548863771662127e+00 1.748313061974888782e+00
2.087099999917350006e+10 3.831193521634134402e+00 1.611758494475888481e+00
2.087099999905556488e+10 3.864711839286024464e+00 1.903134950115251467e+00
2.087099999891468048e+10 3.671464596927077828e+00 2.109870808251079755e+00
2.087099999903311920e+10 3.796748167433196652e+00 2.374841101596884219e+00
2.087099999894554138e+10 3.558292098931091552e+00 2.186688185255637240e+00
2.087099999900873947e+10 3.762831544320525357e+00 1.954089233482066534e+00
2.087099999906644821e+10 3.804994224850126727e+00 2.262025082990331448e+00
2.087099999902104950e+10 3.970345493450246455e+00 2.527601001815634518e+00
2.087099999903330612e+10 3.669953773779427664e+00 2.429890851249052908e+00
2.087099999926070786e+10 3.654230342349636285e+00 2.648918926664469708e+00
2.087099999928063202e+10 3.566026015677907335e+00 2.346006807013348627e+00
2.087099999928802490e+10 3.791363100327829194e+00 2.567594732697425997e+00
2.087099999938662338e+10 3.530113839374224849e+00 2.715783345083078615e+00
2.087099999935670471e+10 3.594674131253718041e+00 3.023792201203064689e+00
2.087099999916395569e+10 3.369347877499574651e+00 2.914206008335744613e+00
2.087099999908121872e+10 3.617678006137116320e+00 2.736950108555417760e+00
2.087099999906659317e+10 3.738256941915720333e+00 3.028805398206486643e+00
2.087099999918118668e+10 3.788639239211212484e+00 3.319085556340349186e+00
2.087099999946611023e+10 3.652195130540182078e+00 3.330644610640020264e+00
2.087099999969630814e+10 3.468940590797729318e+00 3.446228776746534717e+00
2.087099999950298691e+10 3.716243731947804552e+00 3.408806928610715659e+00
2.087099999951653290e+10 3.432722455814319229e+00 3.547964742381096048e+00
2.087099999953498077e+10 3.309921581884521569e+00 3.257254793961517958e+00
2.087099999952396011e+10 3.415111469303508507e+00 2.959351562117737089e+00
2.087099999963310623e+10 3.528899016275460987e+00 3.233344393176553311e+00
2.087099999979798126e+10 3.528544208976310159e+00 3.503064456402817495e+00
2.087099999993609238e+10 3.294894538690769092e+00 3.340997043658539667e+00
2.087099999967470551e+10 3.441892596807866411e+00 3.240996151659641278e+00
2.087099999953376770e+10 3.655566103327204885e+00 3.426502300813210944e+00
2.087099999955157089e+10 3.665251394505038451e+00 3.741973243360641632e+00
2.087099999966020966e+10 3.953818764158809618e+00 3.672268384838876631e+00
2.087099999963271332e+10 3.934893140477166540e+00 3.986622525257843108e+00
2.087099999982546234e+10 4.086112484455185268e+00 3.786840089697330214e+00
2.087099999976610947e+10 3.979995844644105496e+00 4.078643050622683397e+00
2.087099999963307953e+10 3.753975453749666791e+00 4.255139397931064771e+00
2.087099999936625290e+10 3.908463011637219431e+00 4.185355873994536680e+00
2.087099999945781326e+10 3.945983842144491938e+00 4.485591647312737962e+00
2.087099999929637909e+10 4.148949895526072851e+00 4.666356932034402938e+00
2.087099999947208786e+10 4.384104902278241234e+00 4.549046530210671513e+00
2.087099999965214157e+10 4.495144205962107620e+00 4.783958986981273753e+00
2.087099999965130234e+10 4.492398471343471478e+00 4.467850753234170469e+00
2.087099999967955017e+10 4.674050517602939436e+00 4.210678938643101610e+00
2.087099999972447968e+10 4.502063349581709062e+00 4.472087749084610486e+00
2.087099999981446457e+10 4.533211479944294631e+00 4.170649600549899638e+00
2.087099999984782410e+10 4.602451987436666059e+00 4.477285402613048859e+00
2.087099999997422409e+10 4.716108223614409845e+00 4.743815619647822501e+00
2.087100000023039627e+10 4.726009002358754429e+00 4.928774932150103538e+00
