6.261300000000000000e+10 0.000000000000000000e+00 0.000000000000000000e+00
6.261299999971998596e+10 7.066616967796527371e-01 -1.309288611363276011e+00
6.261299999895587158e+10 1.265669163784348239e+00 -1.279129150714579666e-01
6.261299999987910461e+10 8.174550756605842849e-01 -1.240909543060753073e+00
6.261299999937648773e+10 3.382809889703897177e-02 -4.704182083274943693e-02
6.261299999876732635e+10 6.486539149489557454e-01 -1.289188876491530023e+00
6.261299999858506012e+10 5.626121777173873628e-01 -2.789652332295918136e+00
6.261299999941822815e+10 -6.837186661814600441e-01 -3.000614450058408877e+00
6.261299999797997284e+10 -9.969931116666714832e-01 -2.646659570100533987e+00
6.261299999879498291e+10 -1.139009740571442109e+00 -3.914573236287220315e+00
6.261299999878748322e+10 -6.829934573159901490e-02 -2.844275713926135651e+00
6.261299999947402954e+10 -3.824406170179385778e-01 -4.156519850448177955e+00
6.261299999915211487e+10 -1.410476648865354843e+00 -5.220253299938903524e+00
6.261299999963579559e+10 -2.104293290419587681e-01 -4.434151928537402476e+00
6.261299999905828857e+10 3.809769918104045638e-01 -5.702511781278535530e+00
6.261299999877720642e+10 1.795670885223422442e+00 -5.242457626492168288e+00
6.261299999904433441e+10 2.117643827513244759e+00 -6.697445238844772497e+00
6.261299999819384003e+10 2.277399210574340138e+00 -7.939679076690335791e+00
6.261299999782617950e+10 2.739101670310549519e+00 -9.333835824877244391e+00
6.261299999791680908e+10 3.032440393469014950e+00 -1.081631785686250069e+01
6.261299999766375732e+10 3.697990555530594303e+00 -1.215236449865635748e+01
6.261299999816587067e+10 3.639024400775659807e+00 -1.072533426959623526e+01
6.261299999959232330e+10 3.235547264966292413e+00 -1.103266367987475682e+01
6.261299999992435455e+10 4.257362223230573228e+00 -1.209927670415523693e+01
6.261299999985409546e+10 4.346713642954583179e+00 -1.058960990179980755e+01
6.261299999908060455e+10 5.021950067522688244e+00 -1.170216831449097583e+01
6.261299999874822998e+10 4.557670132107745076e+00 -1.310430457796004333e+01
6.261299999843608093e+10 5.064657133396823774e+00 -1.449626022084316368e+01
6.261299999802923584e+10 6.036097263619496722e+00 -1.558382480758781163e+01
6.261299999700772858e+10 5.333932395042467078e+00 -1.471462608458834254e+01
6.261299999561957550e+10 4.919650530788361564e+00 -1.427482440619176707e+01
6.261299999616323090e+10 5.444399491011479242e+00 -1.296292044840729929e+01
6.261299999601602173e+10 6.159219607577294475e+00 -1.428933518871173902e+01
6.261299999493652344e+10 5.615271683548638926e+00 -1.337784538651668598e+01
6.261299999485076904e+10 7.006789995594848719e+00 -1.396804625717723525e+01
6.261299999467975616e+10 8.190782398040184376e+00 -1.304018321588609908e+01
6.261299999449870300e+10 6.765051299744611057e+00 -1.351613036528395462e+01
6.261299999467261505e+10 6.327902243440721719e+00 -1.495511270248421631e+01
6.261299999380338287e+10 5.720603540970286005e+00 -1.387454074712458585e+01
6.261299999323386383e+10 5.269846565838561148e+00 -1.520287861529746465e+01
6.261299999424750519e+10 5.301250856433404657e+00 -1.632696187625161954e+01
6.261299999518197632e+10 6.110747751149559370e+00 -1.720074457994790507e+01
6.261299999526172638e+10 6.102528530323432676e+00 -1.568892921093018167e+01
6.261299999493998718e+10 5.394906611031936805e+00 -1.698807154889658122e+01
6.261299999413951111e+10 6.439312661346254352e+00 -1.773671368380261981e+01
6.261299999473041534e+10 6.035249827896813635e+00 -1.640270509028199442e+01
6.261299999451770020e+10 6.138975043532212794e+00 -1.490737685916905875e+01
6.261299999450585938e+10 6.118308103337864345e+00 -1.339362438932987054e+01
6.261299999514987183e+10 4.865258988545143382e+00 -1.283943148969375336e+01
6.261299999579869080e+10 3.690761343075856793e+00 -1.354057786183734180e+01
6.261299999554466248e+10 3.478811627216422231e+00 -1.501792761240469432e+01
6.261299999429370880e+10 2.806225702507200381e+00 -1.554210467993204858e+01
6.261299999551258850e+10 3.216205436777244131e+00 -1.474319187183046687e+01
6.261299999578754425e+10 2.980069065366361514e+00 -1.327327655675645168e+01
6.261299999673491669e+10 1.963834186557796624e+00 -1.387475104818714655e+01
6.261299999627140808e+10 2.095844762955368257e+00 -1.243956995305032365e+01
6.261299999604936981e+10 1.821037907210971474e+00 -1.096743094717299272e+01
6.261299999592327118e+10 3.326536520885274850e+00 -1.086951846481652062e+01
6.261299999645158386e+10 2.647695874135096439e+00 -1.211534007477089325e+01
6.261299999640026855e+10 2.663083887000988970e+00 -1.362833161349223055e+01
6.261299999726130676e+10 3.824038059020514524e+00 -1.407867357717879564e+01
6.261299999661417389e+10 3.884317225263283380e+00 -1.271134093776055352e+01
6.261299999714376068e+10 4.688637460928195111e+00 -1.387951061063204072e+01
6.261299999765405273e+10 5.415306792690497417e+00 -1.510570972159011838e+01
6.261299999872572327e+10 6.467485785371497542e+00 -1.491478763740981961e+01
6.261299999875556183e+10 6.341373237964244680e+00 -1.340640471589405891e+01
6.261299999884500122e+10 7.846442551304178004e+00 -1.326936190108825642e+01
6.261299999929077911e+10 7.277728862455949965e+00 -1.193900045735814786e+01
6.261299999866069794e+10 7.988916350247832199e+00 -1.076034656701224002e+01
6.261299999868074799e+10 7.999589732597057967e+00 -1.227411597086650730e+01
6.261299999726585388e+10 7.473016522701574793e+00 -1.238730810166878626e+01
6.261299999619586945e+10 6.827834892914200537e+00 -1.153239079070745099e+01
6.261299999475175476e+10 6.378514653238907428e+00 -1.146412715014359129e+01
6.261299999583364868e+10 5.614747437201689451e+00 -1.073051530378721274e+01
6.261299999614812469e+10 7.095229905863044806e+00 -1.069456189562960269e+01
6.261299999645186615e+10 6.480566381917867602e+00 -1.204435564237579293e+01
6.261299999526302338e+10 6.830963021697517235e+00 -1.291377444135374475e+01
6.261299999528728485e+10 6.609475274335339101e+00 -1.141632043516728423e+01
6.261299999472570038e+10 5.232352917106468659e+00 -1.169946609836558160e+01
6.261299999357074738e+10 5.892609489311176674e+00 -1.242206688028327299e+01
6.261299999226754761e+10 6.516132454683220665e+00 -1.196941051939628764e+01
6.261299999196117401e+10 7.159717539579575352e+00 -1.063376547060563482e+01
6.261299999305987549e+10 6.144595636180818943e+00 -1.040051721021778164e+01
6.261299999258145905e+10 6.850997696692061822e+00 -9.149865666790498508e+00
6.261299999253779602e+10 6.886709177509335866e+00 -7.636976950962053756e+00
6.261299999316969299e+10 6.955544201905425439e+00 -9.011015145784787350e+00
6.261299999382840729e+10 6.698674814820754442e+00 -1.034971734629514906e+01
6.261299999250498962e+10 6.058468736834800694e+00 -1.071125608140382290e+01
6.261299999238857269e+10 7.113751065876989799e+00 -9.631978161121336868e+00
6.261299999339048767e+10 8.224148789093252532e+00 -9.397042107643333253e+00
6.261299999346879578e+10 9.712269506344783920e+00 -9.129874705332742479e+00
6.261299999251657104e+10 9.830661172661780967e+00 -7.958864405883516291e+00
6.261299999186498260e+10 1.013483942819669004e+01 -6.626602598518010367e+00
6.261299999206385040e+10 9.953204502547711385e+00 -8.116393031770106958e+00
6.261299999261202240e+10 9.992806605809118281e+00 -6.705736298612548829e+00
6.261299999368005371e+10 9.372195522578325111e+00 -7.581045318908293140e+00
6.261299999402915192e+10 9.973376038646632580e+00 -6.236155641362117308e+00
6.261299999420017242e+10 9.501116038386621554e+00 -4.807962496383397344e+00
6.261299999515706635e+10 1.064560486353989077e+01 -5.065865432683481551e+00
6.261299999499546814e+10 1.080681886168860828e+01 -3.569232478004057185e+00
6.261299999530011749e+10 9.385522432518278890e+00 -3.992455794483209530e+00
6.261299999669999695e+10 9.298582400133012626e+00 -4.562356109830943751e+00
6.261299999555554962e+10 1.012857514878895415e+01 -4.020729276254710882e+00
6.261299999625841522e+10 8.871530988665776718e+00 -3.553997731913227653e+00
6.261299999571321106e+10 1.027968571209093440e+01 -3.662914621152154382e+00
6.261299999496069336e+10 9.075457042096882532e+00 -4.187853579205734533e+00
6.261299999455857086e+10 9.409634760318731139e+00 -5.608641314505070419e+00
6.261299999562333679e+10 8.369897175615530927e+00 -5.330741745381160079e+00
6.261299999633312988e+10 9.705262071918042466e+00 -5.401525767313978044e+00
6.261299999631831360e+10 1.011178599152058588e+01 -6.859789320777716526e+00
6.261299999627073669e+10 1.162497772117551165e+01 -6.858623033751419129e+00
6.261299999623192596e+10 1.178666227590116300e+01 -8.363404034049411351e+00
6.261299999593414307e+10 1.212545588494590199e+01 -6.918220292355569789e+00
6.261299999609413910e+10 1.295547248920548711e+01 -5.662239510331922077e+00
6.261299999554190826e+10 1.371348829533641300e+01 -4.473765315062429693e+00
6.261299999496740723e+10 1.400214516922780561e+01 -3.103130854345913292e+00
6.261299999478812408e+10 1.380466797964544590e+01 -4.593390736748736103e+00
6.261299999567840576e+10 1.408337195254146934e+01 -3.401023958407340508e+00
6.261299999572120667e+10 1.409869725910422922e+01 -4.914280974852072603e+00
6.261299999681044006e+10 1.425745980090863974e+01 -3.874868527323696910e+00
6.261299999639388275e+10 1.537694400123533178e+01 -2.944680209474134891e+00
6.261299999636547089e+10 1.547397185351337967e+01 -1.434120049113904782e+00
6.261299999649041748e+10 1.697658291498903083e+01 -1.570359638956522863e+00
6.261299999748907471e+10 1.788510389080385110e+01 -8.853130060625413744e-01
6.261299999758937073e+10 1.785419175214930831e+01 -2.395610862469776059e+00
6.261299999765883636e+10 1.714431448200539165e+01 -1.060222465060421948e+00
6.261299999870703125e+10 1.612763879549271806e+01 -6.606336842281274047e-01
6.261299999858595276e+10 1.581547169349451387e+01 8.158165686306054765e-01
6.261299999733892822e+10 1.495725978212523799e+01 8.361013344132312008e-01
6.261299999863911438e+10 1.569247501045290250e+01 5.891630315980709298e-01
6.261299999900485992e+10 1.426911062642931860e+01 9.528624192343568833e-01
6.261299999775061798e+10 1.401619545671016454e+01 1.762136461817433108e+00
6.261299999750698090e+10 1.394191492262190835e+01 2.697773301158927772e-01
6.261299999724153900e+10 1.353192021360619890e+01 1.702766175325020059e+00
6.261299999806940460e+10 1.443412256602641364e+01 2.593092788105395119e+00
6.261299999783910370e+10 1.473629682726385681e+01 4.058584103456910341e+00
6.261299999660208893e+10 1.513906790529861901e+01 4.832915479724345431e+00
6.261299999610042572e+10 1.371496170500269152e+01 4.722160363123102833e+00
6.261299999653392029e+10 1.500062782385913174e+01 5.393844107831565537e+00
6.261299999713047028e+10 1.424407537625243592e+01 4.226038790330089334e+00
6.261299999717797089e+10 1.422343274100633437e+01 2.712985197733926768e+00
6.261299999645828247e+10 1.535570039914231089e+01 3.414434739556362786e+00
6.261299999524488831e+10 1.625161246457530240e+01 3.283922358211791792e+00
6.261299999515322876e+10 1.773275259110930335e+01 3.583649212206254209e+00
6.261299999431445312e+10 1.872808785726759595e+01 4.356808114267467502e+00
6.261299999379731750e+10 1.807076433562099638e+01 5.618755709500523388e+00
6.261299999415094757e+10 1.698055657352672654e+01 6.607899393040558955e+00
6.261299999431031036e+10 1.731752357390361752e+01 5.140565054507452381e+00
6.261299999525227356e+10 1.664047420915297693e+01 6.113359465159197370e+00
6.261299999584021759e+10 1.802072940121074751e+01 5.910299468291866809e+00
6.261299999560832977e+10 1.757345447003317318e+01 4.482648098115640245e+00
6.261299999479981232e+10 1.729293443348175074e+01 5.731497207544334671e+00
6.261299999559355164e+10 1.810156218748424806e+01 4.727447177207540818e+00
6.261299999513054657e+10 1.857059034504161588e+01 6.090403444493573737e+00
6.261299999439620209e+10 1.976315679248119750e+01 6.665331706146009338e+00
6.261299999442236328e+10 1.973362346529900790e+01 8.178757325208152906e+00
6.261299999306729126e+10 2.003338275298373361e+01 8.783682891392496472e+00
6.261299999268804169e+10 1.863657611589211172e+01 9.227660737442057837e+00
6.261299999245589447e+10 1.875631366994456428e+01 1.071889676451622186e+01
6.261299999195012665e+10 1.813567704415950388e+01 1.200381884263846999e+01
6.261299999336482239e+10 1.831680064515088091e+01 1.251159350731724551e+01
6.261299999373106384e+10 1.909710930146308883e+01 1.375618229119514524e+01
6.261299999275516510e+10 1.885807660528856289e+01 1.262370441340034866e+01
6.261299999315145111e+10 1.739761957374185641e+01 1.266880351686848449e+01
6.261299999389580536e+10 1.680582725825447099e+01 1.149078507311356034e+01
6.261299999529869080e+10 1.667277637310179728e+01 1.204415063633925520e+01
6.261299999579078674e+10 1.578263485213433448e+01 1.316553463117935330e+01
6.261299999491754150e+10 1.652762973083690667e+01 1.415267402378606576e+01
6.261299999573280334e+10 1.770146182398812584e+01 1.465214810431529280e+01
6.261299999683419037e+10 1.873770794302989984e+01 1.458039007283767141e+01
6.261299999661992645e+10 1.741830217282167226e+01 1.386956536331808287e+01
6.261299999711202240e+10 1.651655903380090962e+01 1.275748854806618660e+01
6.261299999695772552e+10 1.533863151843087458e+01 1.369594066715684377e+01
6.261299999711676788e+10 1.472261476285211579e+01 1.506971040486977031e+01
6.261299999718281555e+10 1.500563742444689730e+01 1.358392796252366708e+01
6.261299999581076050e+10 1.532275833015959599e+01 1.413972199793234452e+01
6.261299999624147034e+10 1.672466221125828767e+01 1.451544834606521484e+01
6.261299999662670135e+10 1.609182870967405421e+01 1.319517064264089612e+01
6.261299999767038727e+10 1.543935115180247841e+01 1.407664984328884472e+01
6.261299999766075134e+10 1.518106501144555054e+01 1.556836336972293289e+01
6.261299999798738861e+10 1.588014001168657074e+01 1.426582033817372341e+01
6.261299999722085571e+10 1.590851188947610773e+01 1.557105668393816522e+01
6.261299999642982483e+10 1.464172080283158728e+01 1.581909819672754125e+01
6.261299999640104675e+10 1.511741205312126191e+01 1.438212101320764091e+01
6.261299999663498688e+10 1.454096037458812951e+01 1.300190707219897490e+01
6.261299999766978455e+10 1.347201094389225240e+01 1.272161956918328940e+01
6.261299999637490845e+10 1.419433114418472819e+01 1.302750770879452880e+01
6.261299999528221893e+10 1.422185092285984709e+01 1.407502109587899497e+01
6.261299999512056732e+10 1.410522805727607043e+01 1.257426051917869891e+01
6.261299999654151917e+10 1.450735643510107842e+01 1.224080399861549395e+01
6.261299999578266144e+10 1.580680470085313516e+01 1.207472837921729614e+01
6.261299999582111359e+10 1.432963988813684608e+01 1.240415116962352826e+01
6.261299999505876923e+10 1.341803093850302098e+01 1.146616786386540454e+01
6.261299999637326050e+10 1.324415772606210240e+01 1.219685106307320943e+01
6.261299999783973694e+10 1.294328653585629496e+01 1.242253975103658092e+01
6.261299999729840088e+10 1.391835497210577088e+01 1.344636312547175017e+01
6.261299999729901123e+10 1.389107352405529383e+01 1.496005700276903916e+01
6.261299999706561279e+10 1.366027997809307593e+01 1.643798534512080778e+01
6.261299999585575867e+10 1.299099538621295125e+01 1.582128348011554841e+01
6.261299999567694092e+10 1.316399537047387369e+01 1.432792879473855052e+01
6.261299999591057587e+10 1.280851817149740768e+01 1.287497911116595262e+01
6.261299999607238007e+10 1.147740113041111876e+01 1.357780256401655450e+01
6.261299999619877625e+10 1.126740522205907880e+01 1.507177018216729536e+01
6.261299999728868866e+10 1.059112608257868082e+01 1.426755733325433972e+01
6.261299999586307526e+10 1.095967605920442622e+01 1.461943554944279278e+01
6.261299999495922089e+10 9.766096209495636060e+00 1.439488769148618097e+01
6.261299999550829315e+10 1.094341846922005246e+01 1.361742483232382916e+01
6.261299999525157928e+10 1.194171534038238569e+01 1.472625983829314045e+01
6.261299999411407471e+10 1.106878870993118191e+01 1.521215388291829207e+01
6.261299999391538239e+10 1.094311537745710261e+01 1.670772799604303316e+01
6.261299999469944000e+10 1.208003126521141013e+01 1.608749876951299029e+01
6.261299999512805939e+10 1.343742341475758728e+01 1.557195588538014874e+01
6.261299999375460815e+10 1.287334836458200193e+01 1.527619792763416307e+01
6.261299999461848450e+10 1.227736665511442027e+01 1.636731396922164805e+01
6.261299999452659607e+10 1.179160219305638257e+01 1.493636914723481190e+01
6.261299999582543945e+10 1.240171102100937439e+01 1.445389095469857565e+01
6.261299999646789551e+10 1.183097345249196941e+01 1.320748715387263061e+01
6.261299999651863098e+10 1.176106061790531321e+01 1.169601373673598665e+01
6.261299999505709839e+10 1.137210174994846490e+01 1.162787196363563780e+01
6.261299999565228271e+10 1.118533461943001939e+01 1.024842123634974733e+01
6.261299999668709564e+10 1.076361144694142880e+01 9.226985311981566795e+00
6.261299999556925201e+10 1.177340725570554802e+01 9.076142732772051858e+00
6.261299999543589783e+10 1.175849990205742657e+01 1.058412410706157480e+01
6.261299999493595123e+10 1.166564607724215996e+01 9.158134826512895899e+00
6.261299999493763733e+10 1.166777040440183200e+01 1.067207222251787790e+01
6.261299999466176605e+10 1.205086841590782143e+01 9.233620400213156998e+00
6.261299999600308228e+10 1.140915618234873996e+01 9.518395529351648676e+00
6.261299999621097565e+10 1.255717016195831448e+01 8.553585851536054108e+00
6.261299999554376221e+10 1.256259186132516170e+01 9.912560964466040403e+00
6.261299999545368958e+10 1.200899907780946485e+01 1.131877439896842219e+01
6.261299999437279510e+10 1.211158071452849505e+01 1.026371289551435417e+01
6.261299999448657227e+10 1.333383424758700286e+01 1.114980808561891301e+01
6.261299999394079590e+10 1.274979980729698958e+01 1.243551736959582676e+01
6.261299999444135284e+10 1.278804468372998571e+01 1.386380046173591651e+01
6.261299999508063507e+10 1.416010021249496376e+01 1.383558791055739512e+01
6.261299999455940247e+10 1.275650380404892914e+01 1.361142941332202838e+01
6.261299999411502075e+10 1.389737930231914476e+01 1.272095693769072966e+01
6.261299999402063751e+10 1.274451657812077165e+01 1.174422084487964035e+01
6.261299999498709106e+10 1.263379761391925626e+01 1.058416543997719117e+01
6.261299999418878937e+10 1.156912668005918121e+01 1.130610743336977464e+01
6.261299999382877350e+10 1.160513194492350308e+01 1.277617734041006869e+01
6.261299999245517731e+10 1.207758474687086725e+01 1.234952820558820541e+01
6.261299999275823975e+10 1.175602185886924644e+01 1.379754929252744944e+01
6.261299999388224030e+10 1.229776009809825510e+01 1.294013439453017078e+01
6.261299999328690338e+10 1.267047679628200818e+01 1.428127892421790257e+01
6.261299999428455353e+10 1.240533147295746375e+01 1.538871101272187936e+01
6.261299999396196747e+10 1.315531382482664746e+01 1.666365437110117398e+01
6.261299999503270721e+10 1.211478614147528532e+01 1.691431160178976612e+01
6.261299999596885681e+10 1.115475082646237937e+01 1.761713891868564730e+01
6.261299999635276031e+10 1.139336665070390175e+01 1.906202379327017482e+01
6.261299999661302185e+10 1.096398801639972120e+01 2.049027796484093145e+01
6.261299999743566132e+10 1.009110945679117322e+01 1.956650354514295742e+01
6.261299999658190155e+10 1.109723401855013236e+01 1.882432951260238951e+01
6.261299999539735413e+10 1.200386240050359987e+01 1.908295158503492672e+01
6.261299999651275635e+10 1.184190028899526226e+01 2.009372221505972789e+01
6.261299999649049377e+10 1.329157285266845179e+01 1.965786931934210457e+01
6.261299999566880798e+10 1.309196173910538263e+01 1.840208370308368657e+01
6.261299999543979645e+10 1.455640795621744310e+01 1.871024924537305978e+01
6.261299999538673401e+10 1.486019774053861653e+01 2.019244700927714575e+01
6.261299999415433502e+10 1.489870327036140196e+01 2.107092623249976526e+01
6.261299999316484070e+10 1.381341821035618800e+01 2.143843812536902504e+01
6.261299999437311554e+10 1.336976703089048790e+01 2.064141116006631549e+01
6.261299999436855316e+10 1.334404539995678007e+01 1.912769673181783148e+01
6.261299999403919220e+10 1.312559851673931810e+01 1.766625299477038169e+01
6.261299999539493561e+10 1.251810821197144641e+01 1.737482118338418147e+01
6.261299999672424316e+10 1.317002847395281684e+01 1.705865562651417022e+01
6.261299999700149536e+10 1.371256860575054404e+01 1.567272864192065462e+01
6.261299999696627808e+10 1.380383892673685331e+01 1.416195299373185890e+01
6.261299999749694061e+10 1.457278939382574734e+01 1.297068137790079057e+01
6.261299999710373688e+10 1.442866449550762908e+01 1.151581648846756067e+01
6.261299999645272064e+10 1.497394260086960216e+01 1.026247415004939256e+01
6.261299999510447693e+10 1.550756227265182119e+01 9.827145999241290397e+00
6.261299999513183594e+10 1.694487846945224874e+01 1.030189578046562993e+01
6.261299999408203125e+10 1.597574039054177852e+01 1.080259810959654310e+01
6.261299999381661987e+10 1.746189437872795125e+01 1.091624843568001069e+01
6.261299999377779388e+10 1.878025676208744699e+01 1.165950289061226108e+01
6.261299999306224060e+10 1.781261916777169674e+01 1.074098276979622923e+01
6.261299999405920410e+10 1.695405063071370932e+01 9.992021672178193370e+00
6.261299999342294312e+10 1.569014673383798808e+01 9.453750008027569152e+00
6.261299999346611786e+10 1.580481395242236786e+01 1.096272361831317355e+01
6.261299999423139954e+10 1.569268161018833219e+01 1.226417901593818804e+01
6.261299999398506165e+10 1.450288686910258029e+01 1.136100703209245388e+01
6.261299999344873810e+10 1.365857480368041621e+01 1.022456021899803247e+01
6.261299999338049316e+10 1.305656440652735384e+01 1.161198223854157874e+01
6.261299999232887268e+10 1.253197357466917161e+01 1.256639672979585143e+01
6.261299999217050171e+10 1.109859982840321102e+01 1.302723560416709780e+01
6.261299999296952820e+10 1.141434887895989014e+01 1.427377766670858605e+01
6.261299999231707764e+10 1.200233436549894250e+01 1.550690138929224915e+01
6.261299999227767944e+10 1.199942629313073539e+01 1.399347711951932105e+01
6.261299999237758636e+10 1.311835211831356851e+01 1.297856919141617205e+01
6.261299999204930878e+10 1.443344982457277581e+01 1.365293094749536884e+01
6.261299999214643097e+10 1.389502110460559692e+01 1.224130940293514236e+01
6.261299999168804169e+10 1.442521135950652145e+01 1.358324530598745206e+01
6.261299999295359802e+10 1.518328313092479753e+01 1.324308435698034714e+01
6.261299999334204102e+10 1.631763800608120363e+01 1.231876662413029244e+01
6.261299999226359558e+10 1.552414908935190851e+01 1.302540831911670161e+01
6.261299999179338837e+10 1.480075272162172162e+01 1.426944076739408196e+01
6.261299999175057220e+10 1.517393775563351710e+01 1.573604007042922959e+01
6.261299999274069977e+10 1.403312310285965836e+01 1.583708479299239613e+01
6.261299999290876007e+10 1.434514179687258917e+01 1.730895912502784739e+01
6.261299999169776917e+10 1.430154350455812562e+01 1.640142615565001449e+01
6.261299999266754150e+10 1.349031081636829654e+01 1.556868453785641648e+01
6.261299999257806396e+10 1.364562396875609274e+01 1.707197617247691213e+01
6.261299999279055786e+10 1.215611172075363910e+01 1.690400334064081633e+01
6.261299999333902740e+10 1.230052153791539737e+01 1.830769192237668719e+01
6.261299999386702728e+10 1.260459559250875294e+01 1.692177334406433431e+01
6.261299999372425079e+10 1.235905593968927008e+01 1.840883052158025635e+01
6.261299999315438843e+10 1.144916464815843860e+01 1.734141968590989791e+01
6.261299999434552002e+10 1.234259152063416387e+01 1.761529685268094170e+01
6.261299999303752899e+10 1.198487268366507408e+01 1.828850465238425116e+01
6.261299999221905518e+10 1.159615434437097115e+01 1.950135701062606941e+01
6.261299999285215759e+10 1.031984295015037567e+01 2.001343175527963325e+01
6.261299999347685242e+10 9.040212001577316414e+00 1.949932012259580461e+01
6.261299999314414215e+10 9.605216381876601872e+00 2.086390414938039939e+01
6.261299999362229156e+10 1.061587519582442773e+01 1.984314110591143887e+01
6.261299999304312134e+10 9.777566925758861771e+00 2.096287998277320952e+01
6.261299999197599030e+10 8.934873510453090972e+00 2.029721329727662393e+01
6.261299999080447388e+10 8.891489908952268095e+00 1.933925759583288695e+01
6.261299999143285370e+10 9.114226910792321945e+00 2.069850147455981570e+01
6.261299999118421936e+10 9.574145624127222476e+00 2.211930024033369691e+01
6.261299999036816406e+10 8.352621128603860967e+00 2.248528521493372523e+01
6.261299999064791870e+10 7.079488220154475542e+00 2.325527510603139092e+01
6.261299999099060822e+10 8.148448381885705416e+00 2.223944928925434539e+01
6.261299998991363525e+10 8.400016779421410007e+00 2.120559376751531744e+01
6.261299999039017487e+10 7.361433341970285760e+00 2.219870539189833281e+01
6.261299999187937164e+10 7.341878433222484901e+00 2.247061276788418738e+01
6.261299999338345337e+10 7.169379529203352419e+00 2.247287915715099516e+01
6.261299999284230042e+10 8.335984638062884144e+00 2.327175573932724362e+01
6.261299999434385681e+10 8.252506136022986993e+00 2.344601442651109835e+01
6.261299999302508545e+10 8.296732230631898020e+00 2.418824318128416095e+01
6.261299999416499329e+10 7.409323511797453854e+00 2.373532498031892857e+01
6.261299999374069977e+10 7.393508389852111229e+00 2.518850656389137654e+01
6.261299999446637726e+10 7.824543249902141007e+00 2.644533174110596008e+01
6.261299999404489136e+10 7.044831095219186601e+00 2.767269131156376361e+01
6.261299999345288849e+10 7.018955815944219800e+00 2.627953676030735863e+01
6.261299999402552032e+10 7.948287737614381676e+00 2.732856107039429361e+01
6.261299999340857697e+10 9.203153734577057321e+00 2.790882324771885692e+01
6.261299999262950134e+10 9.017490107624688278e+00 2.662407430220333282e+01
6.261299999269959259e+10 7.679683390871455018e+00 2.732932221732576039e+01
6.261299999306878662e+10 8.666141288409587418e+00 2.841680026595651753e+01
6.261299999306970215e+10 8.608240095241734835e+00 2.992963218379924228e+01
6.261299999194818115e+10 8.813152342402943873e+00 3.092573003253666997e+01
6.261299999306565094e+10 9.790349159987279393e+00 3.062846581100965793e+01
6.261299999311660767e+10 9.631572255805419758e+00 2.912373755039418910e+01
6.261299999307037354e+10 9.905634922640919271e+00 3.061194650340808110e+01
6.261299999318826294e+10 1.049677482343921575e+01 2.922318084300297514e+01
6.261299999231311798e+10 1.100975476928033281e+01 3.034701010221472472e+01
6.261299999107889557e+10 1.151433659737185344e+01 3.106402682390833192e+01
6.261299999176789093e+10 1.280873602536440004e+01 3.144063225296694952e+01
6.261299999113121033e+10 1.366575441752280717e+01 3.036723916782231569e+01
6.261299999008318329e+10 1.475275997319399579e+01 3.047710945489113854e+01
6.261299998926721191e+10 1.482518521319333082e+01 3.175027599041159121e+01
6.261299998974927521e+10 1.399910396478068542e+01 3.292382545782101033e+01
6.261299998992978668e+10 1.405310737619070416e+01 3.442599466507537898e+01
6.261299999017481232e+10 1.549226787155881624e+01 3.482698290490121451e+01
6.261299999059402466e+10 1.482358304242687552e+01 3.353503188927064826e+01
6.261299998919131470e+10 1.443168235439742908e+01 3.394833852393739448e+01
6.261299998897108459e+10 1.442463101236509360e+01 3.544615840641458249e+01
6.261299998929471588e+10 1.436831143213185236e+01 3.396828669897534070e+01
6.261299998947465515e+10 1.446418049530679184e+01 3.546843449855951036e+01
6.261299998946604919e+10 1.459154999721658008e+01 3.697698240237485834e+01
6.261299999027704620e+10 1.394517030785507394e+01 3.587403438874002148e+01
6.261299999102145386e+10 1.517703915873441467e+01 3.540459623671686273e+01
6.261299999189410400e+10 1.640586260986069433e+01 3.526146021199580360e+01
6.261299999070486450e+10 1.607115997080988379e+01 3.438642383397679225e+01
6.261299999010549164e+10 1.742820824899515131e+01 3.408445567302057100e+01
6.261299998876444244e+10 1.792360039259202154e+01 3.358627370011785729e+01
6.261299998935900879e+10 1.791418805903350275e+01 3.219400350689791424e+01
6.261299999019711304e+10 1.812237122427282543e+01 3.095051740156243980e+01
6.261299999094261932e+10 1.822107345641211751e+01 3.226447972150160837e+01
6.261299999191570282e+10 1.842760403772903999e+01 3.112322060924016398e+01
6.261299999135706329e+10 1.976527149173802300e+01 3.155977332852580020e+01
6.261299999155256653e+10 2.111205592223494421e+01 3.089647621632554220e+01
6.261299999260929871e+10 2.167607235554649492e+01 2.997061433724918089e+01
6.261299999276515198e+10 2.318194778625073837e+01 2.996275547340085410e+01
6.261299999238094330e+10 2.173416673400287635e+01 2.974292338033632532e+01
6.261299999231385040e+10 2.324031111233765756e+01 2.988091514883211985e+01
6.261299999296791840e+10 2.294725838100453430e+01 2.854737403396372031e+01
6.261299999301499939e+10 2.343522542700655720e+01 2.997974449547396603e+01
6.261299999250096893e+10 2.399595283584145378e+01 2.867078676799336279e+01
6.261299999339804077e+10 2.341732167918260643e+01 2.759725857983111652e+01
6.261299999385243225e+10 2.480558791125582729e+01 2.719944109143018807e+01
6.261299999436325836e+10 2.466390831777815862e+01 2.578134382045332984e+01
6.261299999418585205e+10 2.342029830809570612e+01 2.493637329171554384e+01
6.261299999402504730e+10 2.368449393266430292e+01 2.641838407496144470e+01
6.261299999505886078e+10 2.260289421385800424e+01 2.618733471951773240e+01
6.261299999547950745e+10 2.316512362877050180e+01 2.752859184341712151e+01
6.261299999584676361e+10 2.286753101085808382e+01 2.896684628999463484e+01
6.261299999584970856e+10 2.286950432379996911e+01 3.048078196201431211e+01
6.261299999637793732e+10 2.235636324361248128e+01 3.180353562083903896e+01
6.261299999637979889e+10 2.342486775145860278e+01 3.287605996468906966e+01
6.261299999749729919e+10 2.320498487763660478e+01 3.187863740434691096e+01
6.261299999691717529e+10 2.402359754595984143e+01 3.074490572132342692e+01
6.261299999790258789e+10 2.292190132870100783e+01 3.041742347574178851e+01
6.261299999808048248e+10 2.353623132079485814e+01 3.178963598401695734e+01
6.261299999677919769e+10 2.276408391911881424e+01 3.173993945112397697e+01
6.261299999652318573e+10 2.142953222469141039e+01 3.240735618822557740e+01
6.261299999658858490e+10 2.090183228358525014e+01 3.382484319163140896e+01
6.261299999659666443e+10 2.107170879822750464e+01 3.232048602517711089e+01
6.261299999733129120e+10 2.161695756582799532e+01 3.352673862094588486e+01
6.261299999694430542e+10 2.119386630039264219e+01 3.212557819823138772e+01
6.261299999686369324e+10 2.191907374722708468e+01 3.079908305336176610e+01
6.261299999607797241e+10 2.225078078098221823e+01 3.204993376532768679e+01
6.261299999462525177e+10 2.233684252622744637e+01 3.246733161627505382e+01
6.261299999358047485e+10 2.147684703496441827e+01 3.178846825468774639e+01
6.261299999298093414e+10 2.285808213806959799e+01 3.163113550346500347e+01
6.261299999230910492e+10 2.185335836856393499e+01 3.254283305353010292e+01
6.261299999151196289e+10 2.306077192129069431e+01 3.209704120634153668e+01
6.261299999297008514e+10 2.275533928174321474e+01 3.236647253179953765e+01
6.261299999375828552e+10 2.200047916496702527e+01 3.131721816358236055e+01
6.261299999377303314e+10 2.207118504121250524e+01 3.282943404859694425e+01
6.261299999421309662e+10 2.063541352027315767e+01 3.302156913368864366e+01
6.261299999505585480e+10 2.063460088415963867e+01 3.427925273801680106e+01
6.261299999576007080e+10 2.124145293168507109e+01 3.308433821621461846e+01
6.261299999487442017e+10 2.175795073766341403e+01 3.197039757038212215e+01
6.261299999612445831e+10 2.258794940035031829e+01 3.176910650213886456e+01
6.261299999646427155e+10 2.404526314964980571e+01 3.199883746482771585e+01
6.261299999717132568e+10 2.400908104023344691e+01 3.066063701428553401e+01
6.261299999656112671e+10 2.434291017066198748e+01 2.931593323745613588e+01
6.261299999768856049e+10 2.411490741107220970e+01 2.833159241716462873e+01
6.261299999833651733e+10 2.404697352239871222e+01 2.969817470285816441e+01
6.261299999881214905e+10 2.449367576508142008e+01 3.106428195019796590e+01
6.261299999966507721e+10 2.347730911646820218e+01 3.179333635615458320e+01
6.261299999999942017e+10 2.217711002560609401e+01 3.249313042147028341e+01
6.261299999993685913e+10 2.306190395642423496e+01 3.372001238786118194e+01
6.261299999992910767e+10 2.155409955568231339e+01 3.358407283732518067e+01
6.261299999983042145e+10 2.010500002088393146e+01 3.315700738699303685e+01
6.261300000022084808e+10 2.010439734829065728e+01 3.461973744021976529e+01
