4.869900000000000000e+10 0.000000000000000000e+00 0.000000000000000000e+00
4.869899999980744171e+10 -4.992810156521680365e-01 1.783295631240202905e-01
4.869899999938797760e+10 -2.117505884291388529e-01 -6.567419826289341844e-02
4.869899999947328949e+10 -2.408501698230794963e-01 -6.224834728020682828e-01
4.869899999926460266e+10 -4.173506791408878591e-01 -1.115898547995593182e+00
4.869899999932958984e+10 -9.752780470834753190e-01 -1.064372274394095319e+00
4.869899999893605804e+10 -1.008742447227293004e+00 -1.467083848655764244e+00
4.869899999935009003e+10 -7.558887137450737148e-01 -1.179322087719478107e+00
4.869899999959469604e+10 -6.164084825908144882e-01 -6.905735117925564381e-01
4.869899999961965179e+10 -5.822087230791177515e-01 -1.281064076166222865e-01
4.869899999961833954e+10 -1.119532317880892247e+00 -2.996965803860175415e-01
4.869899999940553284e+10 -8.494962785181112697e-01 1.474671068645219685e-01
4.869899999915374756e+10 -1.078638075770145033e+00 -3.022662269029943727e-01
4.869899999910332489e+10 -1.493841105254611001e+00 -6.807181072406045530e-01
4.869899999865467072e+10 -1.458211142223523993e+00 -3.407164299939737240e-01
4.869899999901042938e+10 -1.700266553540562331e+00 2.398584332797959462e-02
4.869899999945681000e+10 -1.355533871452972772e+00 1.577946192201710313e-02
4.869899999891410065e+10 -1.250380616182290794e+00 -9.634914127345470258e-02
4.869899999902793884e+10 -1.261454258118904326e+00 4.559912111654147449e-01
4.869899999935092163e+10 -1.092685384037323626e+00 8.865269345588195904e-01
4.869899999987739563e+10 -1.287242415453289546e+00 8.305202696052258471e-01
4.869899999989951324e+10 -1.485953659872518262e+00 3.030866176928869171e-01
4.869899999990309143e+10 -2.047631710866895105e+00 3.547247553820177535e-01
4.869899999936959839e+10 -1.918091311647203145e+00 4.842142367855899465e-01
4.869899999942252350e+10 -1.886876075560595778e+00 -7.648704261641559032e-02
4.869899999898727417e+10 -1.882014142334332618e+00 -4.352252050389450178e-01
4.869899999895717621e+10 -1.918071954087509523e+00 1.268741037099275770e-01
4.869899999839379120e+10 -1.919304431995385141e+00 9.934908696649132065e-02
4.869899999816544342e+10 -1.520322760637196069e+00 -2.275011366704753346e-01
4.869899999820510864e+10 -1.551678291086021844e+00 -7.892887824697009114e-01
4.869899999799520874e+10 -1.230748262822667805e+00 -3.756391809019891670e-01
4.869899999752303314e+10 -9.848058496894666058e-01 -1.892919571979160553e-01
4.869899999781701660e+10 -1.110714819471620984e+00 2.753390338033304685e-01
4.869899999757549286e+10 -1.298410618852869902e+00 -1.985789243013277305e-01
4.869899999772557068e+10 -1.796094380651218625e+00 -4.175510421809094375e-01
4.869899999783660889e+10 -1.831709135630767538e+00 1.343220163148773905e-01
4.869899999828565216e+10 -1.983342663864591238e+00 -1.714993182470383459e-01
4.869899999793715668e+10 -2.331926340641454765e+00 1.027270535352299841e-01
4.869899999798735809e+10 -1.965767622494591915e+00 5.288365310102337569e-01
4.869899999835037994e+10 -2.078407416075214620e+00 1.120766785588444558e-01
4.869899999862958527e+10 -2.545480457929201634e+00 2.605613320840574065e-01
4.869899999847937012e+10 -2.011239360146051425e+00 1.596533653904205763e-01
4.869899999797817993e+10 -1.805202039987827911e+00 3.076650110915929437e-03
4.869899999817639160e+10 -1.358828117522432599e+00 2.852540410864171649e-01
4.869899999814346313e+10 -1.214271081036050859e+00 -2.589704412691413715e-01
4.869899999835719299e+10 -9.295387285403160504e-01 -6.964727094067790780e-01
4.869899999804660797e+10 -8.976366149449397369e-01 -1.166240477638585959e+00
4.869899999804444122e+10 -3.512607407787640135e-01 -1.306348533515348631e+00
4.869899999772864532e+10 -7.721421653211857361e-01 -1.509551156901366209e+00
4.869899999738583374e+10 -7.593057746581683976e-01 -1.957298739076720473e+00
4.869899999755271149e+10 -2.772209588620948018e-01 -2.197937899313332721e+00
4.869899999804040527e+10 -4.724065768402605503e-01 -1.992465733563887564e+00
4.869899999808834839e+10 -6.656725877126468127e-01 -1.464724251182233816e+00
4.869899999811155701e+10 -2.094320456996724977e-01 -1.133865543921422248e+00
4.869899999782100677e+10 1.560719903313603218e-01 -8.174051400766875197e-01
4.869899999782540894e+10 1.774321571650644136e-01 -2.537687989302251923e-01
4.869899999767932892e+10 3.427547819296251630e-01 -7.728935996106260919e-01
4.869899999768750763e+10 7.703599438737978033e-01 -1.140655047718534210e+00
4.869899999789053345e+10 5.697245201132643544e-01 -6.541491613119061466e-01
4.869899999761240387e+10 7.919518731927962518e-01 -1.091667245240716788e+00
4.869899999730051422e+10 7.881987347456168580e-01 -1.561636383953230567e+00
4.869899999713532257e+10 1.320607427323205574e+00 -1.475533614295454710e+00
4.869899999766511536e+10 1.486589673156397229e+00 -1.575196318259870942e+00
4.869899999786730194e+10 1.168947559842818507e+00 -1.155213539429613689e+00
4.869899999836209106e+10 1.434390560451616059e+00 -1.101529573337316048e+00
4.869899999835701752e+10 1.485810671247163928e+00 -1.663216142735232106e+00
4.869899999800083160e+10 1.761664255046327288e+00 -1.323811636381129420e+00
4.869899999746384430e+10 1.889394050222641397e+00 -1.439951445663375074e+00
4.869899999737328339e+10 1.817884838845500228e+00 -1.992080678269312344e+00
4.869899999694314575e+10 2.119702437412744445e+00 -2.197141889971046425e+00
4.869899999702623749e+10 1.829392997160392831e+00 -2.673563518828690810e+00
4.869899999751948547e+10 2.034258905436991505e+00 -2.854936550440693832e+00
4.869899999696459961e+10 2.077965249978398710e+00 -2.763533731388884362e+00
4.869899999709278107e+10 1.536402775368054474e+00 -2.855406510662179542e+00
4.869899999713352203e+10 1.581008169659087415e+00 -3.416220489707390673e+00
4.869899999693534088e+10 1.734937307916699201e+00 -3.921385296273679710e+00
4.869899999663993835e+10 1.269798582862565750e+00 -4.041987635528572653e+00
4.869899999688032532e+10 9.395176008944901014e-01 -4.430949800903087876e+00
4.869899999683837891e+10 8.389042105330908328e-01 -3.877524909274638443e+00
4.869899999721537781e+10 8.465480136542834488e-01 -3.458031122643982602e+00
4.869899999707527924e+10 1.377408291185082234e+00 -3.328721584911553233e+00
4.869899999676485443e+10 1.583823680611975648e+00 -3.752030983771282635e+00
4.869899999666809845e+10 1.339043173937566111e+00 -4.250911863017104331e+00
4.869899999616905212e+10 1.374875370505199923e+00 -3.990465617408170296e+00
4.869899999578060150e+10 1.460779673432637704e+00 -4.390324548509707547e+00
4.869899999579812622e+10 1.545513265007755432e+00 -4.947706482516231574e+00
4.869899999596377563e+10 1.394023155917485823e+00 -4.430239119540959614e+00
4.869899999592324066e+10 1.345457958211856209e+00 -3.869739447907095453e+00
4.869899999572138977e+10 1.720050211347294411e+00 -4.240008094920248993e+00
4.869899999583482361e+10 2.202195667004408719e+00 -3.970136163712894017e+00
4.869899999599442291e+10 2.136348443288388133e+00 -3.433151294746433990e+00
4.869899999581381226e+10 1.989265308853875869e+00 -3.946872200300504119e+00
4.869899999591468811e+10 1.726484216049697817e+00 -3.458065295925642157e+00
4.869899999624694061e+10 2.057763499195959245e+00 -3.771150645921010014e+00
4.869899999585241699e+10 2.224002163878294525e+00 -3.403890840413803076e+00
4.869899999632257843e+10 2.175133902725204571e+00 -3.711656778544260682e+00
4.869899999653249359e+10 2.651330849975370718e+00 -3.929217709903987554e+00
4.869899999666945648e+10 2.615621381870332662e+00 -4.475227812941218630e+00
4.869899999708868408e+10 2.685908155898231620e+00 -4.845997952162381495e+00
4.869899999725223541e+10 2.815013134173186771e+00 -5.370157542203378931e+00
4.869899999730426025e+10 3.015761787530052640e+00 -4.845605438015504696e+00
4.869899999750005341e+10 2.688310559106759534e+00 -5.261061360874006887e+00
4.869899999745602417e+10 3.228134076125989793e+00 -5.103538584148193280e+00
4.869899999704956055e+10 3.033675486528986109e+00 -4.764222306447834399e+00
4.869899999697673035e+10 3.195354416929007790e+00 -5.299682494323483262e+00
4.869899999697086334e+10 3.218952459372159236e+00 -5.863216240225437303e+00
4.869899999682896423e+10 3.646791778065425316e+00 -6.202302475844745366e+00
4.869899999679155731e+10 3.546086616947950354e+00 -5.648569022622679014e+00
4.869899999623755646e+10 3.614973183065238516e+00 -5.567973379595176020e+00
4.869899999614663696e+10 3.920249471496231486e+00 -5.102460680257149050e+00
4.869899999610017395e+10 3.882854891368627381e+00 -4.541564796927352710e+00
4.869899999611437225e+10 3.353582742709907194e+00 -4.347062837525945689e+00
4.869899999600164795e+10 3.420934490230209235e+00 -3.798502620192451218e+00
4.869899999569326019e+10 3.506855128013465439e+00 -3.334095504987654390e+00
4.869899999594921875e+10 3.526291021304257534e+00 -2.831831901830020648e+00
4.869899999603584290e+10 3.817973785122647623e+00 -2.356880961513408757e+00
4.869899999564834595e+10 4.029282655386879242e+00 -2.708104844191959071e+00
4.869899999571887207e+10 3.504167778348670215e+00 -2.514604674519326011e+00
4.869899999563983917e+10 3.506923024972517844e+00 -3.073092233744335822e+00
4.869899999553346252e+10 3.066979700406004650e+00 -2.736497485364899784e+00
4.869899999541099548e+10 3.066876924735777443e+00 -2.185894095957229055e+00
4.869899999553297424e+10 3.288236000240953416e+00 -2.690157906821816880e+00
4.869899999568556213e+10 3.185527509653010014e+00 -2.156931851706660019e+00
4.869899999567729187e+10 3.273492629732667858e+00 -1.599836455675413660e+00
4.869899999612297821e+10 3.566436390344067231e+00 -1.416230297042713859e+00
4.869899999598343658e+10 3.493666285407732275e+00 -8.745708698494119027e-01
4.869899999568830109e+10 3.170279835340727104e+00 -1.230205329501864675e+00
4.869899999593386841e+10 3.192002133089634874e+00 -7.228741429862702850e-01
4.869899999633932495e+10 3.273862564143610321e+00 -3.393797908914538142e-01
4.869899999672389221e+10 3.128821217161925627e+00 -7.256823805126957350e-01
4.869899999626345062e+10 2.978404047982647906e+00 -1.014701279921240262e+00
4.869899999641079712e+10 3.501032907637114278e+00 -8.620282922618127674e-01
4.869899999617295837e+10 3.454806717732403332e+00 -1.371399010226006521e+00
4.869899999612991333e+10 3.978871670012784634e+00 -1.167279264054843058e+00
4.869899999566789246e+10 4.295338021065027156e+00 -1.099834967548506848e+00
4.869899999552000427e+10 4.066714268221690354e+00 -1.593819547147774518e+00
4.869899999543051147e+10 3.568377268925742474e+00 -1.345198041331618244e+00
4.869899999540109253e+10 3.694216489874300180e+00 -7.961439771411165101e-01
4.869899999587183380e+10 3.459874381636685925e+00 -1.000229604631040603e+00
4.869899999585569000e+10 3.590220884696946335e+00 -1.548782885593343650e+00
4.869899999621442413e+10 3.866542163078073635e+00 -1.885110875884263182e+00
4.869899999596110535e+10 3.933743613754286272e+00 -1.385637420097570738e+00
4.869899999607232666e+10 4.118076602073113435e+00 -1.906994308081013667e+00
4.869899999575455475e+10 4.365438306696771242e+00 -2.301954858628243894e+00
4.869899999567903900e+10 3.998488885784831748e+00 -1.880283790359002172e+00
4.869899999592204285e+10 3.550529258637407981e+00 -1.638533557567606547e+00
4.869899999600859833e+10 3.487120992862426050e+00 -2.192293027472655975e+00
4.869899999604012299e+10 3.028086566548347847e+00 -1.866018418184987926e+00
4.869899999649405670e+10 2.719069528469427954e+00 -1.737125663150707933e+00
4.869899999612391663e+10 2.592920611276725573e+00 -1.330625838492803137e+00
4.869899999578398132e+10 2.521489456296048370e+00 -1.775036285190620289e+00
4.869899999606122589e+10 2.544435431464075581e+00 -1.284350972142698222e+00
4.869899999648294067e+10 2.395073724966501061e+00 -1.627877610280221710e+00
4.869899999655070496e+10 2.491371009466518682e+00 -2.179508442556220782e+00
4.869899999655635834e+10 2.496419676547407374e+00 -1.615501223790463126e+00
4.869899999628067017e+10 2.296286615629067551e+00 -1.165939581049666884e+00
4.869899999652761841e+10 1.803684435166773348e+00 -1.286445281742483404e+00
4.869899999673027802e+10 1.601992491612743263e+00 -8.002249504563307969e-01
4.869899999677733612e+10 1.764855466530151462e+00 -2.622446285802954025e-01
4.869899999700434113e+10 1.253444376059476673e+00 -3.335702122452174900e-01
4.869899999721292877e+10 1.075876514107398929e+00 1.595044086153650786e-01
4.869899999726747894e+10 1.218824059648198288e+00 7.024152445106487397e-01
4.869899999691429901e+10 1.648039481603088330e+00 7.983234758143475940e-01
4.869899999722903442e+10 1.786568603609667294e+00 3.512052869554360690e-01
4.869899999676017761e+10 1.876708453128485221e+00 5.085120869646386765e-02
4.869899999691567993e+10 1.480903781047627987e+00 -3.197139497249619211e-01
4.869899999687733459e+10 1.602489021286053417e+00 -8.691757582465436949e-01
4.869899999678334045e+10 1.632064681704757270e+00 -1.424560228361241077e+00
4.869899999716741180e+10 1.785184546568166386e+00 -1.808236874052036480e+00
4.869899999766072845e+10 1.536535064460312849e+00 -1.694324064988285139e+00
4.869899999770107269e+10 1.973363945578493261e+00 -2.048886121734263543e+00
4.869899999790886688e+10 2.456750420456521589e+00 -2.252157149247989931e+00
4.869899999783695984e+10 2.452555267505537540e+00 -1.692716905030617225e+00
4.869899999734375000e+10 2.263120447944108715e+00 -1.495180469346945484e+00
4.869899999746961975e+10 1.716507709601647225e+00 -1.435743842103035073e+00
4.869899999741403961e+10 2.256572248677175985e+00 -1.588721870470401587e+00
4.869899999744515991e+10 2.371576680767686351e+00 -2.140054050785803241e+00
4.869899999748644257e+10 2.292676200285403532e+00 -2.697039002289621124e+00
4.869899999749624634e+10 2.270788727830518550e+00 -2.133491024688708659e+00
4.869899999741901398e+10 2.094888860739219538e+00 -1.603155015743789047e+00
4.869899999716795349e+10 1.742000061839782399e+00 -1.241767223521841323e+00
4.869899999723550415e+10 1.651507511406389517e+00 -1.794406143163950418e+00
4.869899999746868134e+10 1.477363174405572188e+00 -2.277587410657132772e+00
4.869899999748377991e+10 1.212575282604698712e+00 -1.779771226512358417e+00
4.869899999749929047e+10 1.224583568173662540e+00 -2.343488265239992430e+00
4.869899999725093079e+10 1.122464332462545178e+00 -2.839522146559813720e+00
4.869899999755751038e+10 1.072337991317300343e+00 -2.368718650333662801e+00
4.869899999710440063e+10 1.377504816509606433e+00 -2.228257009017629020e+00
4.869899999734605408e+10 1.451174163758391034e+00 -1.723938342545726865e+00
4.869899999784937286e+10 1.199291762360383817e+00 -1.761177450091562013e+00
4.869899999807302094e+10 1.207416373363106921e+00 -1.243416967563348186e+00
4.869899999838777924e+10 1.571841681741848573e+00 -9.496799692498552048e-01
4.869899999872136688e+10 2.026479218034153540e+00 -9.360346006262573182e-01
4.869899999880567169e+10 2.263145384095754498e+00 -1.441053018576250455e+00
4.869899999830117035e+10 2.162228594064888654e+00 -1.209841418032006510e+00
4.869899999822043610e+10 2.126563562785582118e+00 -1.766951504871105971e+00
4.869899999820607758e+10 1.574305905313523102e+00 -1.653078870014357493e+00
4.869899999853517914e+10 1.202527355018395916e+00 -1.920728583362801611e+00
4.869899999836671448e+10 1.141088718584609918e+00 -2.455525347104509315e+00
4.869899999825003052e+10 1.270197226082026898e+00 -1.918982622187568765e+00
4.869899999855542755e+10 1.744358133017591683e+00 -1.910942411600782487e+00
4.869899999840808105e+10 2.228572794907720311e+00 -2.159914701037735529e+00
4.869899999842816162e+10 2.200287833893805001e+00 -2.722905281830520607e+00
4.869899999898152924e+10 2.273085462214570640e+00 -2.804448271430417972e+00
4.869899999869727325e+10 2.328444427642010428e+00 -2.320409380179749625e+00
4.869899999842440796e+10 2.115353495135389394e+00 -1.875103680901505143e+00
4.869899999850295258e+10 1.556795022288824271e+00 -1.877296781828884820e+00
4.869899999850420380e+10 1.552251243802839520e+00 -1.313258355060483051e+00
4.869899999836070251e+10 1.645153217472309359e+00 -7.757293445427102530e-01
4.869899999837634277e+10 2.013205003291564044e+00 -3.485819916064390456e-01
4.869899999867888641e+10 1.614678922778818748e+00 -8.818461501107288658e-02
4.869899999864069366e+10 1.724175618917525465e+00 -6.401928670891533502e-01
4.869899999855939484e+10 1.681529506541804109e+00 -8.365611761864655271e-02
4.869899999880434418e+10 1.238473850747177085e+00 1.650636286577507328e-01
4.869899999874941254e+10 1.775222873695241788e+00 3.295170927646750569e-01
4.869899999899492645e+10 1.874090933638987710e+00 -1.685879150925004288e-01
4.869899999845382690e+10 1.841435249247126649e+00 -1.267990583187375564e-02
4.869899999852476501e+10 1.299322965638094685e+00 1.260400197934290756e-01
4.869899999826099396e+10 8.925222986434939720e-01 -1.622312322560006403e-01
4.869899999821189880e+10 1.437813364398015104e+00 -2.979104095713300815e-01
4.869899999794653320e+10 1.837325653024076910e+00 -1.042019592155829510e-03
4.869899999798374939e+10 1.539420075342736505e+00 -4.785658934452159952e-01
4.869899999809592438e+10 1.519498688315781720e+00 7.386649933197669826e-02
4.869899999765363312e+10 1.753910192829711612e+00 3.338548358716486031e-01
4.869899999772417450e+10 1.290959372397655791e+00 1.943179144516016255e-02
4.869899999773310852e+10 1.311250989500460040e+00 5.830539960417843171e-01
4.869899999807916260e+10 9.392991654828815040e-01 8.281207506553374120e-01
4.869899999788643646e+10 9.662628438234479589e-01 2.986965905420038148e-01
4.869899999794867706e+10 1.246454545407813530e+00 7.842684882565199578e-01
4.869899999759007263e+10 1.271004533145647653e+00 3.495695755119916370e-01
4.869899999729581451e+10 7.898577954378018795e-01 3.580987310716005068e-01
4.869899999730294037e+10 8.188200247533605758e-01 -2.051702245529611890e-01
4.869899999752063751e+10 1.259530100213301029e+00 -4.818353643288145749e-01
4.869899999767233276e+10 1.117203912995831105e+00 -1.006138049690624481e+00
4.869899999789505005e+10 1.465781071681289793e+00 -1.389613580732812936e+00
4.869899999793334198e+10 1.860161099834061860e+00 -1.791060366678389748e+00
4.869899999784725189e+10 1.930680311595588394e+00 -1.238088747374470167e+00
4.869899999777427673e+10 2.179012764884211251e+00 -7.369231581918556095e-01
4.869899999779400635e+10 2.482085617964248314e+00 -1.212232577312211568e+00
4.869899999737099457e+10 2.280879075214544471e+00 -8.980015861577141933e-01
4.869899999714452362e+10 1.774117969239796810e+00 -7.976739481653286612e-01
4.869899999686672974e+10 2.247849979620857752e+00 -9.263989239482952609e-01
4.869899999696794128e+10 2.142805421506884578e+00 -1.471269135410664397e+00
4.869899999719140625e+10 2.079309255577951543e+00 -1.985267976189798222e+00
4.869899999715124512e+10 2.039219880160453080e+00 -1.424071680241649318e+00
4.869899999708464050e+10 1.670592382486296712e+00 -1.845781996468394803e+00
4.869899999758178711e+10 1.621848732211953470e+00 -1.583804117053293714e+00
4.869899999767729187e+10 1.851082933138353814e+00 -2.090254189138536667e+00
4.869899999813626862e+10 2.151441614680310810e+00 -2.221737095045699828e+00
4.869899999858708191e+10 2.007091260713568470e+00 -1.914988767256332824e+00
4.869899999859367371e+10 1.899800463492024694e+00 -1.361267927759813201e+00
4.869899999861794281e+10 1.862001709960277473e+00 -1.923534674802686695e+00
4.869899999873402405e+10 1.859243318518605026e+00 -2.475511967629341115e+00
4.869899999873914337e+10 1.821510938291875714e+00 -3.038283320874766158e+00
4.869899999839707184e+10 2.269460324842905052e+00 -3.016168718920383185e+00
4.869899999830413818e+10 2.323061029835220115e+00 -2.462407133088607036e+00
4.869899999816188049e+10 2.847426544019564965e+00 -2.613950894614162301e+00
4.869899999862656403e+10 2.654938382963724308e+00 -2.869255586026836280e+00
4.869899999810462952e+10 2.442979288173909858e+00 -2.897896953391743136e+00
4.869899999793340302e+10 2.821232003735202110e+00 -2.516102243556685103e+00
4.869899999798609924e+10 3.159120090733833486e+00 -2.964674074255902347e+00
4.869899999811571503e+10 2.980487395060440026e+00 -3.483760899114353826e+00
4.869899999756123352e+10 3.048085333777206696e+00 -3.562123713073911624e+00
4.869899999763799286e+10 2.999443730914318706e+00 -4.118813441522750196e+00
4.869899999742974854e+10 3.071016963199712624e+00 -4.638112903704773693e+00
4.869899999713053131e+10 3.081235095606798868e+00 -5.116157647713555079e+00
4.869899999716010284e+10 3.379273650728468414e+00 -5.594132473812550188e+00
4.869899999753246307e+10 3.474543832777314378e+00 -5.181298767803820482e+00
4.869899999806352997e+10 3.308860840680583504e+00 -5.088155820089945713e+00
4.869899999820689392e+10 2.821664078133125475e+00 -4.842702244188641814e+00
4.869899999813394928e+10 3.111854228400839695e+00 -4.364548681584140333e+00
4.869899999846681976e+10 2.671827395224629420e+00 -4.481738929056403364e+00
4.869899999843328094e+10 2.769809770543463223e+00 -3.927269627191797507e+00
4.869899999830967712e+10 2.714750088928798988e+00 -3.379682519049845624e+00
4.869899999848976135e+10 2.453968230891196090e+00 -3.846291755460277351e+00
4.869899999863664246e+10 2.232044245483895573e+00 -4.343622693760289089e+00
4.869899999854180145e+10 2.296183514161366457e+00 -3.791306725230993102e+00
4.869899999854563141e+10 1.899895405571605744e+00 -3.389930786354553138e+00
4.869899999848451996e+10 2.080691490606012550e+00 -3.920722136520808032e+00
4.869899999850618744e+10 2.100042933721515404e+00 -3.357412738407391295e+00
4.869899999825485229e+10 1.638795059797833797e+00 -3.151881411954002399e+00
4.869899999796379852e+10 1.967546123177495332e+00 -3.505961943130134095e+00
4.869899999826162720e+10 2.014011911114547360e+00 -3.982723990998476182e+00
4.869899999882117462e+10 1.995619227635951232e+00 -4.051518447260023414e+00
4.869899999922380829e+10 2.107911282610564374e+00 -4.430252821412026698e+00
4.869899999897212219e+10 1.706044764494586419e+00 -4.735734728941964455e+00
4.869899999951034546e+10 1.858294958122623797e+00 -4.662949145246775728e+00
4.869899999985428619e+10 1.629812093758957303e+00 -5.047219769444894588e+00
4.869900000000006104e+10 2.166272561415222064e+00 -5.142729691886369636e+00
4.869900000040126038e+10 2.087276170795435259e+00 -4.754192891271409316e+00
