1.391400000000000000e+10 0.000000000000000000e+00 0.000000000000000000e+00
1.391400000000598717e+10 -5.475954008311094759e-03 -2.995467933276989014e-01
1.391400000004998207e+10 -5.977842071510856142e-02 -8.153920427131533533e-03
1.391399999976166534e+10 -7.218320746034921631e-03 5.433953592485843420e-02
1.391399999966131401e+10 -6.731566124913200902e-04 -2.279384978718761723e-01
1.391399999974669838e+10 -2.248386478152233567e-02 5.846677428759725070e-02
1.391399999988120461e+10 -1.856483201842846209e-01 2.707858148313389002e-01
1.391399999988931656e+10 -2.168115455232223765e-01 5.687072126779335601e-01
1.391399999978789711e+10 6.453484848655663408e-02 5.874799982404866894e-01
1.391399999953483582e+10 1.865284112180254916e-01 6.917469105946009167e-01
1.391399999960930634e+10 1.315977705624231386e-01 4.067365396837229197e-01
1.391399999949429321e+10 2.205838694135223155e-01 1.447298285122223249e-01
1.391399999960302925e+10 4.069210933391674834e-01 -6.323427774893741748e-02
1.391399999963489723e+10 3.683423482608920718e-01 -3.586835296929958283e-01
1.391399999959582710e+10 3.143831759769459278e-01 -6.508410259956947108e-01
1.391399999946751595e+10 4.101654842621211272e-01 -3.975507461337324799e-01
1.391399999943716621e+10 4.004589288451891327e-01 -9.959303742263725390e-02
1.391399999947282600e+10 3.838993471608738162e-01 -3.966591230844792038e-01
1.391399999969847870e+10 3.526566535197292462e-01 -5.913343397917415478e-01
1.391399999957283974e+10 3.267924979860156176e-01 -3.205207249643673983e-01
1.391399999980134583e+10 1.500689430751537545e-01 -4.001966011666174272e-01
1.391399999985134125e+10 -1.292951218451251216e-01 -3.040185310281375286e-01
1.391399999965641022e+10 7.333856872514532554e-02 -2.004057629068052848e-01
1.391399999966065407e+10 3.040888712152717277e-01 -3.915350236529807626e-01
1.391399999944632912e+10 2.262090322871665171e-01 -1.971290232203982695e-01
1.391399999965025520e+10 2.148447608048507929e-01 -4.163984906586422063e-01
1.391399999978041077e+10 -5.505304738678093446e-02 -4.133958596247845341e-01
1.391399999989970589e+10 -1.812621417058506712e-01 -1.691949438991325327e-01
1.391400000002972412e+10 -9.079762486841189140e-02 -4.235681811308409372e-01
1.391400000032254028e+10 -6.722573197606840356e-02 -4.827003166633627718e-01
