6.261300000000000000e+10 0.000000000000000000e+00 0.000000000000000000e+00
6.261299999895773315e+10 -7.298717869356907695e-01 -8.203495068944296476e-01
6.261299999886481476e+10 6.545783319736442341e-01 -1.425888375439753109e+00
6.261299999778892517e+10 -3.947507123405147311e-01 -1.608617723230783225e+00
6.261299999777178955e+10 -9.214753964113353568e-02 -1.253269207836043009e-01
6.261299999756349182e+10 2.860799409978732610e-01 -1.576385318584645479e+00
6.261299999731781006e+10 2.008273665075216985e-01 -3.067823511833120076e+00
6.261299999799694061e+10 1.489224464313992025e+00 -2.654504976898655055e+00
6.261299999649874115e+10 1.467419555614349225e+00 -2.871163367342238537e+00
6.261299999672557068e+10 2.956164469764713587e+00 -2.715601382361001459e+00
6.261299999571926880e+10 2.643715206277629459e+00 -3.802680085014391587e+00
6.261299999674287415e+10 3.681736620748976563e+00 -4.211030181380254866e+00
6.261299999735247803e+10 3.531136580254156776e+00 -2.833452525437946790e+00
6.261299999813762665e+10 3.888109106678156568e+00 -4.077688430898151140e+00
6.261299999891448212e+10 3.311541858414396966e+00 -2.913179271378289137e+00
6.261299999897435760e+10 3.301972583051630217e+00 -1.400454269842357657e+00
6.261299999851728058e+10 3.769691989196084947e+00 -3.504877008747109279e-02
6.261299999816253662e+10 4.501300908822360114e+00 1.242025463321028145e+00
6.261299999673374939e+10 4.889711468062237998e+00 1.557823951846337929e+00
6.261299999730735016e+10 6.263576058348386155e+00 1.283068418162362168e+00
6.261299999597080231e+10 6.471715294531187546e+00 1.963013722818340190e+00
6.261299999452230835e+10 6.034677329455797157e+00 2.016720366118179619e+00
6.261299999509442902e+10 5.026558002938756431e+00 2.990573704112477138e+00
6.261299999628426361e+10 4.182833133726321151e+00 2.585066374961639379e+00
6.261299999645323944e+10 4.697158461958456321e+00 1.171231156976784593e+00
6.261299999543823242e+10 4.734081590180458043e+00 4.854895020292371299e-02
6.261299999522599792e+10 4.939238443893103181e+00 -1.436334883840293397e+00
6.261299999465620422e+10 6.113756692451390862e+00 -6.696162090542975287e-01
6.261299999422302246e+10 6.802891651053708522e+00 -1.946120266128789744e+00
6.261299999491473389e+10 5.908599828487911765e+00 -9.392475271457976227e-01
6.261299999393434143e+10 5.032537143177501449e+00 -1.886797744750213779e-01
6.261299999281274414e+10 5.923863639126099478e+00 3.007877621752736985e-01
6.261299999324502563e+10 7.336062603714057495e+00 -3.214143306349270812e-02
6.261299999277719116e+10 5.940288964982630482e+00 -3.856385906743303171e-01
6.261299999361766815e+10 5.163373052757843418e+00 6.053261699823511144e-01
6.261299999385768127e+10 5.003825775064736803e+00 -8.809286785908763129e-01
6.261299999256661987e+10 5.469490586210389083e+00 -1.519940021755552317e+00
6.261299999158871460e+10 4.703655959383350016e+00 -2.385512991826658880e+00
6.261299999179238129e+10 3.929267952137283526e+00 -1.100655979112568739e+00
6.261299999146752930e+10 4.240063229963632274e+00 3.449901976359899258e-01
6.261299999080590820e+10 2.908689980491465654e+00 6.308549771181620747e-01
6.261299999150249481e+10 1.865807197904354009e+00 -2.171849951485036456e-01
6.261299999139399719e+10 1.088924690737501422e+00 1.077687861890583854e+00
6.261299999198714447e+10 -2.903522167864669434e-02 2.468116521922910644e-01
6.261299999265006256e+10 -4.816377741559842163e-02 -1.114138563766499335e+00
6.261299999399649811e+10 6.312162846079200085e-01 -1.246698379074165253e+00
6.261299999338345337e+10 7.550448322771700083e-01 1.320168036031841297e-01
6.261299999426748657e+10 -4.721950061069689619e-01 1.981859690030883248e-01
6.261299999411521912e+10 -4.921501212548633486e-01 1.704316962048275208e+00
6.261299999290028381e+10 -1.138549208832249082e+00 1.073357235131687126e+00
6.261299999389603424e+10 -2.661675071420677163e-01 1.807828169890152381e+00
6.261299999430452728e+10 -1.310778782719414615e+00 7.910020919272691131e-01
6.261299999452912903e+10 1.529748252113218854e-01 4.763691441602732057e-01
6.261299999458253479e+10 8.423720659031602720e-03 -1.029707287405829508e+00
6.261299999367881012e+10 -1.159477448197435923e+00 -6.960962753891836163e-01
6.261299999282691956e+10 -2.261956579162358594e+00 -1.288410809845347949e+00
6.261299999376451874e+10 -3.317775099488325274e+00 -7.423607278147412725e-01
6.261299999431180573e+10 -1.934579169273881627e+00 -1.023890198062739953e+00
6.261299999384375763e+10 -2.613626380802691607e+00 -2.293472841164904352e+00
6.261299999375811768e+10 -1.996538953196681287e+00 -9.136601287183554465e-01
6.261299999409775543e+10 -1.208618815697344306e+00 3.336728420505714610e-01
6.261299999274586487e+10 -1.888977416699451295e+00 2.946963221360418550e-01
6.261299999257456207e+10 -1.329068478653784080e+00 1.690823259927747291e+00
6.261299999359780121e+10 -2.395669155045955456e+00 2.018470256058849888e+00
6.261299999296026611e+10 -1.332675408479531365e+00 1.149212642148039087e+00
6.261299999173998260e+10 -7.304850424094888606e-01 4.856714435076953107e-01
6.261299999212741852e+10 3.340813627560130783e-01 1.489966430178026879e+00
6.261299999153448486e+10 3.759266270561428813e-01 9.759862577194566846e-02
6.261299999273265839e+10 -4.548848371251400513e-01 -3.100101465445005422e-01
6.261299999356858826e+10 -1.438645365309426105e-01 9.133051039473182309e-01
6.261299999393382263e+10 4.869249718161055562e-01 -4.136159672824198941e-01
6.261299999477702332e+10 1.536933906845911135e+00 2.781254789511958814e-01
6.261299999395626831e+10 2.406359008082402440e+00 1.206822464979626197e+00
6.261299999421814728e+10 2.041045357728171084e+00 -2.388531965731830464e-01
6.261299999477202606e+10 6.657728250041730078e-01 -5.452120621024436620e-01
6.261299999421021271e+10 -1.342426486385783768e-01 -1.701218615047475957e+00
6.261299999359151459e+10 -1.489489505155645377e+00 -1.970528972900386311e+00
6.261299999332457733e+10 -1.208499707745605889e+00 -3.434019041189483090e+00
6.261299999340723419e+10 -1.980313865787374450e+00 -2.134217451060576920e+00
6.261299999414093018e+10 -6.569281668965127885e-01 -2.182794554232155182e+00
6.261299999481510925e+10 -1.834899176933434961e-01 -9.126162002342519397e-01
6.261299999513303375e+10 -2.152326635367914631e-01 5.672250063449328916e-01
6.261299999560205841e+10 -2.158539240791233216e-01 -8.722302523595819590e-01
6.261299999681143951e+10 6.518477808532952000e-01 -5.956469736958793781e-01
6.261299999738854980e+10 9.634944316727620528e-01 7.688435067678023316e-01
6.261299999764230347e+10 1.314940321951712843e+00 -6.817106939093700024e-01
6.261299999844409180e+10 3.957221967449687794e-01 2.150548056284016241e-01
6.261299999924177551e+10 3.777731997620243920e-01 -1.071566241044463741e+00
6.261299999935389709e+10 1.509707603542172816e+00 -2.070649128395841032e+00
6.261299999870707703e+10 4.427632862286103865e-01 -2.928129141004638392e+00
6.261299999728630066e+10 -5.339366560777997206e-02 -3.093151626936605947e+00
6.261299999683489990e+10 -1.051788618419593480e+00 -2.048421677163160481e+00
6.261299999601066589e+10 -3.734555740147236236e-01 -3.121976590656608153e+00
6.261299999566776276e+10 -6.829935082731455331e-01 -1.680235075165943615e+00
6.261299999625911713e+10 6.972538527917022666e-01 -1.873187052623562554e+00
6.261299999688115692e+10 1.983566504410582576e+00 -1.372711943918716093e+00
6.261299999686552429e+10 5.568305512953095615e-01 -1.878867914717009535e+00
6.261299999670778656e+10 4.386425753474156863e-01 -3.379922264669310117e+00
6.261299999676754761e+10 1.308037213407029498e+00 -2.141941981500043113e+00
6.261299999696121216e+10 9.849346033404606793e-01 -6.756153514550413686e-01
6.261299999739031982e+10 1.022084970453912112e+00 7.757636196850430377e-01
6.261299999812796783e+10 -2.958585976369514370e-01 8.802109773438808737e-01
6.261299999917687225e+10 4.546076610498268611e-01 1.673065726233491812e+00
6.261299999820602417e+10 1.393274236394998145e+00 9.886876335601121335e-01
6.261299999827418518e+10 7.979354949076143955e-01 -4.016144202570054444e-01
6.261299999683689880e+10 5.139246446010904412e-01 -7.831478966111622420e-01
6.261299999625382996e+10 -8.547683397087492141e-01 -5.025762370292201631e-01
6.261299999601467896e+10 -2.348809057120828214e+00 -5.541974012350352474e-01
6.261299999574523163e+10 -2.011292018128086667e+00 -2.005229252130076745e+00
6.261299999684178925e+10 -9.756150840081005970e-01 -2.135388012796364254e+00
6.261299999680585480e+10 -9.586132924016605994e-01 -6.219701426713659664e-01
6.261299999687965393e+10 -1.303080254405916349e+00 8.504122348142399979e-01
6.261299999689958191e+10 -1.297325901739193155e+00 2.364209915007958962e+00
6.261299999689084625e+10 -1.184562635657789631e+00 8.545006823648215732e-01
6.261299999548946381e+10 -1.337817082426296933e+00 1.406450455985600367e+00
6.261299999606658173e+10 -1.276693087647054803e+00 2.804739789450691134e+00
6.261299999559515381e+10 -2.449212020650552102e+00 3.638386748835674922e+00
6.261299999451792145e+10 -1.620722766674770998e+00 2.971161056625032604e+00
6.261299999548572540e+10 -6.211027745182832183e-01 2.374393887637739731e+00
6.261299999437193298e+10 -1.367744868873433717e+00 1.671535475492152756e+00
6.261299999349364471e+10 -1.868096548587538930e-01 2.026520164566409932e+00
6.261299999349602509e+10 -5.484173259607774131e-01 5.564017902939237814e-01
6.261299999384280396e+10 -2.013766840090346122e+00 3.998542874884586373e-01
6.261299999448976898e+10 -3.080664568171707529e+00 -4.575737721862377372e-01
6.261299999339877319e+10 -2.291582442575478495e+00 2.345846808351577106e-01
6.261299999332780457e+10 -3.331313476217838243e+00 -8.635666198321780840e-01
6.261299999358234406e+10 -3.229386574862040504e+00 -2.352470508460506871e+00
6.261299999387010193e+10 -4.412981424793706253e+00 -1.453408509175040386e+00
6.261299999317996216e+10 -3.314014693197226524e+00 -6.736688598261221239e-01
6.261299999333438873e+10 -3.026313352871605744e+00 8.046390590977839929e-01
6.261299999379798889e+10 -2.029679997391658830e+00 1.845701701233548597e+00
6.261299999505868530e+10 -1.874086577751781446e+00 1.022024215592023832e+00
6.261299999466003418e+10 -1.664380198099745689e+00 -4.233522811029579724e-01
6.261299999465609741e+10 -1.829569268594914311e+00 -1.928247914042289235e+00
6.261299999434041595e+10 -1.595697105231879354e+00 -4.661726046184129224e-01
6.261299999427955627e+10 -3.868778217187069934e-01 -1.375604135081335944e+00
6.261299999291483307e+10 2.577203673217250968e-01 -1.494055418950292591e+00
6.261299999393852997e+10 6.729105123018017665e-01 -2.529275065323738581e+00
6.261299999443714905e+10 1.985793285234369598e+00 -1.963824240097816309e+00
6.261299999480628967e+10 2.742499046164975418e+00 -7.055933871419843850e-01
6.261299999350694275e+10 3.344631423019963190e+00 -2.145313623796499258e-01
6.261299999278946686e+10 3.574998800876997063e+00 -1.527607271634451758e+00
6.261299999140174866e+10 3.196136066902987682e+00 -1.055679119291140777e+00
6.261299999069755554e+10 2.784750304999721759e+00 -2.331172187303540255e+00
6.261299999064476013e+10 2.593989951715005127e+00 -3.832117500925070530e+00
6.261299999151978302e+10 1.683709966868223606e+00 -2.996807062634107233e+00
6.261299999215081024e+10 1.852061575391912074e+00 -4.362631990646764990e+00
6.261299999212538910e+10 3.299148365289260809e+00 -3.918439017395934698e+00
6.261299999140293121e+10 2.563854890891450022e+00 -2.809651532198955692e+00
6.261299999158860016e+10 2.852125178236718739e+00 -1.335053159280571666e+00
6.261299999139202118e+10 3.083213871719088672e+00 -2.818282463895880774e+00
6.261299999051023102e+10 1.856525295513362428e+00 -2.719846390582433049e+00
6.261299999091651917e+10 1.037120773528051210e+00 -3.926295437489286222e+00
6.261299998975338745e+10 1.766823075621613226e+00 -4.564008593092218291e+00
6.261299998869891357e+10 1.141354299057425692e+00 -3.675817427401919524e+00
6.261299998858597565e+10 2.646895041398895199e+00 -3.563543447642760764e+00
6.261299998965862274e+10 1.699557787116960483e+00 -4.057505770147587398e+00
6.261299999079695892e+10 2.240561492913252462e+00 -3.218746325054758994e+00
6.261299998952690887e+10 1.418756264427905034e+00 -3.278883366143694467e+00
6.261299998903287506e+10 7.851209966443128963e-02 -2.777192558901341535e+00
6.261299998936962891e+10 -2.173501964784319007e-01 -4.223248129594998623e+00
6.261299998870150757e+10 1.124343471442278419e+00 -4.436519648358651757e+00
6.261299998906287384e+10 2.099680479081723838e+00 -3.336453405382081350e+00
6.261299998928483582e+10 1.777279272281293343e+00 -4.798918562450349867e+00
6.261299998938607025e+10 2.639083580120895611e+00 -6.039506398652732422e+00
6.261299998873129272e+10 3.594613506172671613e+00 -5.064700080943562277e+00
6.261299998930558014e+10 2.790161469208285894e+00 -6.211464449197061199e+00
6.261299998822049713e+10 3.350752822528251240e+00 -5.316839356980293196e+00
6.261299998814899445e+10 3.432190501413809880e+00 -3.806783361783514064e+00
6.261299998851671600e+10 3.234062049637679070e+00 -2.351605535022440296e+00
6.261299998856622314e+10 2.864566464830522907e+00 -3.818928222650987081e+00
6.261299998965695953e+10 3.406777573890224176e+00 -2.919864427371413385e+00
6.261299998975151825e+10 3.810586414010319611e+00 -4.375890207016954747e+00
6.261299998954652405e+10 4.082936254483345628e+00 -5.850954785490781518e+00
6.261299999004547119e+10 4.109230761234864637e+00 -7.280070572718843280e+00
6.261299999088100433e+10 4.352836030512693632e+00 -6.041298030189047985e+00
6.261299999086891174e+10 4.301134171647074567e+00 -4.528289598213750544e+00
6.261299998968170166e+10 3.939579268299206571e+00 -3.661212845215118250e+00
6.261299998835126495e+10 3.536757447986011105e+00 -4.260952501437339279e+00
6.261299998860378265e+10 3.253918673681081675e+00 -5.726643456110202202e+00
6.261299998913301849e+10 3.480642972417163694e+00 -4.326457897847907574e+00
6.261299998893075562e+10 4.263421006573503647e+00 -3.046473280095710390e+00
6.261299999037893677e+10 3.843847110312610837e+00 -2.909546651004868423e+00
6.261299999028556061e+10 4.727417571712802413e+00 -4.135351471780486676e+00
6.261299999099059296e+10 5.159054542347191408e+00 -5.403670951288997770e+00
6.261299999056888580e+10 6.208619522094047660e+00 -4.397395488622418469e+00
6.261299999040502930e+10 7.147330525073788188e+00 -3.220966426715550224e+00
6.261299999161703491e+10 6.241185637385126661e+00 -3.265113061299914854e+00
6.261299999310268402e+10 6.395897839409215635e+00 -3.018304250354687301e+00
6.261299999203281403e+10 6.188207683875581289e+00 -1.967470203156043373e+00
6.261299999312957764e+10 7.192740401745036039e+00 -2.250376888767423367e+00
6.261299999382065582e+10 5.858703487540099175e+00 -2.436831767006318206e+00
6.261299999322549438e+10 5.611812384541311260e+00 -1.066854139259009626e+00
6.261299999177234650e+10 5.991803074578853305e+00 -1.256533121963247845e+00
6.261299999141894531e+10 7.441124199175076726e+00 -9.984857776973540266e-01
6.261299999176670837e+10 7.236938830023894376e+00 -2.457725529421542543e+00
6.261299999268229675e+10 7.956562614519159915e+00 -1.490329915453178611e+00
6.261299999304390717e+10 9.105246734709941947e+00 -5.728448831129732133e-01
6.261299999329444885e+10 9.839478420987582297e+00 -1.872900515735000937e+00
6.261299999332769775e+10 9.850548319769215411e+00 -3.386434765427262406e+00
6.261299999337644958e+10 1.053384534326944788e+01 -2.036345177797171502e+00
6.261299999282260895e+10 1.065686841313793032e+01 -3.439961651616430416e+00
6.261299999181241608e+10 1.022242613341391682e+01 -4.480533064000952415e+00
6.261299999204319000e+10 9.692919097392650229e+00 -5.879953933417352729e+00
6.261299999167510223e+10 8.402971341019549456e+00 -5.178129118329413139e+00
6.261299999029475403e+10 8.021207690617778496e+00 -4.687311943701179651e+00
6.261299999001312256e+10 8.362122742053610835e+00 -3.239391174683612817e+00
6.261299999127359009e+10 7.540465728696451819e+00 -3.071735948923916659e+00
6.261299999109440613e+10 7.659695350537678138e+00 -1.573173319373626367e+00
6.261299999140844727e+10 6.577003860551330128e+00 -2.583702876057581754e+00
6.261299999154400635e+10 6.518289397956340991e+00 -1.076987719098019047e+00
6.261299999144052887e+10 7.110251298115565000e+00 -2.466551176034330606e+00
6.261299999110437775e+10 7.054178210248705838e+00 -3.941634329993309649e+00
6.261299999073321533e+10 8.077331290345535209e+00 -2.889298538475191691e+00
6.261299999157925415e+10 9.279373192916565927e+00 -3.251690856364195081e+00
6.261299999121228790e+10 1.070942727203564360e+01 -3.586794176618651964e+00
6.261299999106716919e+10 1.083359311254612933e+01 -2.084949429143769795e+00
6.261299999074118042e+10 1.129422613276130072e+01 -3.489785482317353527e+00
6.261299998967637634e+10 1.114794488126471528e+01 -2.423570635749634938e+00
6.261299999051907349e+10 1.229226580680777303e+01 -1.901646943128948886e+00
6.261299999029931641e+10 1.121473710472039720e+01 -8.611414051935566416e-01
6.261299999026461029e+10 1.124768577875624942e+01 -2.374324776782529511e+00
6.261299999053666687e+10 1.073296100469540804e+01 -3.771842934861405539e+00
6.261299999165758514e+10 1.175027936827703101e+01 -3.796757891440678545e+00
6.261299999221319580e+10 1.114108307651308749e+01 -2.527037234062077697e+00
6.261299999206707001e+10 1.143828892271121767e+01 -1.049766557887579443e+00
6.261299999073689270e+10 1.097629165135360907e+01 -4.937001711382217328e-01
6.261299998986118317e+10 9.754864119631273311e+00 -3.113116525386306899e-01
6.261299998919680786e+10 1.056626660132880069e+01 7.805871622511774133e-01
6.261299999042828369e+10 1.113819346685437495e+01 1.109795782256883800e-01
6.261299999065962219e+10 1.076243231726811267e+01 1.559185167897057633e+00
6.261299999011667633e+10 1.149503603782289396e+01 3.506658881115904958e-01
6.261299999078762054e+10 1.178566779492102334e+01 -9.749970381523778151e-01
6.261299998931534576e+10 1.165305692959453054e+01 -1.301838734561509447e+00
6.261299998908839417e+10 1.177771924823678518e+01 1.897929912677280839e-01
6.261299998946473694e+10 1.234703269873054055e+01 1.541186237892619548e+00
6.261299998892163849e+10 1.169578421511700306e+01 2.795351813078875036e+00
6.261299998848461914e+10 1.289739262049594082e+01 1.984696408056145778e+00
6.261299998792495728e+10 1.305874912286632394e+01 3.382108183048509353e+00
6.261299998701804352e+10 1.274511985078632392e+01 4.553072894635630696e+00
6.261299998730738831e+10 1.281271861661190492e+01 6.037567567542206248e+00
6.261299998614868927e+10 1.277967119365043658e+01 7.011394695605357441e+00
6.261299998510124207e+10 1.362481461609467459e+01 7.704649341273237972e+00
6.261299998612899017e+10 1.354253650970892231e+01 8.813243023339362381e+00
6.261299998510282898e+10 1.293597001716867645e+01 9.746559795944380156e+00
6.261299998633574677e+10 1.217462914380787531e+01 1.018506534425446830e+01
6.261299998666200256e+10 1.300079354007484156e+01 8.959087685569103954e+00
6.261299998621399689e+10 1.155549194583903549e+01 8.910000160488090515e+00
6.261299998720025635e+10 1.041144675382610885e+01 8.807667085280982633e+00
6.261299998849153900e+10 1.088372572183806675e+01 8.173989808255033296e+00
6.261299998745594788e+10 1.181314318055265744e+01 8.770432064375583536e+00
6.261299998708653259e+10 1.246858175412856440e+01 7.456679871686873184e+00
6.261299998650328827e+10 1.275474597737282956e+01 8.824140408692633386e+00
6.261299998616287231e+10 1.305724147547383751e+01 7.380316081171779174e+00
6.261299998595679474e+10 1.300407176370013751e+01 5.881410701007868447e+00
6.261299998529989624e+10 1.429071681586924569e+01 6.334228944860512023e+00
6.261299998416556549e+10 1.345355607805331388e+01 5.782442992972482543e+00
6.261299998432127380e+10 1.276704555503297556e+01 4.442117274211732969e+00
6.261299998435591125e+10 1.292498423511849914e+01 2.936836758944439296e+00
6.261299998512189484e+10 1.396067126716122431e+01 2.141454637641515557e+00
6.261299998401029205e+10 1.333574906000199078e+01 1.325472029126946172e+00
6.261299998300437164e+10 1.349922732371634027e+01 2.445034519670199913e+00
6.261299998155205536e+10 1.390884307739778158e+01 2.322565499433371095e+00
6.261299998090835571e+10 1.324303674274687204e+01 3.520215500755089266e+00
6.261299998152474213e+10 1.410462046652827262e+01 4.601768462417989980e+00
6.261299998168256378e+10 1.375104908522815350e+01 3.138179451890069860e+00
6.261299998178787994e+10 1.437089470668091806e+01 4.515391563279199438e+00
6.261299998252404785e+10 1.453157755995293776e+01 3.202284867465526652e+00
6.261299998304851532e+10 1.471240154514712728e+01 4.610920145254400637e+00
6.261299998280183411e+10 1.323945350990058145e+01 4.859088695342951958e+00
6.261299998170941162e+10 1.219566295972635395e+01 4.954614609905809708e+00
6.261299998287730408e+10 1.264776473476922547e+01 4.103937125393361640e+00
6.261299998158485413e+10 1.327873674867225162e+01 4.576651499376030330e+00
6.261299998011565399e+10 1.334167172836386861e+01 4.216791481064424474e+00
6.261299997972478485e+10 1.419535746326688574e+01 5.404418016366166810e+00
6.261299997870979309e+10 1.480831201878145365e+01 6.345741838811179925e+00
6.261299997852163696e+10 1.350906154665414860e+01 7.099770146318538977e+00
6.261299997866909027e+10 1.272155256698659009e+01 5.815207517375659663e+00
6.261299997733446503e+10 1.325070618179122306e+01 5.334813213379774766e+00
6.261299997598941040e+10 1.318785925293492234e+01 6.026833562213480100e+00
6.261299997462651062e+10 1.340946076916874219e+01 5.406017609656120548e+00
6.261299997597167969e+10 1.271802447036820993e+01 5.339331428763413712e+00
6.261299997586248016e+10 1.406270236858722633e+01 4.652359613061221921e+00
6.261299997696629333e+10 1.482809654261572341e+01 3.953947302121448182e+00
6.261299997769664764e+10 1.592251509359423345e+01 3.205053623932221818e+00
6.261299997887772369e+10 1.620580875647475594e+01 4.108832508653721405e+00
6.261299997968734741e+10 1.593306026083126881e+01 2.858979506442083540e+00
6.261299997831243134e+10 1.575573061102446992e+01 3.467406324770968773e+00
6.261299997980329895e+10 1.584491151510907869e+01 3.219690132737105248e+00
6.261299998022235107e+10 1.711111370738136728e+01 3.936029476810658068e+00
6.261299998070457458e+10 1.852869487774623636e+01 3.712557730856053340e+00
6.261299998069422913e+10 1.846724596314766842e+01 5.225214597406906414e+00
6.261299998189447784e+10 1.754457170105474972e+01 5.235004143997294968e+00
6.261299998088873291e+10 1.764401342094397762e+01 6.362211240119413524e+00
6.261299997939242554e+10 1.785451031369531449e+01 6.268627185313670580e+00
6.261299997864321899e+10 1.877758604472064263e+01 7.205980934605920929e+00
6.261299997867415619e+10 2.021418709022045945e+01 6.729289902243424493e+00
6.261299997922614288e+10 1.986773160176088737e+01 5.362799938875414618e+00
6.261299997952431488e+10 2.005138776174919713e+01 3.889918743792795564e+00
6.261299997936829376e+10 1.911089396126316942e+01 5.065989092170051222e+00
6.261299998045401001e+10 1.922686165415941417e+01 4.017282248324695715e+00
6.261299997938346863e+10 1.983740162406613905e+01 3.137963596614054662e+00
6.261299997895496368e+10 1.972994688078038550e+01 4.586014861251811681e+00
6.261299997994033051e+10 2.079889559513333808e+01 5.008414687285692501e+00
6.261299997957502747e+10 2.007811223363056286e+01 3.728164664818210294e+00
6.261299998030625153e+10 2.136923356098298754e+01 4.028707718584364272e+00
6.261299998076750183e+10 2.181972483565032306e+01 2.658918908034705098e+00
6.261299998044814301e+10 2.286119448267047005e+01 1.607555803093547064e+00
6.261299998028821564e+10 2.136216980431015244e+01 1.746703640788673351e+00
6.261299998026605225e+10 2.168774726188411250e+01 2.683525583824093452e-01
6.261299998004100800e+10 2.247914349120891941e+01 -1.002497463291987412e+00
6.261299997990958405e+10 2.240833462409933574e+01 5.040643375447859675e-01
6.261299997886809540e+10 2.350705774406987913e+01 5.150641124836079499e-01
6.261299997833869171e+10 2.364834673567051482e+01 -8.962417525273662644e-01
6.261299997870986938e+10 2.375603393244560735e+01 -2.360019290724507002e+00
6.261299997913543701e+10 2.502756810420948241e+01 -3.062948760671337922e+00
6.261299998004412842e+10 2.487507944883995847e+01 -1.861679896801808454e+00
6.261299997911338806e+10 2.594883920770558561e+01 -2.383955392710901844e+00
6.261299997962112427e+10 2.498549135912398356e+01 -1.332205054272181499e+00
6.261299997938768768e+10 2.466705093037264263e+01 -2.793750671897635041e+00
6.261299997822837830e+10 2.533514451075509655e+01 -2.085460949736557712e+00
6.261299997919068146e+10 2.424800781055312626e+01 -2.514553627109587630e+00
6.261299997789868927e+10 2.348325269092974210e+01 -2.319819557876882765e+00
6.261299997785125732e+10 2.327258965934889545e+01 -8.213587603278718063e-01
6.261299997653855133e+10 2.393702098234604136e+01 -4.644873472066444187e-01
6.261299997649175262e+10 2.518301598538563724e+01 -1.323160840300795282e+00
6.261299997715526581e+10 2.545043888496393691e+01 -2.657422270739847825e+00
6.261299997641015625e+10 2.554703174694054013e+01 -1.343079272112058575e+00
6.261299997674504852e+10 2.579390330452770641e+01 -2.798729077988539427e+00
6.261299997656291199e+10 2.433910517437361776e+01 -3.176089987676353310e+00
6.261299997596097565e+10 2.572312688669119751e+01 -3.057040211794308071e+00
6.261299997524005127e+10 2.441388941076794694e+01 -2.815827224297681397e+00
6.261299997520282745e+10 2.449558180072861902e+01 -4.327102939508506552e+00
6.261299997530050659e+10 2.451037159411130517e+01 -5.837815981222277628e+00
6.261299997650030518e+10 2.359084503106175035e+01 -5.921291073441639519e+00
6.261299997613388824e+10 2.339878030621327909e+01 -4.464973156264978371e+00
6.261299997749966431e+10 2.343454765794042771e+01 -5.117200497239476675e+00
6.261299997882260132e+10 2.414994484170533795e+01 -5.290590688025037736e+00
6.261299997832370758e+10 2.547426988984198104e+01 -4.752741276733922327e+00
6.261299997754665375e+10 2.460616601430986705e+01 -5.719486120487147218e+00
6.261299997861473083e+10 2.508454904505278904e+01 -6.679888501430735204e+00
6.261299997993411255e+10 2.560842800019172572e+01 -6.153772984493039111e+00
6.261299998055863953e+10 2.446190275513960088e+01 -6.920234133198897020e+00
6.261299998007095337e+10 2.452281937724735883e+01 -5.488289870591607666e+00
6.261299998054881287e+10 2.344541052343897292e+01 -6.438475216488029673e+00
6.261299998075097656e+10 2.213858252753028566e+01 -7.175594598928412893e+00
6.261299998070859528e+10 2.313076375514790683e+01 -6.032881124710037568e+00
6.261299997983670044e+10 2.202150546545013654e+01 -6.581846114085530886e+00
6.261299998084351349e+10 2.111563181680224588e+01 -5.905285429995493551e+00
6.261299998088212585e+10 2.107369721765995152e+01 -7.418151647972597296e+00
6.261299998136912537e+10 2.063733159470053735e+01 -8.783591921051371543e+00
6.261299998130948639e+10 2.070972057775445663e+01 -1.029462374734397656e+01
6.261299998079224396e+10 2.078765394438613257e+01 -1.171532848659541948e+01
6.261299998034114838e+10 1.988713940645300582e+01 -1.284563905028813302e+01
6.261299998082363129e+10 1.848670311748922401e+01 -1.253258858457720493e+01
6.261299998225550079e+10 1.841273850489829300e+01 -1.204648354480526606e+01
6.261299998157935333e+10 1.917491390795875716e+01 -1.092669306103900340e+01
6.261299998107271576e+10 1.932295559479479508e+01 -1.234564285139688877e+01
6.261299998047426605e+10 1.794891068107976295e+01 -1.255981540998079815e+01
6.261299998146824646e+10 1.885862784230609179e+01 -1.186957705909853189e+01
6.261299998124863434e+10 1.755555891763761878e+01 -1.260835688951516786e+01
6.261299998176448059e+10 1.796819021768363811e+01 -1.397057863822223744e+01
6.261299998289861298e+10 1.710082539336916696e+01 -1.447400564765346687e+01
6.261299998396052551e+10 1.630762820860145368e+01 -1.520557216059069283e+01
6.261299998391273499e+10 1.602423087415025194e+01 -1.371916180442706157e+01
6.261299998383209991e+10 1.608945121928403665e+01 -1.522954522441367153e+01
6.261299998507434082e+10 1.695408691749875274e+01 -1.519397475893421934e+01
6.261299998640549469e+10 1.696064547059998873e+01 -1.591509093308231648e+01
6.261299998645195007e+10 1.707766313530170876e+01 -1.440639537828064931e+01
6.261299998667827606e+10 1.691588210929395331e+01 -1.291823636720797275e+01
6.261299998625914001e+10 1.628323100565215142e+01 -1.160823856537542831e+01
6.261299998689193726e+10 1.560219917998219330e+01 -1.041334087788763263e+01
6.261299998687913513e+10 1.514216573158902079e+01 -8.971044388724195073e+00
6.261299998691048431e+10 1.617633138175862229e+01 -7.865814754376859952e+00
6.261299998717850494e+10 1.589716388189040686e+01 -9.329455209004150262e+00
6.261299998867959595e+10 1.598211017316595672e+01 -9.151931912979650363e+00
6.261299998968334961e+10 1.490055269042760244e+01 -8.813222642533721896e+00
6.261299998882405090e+10 1.516038803820800140e+01 -1.003227985387240118e+01
6.261299998885507202e+10 1.542810169740886295e+01 -8.542521173054064221e+00
6.261299998883238983e+10 1.574915197262354027e+01 -1.002185412187560409e+01
6.261299998853650665e+10 1.559909450259933905e+01 -1.149899603386567293e+01
6.261299998879116821e+10 1.625786230029399348e+01 -1.015989664314083463e+01
6.261299998905744934e+10 1.618679864775927513e+01 -8.671254236204664068e+00
6.261299998762284851e+10 1.666661449008464757e+01 -8.610349526040371515e+00
6.261299998645936584e+10 1.598084466157738071e+01 -7.926212578197210590e+00
6.261299998789351654e+10 1.606036132992447207e+01 -8.404646219643659322e+00
6.261299998906538391e+10 1.510605297589125939e+01 -8.315006243002688535e+00
6.261299999020517731e+10 1.431767262166982313e+01 -7.705623024787159991e+00
6.261299999118909454e+10 1.325587748122342191e+01 -8.148911628979478294e+00
6.261299999160376740e+10 1.202668754308879073e+01 -8.929392353423427409e+00
6.261299999054444122e+10 1.101341266635577121e+01 -8.551086795800223683e+00
6.261299999062231445e+10 1.111666272650843190e+01 -1.005949296951126115e+01
6.261299999109521484e+10 1.029290626329413527e+01 -8.880593374321477995e+00
6.261299999017722321e+10 1.133259258721621876e+01 -9.487517349423910673e+00
6.261299998987021637e+10 1.137822377938413609e+01 -8.005735485565939058e+00
6.261299999024771118e+10 1.168430737530210095e+01 -9.439550809035804235e+00
6.261299999130879211e+10 1.273204014762545278e+01 -9.701031963019820736e+00
6.261299999060231018e+10 1.381364657569564258e+01 -8.911711537844629660e+00
6.261299998967215729e+10 1.448659715128674108e+01 -7.924814496414370524e+00
6.261299999022731781e+10 1.481633665723685489e+01 -9.294152235674546958e+00
6.261299999051215363e+10 1.528894351344609071e+01 -7.884355816933013017e+00
6.261299999058338165e+10 1.623429910966236278e+01 -9.064713118872511188e+00
6.261299998936113739e+10 1.541919331239657787e+01 -9.430420031562643857e+00
6.261299998939158630e+10 1.566585470586389839e+01 -1.092382043410031045e+01
6.261299998939788818e+10 1.472431473828717863e+01 -9.738292473490020029e+00
6.261299999089434052e+10 1.450886641879074368e+01 -9.817166252881813548e+00
6.261299999132076263e+10 1.307460380168016201e+01 -1.004753204612815054e+01
6.261299999121261597e+10 1.348622807289246062e+01 -1.150042021963430727e+01
6.261299999112461090e+10 1.329406246509512890e+01 -1.299953394133422790e+01
6.261299999165348053e+10 1.338715731553156552e+01 -1.441503390145369501e+01
6.261299999196068573e+10 1.464200597864721587e+01 -1.362573533633317879e+01
6.261299999248220062e+10 1.374480324455274882e+01 -1.252343692558475574e+01
6.261299999301950836e+10 1.347125719500269270e+01 -1.113473809472555942e+01
6.261299999186843872e+10 1.403634219203048339e+01 -1.193955327845110226e+01
6.261299999236289215e+10 1.493924230677179921e+01 -1.082946314840894608e+01
6.261299999315008545e+10 1.465935561019210986e+01 -1.209200126181169210e+01
6.261299999170484161e+10 1.510850483498218821e+01 -1.213145885565242033e+01
6.261299999109297180e+10 1.432452044154904769e+01 -1.327294662905322475e+01
6.261299999208126068e+10 1.493494725323514771e+01 -1.424386076700519332e+01
6.261299999179407501e+10 1.445530470737655904e+01 -1.283692091631476018e+01
6.261299999115248108e+10 1.427685101673394819e+01 -1.419652441566842604e+01
6.261299999129995728e+10 1.458263387288044122e+01 -1.272113941775143253e+01
6.261299999107015228e+10 1.408579105406475840e+01 -1.130963295837823424e+01
6.261299999146965790e+10 1.285751246778345269e+01 -1.051985979064868104e+01
6.261299999169178009e+10 1.172607653964397656e+01 -1.150094554151872828e+01
6.261299999199650574e+10 1.175588055771161677e+01 -1.001828950087600845e+01
6.261299999213903809e+10 1.213474618595064136e+01 -1.147711043519389129e+01
6.261299999172765350e+10 1.221781954610634990e+01 -1.293171535206293221e+01
6.261299999192000580e+10 1.322175850353112025e+01 -1.181496997571241714e+01
6.261299999282398224e+10 1.207987437268529973e+01 -1.222842228448770463e+01
6.261299999399290466e+10 1.188018944532789156e+01 -1.128727763700618425e+01
6.261299999365658569e+10 1.263006135484552850e+01 -1.255873150954494832e+01
6.261299999337594604e+10 1.395132672118816330e+01 -1.187498291821989760e+01
6.261299999233522797e+10 1.423333751126106428e+01 -1.081225422352930110e+01
6.261299999240969086e+10 1.470349744879391274e+01 -9.375097670806061601e+00
6.261299999099286652e+10 1.417586373637988650e+01 -9.453986270638697675e+00
6.261299999211780548e+10 1.325822540491366119e+01 -9.883477611029425347e+00
6.261299999333311462e+10 1.340129257758250070e+01 -8.992091174637101503e+00
6.261299999451879120e+10 1.351432011205787198e+01 -9.926652938623318434e+00
6.261299999453453064e+10 1.469732483421651459e+01 -1.087125121340829459e+01
6.261299999561550140e+10 1.425863205379481435e+01 -9.906333953856208296e+00
6.261299999582810211e+10 1.354233390782992608e+01 -1.122304620762622918e+01
6.261299999602990723e+10 1.324423043089336183e+01 -9.752528173602525996e+00
6.261299999575292969e+10 1.469138804302118295e+01 -1.010042523774643186e+01
6.261299999535429382e+10 1.377453388279330326e+01 -1.123729983183214109e+01
6.261299999593856812e+10 1.450545433554919050e+01 -1.004717680433324745e+01
6.261299999497101593e+10 1.460110645294775189e+01 -1.120765673542471674e+01
6.261299999563997650e+10 1.393424125238005296e+01 -1.239078879078014417e+01
6.261299999536824036e+10 1.387413131853351267e+01 -1.387892904413556039e+01
6.261299999583383179e+10 1.451424658853705374e+01 -1.516946863533839895e+01
6.261299999482899475e+10 1.344956172916302783e+01 -1.555515718686417159e+01
6.261299999533121490e+10 1.471096184186738043e+01 -1.622497891746082388e+01
6.261299999497170258e+10 1.391206410849576436e+01 -1.745969697102515994e+01
6.261299999528424072e+10 1.447006928125799696e+01 -1.883190836139567992e+01
6.261299999474331665e+10 1.459651482618771645e+01 -2.024024908569793624e+01
6.261299999467552185e+10 1.448406037766906884e+01 -2.174848358138842030e+01
6.261299999341413879e+10 1.364728115843925771e+01 -2.172169261774689275e+01
6.261299999340899658e+10 1.364332263088845743e+01 -2.020776669003654646e+01
6.261299999339947510e+10 1.362532787393015354e+01 -1.869396374928476945e+01
6.261299999209822845e+10 1.348083191371115142e+01 -1.793376742359447462e+01
6.261299999134525299e+10 1.402061974874605355e+01 -1.913112872057887870e+01
6.261299999211676788e+10 1.495731903522589157e+01 -2.003632248336207056e+01
6.261299999151410675e+10 1.514969394086522669e+01 -1.866089288224280196e+01
6.261299999224193573e+10 1.604611227181259281e+01 -1.768175302249168013e+01
6.261299999300552368e+10 1.714747220020523244e+01 -1.697751094760516466e+01
6.261299999272376251e+10 1.588642730971905515e+01 -1.776642701543615033e+01
6.261299999162817383e+10 1.595621091311635631e+01 -1.672391610715402521e+01
6.261299999216133118e+10 1.591486787858130825e+01 -1.814026770121801491e+01
6.261299999325831604e+10 1.492566875176256680e+01 -1.780841927141611691e+01
6.261299999230428314e+10 1.509941174811325304e+01 -1.897102154708055366e+01
6.261299999107737732e+10 1.466598827138911609e+01 -1.974488166019114388e+01
6.261299998991491699e+10 1.556352030826620769e+01 -2.011248008122408137e+01
6.261299999073886871e+10 1.468024556388260216e+01 -2.102513883410489370e+01
6.261299999015782928e+10 1.603554924683314553e+01 -2.068227225779222778e+01
6.261299999133528137e+10 1.675417373542859778e+01 -2.130613466006878909e+01
6.261299999060595703e+10 1.595309237527789392e+01 -2.024860470307072191e+01
6.261299999146895599e+10 1.520437197146526920e+01 -2.124191250587681523e+01
6.261299999103207397e+10 1.539861509234724757e+01 -2.267837322638358799e+01
6.261299999249286652e+10 1.577309708189357451e+01 -2.281205913132692231e+01
6.261299999314699554e+10 1.574527048423545672e+01 -2.417710744008262225e+01
6.261299999307767487e+10 1.455950278679899235e+01 -2.323840462235196469e+01
6.261299999410128784e+10 1.348124245620175898e+01 -2.352402297360488248e+01
6.261299999483858490e+10 1.219266967629676301e+01 -2.322740041297085511e+01
6.261299999481082153e+10 1.070400645316007804e+01 -2.350148922326088297e+01
6.261299999544989777e+10 1.079692115246640149e+01 -2.213219721789181094e+01
6.261299999608909607e+10 1.201773568332146702e+01 -2.275913174187480692e+01
6.261299999645986938e+10 1.180404055200422953e+01 -2.130693520438788724e+01
6.261299999613319397e+10 1.124773154582910273e+01 -1.993733072474179835e+01
6.261299999598017883e+10 1.161429937487447717e+01 -2.139823070405106265e+01
6.261299999493786621e+10 1.104961470278890978e+01 -2.233989179107413037e+01
6.261299999487984467e+10 1.199720887194686547e+01 -2.116060704769420653e+01
6.261299999361417389e+10 1.180834456833589385e+01 -2.196956790013148009e+01
6.261299999365299988e+10 1.224776678297527255e+01 -2.341781321380202741e+01
6.261299999345222473e+10 1.138407426386672761e+01 -2.219072782034105629e+01
6.261299999270964813e+10 1.042466197007290774e+01 -2.309633049241591962e+01
6.261299999282802582e+10 9.240300610202636378e+00 -2.216076145622269067e+01
6.261299999156574249e+10 1.005766580118352849e+01 -2.233560783301035002e+01
6.261299999053077698e+10 9.806030661724555841e+00 -2.125971736277836044e+01
6.261299999056362152e+10 9.628557573364659561e+00 -2.276286013378260975e+01
6.261299998953726196e+10 9.309901107493526951e+00 -2.382918721297677322e+01
6.261299998902363586e+10 7.888153937904345270e+00 -2.391186324382113781e+01
6.261299998972275543e+10 7.388469679621966435e+00 -2.515828150708187039e+01
6.261299998979137421e+10 7.502062392715973971e+00 -2.666639339024860433e+01
6.261299999031436920e+10 6.083091239605276535e+00 -2.673719695089398485e+01
6.261299999091700745e+10 5.005196339424399454e+00 -2.761297528531599355e+01
6.261299998981578827e+10 5.042601933105596679e+00 -2.865120816977935903e+01
6.261299999087129974e+10 4.269261351608330202e+00 -2.941268705313520471e+01
6.261299998975447845e+10 4.553841021751616758e+00 -3.039439198456684821e+01
6.261299998993669891e+10 3.136883700743456238e+00 -3.089543307687285534e+01
6.261299998986083984e+10 3.544411309089658069e+00 -2.943934893805220909e+01
6.261299998951970673e+10 3.432335590531183200e+00 -3.091008997255193691e+01
6.261299998987421417e+10 3.362909390969375245e+00 -3.238030090329874611e+01
6.261299999107706451e+10 3.543517561396124727e+00 -3.328171176539921561e+01
6.261299999117170715e+10 3.303142766459617352e+00 -3.477344800650827494e+01
6.261299999107522583e+10 4.591268277521992403e+00 -3.556302897198559521e+01
6.261299999113964844e+10 4.366846976785986101e+00 -3.705885588469104874e+01
6.261299999110403442e+10 5.865792698873304012e+00 -3.726839600790745521e+01
6.261299998987677002e+10 5.698259752833506830e+00 -3.639789881814851924e+01
6.261299998877698517e+10 4.686047351534757155e+00 -3.615724932134627778e+01
6.261299998926448822e+10 3.379702598226385746e+00 -3.556748841321407184e+01
6.261299998922871399e+10 2.327062061801302484e+00 -3.665500030200487203e+01
6.261299998935317230e+10 3.784869453930622019e+00 -3.626599854568695491e+01
6.261299998980999756e+10 2.918574199818849024e+00 -3.742049142667755035e+01
6.261299999132121277e+10 2.965118511866433604e+00 -3.734251010952125682e+01
6.261299999060282135e+10 3.486142568061796343e+00 -3.611594688606169967e+01
6.261299998933866119e+10 4.055171367394145854e+00 -3.672431313972714406e+01
6.261299998901121521e+10 4.181353669848340893e+00 -3.525160382040176898e+01
6.261299998898684692e+10 4.192528728890657419e+00 -3.676530627618353009e+01
6.261299998897250366e+10 4.200822720159912649e+00 -3.827915541265055310e+01
6.261299998875576019e+10 3.512690428064688675e+00 -3.961013619170130085e+01
6.261299998833789062e+10 4.024933401875114392e+00 -3.824815090469798662e+01
6.261299998981569672e+10 3.728331569264722312e+00 -3.839006734812024746e+01
6.261299999000196838e+10 3.770427446890975531e+00 -3.688822027922356028e+01
6.261299999011161804e+10 5.094628451568917527e+00 -3.761381110979993991e+01
6.261299999007361603e+10 5.059966954890826152e+00 -3.912687694199227195e+01
6.261299999054325104e+10 3.648057013417974392e+00 -3.940610801427893506e+01
6.261299999019357300e+10 3.409770257444107333e+00 -3.795250534156364353e+01
6.261299998948487091e+10 2.076033703489037041e+00 -3.784810730420021230e+01
6.261299998931967163e+10 1.742798488410217450e+00 -3.638056575479222232e+01
6.261299998981354523e+10 2.449300800263165989e+00 -3.762513655486048947e+01
6.261299998943826294e+10 1.725760028245171274e+00 -3.890093569508492521e+01
6.261299998944004822e+10 1.232702341680548042e+00 -4.033233526323502360e+01
6.261299998955484009e+10 1.353278057475996166e+00 -4.183709382913776409e+01
6.261299999010975647e+10 8.466544607640703601e-01 -4.315140498941567415e+01
6.261299999107898712e+10 -1.248504813302168115e-01 -4.251204619972500609e+01
6.261299999038303375e+10 2.840285428683011482e-01 -4.379285723843422318e+01
6.261299999034533691e+10 -1.049581675830774108e+00 -4.307726207063127788e+01
6.261299998993544006e+10 -1.382493616042691942e+00 -4.165840139693428057e+01
6.261299998955215454e+10 -4.290424349905280765e-01 -4.054662871253111689e+01
6.261299998856722260e+10 -1.189094069740484150e+00 -3.968393025960727982e+01
6.261299998765525055e+10 -9.931219218586839759e-02 -3.916173222351067551e+01
6.261299998762883759e+10 -3.840317049757175361e-01 -4.064842345145758173e+01
6.261299998911611176e+10 -5.517890000044082255e-01 -4.042065199063806347e+01
6.261299998890162659e+10 4.845603987383132472e-01 -3.933806782362233889e+01
6.261299998825006866e+10 4.472766862406263311e-01 -4.070412082847063573e+01
6.261299998841270447e+10 -9.767741455052971755e-01 -4.021663578048895005e+01
6.261299998847785950e+10 -1.521211251841765755e+00 -4.162779024779269577e+01
6.261299998956324768e+10 -2.448643868717932826e+00 -4.213159813331908765e+01
6.261299998991770935e+10 -2.414961264926929196e+00 -4.066012400999686349e+01
6.261299998975785828e+10 -2.703029334406342521e+00 -3.918246425941238442e+01
6.261299998981450653e+10 -3.551333259535048192e+00 -3.792979287195218063e+01
6.261299998878707123e+10 -3.771226267715312552e+00 -3.683981876406473077e+01
6.261299998850813293e+10 -3.361020300484475420e+00 -3.540945638676044638e+01
6.261299998837055969e+10 -1.853906827825969827e+00 -3.536827490743274183e+01
6.261299998987753296e+10 -1.983730148860465725e+00 -3.543308095645289768e+01
6.261299999001383972e+10 -3.226514636123019031e+00 -3.457931253593511656e+01
6.261299999044281769e+10 -3.250834387969549155e+00 -3.603100034637991200e+01
6.261299999185156250e+10 -3.675213844441807431e+00 -3.638787144314127886e+01
6.261299999191542816e+10 -3.747356373401895535e+00 -3.487700076080966483e+01
6.261299999210517120e+10 -3.737157650243425611e+00 -3.637896844333250357e+01
6.261299999336724854e+10 -3.816753687784832039e+00 -3.554660301068496864e+01
6.261299999286224365e+10 -3.007671245917771241e+00 -3.437086100479869089e+01
6.261299999147843170e+10 -3.120660007803947256e+00 -3.376728061296525141e+01
6.261299999166476440e+10 -3.089694318251893890e+00 -3.226517015209643802e+01
6.261299999191835022e+10 -3.289556010039381473e+00 -3.374427973214049814e+01
6.261299999152864075e+10 -3.530568117471405198e+00 -3.230134722565762928e+01
6.261299999104904175e+10 -3.753710824265146684e+00 -3.371987071260537761e+01
6.261299999049462891e+10 -2.820396228313584164e+00 -3.266461351690726644e+01
6.261299998945173645e+10 -3.061972742113834300e+00 -3.373514416012446304e+01
6.261299998951801300e+10 -2.978828511456113493e+00 -3.222494268453597499e+01
6.261299998878896332e+10 -2.709600684428122630e+00 -3.092570622302680050e+01
6.261299998872506714e+10 -3.564443466300589503e+00 -2.967783794319917234e+01
6.261299998963570404e+10 -4.727126143241570766e+00 -3.001089756314070556e+01
6.261299998944564056e+10 -3.485989371210734156e+00 -2.916504319126815759e+01
6.261299998953875732e+10 -4.844663257821234303e+00 -2.850372025324325875e+01
6.261299999057631683e+10 -5.899333432867973848e+00 -2.818254505672353716e+01
6.261299999041506958e+10 -4.980768971640904041e+00 -2.937512726867001334e+01
6.261299999149950409e+10 -5.128737856174482523e+00 -3.042113115580001192e+01
6.261299999242678070e+10 -4.463146231469060865e+00 -3.141569355946171882e+01
6.261299999334684753e+10 -3.761670425532841477e+00 -3.239212506224529164e+01
6.261299999351536560e+10 -2.753659292213363585e+00 -3.350905317822855523e+01
6.261299999469303894e+10 -1.829687788905831392e+00 -3.373570861580422076e+01
6.261299999535815430e+10 -1.042986538640348293e+00 -3.484509344009284604e+01
6.261299999458755493e+10 -9.499455486811465565e-01 -3.614491300235287952e+01
6.261299999589266205e+10 -1.504517690867261948e+00 -3.561466311076576829e+01
6.261299999577133942e+10 -1.882181330794159058e+00 -3.415361417071152772e+01
6.261299999497930145e+10 -3.165651499323995033e+00 -3.428551306439829460e+01
6.261299999527171326e+10 -2.824724925406646214e+00 -3.573129315104652903e+01
6.261299999548296356e+10 -2.531198039588928417e+00 -3.720140558880186177e+01
6.261299999511200714e+10 -1.272876508194738188e+00 -3.795707389964012179e+01
6.261299999454284668e+10 6.475713698457230549e-02 -3.753422104046695296e+01
6.261299999435142517e+10 1.423165492269528265e+00 -3.689383174483715067e+01
6.261299999421221924e+10 2.369127968779505267e+00 -3.806762462153138671e+01
6.261299999403963470e+10 3.869956061592683128e+00 -3.796891773691665151e+01
6.261299999472827911e+10 3.809860202443855037e+00 -3.662200710774267520e+01
6.261299999518975830e+10 5.243532666938836684e+00 -3.646827681299942725e+01
6.261299999630686188e+10 5.265982655196669526e+00 -3.544671691266292157e+01
6.261299999636146545e+10 5.216220964275731120e+00 -3.695885306972632378e+01
6.261299999676271057e+10 4.672271453267888397e+00 -3.560418248526838170e+01
6.261299999633942413e+10 4.257820516233973507e+00 -3.421095744140183825e+01
6.261299999654508972e+10 5.666426071750633398e+00 -3.369564536745367889e+01
6.261299999619385529e+10 6.966183811153642935e+00 -3.300334577734556518e+01
6.261299999621511841e+10 6.927890232950629112e+00 -3.451665182575414548e+01
6.261299999477535248e+10 7.036451131422999161e+00 -3.497195616883672642e+01
6.261299999479568481e+10 6.958480867638183298e+00 -3.648375011776245458e+01
6.261299999479522705e+10 7.488077264325798232e+00 -3.506546197723950797e+01
6.261299999468869781e+10 6.878465465011870172e+00 -3.644714164106348875e+01
6.261299999460785675e+10 7.184900720490135839e+00 -3.792753874120095503e+01
6.261299999339154053e+10 8.012403361935986013e+00 -3.757001643867307905e+01
6.261299999383446503e+10 8.985817380340847649e+00 -3.649842922429407821e+01
6.261299999431783295e+10 9.154131333956058825e+00 -3.507363400297791856e+01
6.261299999571883392e+10 8.821069369798204107e+00 -3.460643077883610630e+01
6.261299999568395996e+10 8.067931491399324528e+00 -3.329357857493134532e+01
6.261299999675119781e+10 7.322855940962652355e+00 -3.252035458654125932e+01
6.261299999753533173e+10 8.507058307138898101e+00 -3.199613066135106365e+01
6.261299999836428833e+10 7.283804967751503767e+00 -3.232551191949751512e+01
6.261299999717732239e+10 6.991229012151308986e+00 -3.321855202630620596e+01
6.261299999678205872e+10 7.984011768949951460e+00 -3.429100920193572932e+01
6.261299999658712769e+10 7.110078162008544034e+00 -3.307024828757628399e+01
6.261299999509037018e+10 7.334606417557601787e+00 -3.303387486775808668e+01
6.261299999580355072e+10 7.714512745773403957e+00 -3.175361568035530269e+01
6.261299999635420990e+10 8.266386085353062185e+00 -3.045583945965715600e+01
6.261299999686014557e+10 8.249510415799893082e+00 -2.902904081251325863e+01
6.261299999684508514e+10 8.352256725225814193e+00 -3.053941499542081317e+01
6.261299999561318207e+10 8.307782695503432180e+00 -3.141830640614416126e+01
6.261299999632140350e+10 7.615627284413009512e+00 -3.256345311996108194e+01
6.261299999639196777e+10 7.115801267470571290e+00 -3.399076136111013824e+01
6.261299999694174957e+10 7.158905590522457452e+00 -3.540069040086793706e+01
6.261299999693873596e+10 5.912890736692325788e+00 -3.454077661607189498e+01
6.261299999702709961e+10 6.315253656522541448e+00 -3.308396146824374995e+01
6.261299999670699310e+10 5.379578049878052326e+00 -3.423028520070873526e+01
6.261299999677548981e+10 5.387287182272304520e+00 -3.574265490902698161e+01
6.261299999585513306e+10 6.106936312895906660e+00 -3.477981692431782079e+01
6.261299999647738647e+10 5.484714312315510654e+00 -3.601174903721196330e+01
6.261299999793499756e+10 5.731440949103332905e+00 -3.633809453663432976e+01
6.261299999856163788e+10 4.379652319510157099e+00 -3.606976789422578378e+01
6.261299999927259827e+10 4.419303427227069925e+00 -3.740579666782121393e+01
6.261299999922598267e+10 4.265895265993222552e+00 -3.590037097015144951e+01
6.261300000051836395e+10 3.489217802991970707e+00 -3.603654069323903997e+01
