2.782800000000000000e+10 0.000000000000000000e+00 0.000000000000000000e+00
2.782800000006909561e+10 -2.206493349155126960e-01 2.526296703645972697e-01
2.782799999993645096e+10 -4.887497206868849919e-01 8.586788007725207339e-02
2.782799999984273148e+10 -3.025605804446358515e-01 -1.858534081815231553e-01
2.782799999960838318e+10 -3.034685283215051155e-01 6.387061893464307527e-02
2.782799999957249069e+10 -4.263422702542037923e-01 -2.537705219891226993e-01
2.782799999955167389e+10 -7.681325327032562100e-01 -2.590695679721434219e-01
2.782799999967187119e+10 -7.211294433433631523e-01 5.814567225770500558e-02
2.782799999963055420e+10 -6.939574836818899195e-01 3.970214164592505979e-01
2.782799999966525650e+10 -7.142531137408214548e-01 5.692436069315981451e-02
2.782799999935225296e+10 -6.891771726862886416e-01 1.936077162187178347e-01
2.782799999945497513e+10 -3.702681574574872014e-01 2.645110290503421835e-01
2.782799999975505447e+10 -3.012711934962838956e-01 4.144270015639792137e-01
2.782799999946936798e+10 -4.895326289160104594e-01 4.293383650921049344e-01
2.782799999949708176e+10 -2.541774044748840167e-01 1.821099335050918033e-01
2.782799999951105881e+10 -2.925108760865005042e-01 -1.579154054807094809e-01
2.782799999979602051e+10 -4.299787649077929652e-01 -2.889901270534185329e-01
2.782799999971148300e+10 -4.116488013417838321e-01 -6.203498869889059186e-01
2.782799999962152863e+10 -4.147997379474082091e-01 -9.507742771553291394e-01
2.782799999942435455e+10 -1.554248533452466385e-01 -8.452785990933482374e-01
2.782799999930921936e+10 -5.801544782815004631e-02 -1.152748329696966945e+00
2.782799999905142212e+10 1.613251971813380869e-01 -1.100668641376490564e+00
2.782799999915311432e+10 8.358792153939906266e-02 -7.830243518508197553e-01
2.782799999904131317e+10 -1.657360422171450520e-01 -9.894698896220567308e-01
2.782799999879081345e+10 -5.024261258559716004e-02 -7.865109498196890536e-01
2.782799999860955429e+10 1.418360950263562459e-01 -1.004531396608967286e+00
2.782799999889603806e+10 2.995186149090938721e-01 -1.106239309062955867e+00
2.782799999891496277e+10 6.065103577974986226e-01 -9.556404368439639363e-01
2.782799999900105286e+10 7.200234290362205192e-01 -6.442159608295141560e-01
2.782799999891597366e+10 9.673666328378578427e-01 -8.652698124260853607e-01
2.782799999918111420e+10 9.418113355825947774e-01 -6.500271984191473562e-01
2.782799999908742523e+10 9.856135795195961613e-01 -3.235521388335695359e-01
2.782799999895759583e+10 7.805446618131970382e-01 -5.651573100151039419e-01
2.782799999877349854e+10 6.149210875345090255e-01 -8.017127952184297524e-01
2.782799999893004227e+10 5.152884321464524797e-01 -5.138766229918507733e-01
2.782799999906968307e+10 5.884859026995137299e-01 -8.178908412007778184e-01
2.782799999918174362e+10 5.690250814549754343e-01 -4.948644901589479006e-01
2.782799999884251785e+10 5.268382741284912685e-01 -5.155858933112198450e-01
2.782799999907165909e+10 4.151606748442011607e-01 -7.442892850281163097e-01
2.782799999917313004e+10 6.591782456685522096e-01 -9.620996448986370853e-01
2.782799999924089432e+10 5.558593465408732115e-01 -1.281498202164257361e+00
2.782799999919795609e+10 4.662427783182567231e-01 -1.609228428537401445e+00
2.782799999921631241e+10 4.228245060843061065e-01 -1.948433228750647395e+00
2.782799999908083344e+10 6.810123282420930124e-01 -2.128062234606020731e+00
2.782799999914493942e+10 8.715667614027075016e-01 -2.405301498878225086e+00
2.782799999885124207e+10 6.985641765128444147e-01 -2.372230586940368369e+00
2.782799999898291016e+10 4.997028259437402697e-01 -2.126466134626064264e+00
2.782799999887324524e+10 2.123103171303949988e-01 -2.277003921394981756e+00
2.782799999874868393e+10 3.180762504876582519e-01 -1.976037986462418461e+00
2.782799999841847229e+10 3.385087349522130085e-01 -1.887585481885445171e+00
2.782799999831377792e+10 1.287065268971215870e-02 -1.870827358354543168e+00
2.782799999858385849e+10 2.179793873922041825e-01 -1.823187380533365820e+00
2.782799999879382324e+10 3.740340289523176875e-01 -1.602181556388923900e+00
2.782799999878474045e+10 6.276914429057804945e-01 -1.832089083514223837e+00
2.782799999852254486e+10 6.993087569986596863e-01 -1.623746767714739692e+00
2.782799999832929230e+10 4.168194866491680139e-01 -1.612120456704718263e+00
2.782799999820521545e+10 5.987468404801850053e-01 -1.874397942069929712e+00
2.782799999819616318e+10 6.001313360492828153e-01 -2.216740116355241152e+00
2.782799999853763962e+10 6.249218777277175674e-01 -2.224595373452685987e+00
2.782799999847723389e+10 9.525926153921906447e-01 -2.303746800167450814e+00
2.782799999855456924e+10 1.132799663422003444e+00 -2.584507600980363584e+00
2.782799999855813599e+10 1.136750951232385676e+00 -2.926930914837994280e+00
2.782799999854966736e+10 1.170416339822817564e+00 -2.586230161440497000e+00
2.782799999820943832e+10 1.209027602096237608e+00 -2.580362658558619682e+00
2.782799999847977448e+10 1.319454605835498340e+00 -2.401459332856578754e+00
2.782799999859416962e+10 1.536882049486551827e+00 -2.640040983486006354e+00
2.782799999848152161e+10 1.825487441465253768e+00 -2.494096418967731932e+00
2.782799999850707245e+10 2.165176785311161645e+00 -2.529314053016837427e+00
2.782799999848050690e+10 2.116329579907122671e+00 -2.867234709556862438e+00
2.782799999877912140e+10 2.195398684762257080e+00 -2.719385827270133671e+00
2.782799999879899979e+10 2.090231645170213426e+00 -2.394075435781663597e+00
2.782799999870458221e+10 2.173384048971470861e+00 -2.075558306126685792e+00
2.782799999846259308e+10 2.330770315073118493e+00 -1.891296475579415937e+00
2.782799999850364685e+10 2.426407226258712857e+00 -2.217563795329133836e+00
2.782799999835151291e+10 2.611029111466786290e+00 -1.972508706474280116e+00
2.782799999848639679e+10 2.615939555054462851e+00 -1.657764647792885127e+00
2.782799999872354889e+10 2.676969181194384984e+00 -1.897174114774660580e+00
2.782799999844765854e+10 2.869544334000753150e+00 -1.961055336550041606e+00
2.782799999845761108e+10 2.877703910554612055e+00 -1.618832560761299000e+00
2.782799999835825729e+10 2.805631374277716805e+00 -1.938546078092331815e+00
2.782799999809817123e+10 3.016515259264473059e+00 -2.010411258687356373e+00
2.782799999824710846e+10 2.708241961447077628e+00 -2.002226354661814423e+00
2.782799999827075577e+10 2.601322504510388267e+00 -1.677740468901077753e+00
2.782799999822451019e+10 2.331348557828691437e+00 -1.472174573777696782e+00
2.782799999833529282e+10 2.100687295044228353e+00 -1.244568223550247987e+00
2.782799999843398285e+10 1.840291097707734025e+00 -1.045229008266471249e+00
2.782799999848154831e+10 1.523192549459591039e+00 -9.249460929218957794e-01
2.782799999875688171e+10 1.649484107272842337e+00 -7.651850181132373585e-01
2.782799999865229416e+10 1.356031627118851501e+00 -6.229560385272093770e-01
2.782799999865467834e+10 1.561212076984737296e+00 -8.971409258801369413e-01
2.782799999895153427e+10 1.635016915648772162e+00 -1.051128087804475530e+00
2.782799999892897797e+10 1.637413103617475052e+00 -1.392840782430114555e+00
2.782799999921769714e+10 1.821570914096869220e+00 -1.395857822978275431e+00
2.782799999905442429e+10 2.070267319626240887e+00 -1.226229809683476057e+00
2.782799999908093643e+10 1.827443786360144706e+00 -1.466262967327807587e+00
2.782799999915099716e+10 1.778539138750170334e+00 -1.797898094150994552e+00
2.782799999932607651e+10 1.986299630762681900e+00 -1.589416563305559027e+00
2.782799999918717957e+10 1.954190136306868331e+00 -1.900799255751697503e+00
2.782799999945809937e+10 2.138836346208197181e+00 -1.999745670869841785e+00
2.782799999957324982e+10 2.258207414898202980e+00 -2.299366702183019306e+00
2.782799999960608673e+10 2.543044771174738816e+00 -2.486640201283701224e+00
2.782799999968162537e+10 2.723804247436725667e+00 -2.767535453652065769e+00
2.782799999963452911e+10 2.732631402450846458e+00 -2.428439674091195322e+00
2.782799999959729767e+10 2.681302689624702307e+00 -2.764982655114628152e+00
2.782799999947096634e+10 2.911657007136479347e+00 -2.545302415389189665e+00
2.782799999929277420e+10 2.962259424501947347e+00 -2.257260081465954915e+00
2.782799999903955460e+10 2.731748794768216637e+00 -2.252182611939748114e+00
2.782799999938011169e+10 2.698789510530073876e+00 -2.237457300062177357e+00
2.782799999937573624e+10 2.700882032924890375e+00 -1.895026965255231621e+00
2.782799999929993820e+10 2.857699775063377690e+00 -2.189891610300678693e+00
2.782799999952939987e+10 2.964503720531753928e+00 -1.959191925702193249e+00
2.782799999932055283e+10 2.702234936773653118e+00 -1.889338953344232852e+00
2.782799999929388428e+10 2.689652524621637841e+00 -2.230531605060839695e+00
2.782799999921329498e+10 2.394328417690298139e+00 -2.077002708801376940e+00
2.782799999906707382e+10 2.613958138062044245e+00 -1.858681162649643337e+00
2.782799999922251511e+10 2.502778781000129626e+00 -1.574500186728336804e+00
2.782799999936834717e+10 2.648529214539480314e+00 -1.847943903179558589e+00
2.782799999945660019e+10 2.729794797428214626e+00 -2.168707282316706397e+00
2.782799999939813614e+10 2.735952841582317774e+00 -2.506088596868907281e+00
2.782799999942941284e+10 2.697076684614905240e+00 -2.844899056570894480e+00
2.782799999939727402e+10 2.708329312994704807e+00 -3.185666487860018492e+00
2.782799999929946899e+10 2.825536916780894803e+00 -2.879106824246252749e+00
2.782799999936715317e+10 2.623502687083431706e+00 -3.147216965815700984e+00
2.782799999937381744e+10 2.619254200634028695e+00 -2.804843530288033016e+00
2.782799999939250946e+10 2.622977964430665221e+00 -2.462909564436232657e+00
2.782799999947104645e+10 2.558622764965391205e+00 -2.135843080729530108e+00
2.782799999958533859e+10 2.298672099587266704e+00 -2.327271609153605869e+00
2.782799999991547775e+10 2.246433516199312308e+00 -2.401838595984433944e+00
2.782799999991917801e+10 2.260741257869816501e+00 -2.743984250950202153e+00
2.782799999995573425e+10 2.258082826795372089e+00 -2.403486477037661828e+00
2.782800000010743332e+10 2.053890838047783607e+00 -2.632778368066069685e+00
