6.261300000000000000e+10 0.000000000000000000e+00 0.000000000000000000e+00
6.261299999865991211e+10 6.543513973843542164e-01 -2.607576973314436608e-01
6.261299999763743591e+10 4.710883532159981790e-01 -1.362104326868989412e+00
6.261299999866468811e+10 -2.538944051903103682e-01 -5.187946911270069350e-01
6.261299999839136505e+10 -1.370610807949466547e+00 -1.503809803808129342e+00
6.261299999902674866e+10 -2.464622742138770750e+00 -6.722790773184766921e-01
6.261299999849301910e+10 -1.222676981194642520e+00 9.423839013348866978e-03
6.261299999960717773e+10 -5.172484763743682157e-01 -7.342379457453307445e-01
6.261299999875002289e+10 6.885639232408281574e-01 -4.128012488477061925e-01
6.261299999851663208e+10 -5.972571024093864533e-02 -1.708025875137166860e+00
6.261299999792220306e+10 -1.317114582002861578e+00 -1.109997527255202954e+00
6.261299999812348175e+10 -1.307851439012707173e+00 -2.610469185432412687e+00
6.261299999931939697e+10 -9.559627435927262606e-01 -1.751414463887800865e+00
6.261299999883400726e+10 -9.603750001953224036e-01 -3.174018365654052154e-01
6.261299999766123199e+10 -7.902047905358637880e-01 6.247568334872735107e-01
6.261299999803401184e+10 5.537065028425740554e-01 3.573296736156028608e-02
6.261299999834658051e+10 -5.280293671343312401e-01 1.047742997811784482e+00
6.261299999777972412e+10 4.678428255948684500e-01 2.037149102143622770e+00
6.261299999789260101e+10 3.318003278996807803e-01 3.540733187114621927e+00
6.261299999793451691e+10 1.332964630028497799e-01 5.041017457650325717e+00
6.261299999800364685e+10 9.225915823980074260e-01 3.750959909812952020e+00
6.261299999651531219e+10 1.168786181159967574e+00 3.623478763376883904e+00
6.261299999731938934e+10 2.291948559586860501e+00 3.003813339632345869e+00
6.261299999736466217e+10 3.342275860402659227e+00 1.914420473789490096e+00
6.261299999724237823e+10 3.144774124150918837e+00 4.184077677832735986e-01
6.261299999867897034e+10 2.962055093414575513e+00 8.597936818351944455e-01
6.261300000006757355e+10 2.359912464485954597e+00 8.248040474229840768e-01
6.261300000075143433e+10 2.556114960355275745e+00 -5.115553144589921608e-01
