2.782800000000000000e+10 0.000000000000000000e+00 0.000000000000000000e+00
2.782800000001868439e+10 -2.008757886704495756e-03 -3.419487319602189102e-01
2.782799999988259125e+10 -3.963928608456158270e-02 -6.539493321802087866e-01
2.782799999968717194e+10 2.243453987456889287e-01 -7.509322489552699986e-01
2.782799999960795593e+10 1.840197795760596666e-01 -1.081660046894035609e+00
2.782799999992137527e+10 2.946838096444261978e-01 -9.991785340225388667e-01
2.782799999993619537e+10 2.606663116200945707e-01 -6.587299572567024697e-01
2.782800000002446747e+10 5.823818422577945464e-01 -5.813384709806017625e-01
2.782799999989317322e+10 8.981123482201928132e-01 -5.624187725024093476e-01
2.782799999986960602e+10 9.626031243453511133e-01 -2.269077490495875482e-01
2.782799999992251205e+10 7.238402354937691907e-01 -4.666475540949639456e-01
2.782799999966231918e+10 7.559047360444006713e-01 -2.462984454349259333e-01
2.782799999985788345e+10 9.728093851452129792e-01 -6.744221711155795607e-02
2.782799999996560669e+10 9.904706784717171031e-01 2.571583011823030951e-01
2.782799999975301743e+10 8.649468744646745533e-01 1.981469762496346210e-02
2.782800000005344772e+10 7.874974996613951506e-01 -1.251825970863307269e-01
2.782800000002623367e+10 9.817719264610932361e-01 1.555287624547070369e-01
2.782800000002510834e+10 9.667436951262023959e-01 4.976616881183308361e-01
2.782799999995463181e+10 9.383684002166275961e-01 8.315926699816543755e-01
2.782800000022008514e+10 9.947894957103007307e-01 1.040478962574246991e+00
