3.478500000000000000e+10 0.000000000000000000e+00 0.000000000000000000e+00
3.478499999995899963e+10 1.640351792055048247e-02 3.810094581480598097e-01
3.478499999963251495e+10 -1.460005124001762800e-01 2.620439173475337946e-01
3.478499999945408630e+10 1.374252453075015812e-01 4.489996493343404449e-01
3.478499999924035645e+10 1.907333034770026248e-01 1.349985528262371282e-01
3.478499999929577637e+10 -6.670704372777336300e-03 4.591576023326014444e-01
3.478499999925338745e+10 2.238593558813119500e-01 7.627657002086625226e-01
3.478499999925453949e+10 1.852909455162010388e-01 1.144380279065368766e+00
3.478499999915186310e+10 2.181098457336428376e-01 1.512481752563186843e+00
3.478499999944644928e+10 1.742459047947143846e-01 1.754166495710309803e+00
3.478499999948840332e+10 1.042821007380241444e-01 2.128950920772069821e+00
3.478499999955609131e+10 1.992333463880147093e-01 1.763546048158987967e+00
3.478499999959868622e+10 1.510143677757880831e-01 1.385420309263583505e+00
3.478499999986815643e+10 2.122399563459098637e-01 1.651416919496284663e+00
3.478499999979365540e+10 -1.164236686192819392e-01 1.468255552074863690e+00
3.478500000009732056e+10 -9.186588350510493939e-02 1.701289448939868887e+00
3.478500000006991577e+10 3.892423699651170743e-02 2.060818982665166388e+00
3.478499999978775787e+10 1.156642551871264885e-01 1.812592553671066753e+00
3.478499999978278351e+10 1.102658846771429058e-01 1.429102415280586014e+00
3.478499999980202484e+10 4.227726147813776203e-02 1.806098421888379990e+00
3.478499999974414825e+10 1.389828168134205066e-01 1.439469746852248599e+00
3.478499999966796112e+10 -2.267738773187548684e-01 1.352659245436360624e+00
3.478499999988063049e+10 -4.352543972978940578e-01 1.110946684337094537e+00
3.478500000018597412e+10 -2.322262876749168481e-01 1.223487427970941344e+00
