2.087100000000000000e+10 0.000000000000000000e+00 0.000000000000000000e+00
2.087100000004538727e+10 4.673193206340759548e-02 3.093357937197596663e-01
2.087100000002320862e+10 8.753885013074251542e-02 6.220265867912047053e-01
2.087100000001528931e+10 1.361566669456105161e-01 3.097666693436566532e-01
2.087099999976855850e+10 3.194646753856278942e-01 2.359143449717805430e-01
2.087099999982350540e+10 4.011979535891886939e-01 5.363030522634496533e-01
2.087099999968059540e+10 6.325018388468133246e-01 6.975729563931019062e-01
2.087099999964068985e+10 6.189531817065304642e-01 1.010872642575706637e+00
2.087099999970806503e+10 8.626705244919449234e-01 8.211487800347950783e-01
2.087099999944813919e+10 7.329241539496904601e-01 9.458004519372318342e-01
2.087099999929813385e+10 5.258390282306557584e-01 7.599329899029061419e-01
2.087099999908814621e+10 6.515679537080982797e-01 5.598570741312133281e-01
2.087099999886315918e+10 6.126204317914042408e-01 3.412338984212111015e-01
2.087099999858603287e+10 7.070979772986024647e-01 4.604277230407964883e-01
2.087099999869024277e+10 5.410593839968353969e-01 2.124266997119327038e-01
2.087099999854202652e+10 7.247272757308903524e-01 2.116794245949654707e-03
2.087099999854466629e+10 8.575816323688982834e-01 2.889537015769736428e-01
2.087099999854077530e+10 8.256160147431211849e-01 -2.552319826221077781e-02
2.087099999882308578e+10 8.925656447866232579e-01 9.998247955794847819e-02
2.087099999886495972e+10 9.352056617603670130e-01 4.104031482794002206e-01
2.087099999897108078e+10 9.831469920580149235e-01 7.042947739009977060e-01
2.087099999905239105e+10 1.004540376845012295e+00 1.009029622299438378e+00
2.087099999889280319e+10 7.472584012873469961e-01 1.099972993459290782e+00
2.087099999888292313e+10 4.312946150740979423e-01 1.098590871762641807e+00
2.087099999889788437e+10 4.325343935213511459e-01 7.828262445921321255e-01
2.087099999871914673e+10 6.118544817395412672e-01 9.721135089949963781e-01
2.087099999846742630e+10 6.089934548895692412e-01 1.163323723537104559e+00
2.087099999835352707e+10 3.156217627773237333e-01 1.193199818285916924e+00
2.087099999844571304e+10 4.356270537666743214e-01 1.470747788841964443e+00
2.087099999838072586e+10 3.248321732539571904e-01 1.181898343903595938e+00
2.087099999835937881e+10 3.283065037436510014e-01 8.665179124283445278e-01
2.087099999848947144e+10 3.005768533662005471e-01 5.797441176521338502e-01
2.087099999846950150e+10 2.692050835585873547e-01 2.658179788813461730e-01
2.087099999840545273e+10 4.370870477573510215e-01 5.259069589582259230e-01
2.087099999839453125e+10 4.182690738814063280e-01 2.105353857417137653e-01
2.087099999843205643e+10 4.212627522021271109e-01 -1.033365247035953893e-01
2.087099999841866302e+10 6.667414253017532877e-01 -3.020661308761982689e-01
2.087099999859623337e+10 7.864594894829861627e-01 -5.345936898185097430e-01
2.087099999881420898e+10 9.596455780676562686e-01 -3.848421287999935769e-01
2.087099999871728134e+10 8.578878345845781794e-01 -1.016766021910579521e-01
2.087099999896242523e+10 7.489040922847043369e-01 -2.688869774748909869e-01
2.087099999912746429e+10 8.864628416336145511e-01 -5.007749958468012963e-01
2.087099999940353394e+10 8.176739076792923777e-01 -6.385673949865927623e-01
2.087099999933559418e+10 1.101994175333258497e+00 -7.588957130579730981e-01
2.087099999931320572e+10 1.152453704680313384e+00 -4.476316675099202835e-01
2.087099999956304932e+10 1.033814480074446207e+00 -6.007191499802553292e-01
2.087099999940294647e+10 7.755203568268494996e-01 -5.136349573695745407e-01
2.087099999933637619e+10 7.864183303284537629e-01 -2.047949564493118380e-01
2.087099999958720398e+10 9.175823043421847958e-01 -3.455606558951490603e-01
2.087099999937213516e+10 7.808954832471912688e-01 -5.326312825263740391e-01
2.087099999936224747e+10 9.768775122532264987e-01 -2.847886450753023269e-01
2.087099999957796860e+10 1.207456383072087469e+00 -2.999720878264109380e-01
2.087099999941621780e+10 1.274738785826408094e+00 -3.683147946142456552e-02
2.087099999946411514e+10 1.096968590023609247e+00 2.201434327226676757e-01
2.087099999967916489e+10 1.198618196744770437e+00 4.283596073112830305e-01
2.087099999957006073e+10 1.494759500172854638e+00 4.465156327195179409e-01
2.087099999935876083e+10 1.474068624650344494e+00 6.807297157896046169e-01
2.087099999964155197e+10 1.343314787779163133e+00 7.342486458522293757e-01
2.087099999933423996e+10 1.269215903209031104e+00 7.334141615906281109e-01
2.087099999941351318e+10 1.395622240654123658e+00 4.547208799759552278e-01
2.087099999947382355e+10 1.256085595041178227e+00 1.775480994587623762e-01
2.087099999932221222e+10 1.325787952209264819e+00 4.460399460879486133e-01
2.087099999901013565e+10 1.328837555488146194e+00 3.957297803222730170e-01
2.087099999887432480e+10 1.043976633979926572e+00 4.142453126213786474e-01
2.087099999872497940e+10 1.077890794275673247e+00 6.907922764754924616e-01
2.087099999884439468e+10 1.346437123134590630e+00 5.743645241521269096e-01
2.087099999907245255e+10 1.466401061213278734e+00 7.574779742541439820e-01
2.087099999898259354e+10 1.325389427665811137e+00 1.025757267363323066e+00
2.087099999894859314e+10 1.030736834092793819e+00 9.164118577057569492e-01
2.087099999866304398e+10 9.631288532596413710e-01 1.033985748758630141e+00
2.087099999863489532e+10 1.275521758781459347e+00 1.073367063194646143e+00
2.087099999869380951e+10 9.922824549215119028e-01 1.200792626773000915e+00
2.087099999881760406e+10 1.203470863939164914e+00 1.400809274028364193e+00
2.087099999910232925e+10 1.336677128013626925e+00 1.367351760078698408e+00
2.087099999912562180e+10 1.504009440123466712e+00 1.634540984874315761e+00
2.087099999930827332e+10 1.614299505387912781e+00 1.401287710948537324e+00
2.087099999932886124e+10 1.592552212422795321e+00 1.715987388557779436e+00
2.087099999918581390e+10 1.324518204734226545e+00 1.628646662416002311e+00
2.087099999906164169e+10 1.574737330087894183e+00 1.480647008198957781e+00
2.087099999907575989e+10 1.277725991691880836e+00 1.587967047483220151e+00
2.087099999895706558e+10 1.314427706417043540e+00 1.878651232274561877e+00
2.087099999889856720e+10 1.353231760815435392e+00 2.186879937363684245e+00
2.087099999896793747e+10 1.292949008548045953e+00 1.884412652049874071e+00
2.087099999885770416e+10 1.424968644563122222e+00 2.149652357015407134e+00
2.087099999894303513e+10 1.654954590940113768e+00 2.349045477801566140e+00
2.087099999891296005e+10 1.955517640150755465e+00 2.255825164581591658e+00
2.087099999920812225e+10 2.065340366310415732e+00 2.228409593774673070e+00
2.087099999937265778e+10 2.333307395649990568e+00 2.195941801913320113e+00
2.087099999939566422e+10 2.227481466971402924e+00 2.492933862056764482e+00
2.087099999939461517e+10 2.230519554369200463e+00 2.176828930281293761e+00
2.087099999938909531e+10 2.224251583715806113e+00 2.492839858960238075e+00
2.087099999955597305e+10 2.492461311102364796e+00 2.505006299893923316e+00
2.087099999976319504e+10 2.262682457270785541e+00 2.440252211501758861e+00
2.087099999961539078e+10 2.330618172354198325e+00 2.711308604643191345e+00
2.087099999972872543e+10 2.534159932688488048e+00 2.497630202574462999e+00
2.087099999973012543e+10 2.535642369873675417e+00 2.813744898959567919e+00
2.087099999958359528e+10 2.625663746446851743e+00 2.548493537066658821e+00
2.087099999939564133e+10 2.879795634800024207e+00 2.553264521798933817e+00
2.087099999921063995e+10 3.053372611106543566e+00 2.364644558507654093e+00
2.087099999923281860e+10 3.064597598220815122e+00 2.679786946030612960e+00
2.087099999905693817e+10 3.045267510412474454e+00 2.941751016624002624e+00
2.087099999905599213e+10 3.043544441261286870e+00 3.257866181035793396e+00
2.087099999889727783e+10 2.843665257721474493e+00 3.444387353900990156e+00
2.087099999880256653e+10 3.138802168439666307e+00 3.382284833789995115e+00
2.087099999865773773e+10 3.311242790909109335e+00 3.604143604977426474e+00
2.087099999886345673e+10 3.085268080982698891e+00 3.685062959501069102e+00
2.087099999883882141e+10 3.054764233474335455e+00 3.998743106563051875e+00
2.087099999885058212e+10 3.022452252269566930e+00 4.312988707480408301e+00
2.087099999886549377e+10 3.012018163742469223e+00 4.628585683217991686e+00
2.087099999895155334e+10 3.285090894365804370e+00 4.762592716883438548e+00
2.087099999913825226e+10 3.327873251901411145e+00 5.014079145456365794e+00
2.087099999921128845e+10 3.476335132498037606e+00 5.283444039536861148e+00
2.087099999924115372e+10 3.477165227964272631e+00 4.968737728869367487e+00
2.087099999913792801e+10 3.443050966471169705e+00 5.265576203320606830e+00
2.087099999908894730e+10 3.641614472588361462e+00 5.506628307928418842e+00
2.087099999917890167e+10 3.644812316020038967e+00 5.809663620296609210e+00
2.087099999945187759e+10 3.546089313532685861e+00 5.684483959442435896e+00
2.087099999948789597e+10 3.457924810892734957e+00 5.985917815037012701e+00
2.087099999961854553e+10 3.458261216095531942e+00 5.698057586915746597e+00
2.087099999956692123e+10 3.764103020510972009e+00 5.636998119286305453e+00
2.087099999957007599e+10 3.725757785233163144e+00 5.950769283316241776e+00
2.087099999960181808e+10 3.832603740031286677e+00 6.246588396093986084e+00
2.087099999963458252e+10 3.810861689752556458e+00 6.560254702350373890e+00
2.087099999955361938e+10 3.520763066292016852e+00 6.464232356020676029e+00
2.087099999951487732e+10 3.422635453023452623e+00 6.762230094531454405e+00
2.087099999923271179e+10 3.280175117516559435e+00 6.766700724700542402e+00
2.087099999916403580e+10 3.328934967223200037e+00 7.071394923430753821e+00
2.087099999940791702e+10 3.130566980062543525e+00 7.104642857715590232e+00
2.087099999955125046e+10 2.928055363040949821e+00 6.908742787742069957e+00
2.087099999961896133e+10 3.111456848478989734e+00 7.157161842483030334e+00
2.087099999951575470e+10 3.221759590608295198e+00 7.434856362666449670e+00
2.087099999939783096e+10 3.286583356526943334e+00 7.148806379216511075e+00
2.087099999950186920e+10 3.068706271101737215e+00 7.352861481830633039e+00
2.087099999955006409e+10 3.065514402314792886e+00 7.040451952567271299e+00
2.087099999973711395e+10 3.050457660870411036e+00 7.294850443705303888e+00
2.087100000003915024e+10 2.963407009479480880e+00 7.261238067142075536e+00
2.087099999985552216e+10 2.978152226887537779e+00 7.004341332903692319e+00
2.087100000008378220e+10 2.999384613666780997e+00 7.222010357254349699e+00
2.087100000023321533e+10 3.205920200650179464e+00 7.035074526693256836e+00
