6.261300000000000000e+10 0.000000000000000000e+00 0.000000000000000000e+00
6.261299999895615387e+10 8.985850002126906100e-01 -6.284507863891901636e-01
6.261299999880821228e+10 1.016132952740001816e+00 -2.130552416841498875e+00
6.261299999852742767e+10 1.367813121627777129e+00 -3.576061544559354211e+00
6.261299999857784271e+10 1.116955171213539488e+00 -5.068221907345499488e+00
6.261299999789370728e+10 1.639504242111870180e+00 -6.313578247598368165e+00
6.261299999827332306e+10 1.766200860220914937e+00 -7.773665391352362342e+00
6.261299999863240051e+10 1.535206420609972033e+00 -9.226152117592560487e+00
6.261299999796561432e+10 1.634773739205950260e+00 -7.870609138760594981e+00
6.261299999920177460e+10 2.335757155472057978e+00 -7.348560137969993633e+00
6.261299999980081940e+10 3.552378546378137436e+00 -6.675510425815333271e+00
6.261300000074612427e+10 3.675808787027499580e+00 -7.851597676700512451e+00
