6.957000000000000000e+09 0.000000000000000000e+00 0.000000000000000000e+00
6.956999999822468758e+09 2.164869662923794014e-01 7.778451669564145909e-02
6.956999999849063873e+09 -2.747245000104864276e-02 2.333834219177290947e-01
6.956999999645543098e+09 1.643093729535503034e-01 3.123370780545052794e-01
6.956999999467046738e+09 2.851433738724172273e-01 5.072029455459881042e-01
6.956999999642249107e+09 2.384933047758219793e-01 2.801291084293486833e-01
6.956999999800297737e+09 4.804509366580772545e-01 2.499344106211371930e-01
6.956999999757390976e+09 6.450247148377683537e-01 4.855379014105299373e-01
6.956999999681104660e+09 3.945209598561926767e-01 3.595905643390838180e-01
6.956999999631088257e+09 3.644264970014698957e-01 7.493774790007412534e-02
6.956999999661094666e+09 3.727191302798307793e-01 3.638414528243879009e-01
6.956999999796401978e+09 6.034210803683192070e-01 2.502498812422945806e-01
6.956999999961123466e+09 5.737675291849612114e-01 1.271662575511514626e-02
6.956999999986388206e+09 3.544264041063770465e-01 2.016231083815596403e-01
6.956999999823356628e+09 4.848078255258964075e-01 -5.054839666552846111e-04
6.956999999764410973e+09 4.448821914934746879e-01 2.812139709121613262e-01
6.956999999969923019e+09 5.442652962645446735e-01 1.014299103445662764e-01
6.956999999948033333e+09 5.418412521902095103e-01 3.911702128529880862e-01
6.956999999996417999e+09 5.732999779113047145e-01 6.759573955164726033e-01
6.956999999905497551e+09 7.020526256439965085e-01 9.200696860146051481e-01
6.957000000094844818e+09 5.530733345189355887e-01 7.576283416791358416e-01
6.957000000084678650e+09 6.188360201348414025e-01 1.040482409524737140e+00
6.957000000060153961e+09 5.713199635975744206e-01 7.548685412882634171e-01
6.956999999771467209e+09 5.983015068440263873e-01 7.740114500375221418e-01
6.956999999704154968e+09 5.418058884992843494e-01 4.970425079116551625e-01
6.956999999537547112e+09 3.725337660321058619e-01 3.296414368466124567e-01
6.956999999696425438e+09 5.949341751319100480e-01 4.282831853278603607e-01
6.956999999675913811e+09 4.730631225755295710e-01 6.912684188465214596e-01
6.956999999792734146e+09 6.912843229877508877e-01 5.390612172402418079e-01
6.956999999794689178e+09 6.669518352041120535e-01 8.286101864258366145e-01
6.956999999824317932e+09 4.229436022770696191e-01 9.835831559771007759e-01
6.957000000104245186e+09 4.342031776614154182e-01 9.064553625293952921e-01
