6.261300000000000000e+10 0.000000000000000000e+00 0.000000000000000000e+00
6.261299999971617126e+10 1.462788452007476758e+00 -2.677804244377814391e-01
6.261299999833116150e+10 1.240022261101726198e+00 3.015575703276854314e-01
6.261299999841874695e+10 2.456385079237908720e+00 -5.955510106678238991e-01
6.261299999746276093e+10 3.339404774326550474e+00 1.779980356098957994e-01
6.261299999749020386e+10 3.528637041677505248e+00 -1.323818078693409728e+00
6.261299999749368286e+10 3.534842425671557375e+00 1.901050402332820077e-01
6.261299999660793304e+10 4.367946631349213682e+00 1.091991903686204690e+00
6.261299999562565613e+10 5.498455670282123897e+00 1.313573112403249254e+00
6.261299999601998901e+10 4.056725870790121924e+00 1.554258008961668436e+00
6.261299999452652740e+10 4.293737344699080083e+00 1.480726593641119360e+00
6.261299999593180084e+10 4.854262422192734405e+00 1.425756426765351748e+00
6.261299999468738556e+10 4.593459753711151450e+00 2.247602889254202374e+00
6.261299999514506531e+10 4.072215646480259466e+00 3.593280459865752618e+00
6.261299999508410645e+10 4.835618635919649577e+00 4.899233752704938993e+00
6.261299999552475739e+10 4.392925323749519606e+00 3.520153944071969576e+00
6.261299999558903503e+10 3.411963865706992394e+00 2.368808209630177686e+00
6.261299999637094116e+10 3.672919524195901175e+00 3.638664882618269480e+00
6.261299999621782684e+10 3.002471285725364147e+00 2.289936366875262586e+00
6.261299999652926636e+10 2.570353798375414556e+00 8.727934821063687565e-01
6.261299999532178497e+10 2.411194587747441442e+00 -2.646978413309963862e-02
6.261299999442337799e+10 2.300801399980855422e+00 1.187078008879769664e+00
6.261299999503560638e+10 3.571400214241996274e+00 1.737324772648956905e+00
6.261299999651230621e+10 3.246398247537212178e+00 1.661478772775996537e+00
6.261299999629249573e+10 4.741270981082234215e+00 1.756625225077332209e+00
6.261299999570773315e+10 3.933489824884778496e+00 6.175239249919122209e-01
6.261299999650643158e+10 2.929661521099991006e+00 -1.864822500212732770e-01
6.261299999694114685e+10 2.030286820275968296e+00 -1.324094850040878901e+00
6.261299999602287292e+10 3.227088054886866342e+00 -1.195839702615184130e+00
6.261299999637510681e+10 3.107833229621683735e+00 -2.663396826409608842e+00
6.261299999532106018e+10 4.028121541861508170e+00 -2.085406878094168359e+00
6.261299999559627533e+10 4.355860839524697603e+00 -3.537597458657220084e+00
6.261299999632614136e+10 3.592286048869601345e+00 -2.453043283437068567e+00
6.261299999562820435e+10 3.057545732647883874e+00 -3.685502440528357404e+00
6.261299999445269775e+10 2.913736537735861720e+00 -4.628645377443380227e+00
6.261299999531880188e+10 2.827032861080307491e+00 -5.867336638299113005e+00
6.261299999561338806e+10 1.872219024615631833e+00 -7.004686498610547929e+00
6.261299999703597260e+10 2.388378722363718509e+00 -6.961756833475550188e+00
6.261299999723898315e+10 2.595067669186169823e+00 -8.447718217085181891e+00
6.261299999763355255e+10 2.054908396330183962e+00 -9.805861959820894924e+00
6.261299999893291473e+10 2.222762453317562947e+00 -9.047248625307904746e+00
6.261299999874721527e+10 2.269661031013759711e+00 -7.545473065982001515e+00
6.261299999830972290e+10 1.215062173105724286e+00 -8.539673202555723819e+00
6.261299999929479218e+10 1.612742798009175749e+00 -9.618332757061937244e+00
6.261299999870913696e+10 1.816600479783950339e+00 -8.237224097293067260e+00
6.261299999952395630e+10 1.103448973635735353e+00 -7.179158949018153102e+00
6.261299999852444458e+10 3.873073955658428158e-01 -8.062412921060435167e+00
6.261299999759934998e+10 1.093448184716782734e+00 -7.094127744665988722e+00
6.261299999651006317e+10 1.485649984688575787e+00 -8.069648550846970636e+00
6.261299999657419586e+10 2.325961896086774505e-01 -8.916854018289923189e+00
6.261299999647940826e+10 1.008305908296369680e-02 -1.041134973034098898e+01
6.261299999563772583e+10 7.012928081853653239e-01 -1.146292439908391891e+01
6.261299999520045471e+10 -3.918540072181238010e-01 -1.241467963607968983e+01
6.261299999632638550e+10 4.389649787108160783e-01 -1.299263956939239328e+01
6.261299999620173645e+10 3.457487763589544016e-01 -1.148672248079167524e+01
6.261299999490137482e+10 5.381445173235517299e-01 -1.073569151864539784e+01
6.261299999451641083e+10 1.566641997417047016e-01 -9.322083693621351586e+00
6.261299999328025818e+10 1.180466192001925624e-01 -1.019526509923872304e+01
6.261299999254582214e+10 1.343517139370927094e+00 -1.069610389624677360e+01
6.261299999217176819e+10 2.465641075471022514e+00 -9.751151131376918357e+00
6.261299999203479767e+10 2.380849806924352663e+00 -8.245806423503186267e+00
6.261299999167733765e+10 1.040046380012701333e+00 -7.640430823430499174e+00
6.261299999164205933e+10 9.914908492234245641e-01 -6.127681146171143567e+00
6.261299999308255768e+10 7.453592456692473833e-01 -6.523158016849722962e+00
6.261299999187989044e+10 6.530656139058409471e-01 -7.438087278169470018e+00
6.261299999224057770e+10 4.696613598434234982e-01 -8.896950814145412778e+00
6.261299999109157562e+10 1.166329942616240456e-01 -9.817370479240350889e+00
6.261299999085870361e+10 1.303945136697533813e-01 -1.131322965992975504e+01
6.261299999123278046e+10 8.112614072823083333e-01 -1.261265247466372053e+01
6.261299999223818970e+10 8.099209604446482302e-01 -1.374453910683038949e+01
6.261299999141786957e+10 9.754795702976102323e-01 -1.248292132978407665e+01
6.261299999154506683e+10 1.161766614173158407e+00 -1.397996204182863167e+01
6.261299999172151184e+10 4.082617639281936883e-01 -1.267876579276250126e+01
6.261299999131993103e+10 1.750272070234653032e+00 -1.210452020154220065e+01
6.261299999120304108e+10 1.727126619552170173e+00 -1.059527707863782808e+01
6.261299999124471283e+10 1.769926745625028719e+00 -1.210803802852372968e+01
6.261299999136547852e+10 1.683054422098979597e+00 -1.060142493553095200e+01
6.261299999233296204e+10 2.356063324587596153e+00 -1.155171338475408049e+01
6.261299999149657440e+10 1.389036746359071373e+00 -1.236246927855178868e+01
6.261299999103239441e+10 2.577935486571474755e+00 -1.317676225470879103e+01
6.261299999088323212e+10 2.461100371715975843e+00 -1.467879856279175677e+01
6.261299999073119354e+10 2.438362084628503013e+00 -1.317268388838969884e+01
6.261299999156180573e+10 3.420717942248171717e+00 -1.237451472072758030e+01
6.261299999136413574e+10 2.636252193624046392e+00 -1.109484491819350716e+01
6.261299999195468903e+10 1.843201855776240627e+00 -1.224128821920248278e+01
6.261299999330091095e+10 2.353959514082428761e+00 -1.177350570331586077e+01
6.261299999468950653e+10 2.690400703339135724e+00 -1.127289173703186265e+01
6.261299999318710327e+10 2.758573668150313907e+00 -1.144655879565450896e+01
6.261299999321108246e+10 2.913087048633506981e+00 -1.295240220558310185e+01
6.261299999240002441e+10 3.306961129017580436e+00 -1.416856921482606957e+01
6.261299999306693268e+10 3.451126218005792889e+00 -1.552003498221001010e+01
6.261299999351344299e+10 2.411100669821795162e+00 -1.451455392772125563e+01
6.261299999360615540e+10 2.312011873176087917e+00 -1.300670783380267892e+01
6.261299999218638611e+10 2.653426242888927700e+00 -1.340633234859918055e+01
6.261299999082629395e+10 3.257747250816048989e+00 -1.312890591506262439e+01
6.261299999081533813e+10 3.485850282050527493e+00 -1.163228882508668782e+01
6.261299999169164276e+10 2.290062687208749281e+00 -1.193920521121158984e+01
6.261299999044025421e+10 1.438231536369427133e+00 -1.191874042459722993e+01
6.261299999099495697e+10 4.087930903942362804e-01 -1.288028854378015708e+01
6.261299999113778687e+10 -9.496535283067379929e-01 -1.222742155690500887e+01
6.261299999106287384e+10 -1.140547914408123198e+00 -1.072743464787493650e+01
6.261299999237983704e+10 -1.399842375557979857e+00 -1.002715253750281121e+01
6.261299999114373779e+10 -2.271798619928618201e+00 -1.008847237522445717e+01
6.261299999059165192e+10 -1.021261495459113489e+00 -1.073914354868529664e+01
6.261299999048632050e+10 -1.145017828255713521e+00 -9.233951235163749161e+00
6.261299998995485687e+10 -6.349232266231792376e-01 -7.911315731674388729e+00
6.261299999006739807e+10 -1.339161415064633154e+00 -9.246754604970064406e+00
6.261299998984535980e+10 -1.161341932602700355e+00 -1.073372962707167133e+01
6.261299998965622711e+10 -1.133083932096129232e+00 -1.223554357474632326e+01
6.261299998930569458e+10 -2.216157392971745743e+00 -1.323358825049654186e+01
6.261299998921688080e+10 -2.481697476321154561e+00 -1.472141013213636285e+01
6.261299998822848511e+10 -2.345493203508127067e+00 -1.358275335072604584e+01
6.261299998675080109e+10 -2.341109118620355201e+00 -1.391204785417981782e+01
6.261299998802936554e+10 -3.111595353366121142e+00 -1.416430697293965402e+01
6.261299998739799500e+10 -2.375949410592682831e+00 -1.532715264928739352e+01
6.261299998719586945e+10 -3.729677092227118074e+00 -1.597413107804784538e+01
6.261299998576329803e+10 -4.203478923907881359e+00 -1.609768379135453387e+01
6.261299998475891113e+10 -4.358158736625808771e+00 -1.497550184235526949e+01
6.261299998475734711e+10 -4.322134799509337100e+00 -1.648901220755406172e+01
6.261299998591834259e+10 -5.278514044056645815e+00 -1.631743812915532743e+01
6.261299998524036407e+10 -4.043044246335298020e+00 -1.687058511091816015e+01
6.261299998533603668e+10 -3.821022683947262522e+00 -1.836509748825071497e+01
6.261299998422352600e+10 -4.645231667534783782e+00 -1.775271038019183223e+01
6.261299998362117004e+10 -5.855787879511103355e+00 -1.843369051448818396e+01
6.261299998478964233e+10 -4.951162204296410074e+00 -1.876283065346323298e+01
6.261299998521578979e+10 -6.271107480008793367e+00 -1.815607364423474479e+01
6.261299998488380432e+10 -7.330469843699006560e+00 -1.918541763805979627e+01
6.261299998456865692e+10 -7.285465448719182113e+00 -2.066550921064119350e+01
6.261299998581594849e+10 -8.075394989170650462e+00 -2.100061376780145395e+01
6.261299998614025879e+10 -8.123521286088260851e+00 -2.247862597382371064e+01
6.261299998640153503e+10 -8.328124387914701998e+00 -2.395574725882590172e+01
6.261299998779592896e+10 -7.969631812732217213e+00 -2.348759885082161247e+01
6.261299998753443146e+10 -8.647015698498792702e+00 -2.481605061552620128e+01
6.261299998755217743e+10 -7.577077139492424784e+00 -2.374510224254220248e+01
6.261299998761160278e+10 -7.487647810063362996e+00 -2.223497475934308554e+01
6.261299998746878815e+10 -8.489664938523972637e+00 -2.110910677133611202e+01
6.261299998796563721e+10 -9.583985871305554127e+00 -2.202976637613880229e+01
6.261299998795333862e+10 -9.596960701956790629e+00 -2.354360067438981474e+01
6.261299998647525024e+10 -9.740342032379812665e+00 -2.324912179980061566e+01
6.261299998637327576e+10 -9.758435545125037081e+00 -2.173872866910641122e+01
6.261299998645133972e+10 -9.652154102326813145e+00 -2.023054285887603143e+01
6.261299998525015259e+10 -8.749201695491278130e+00 -2.041451981441367991e+01
6.261299998503942871e+10 -9.982339761158453229e+00 -2.126715014981813923e+01
6.261299998374041748e+10 -9.435909683282481808e+00 -2.182031897860239766e+01
6.261299998520354462e+10 -9.230030388692350485e+00 -2.149033262669826172e+01
6.261299998527291107e+10 -8.221944592483785286e+00 -2.036296166006504293e+01
6.261299998527720642e+10 -7.723064125621201370e+00 -1.893358639545154531e+01
6.261299998554522705e+10 -8.882221003179827434e+00 -1.986982047004481089e+01
6.261299998650482941e+10 -9.886133821502539831e+00 -2.047259191061418804e+01
6.261299998506096649e+10 -9.431639173209646287e+00 -2.049909776602255462e+01
6.261299998495526886e+10 -9.119395795466902044e+00 -2.197671245883275049e+01
6.261299998499306488e+10 -8.340079510681430719e+00 -2.067931076710442184e+01
6.261299998497048950e+10 -8.386669919698229947e+00 -2.219236516358999012e+01
6.261299998619538879e+10 -8.761828866546542471e+00 -2.299913824364134740e+01
6.261299998657534790e+10 -7.375099132479817854e+00 -2.347308604604998550e+01
6.261299998611042023e+10 -8.013079282153940497e+00 -2.218125224625775260e+01
6.261299998546244812e+10 -9.127394712764225204e+00 -2.297525675289280400e+01
6.261299998406236267e+10 -9.203521184060649674e+00 -2.354619746356237542e+01
6.261299998464323425e+10 -9.340444566460343268e+00 -2.215484809469704786e+01
6.261299998489868927e+10 -9.858281185182374173e+00 -2.075534780252152700e+01
6.261299998389640808e+10 -1.028753250469844360e+01 -1.970502177984428727e+01
6.261299998354302979e+10 -1.068278729764257662e+01 -2.112308773133971584e+01
6.261299998482025146e+10 -1.149435384173392727e+01 -2.116875824062980627e+01
6.261299998458969116e+10 -1.132682703138761227e+01 -2.265563123090572262e+01
6.261299998524876404e+10 -1.188381260744314893e+01 -2.141168587296606063e+01
6.261299998489768219e+10 -1.041214440049454204e+01 -2.146597045837374296e+01
6.261299998500108337e+10 -1.035997814683933171e+01 -1.995646713101460534e+01
6.261299998504521179e+10 -1.035403177881408787e+01 -2.146975200313335463e+01
6.261299998636102295e+10 -1.055616257804337721e+01 -2.219072396149672244e+01
6.261299998783573914e+10 -1.051336383349392989e+01 -2.253043766699678230e+01
6.261299998753216553e+10 -9.047225657685695310e+00 -2.230617174952621795e+01
6.261299998872789001e+10 -9.046882074077432279e+00 -2.323475291386053243e+01
6.261299998905436707e+10 -1.042350422881800398e+01 -2.269592075280496601e+01
6.261299998778517914e+10 -9.685921613579003164e+00 -2.232557724295478607e+01
6.261299998665402985e+10 -9.104691240786950246e+00 -2.150418740319247490e+01
6.261299998521928406e+10 -9.384316734049805930e+00 -2.189831222504611219e+01
6.261299998517921448e+10 -9.319615055629560274e+00 -2.341033804784282069e+01
6.261299998451673126e+10 -9.920174070870462657e+00 -2.218867525332472823e+01
6.261299998420894623e+10 -1.001437745780746624e+01 -2.366800188254639181e+01
6.261299998289443970e+10 -9.293732114858462623e+00 -2.387956133965921524e+01
6.261299998432138062e+10 -8.802033765197441184e+00 -2.399820826223240289e+01
6.261299998357053375e+10 -8.158879396772391601e+00 -2.514476451867407647e+01
6.261299998357746124e+10 -7.876431430974411008e+00 -2.663210741989951913e+01
6.261299998310520172e+10 -8.059621074742887359e+00 -2.520542274464740373e+01
6.261299998339528656e+10 -7.761662690723309055e+00 -2.374971493469903905e+01
6.261299998364923096e+10 -8.010197238395567965e+00 -2.522136596541662712e+01
6.261299998386028290e+10 -7.862483349209875350e+00 -2.671322756269121612e+01
6.261299998434295654e+10 -8.995768892874714595e+00 -2.583305508990743249e+01
6.261299998432932281e+10 -9.003704586517079278e+00 -2.734691270282431574e+01
6.261299998504741669e+10 -9.624993862523821164e+00 -2.616778183160691995e+01
6.261299998494384003e+10 -9.447749731731107659e+00 -2.766773831709295806e+01
6.261299998373664856e+10 -8.542142394887299872e+00 -2.754697846413185047e+01
6.261299998517816162e+10 -8.263069452097450807e+00 -2.791598337156840870e+01
6.261299998540380096e+10 -6.948108637178500580e+00 -2.863150980565768577e+01
6.261299998502299500e+10 -7.272813110764043465e+00 -3.006034428627259913e+01
6.261299998491899872e+10 -8.025178436637167678e+00 -2.875070909913189610e+01
6.261299998512696838e+10 -7.497995119846592615e+00 -2.734684294955022565e+01
6.261299998523675537e+10 -7.710934349132863908e+00 -2.585197919584680193e+01
6.261299998537161255e+10 -7.707446414000660440e+00 -2.735989637188822954e+01
6.261299998396951294e+10 -7.423833346170404468e+00 -2.686422892234620718e+01
6.261299998336769867e+10 -6.491549173514831850e+00 -2.789412367663982550e+01
6.261299998349077606e+10 -6.482659818471345758e+00 -2.940302587377450649e+01
6.261299998205770111e+10 -6.223971997320560945e+00 -2.981702040536090337e+01
6.261299998250493622e+10 -6.163425915298982538e+00 -2.837191452557919646e+01
6.261299998213000488e+10 -5.505666597156201547e+00 -2.968294271294272946e+01
6.261299998218199921e+10 -5.635306617378829763e+00 -3.119042536111142283e+01
6.261299998268443298e+10 -4.416820174745675232e+00 -3.044553201443988044e+01
6.261299998264189911e+10 -4.432883534224414390e+00 -2.893227502818877284e+01
6.261299998249515533e+10 -4.134361900954301561e+00 -3.040921951740106977e+01
6.261299998274925995e+10 -3.800927112387351592e+00 -2.895448091336225360e+01
6.261299998323135376e+10 -2.366820901757459961e+00 -2.900871946232181742e+01
6.261299998348274994e+10 -9.206587790155236206e-01 -2.863800351564200497e+01
6.261299998359873199e+10 -1.943521101688761910e+00 -2.974809995008849839e+01
6.261299998367179108e+10 -3.437143332187588385e+00 -2.998425342250404668e+01
6.261299998361900330e+10 -4.046604216571942914e+00 -2.859941233681772843e+01
6.261299998373477173e+10 -3.874641799312971369e+00 -3.009909247882108474e+01
6.261299998381495667e+10 -3.743188341088218074e+00 -2.859300326446835783e+01
6.261299998444506073e+10 -3.122692468064279581e+00 -2.982181003669731467e+01
6.261299998407326508e+10 -2.069225844005194048e+00 -2.880005282363635999e+01
6.261299998407976532e+10 -7.806952075317565853e-01 -2.959482346822066035e+01
6.261299998409750366e+10 -1.420313787865819632e+00 -2.822274936993422756e+01
6.261299998408602142e+10 -1.495009096172680074e+00 -2.671069692748966773e+01
6.261299998417740631e+10 -2.443997161976289689e+00 -2.788674292225410412e+01
6.261299998439117432e+10 -2.590025119048241287e+00 -2.937838363690674370e+01
6.261299998514143372e+10 -3.438540192568890763e+00 -2.837381835114049267e+01
6.261299998512172699e+10 -3.037914594527044709e+00 -2.983365550679539524e+01
6.261299998513548279e+10 -4.548828353484494436e+00 -2.992833469371332811e+01
6.261299998390930939e+10 -4.105766489247455908e+00 -2.915878167871726490e+01
6.261299998351292419e+10 -4.057944937177618172e+00 -2.769843727749925222e+01
6.261299998293055725e+10 -3.031922370206052264e+00 -2.864719566305573295e+01
6.261299998295649719e+10 -1.634442875521947780e+00 -2.922891051964195341e+01
6.261299998386698151e+10 -7.669536427511999266e-01 -3.007181722402283697e+01
6.261299998355606079e+10 -1.997747885804121992e+00 -3.089673489772697934e+01
6.261299998384297180e+10 -5.237253664845624712e-01 -3.070450620265797426e+01
6.261299998304300690e+10 -2.555331202889979392e-01 -3.196154362739792276e+01
6.261299998306359100e+10 4.458200974786091786e-02 -3.344529592619981884e+01
6.261299998365962219e+10 -1.347004833754737785e+00 -3.342952783990259036e+01
6.261299998369735718e+10 -2.794030998299929180e+00 -3.298601348816635692e+01
6.261299998394113922e+10 -1.552886522754746368e+00 -3.381796518403412932e+01
6.261299998386869049e+10 -2.238779663654115737e+00 -3.516567261043216774e+01
6.261299998387802124e+10 -2.857752382691504334e+00 -3.654726570725313195e+01
6.261299998474237061e+10 -2.878151210983657116e+00 -3.779004157943511899e+01
6.261299998460288239e+10 -2.968460830897698077e+00 -3.628524874657246357e+01
6.261299998495826721e+10 -2.334846430778699578e+00 -3.761349835977699030e+01
6.261299998599683380e+10 -1.306752367136275295e+00 -3.721800379011191495e+01
6.261299998569326782e+10 -1.685225957239075312e+00 -3.578391155867887363e+01
6.261299998593811035e+10 -1.567827362843880135e+00 -3.429452083404394358e+01
6.261299998638929749e+10 -2.665320779408649532e+00 -3.523470944711659314e+01
6.261299998562467957e+10 -3.624344728761840884e+00 -3.612220176100012736e+01
6.261299998597075653e+10 -2.649583921945720455e+00 -3.501672156044628537e+01
6.261299998574151611e+10 -3.029385069787724483e+00 -3.356923625354222906e+01
6.261299998599226379e+10 -2.047352368444525172e+00 -3.469384824223954666e+01
6.261299998596422577e+10 -3.266341443237949171e+00 -3.379646699117522246e+01
6.261299998661716461e+10 -4.465286967980666155e+00 -3.314208624736821207e+01
6.261299998633686066e+10 -3.990511449956386070e+00 -3.173211071966296259e+01
6.261299998746557617e+10 -3.252699559364418125e+00 -3.104388773007945801e+01
6.261299998759629059e+10 -3.522862218378922883e+00 -2.955999452745499667e+01
6.261299998846092224e+10 -4.246953866720398985e+00 -3.057000363896024098e+01
6.261299998948545837e+10 -3.146999768702062106e+00 -3.075011559112749282e+01
6.261299999042441559e+10 -4.169557303320085673e+00 -3.014616594575207387e+01
6.261299999133030701e+10 -3.204660989649672942e+00 -2.941107650721400901e+01
6.261299998985016632e+10 -3.407779974630339215e+00 -2.965588974639734232e+01
6.261299999135989380e+10 -3.299321248518116256e+00 -2.962452097954549046e+01
6.261299999161245728e+10 -3.154208760134300071e+00 -3.111017537653068032e+01
6.261299999058960724e+10 -3.810562552455899699e+00 -3.020740414889931458e+01
6.261299999080477905e+10 -3.479351678707468309e+00 -2.874589322603825181e+01
6.261299999076983643e+10 -3.518670056172803040e+00 -3.025891894683756789e+01
6.261299999135517883e+10 -4.284407810178958442e+00 -3.142641118213582274e+01
6.261299998995517731e+10 -3.714003400160497126e+00 -3.134492209708370680e+01
6.261299998851033020e+10 -3.733327701356554673e+00 -3.089318405528802813e+01
6.261299998749909210e+10 -4.726588529264052596e+00 -3.036135393270990690e+01
6.261299998837995148e+10 -5.209972888192163865e+00 -2.922890505977477460e+01
6.261299998875080109e+10 -5.897767440372125414e+00 -3.052560191922221478e+01
6.261299998786198425e+10 -6.184341122749023256e+00 -3.171719683993660865e+01
6.261299998891472626e+10 -5.625690866089452236e+00 -3.265082576278029336e+01
6.261299999010472870e+10 -5.596758793560383083e+00 -3.171537222433046210e+01
6.261299999143861389e+10 -5.351057535989820479e+00 -3.238796983802406970e+01
6.261299999234179688e+10 -4.263487854128156229e+00 -3.292969994051013316e+01
6.261299999297773743e+10 -4.072511201028998329e+00 -3.429025758931027212e+01
6.261299999272740936e+10 -5.523479367845570032e+00 -3.464244960965630327e+01
6.261299999178627014e+10 -5.587094216484023157e+00 -3.582660741171674346e+01
6.261299999177439117e+10 -5.180335625240204855e+00 -3.436838241276236516e+01
6.261299999240058899e+10 -6.242433606082430586e+00 -3.524692608430691365e+01
6.261299999378499603e+10 -6.688427648576808160e+00 -3.482679407725026266e+01
6.261299999506325531e+10 -6.808995158231289757e+00 -3.402459047807951720e+01
6.261299999624474335e+10 -7.751538137650385352e+00 -3.411242327250018747e+01
6.261299999742617035e+10 -6.987347468781022641e+00 -3.355363200618327113e+01
6.261299999592556000e+10 -6.803434106630813716e+00 -3.363338715991012151e+01
6.261299999655760956e+10 -7.583561005672738276e+00 -3.476649521837766343e+01
6.261299999768765259e+10 -6.871172002078929530e+00 -3.547890020512897991e+01
6.261299999734361267e+10 -7.176832526536914614e+00 -3.403660253395578650e+01
6.261299999602592468e+10 -7.353442239470783903e+00 -3.476084393732944022e+01
6.261299999545211792e+10 -8.487266877905980778e+00 -3.393792233428552407e+01
6.261299999418191528e+10 -8.458187152847303381e+00 -3.311466704301108166e+01
6.261299999354731750e+10 -8.421681602060846927e+00 -3.174063336689782133e+01
6.261299999459154510e+10 -7.881272735204700730e+00 -3.078692855684879248e+01
6.261299999398903656e+10 -7.497311651211141736e+00 -3.212168275045252130e+01
6.261299999450483704e+10 -7.888007113716368757e+00 -3.349037705069078186e+01
6.261299999330335236e+10 -8.776108129184796880e+00 -3.373476327683953713e+01
6.261299999223709869e+10 -9.835443517037848693e+00 -3.355333096970988294e+01
6.261299999211238861e+10 -9.437937996866972767e+00 -3.209784120771059435e+01
6.261299999306522369e+10 -9.540353326134361822e+00 -3.326986130282387677e+01
6.261299999399626923e+10 -8.427955781984802996e+00 -3.370315046979973772e+01
6.261299999313687897e+10 -9.461687693610521421e+00 -3.300683149271891637e+01
6.261299999399028778e+10 -9.744746786742545908e+00 -3.178880834749597284e+01
6.261299999386602783e+10 -1.084608188674754992e+01 -3.075748191702099632e+01
6.261299999384046936e+10 -1.223945616686411597e+01 -3.016598490664624777e+01
6.261299999343817902e+10 -1.114087497188284814e+01 -2.920510144648988771e+01
6.261299999306612396e+10 -1.143769776616468192e+01 -2.776792182457966263e+01
6.261299999435115051e+10 -1.078767868458453449e+01 -2.823503865450540573e+01
6.261299999524150085e+10 -1.097009039879227821e+01 -2.944582953452864871e+01
6.261299999645010376e+10 -1.047696692623158299e+01 -2.867894102880260121e+01
6.261299999600272369e+10 -1.057978160365852460e+01 -2.723627306079016108e+01
6.261299999716368103e+10 -1.058206886977886185e+01 -2.626458368431202217e+01
6.261299999602886200e+10 -1.116448355756286581e+01 -2.708005026076520139e+01
6.261299999501911163e+10 -1.197852412803272415e+01 -2.629918393565088408e+01
6.261299999506506348e+10 -1.297174840165743781e+01 -2.515751522221166780e+01
6.261299999493778229e+10 -1.398684276298294904e+01 -2.627348891454118984e+01
6.261299999504126740e+10 -1.460584456195960712e+01 -2.489575813423724071e+01
6.261299999452140808e+10 -1.459177618952777067e+01 -2.347394242222338079e+01
6.261299999559597778e+10 -1.364331191240690977e+01 -2.396151796445709792e+01
6.261299999573234558e+10 -1.365007223053607710e+01 -2.245374775622794772e+01
6.261299999530980682e+10 -1.483959570199440137e+01 -2.328951735152857339e+01
6.261299999622975922e+10 -1.505799682418314589e+01 -2.447188874221933474e+01
6.261299999607374573e+10 -1.636944710676903370e+01 -2.373177285366914901e+01
6.261299999475998688e+10 -1.626890487829980003e+01 -2.447738768170433588e+01
6.261299999605155945e+10 -1.624359100525357036e+01 -2.526682589411485225e+01
6.261299999557537079e+10 -1.608928979639321000e+01 -2.383803192340412025e+01
6.261299999532104492e+10 -1.588118335550023730e+01 -2.236018705656561423e+01
6.261299999586773682e+10 -1.538289625081957901e+01 -2.368111424477279314e+01
6.261299999590581512e+10 -1.514155226523135589e+01 -2.218702020240253603e+01
6.261299999713881683e+10 -1.601956832739514525e+01 -2.221540791692853745e+01
6.261299999784484100e+10 -1.549446858809341521e+01 -2.344740589710370671e+01
6.261299999849883270e+10 -1.519120611363031870e+01 -2.477869713084213998e+01
6.261299999861519623e+10 -1.446598756693915000e+01 -2.610252932931692982e+01
6.261299999894274139e+10 -1.436354655043632356e+01 -2.757705745251568885e+01
6.261300000014469910e+10 -1.374950026471656983e+01 -2.689129801105713113e+01
