1.391400000000000000e+10 0.000000000000000000e+00 0.000000000000000000e+00
1.391400000005830002e+10 3.636817327816375955e-02 2.916718420955780045e-01
1.391399999988377190e+10 -2.049794009447441501e-01 3.246200287589719458e-01
1.391399999961722565e+10 -1.757886490134352442e-01 1.908471473789583039e-01
1.391399999960826683e+10 -2.021347905235237052e-01 -1.075145754804372467e-01
1.391399999954474831e+10 -2.322137358672656526e-01 -3.988129640972584156e-01
1.391399999955671692e+10 -2.402760578295357330e-01 -6.981219626332964001e-01
1.391399999974249840e+10 -2.027956363590368016e-01 -4.660132827519929410e-01
1.391399999964947128e+10 -1.113126399938032390e-01 -7.357739056686145585e-01
1.391399999967068863e+10 -4.855562366028609578e-02 -1.028016060042827640e+00
1.391399999971449661e+10 -9.705689420759935904e-02 -1.320458385989749184e+00
1.391399999981789398e+10 7.900864503203794409e-02 -1.539784996589606436e+00
1.391399999978734016e+10 6.613505523640195172e-02 -1.241968135852337340e+00
1.391399999999394417e+10 -8.456914754593689021e-02 -1.085771144732160742e+00
1.391399999999343300e+10 -8.585101358225163959e-02 -7.861176797743328892e-01
1.391399999996288300e+10 1.623875056796725835e-01 -6.210769708637329245e-01
1.391399999976959610e+10 -1.674097147801476004e-02 -4.784335194132731672e-01
1.391399999949829674e+10 9.840148995430079981e-02 -4.242809420985689250e-01
1.391399999948176193e+10 3.231028840979937589e-01 -6.218409706772574097e-01
1.391399999951235771e+10 2.303060099725572074e-01 -9.051194944174852930e-01
1.391399999972519875e+10 1.291861591425021161e-01 -7.200055196703544214e-01
1.391399999979973030e+10 4.174108161927096994e-01 -7.541466317743709125e-01
1.391399999987104797e+10 7.083646422074447724e-01 -7.614874200607953947e-01
1.391399999981664085e+10 9.209996043617968420e-01 -5.574768834661141259e-01
1.391399999958474922e+10 1.030009837654893401e+00 -7.128376226826622641e-01
1.391399999972782898e+10 1.292079780474212791e+00 -6.875042418418730872e-01
1.391399999977029037e+10 1.238390918648742511e+00 -3.957704560890284440e-01
1.391399999978129768e+10 1.014673221551151805e+00 -1.967143011231562433e-01
1.391399999979318810e+10 1.150170259473384249e+00 7.029367431202787619e-02
1.391399999997200394e+10 1.334440995235020244e+00 -8.418491845959030773e-02
1.391400000017969704e+10 1.431012313927047419e+00 -2.773995224537840754e-01
