6.261300000000000000e+10 0.000000000000000000e+00 0.000000000000000000e+00
6.261299999871898651e+10 -7.060768559457971660e-01 -3.904735563265184228e-01
6.261299999899157715e+10 -1.750496132911746550e+00 6.710798988079611505e-01
6.261299999891185760e+10 -1.707956393015396035e+00 -8.401609859954535242e-01
6.261299999740184784e+10 -1.783625916498597919e+00 -9.186146474608315460e-01
6.261299999786597443e+10 -1.534942806252060254e+00 -2.338036956958249313e+00
6.261299999659101105e+10 -2.075633218945517999e+00 -1.726376811472372097e+00
6.261299999625891113e+10 -5.987665414040295175e-01 -1.750588622177504883e+00
6.261299999568295288e+10 -5.171365023180278797e-01 -3.148308318399321237e+00
6.261299999536277008e+10 -5.427534527749874327e-01 -1.668835307547674285e+00
6.261299999514734650e+10 7.985112511064301755e-01 -1.000541950481510733e+00
6.261299999659378052e+10 8.258992810456432521e-01 -1.446731858781773905e+00
6.261299999639368439e+10 2.095323327588533013e-01 -7.849664137488665538e-02
6.261299999638970184e+10 2.366911716213467853e-01 1.435194334369222835e+00
6.261299999632115173e+10 -4.908259351787672697e-01 2.761102880800518022e+00
6.261299999698416138e+10 -1.377187015380555990e-01 4.075539388454379797e+00
6.261299999701106262e+10 -2.579168415373086498e-01 5.584460395286048318e+00
6.261299999613792419e+10 5.099045266740495075e-01 4.614879542968697734e+00
6.261299999628805542e+10 7.837290647951662415e-01 6.096261869833779379e+00
6.261299999599279022e+10 6.975262889701143720e-01 7.578625647599091408e+00
6.261299999550804138e+10 -2.501259301630615051e-01 8.655189420693181646e+00
6.261299999413653564e+10 -3.908655885702534971e-01 8.029747377159258903e+00
6.261299999326194000e+10 -4.360059616194296717e-01 6.794814301398417911e+00
6.261299999274709320e+10 1.409074780957139672e-01 5.493232080228904302e+00
6.261299999246257019e+10 -1.167388528844198747e-01 4.028760275609716501e+00
6.261299999383621216e+10 3.572054244018233460e-01 3.603902766176657835e+00
6.261299999381264496e+10 4.403247430105833859e-01 5.115375437225439192e+00
6.261299999275553131e+10 1.496491719603975978e+00 4.872410283296660261e+00
6.261299999249890137e+10 1.710725121011187344e+00 6.348980896708024346e+00
6.261299999126576233e+10 1.441596644641054858e+00 7.185018077059923236e+00
6.261299999058972931e+10 1.974187940648829853e+00 8.430545027614934739e+00
6.261299999192000580e+10 2.690328224100053234e+00 8.528082776574711588e+00
6.261299999273639679e+10 1.856937233970041179e+00 9.492957566164754724e+00
6.261299999285214233e+10 3.087272374442678213e+00 8.618376340156073567e+00
6.261299999281253052e+10 3.112465656480018605e+00 7.105164593997754352e+00
6.261299999264465332e+10 2.233880110946094621e+00 8.326605781371020143e+00
6.261299999199652100e+10 1.798643167041459767e+00 7.029491158971060472e+00
6.261299999210466003e+10 2.795923818618526013e+00 5.895581282960886682e+00
6.261299999210733032e+10 2.801865719192478288e+00 4.381655471385992762e+00
6.261299999246202850e+10 1.541041427521708140e+00 3.622361927959579120e+00
6.261299999129553223e+10 1.135681406358052037e+00 2.746590193330940011e+00
6.261299999136693573e+10 7.729126814721276606e-01 1.278491251068219814e+00
6.261299999154200745e+10 3.959311242925929175e-01 -1.772730710646046592e-01
6.261299999205332947e+10 1.257137598770687426e+00 9.580184984061892450e-01
6.261299999241360474e+10 2.725172307419854612e+00 1.042208309770670249e+00
6.261299999242559814e+10 2.710472619595283739e+00 -4.716126718530340156e-01
6.261299999216657257e+10 2.797136213242681801e+00 -1.960709761309962440e+00
6.261299999148213959e+10 1.465592737418667690e+00 -2.185562780542756656e+00
6.261299999125553131e+10 8.745144452280376735e-01 -8.103208102576771044e-01
6.261299999101640320e+10 9.738026265940087356e-01 -2.301955763838918756e+00
6.261299999109186554e+10 1.335147528758289237e+00 -8.337088109405639269e-01
6.261299999104877472e+10 2.806787728480887534e+00 -4.809598112296488703e-01
6.261299999036203003e+10 1.837065091456029808e+00 -1.419059534586003979e+00
6.261299999174578857e+10 2.422660870686653478e+00 -1.233834113307422431e+00
6.261299999225183105e+10 3.806419054066249252e+00 -8.857706043795181561e-01
6.261299999145009613e+10 2.906467072378824401e+00 3.037191174892794887e-02
6.261299999196543121e+10 2.603100060959826045e+00 -1.360459972353449398e+00
6.261299999146049500e+10 1.177229929389849161e+00 -1.297617183631826654e+00
6.261299999123342133e+10 1.004943732677188173e+00 1.892480099588067510e-01
6.261299999161515808e+10 1.349385000234403442e+00 -1.234707768654730087e+00
6.261299999116878510e+10 1.705219101993924236e+00 -2.636902486473764462e+00
6.261299999081605530e+10 1.049682513998745126e+00 -1.318620969829075396e+00
6.261299999076135254e+10 1.196919660983454925e+00 1.871487297543170669e-01
6.261299999060075378e+10 2.331510714513515659e+00 1.176555674473895641e+00
6.261299999093817902e+10 2.379828300047255318e+00 -2.985122930424628507e-01
6.261299999159855652e+10 1.505228321452050988e+00 7.459905654906311412e-01
6.261299999117427063e+10 2.329978009705533371e-01 1.448432822558615829e+00
6.261299999236036682e+10 3.870316262223809645e-01 2.376583194224575202e+00
6.261299999221850586e+10 7.775380778239799895e-01 9.207689699052763466e-01
6.261299999346257019e+10 4.518473767899804372e-01 1.218658445013802716e-01
6.261299999421911621e+10 1.754668204961596478e+00 2.712381670929318034e-01
6.261299999484449005e+10 3.053058494175451720e+00 7.350343379662578336e-01
6.261299999608522797e+10 3.267143141942626894e+00 -1.056482533268824353e-01
6.261299999614969635e+10 3.231599227324103651e+00 -1.617797112837485951e+00
6.261299999650724030e+10 2.531411177422625780e+00 -3.239999183586650400e-01
6.261299999703224182e+10 1.973455610936034610e+00 9.817837905477977412e-01
6.261299999759228516e+10 1.704834613339816229e+00 -3.988703984556305482e-01
6.261299999619238281e+10 2.007313804722610229e+00 -8.895879019337391558e-01
6.261299999637455750e+10 1.777891352875088371e+00 -2.374913615328479111e+00
6.261299999746234131e+10 1.290136239542832630e+00 -1.441727981516936818e+00
6.261299999737482452e+10 1.512046174339795490e+00 5.330060241263079313e-02
6.261299999610275269e+10 2.327775778605235324e+00 1.450754431489828522e-01
6.261299999658653259e+10 3.529141687404122596e+00 -6.389446820033974905e-01
6.261299999591488647e+10 4.461498242557853544e+00 3.467606678958390365e-01
6.261299999570097351e+10 5.545065981738997785e+00 1.382200813692546548e+00
6.261299999570806885e+10 4.473409317419763553e+00 3.128479924024811787e-01
6.261299999635237885e+10 3.929207323578087774e+00 1.570115430111246768e+00
6.261299999534111023e+10 4.982991868232923949e+00 1.968719097608501611e+00
6.261299999525775909e+10 6.494407444828189213e+00 1.994979465170150901e+00
6.261299999619075012e+10 5.883982642979534106e+00 9.708130830400307776e-01
6.261299999618569183e+10 4.500340888828459285e+00 3.563835206582476323e-01
6.261299999642154694e+10 5.992438108836668498e+00 2.562172165703335280e-01
6.261299999577355194e+10 6.980315917392864833e+00 1.202901932258080508e+00
6.261299999597176361e+10 5.537853033837580874e+00 1.617661701772727501e+00
6.261299999687695312e+10 5.055562586418384186e+00 5.040875240230131560e-01
6.261299999610495758e+10 6.080314554519217651e+00 1.307781219158146158e+00
6.261299999649173737e+10 6.630375383489006680e+00 -4.862969665522309803e-02
6.261299999536893463e+10 6.026540793925397210e+00 -8.651581739292674156e-01
6.261299999536775970e+10 5.982691184184438349e+00 6.481460382272888898e-01
6.261299999505300903e+10 6.179822739420574251e+00 2.115826637568579471e+00
6.261299999386532593e+10 5.325266956914514793e+00 2.504620173074679990e+00
6.261299999317555237e+10 4.499397830457791514e+00 3.569590509450457638e+00
6.261299999392147827e+10 3.934435134556692137e+00 2.379453705422887477e+00
6.261299999344896698e+10 4.581358859481492907e+00 1.094838713299244537e+00
6.261299999424951172e+10 4.180494120225412225e+00 -1.260015758001860053e-01
6.261299999306758881e+10 3.234718566017297459e+00 -1.018414420008751375e-01
6.261299999418975067e+10 4.227590575801325024e+00 1.148742996205875666e-01
6.261299999510649872e+10 3.026364487373130352e+00 2.078205941735616069e-01
6.261299999444744110e+10 4.367831352796139655e+00 4.489004183913271051e-01
6.261299999324070740e+10 4.655985311991827302e+00 -4.187230368648340306e-01
6.261299999379390717e+10 4.169776859601892482e+00 9.039972877860051881e-01
6.261299999512917328e+10 4.800077703756834069e+00 5.696297227820401599e-01
6.261299999465361786e+10 3.798259104641878103e+00 1.600270867266066155e+00
6.261299999372813416e+10 2.630494068333550928e+00 1.332285960160077609e+00
6.261299999355041504e+10 3.233921426724046810e+00 -4.477844453556412141e-02
6.261299999445881653e+10 3.035132342951132323e+00 -1.239477617260819287e+00
6.261299999479912567e+10 1.590514500346297044e+00 -1.538278274126480660e+00
6.261299999480094147e+10 2.127126633102388809e+00 -2.953925805271757632e+00
6.261299999483859253e+10 2.218388601692915074e+00 -1.443208284873687353e+00
6.261299999395013428e+10 3.093214793619752712e+00 -5.845269903171758097e-01
6.261299999369277954e+10 3.537836170531230007e+00 8.395850339340281687e-01
6.261299999340034485e+10 3.576421744355668064e+00 -6.453419970573656128e-01
6.261299999349706268e+10 3.664254922863784625e+00 8.629501677722121178e-01
6.261299999421909332e+10 2.350169691019879714e+00 1.072393493287582267e+00
6.261299999402603912e+10 1.570337497923280701e+00 -2.108081904602356893e-01
6.261299999383686066e+10 1.271397127749635647e+00 -1.682833944107891666e+00
6.261299999413550568e+10 -1.755431400043492296e-01 -1.352399389932111617e+00
6.261299999440966034e+10 -6.327410122548295934e-01 6.457736534976254994e-02
6.261299999314169312e+10 9.064094181979620579e-03 5.864599006560998751e-01
6.261299999164850616e+10 -1.937705061485686109e-01 7.322572804803888502e-01
6.261299999119779968e+10 -1.627174015829757847e+00 5.472389994898534393e-01
6.261299999139118958e+10 -2.672365753640988384e+00 1.625287681548727159e+00
6.261299999006523895e+10 -2.061809299760427372e+00 1.223939545069942181e+00
6.261299999003478241e+10 -1.663170228172739851e+00 -2.362566475700358382e-01
6.261299999091153717e+10 -4.565080025082473014e-01 2.313435598439406160e-02
6.261299999002027130e+10 -6.560761166466699823e-02 -1.136542061881536281e+00
6.261299999082450104e+10 1.202612902605498579e+00 -1.328498644382760219e+00
6.261299999152071381e+10 2.396776883138882930e+00 -7.110282677105881355e-01
6.261299999217169952e+10 1.736920369989572777e+00 4.859784630451315923e-01
6.261299999336764526e+10 9.443861354894687032e-01 9.693205277816918652e-01
6.261299999219026947e+10 1.895835989680824119e+00 9.459713858009199949e-01
6.261299999149733734e+10 1.826933449176443736e+00 -3.983173326356466148e-01
6.261299999209802246e+10 2.908556119377110782e+00 4.741967361269239234e-01
6.261299999324349976e+10 3.071992593059178933e+00 -5.021175036827171256e-01
6.261299999335211182e+10 3.354254225488307650e+00 9.813061979558240777e-01
6.261299999394393921e+10 1.993908854596735614e+00 6.792948150572950539e-01
6.261299999404910278e+10 1.241142492071911629e+00 -6.300169593108795318e-01
6.261299999332124329e+10 9.616038458904144770e-01 6.677089554878687938e-01
6.261299999388521576e+10 -3.872574197537058671e-01 2.746126174402840903e-01
6.261299999520605469e+10 -1.991251101888460995e-01 9.901600412804488771e-01
6.261299999654921722e+10 2.627757833704877921e-01 1.514169481590228239e+00
6.261299999618266296e+10 1.906652159369722210e-01 4.704649469434962761e-02
6.261299999522544098e+10 -5.523561761542461479e-01 9.546020428206539732e-01
6.261299999530775452e+10 -6.805007191913323705e-01 2.460861529491149113e+00
6.261299999655497742e+10 6.333946325288841717e-02 2.888814516010977496e+00
6.261299999778759766e+10 9.417842514292826817e-01 2.920453869560672544e+00
6.261299999723901367e+10 6.054319913044328150e-01 4.290833501926918814e+00
6.261299999601443481e+10 -1.995719098365864586e-01 4.670811668613649381e+00
6.261299999601876068e+10 -4.917056970267602023e-01 6.156292380594108771e+00
6.261299999529673004e+10 -7.242709730924509204e-01 7.466482208096695494e+00
6.261299999615484619e+10 -7.284573915508248954e-01 8.713731109840610500e+00
6.261299999504228210e+10 -1.271304782135544542e+00 9.585239247822938680e+00
6.261299999559940338e+10 -2.330784849224850852e+00 1.051213482302035729e+01
6.261299999637686920e+10 -1.710104351610646001e+00 9.370943627782919449e+00
6.261299999650341797e+10 -2.172486733732987396e+00 1.080698028988494563e+01
6.261299999672731018e+10 -2.865657229320093702e+00 9.479802378493051407e+00
6.261299999637003326e+10 -2.203428921777981664e+00 1.079350780390981690e+01
6.261299999619359589e+10 -1.558782313675802556e+00 9.435084311716835259e+00
6.261299999677926636e+10 -2.953575892338763165e+00 9.494696901236467923e+00
6.261299999599020386e+10 -3.160131305272833036e+00 8.219262957500509614e+00
6.261299999690292358e+10 -4.354009991769262733e+00 8.035919599013942261e+00
6.261299999603501129e+10 -4.021363085678033578e+00 6.840892753986507202e+00
6.261299999739634705e+10 -3.481571286771352192e+00 6.456959172568112137e+00
6.261299999754633331e+10 -4.594078453459431444e+00 5.441160812929926927e+00
6.261299999761066437e+10 -4.157746048495313040e+00 6.889431867440624302e+00
6.261299999837586975e+10 -3.945676179041382348e+00 8.178423847155135817e+00
6.261299999893236542e+10 -4.888216643229660541e+00 9.224340572303033170e+00
6.261299999874565125e+10 -3.605249007585550558e+00 1.000609811404503624e+01
6.261299999782558441e+10 -2.846895572735568258e+00 1.093904531995605289e+01
6.261299999917173767e+10 -2.154453206887374517e+00 1.091892395653449377e+01
6.261299999925015259e+10 -2.871341778519926002e+00 1.225006460364393668e+01
6.261299999844609070e+10 -4.123141198564285403e+00 1.196988342743969014e+01
6.261299999879609680e+10 -3.105864163697821034e+00 1.303508636853147706e+01
6.261299999732078552e+10 -2.898392829559330419e+00 1.276595218601913118e+01
6.261299999739625549e+10 -3.058676166735783131e+00 1.126241385554388685e+01
6.261299999840177917e+10 -3.833450924923703429e+00 1.043739342872900444e+01
6.261299999946511078e+10 -3.597551032683039551e+00 1.148890961558084989e+01
6.261299999922147369e+10 -3.505831150827729559e+00 1.298029914841085208e+01
6.261299999936640930e+10 -3.113438478270531551e+00 1.152529555281912721e+01
6.261299999960021973e+10 -3.152722825704250997e+00 1.302055599016105525e+01
6.261300000068279266e+10 -2.121229322814959239e+00 1.278377137620446291e+01
