2.782800000000000000e+10 0.000000000000000000e+00 0.000000000000000000e+00
2.782799999996343613e+10 -1.536101130479855525e-01 -3.038897585051177352e-01
2.782799999983958054e+10 1.361860922088506953e-01 -4.379040905938076378e-01
2.782799999971078110e+10 2.521778493394898901e-01 -7.332658071157058810e-01
2.782799999963426971e+10 3.401547142859836503e-01 -1.055272639447615068e+00
2.782799999952281189e+10 2.937117765683756043e-01 -1.375744704804232832e+00
2.782799999975246429e+10 4.901188483741746316e-01 -1.536883339197091303e+00
2.782799999989170837e+10 3.110276778541434251e-01 -1.793437268651095540e+00
2.782799999994871521e+10 3.075780066169304106e-01 -2.131106121287849930e+00
2.782800000016280365e+10 7.342112542845910528e-02 -2.260018931463215530e+00
