3.478500000000000000e+10 0.000000000000000000e+00 0.000000000000000000e+00
3.478500000000619507e+10 -1.353384429280686529e-01 -3.588365201778505598e-01
3.478499999975677490e+10 1.539231703972863963e-01 -3.939936468865914976e-01
3.478499999978044891e+10 1.037437189696804318e-01 -1.446741602497070289e-02
3.478500000002832031e+10 -1.578968863897566022e-02 -2.816569064473857242e-01
3.478499999999477386e+10 1.676522263100101856e-02 9.904418215151095106e-02
3.478500000001766205e+10 2.719020954396317302e-02 4.817790814272460698e-01
3.478499999966044617e+10 -5.888404337111304010e-02 3.717570701810003486e-01
3.478499999987107849e+10 -2.028272306618562615e-01 8.534163202115369051e-02
3.478499999983974457e+10 -1.785500400480186101e-01 -2.961649220963143425e-01
3.478499999961734009e+10 -3.488149300172844747e-01 -3.412499552023773308e-02
3.478499999953413391e+10 -1.932466177862725287e-01 -3.747040775146281422e-01
3.478499999973709869e+10 -1.050566366347798625e-01 -6.879862897203694594e-01
3.478499999935758209e+10 -1.602016423088106767e-01 -6.945307534074633971e-01
3.478499999907539368e+10 -3.304439671468422657e-01 -4.982968364531046301e-01
3.478499999876255798e+10 -4.273811034314788371e-01 -2.986587164910956549e-01
3.478499999866723633e+10 -2.072130715909945020e-01 6.038176744783130268e-04
3.478499999838467407e+10 -3.090186277703424467e-02 1.908401617698076980e-01
3.478499999871810150e+10 6.676689866141306828e-02 3.533359755634690735e-01
3.478499999890702057e+10 -1.996312214705739940e-01 5.544819350543274128e-01
3.478499999879509735e+10 -1.471793225456130005e-01 1.913844831786370992e-01
3.478499999890471649e+10 1.699167519086291489e-01 3.772676273335080488e-01
3.478499999879111481e+10 -1.964314631401941624e-01 3.787330458108460474e-01
3.478499999860084534e+10 4.407255530853301795e-02 6.091087167489311893e-01
3.478499999840285492e+10 -1.168151042946244667e-01 3.226919269450687078e-01
3.478499999843750000e+10 -1.257825984478402603e-01 7.045793999668977792e-01
3.478499999851117706e+10 -9.846313473102896729e-02 1.080004037423285768e+00
3.478499999851117706e+10 -9.598156848448748113e-02 1.463556358323093720e+00
3.478499999870368195e+10 8.023003720336681355e-02 1.744644181076167477e+00
3.478499999844009399e+10 -1.910638107892472237e-01 1.681075735380989089e+00
3.478499999874979401e+10 -3.784807668756267618e-01 1.807872260384314478e+00
3.478499999875688171e+10 -3.463721719910565766e-01 1.425723933059768189e+00
3.478499999884343719e+10 4.128687529137253787e-03 1.555245654141543366e+00
3.478499999898232269e+10 3.302386507817363648e-01 1.408681358404826334e+00
3.478499999902284241e+10 6.923277279242930904e-01 1.528547580468199607e+00
3.478499999917938232e+10 9.678064742385823482e-01 1.744705236035077434e+00
3.478499999933701324e+10 6.181394574847383083e-01 1.746920723976388201e+00
3.478499999939042664e+10 9.500826628270698793e-01 1.931526753660760543e+00
3.478499999936571503e+10 9.296077374274610561e-01 2.313742265439681756e+00
3.478499999960905457e+10 8.584185309497719407e-01 2.601555482374455774e+00
3.478499999966022491e+10 8.986305842497492868e-01 2.223556267107953399e+00
3.478499999957529449e+10 8.846224882195923289e-01 2.597333492027638524e+00
3.478499999977864838e+10 1.147776177359340455e+00 2.788422123210561043e+00
3.478499999999382019e+10 9.168887776738858797e-01 2.570453458839315086e+00
3.478499999970019531e+10 8.826627882803556036e-01 2.814855336405929442e+00
3.478499999950431061e+10 8.789867730213321018e-01 3.144603945068544348e+00
3.478499999956730652e+10 1.230200574065557273e+00 3.003894221355734917e+00
3.478499999992030334e+10 1.188522166018777471e+00 2.859761904931576115e+00
3.478499999988890839e+10 1.566848954157322726e+00 2.804975550788340488e+00
3.478499999959431458e+10 1.703809905501104227e+00 2.601075806718209371e+00
3.478499999962362671e+10 1.414142285631951435e+00 2.351371673566109877e+00
3.478499999962662506e+10 1.441565603412852337e+00 2.733938674749925912e+00
3.478499999995395660e+10 1.323288777532626970e+00 2.895130191764798244e+00
3.478499999997521210e+10 1.293409009625420270e+00 3.276933525121520585e+00
3.478500000027907562e+10 1.256811843668287132e+00 3.045750691570813906e+00
