2.087100000000000000e+10 0.000000000000000000e+00 0.000000000000000000e+00
2.087099999984463120e+10 -1.121974553403225772e-01 2.514054815971578649e-01
2.087099999991121674e+10 1.067811128712209401e-01 4.694587472270843609e-01
2.087099999990254593e+10 9.181664046119034084e-02 7.851065269740036268e-01
2.087099999960531235e+10 1.016986623837996956e-01 6.779293473326895025e-01
2.087099999958040237e+10 3.283170970674364475e-01 8.969185350566676318e-01
2.087099999937424088e+10 4.028026413538735584e-01 1.124694368650283938e+00
2.087099999928710556e+10 5.970104123739887747e-01 1.358410537791361561e+00
2.087099999930058670e+10 3.309533506580361051e-01 1.528600347731249087e+00
2.087099999931698227e+10 3.406370349027678102e-01 1.844147573404252949e+00
2.087099999952596283e+10 5.340190525030872326e-01 1.981492816311730687e+00
2.087099999936966705e+10 7.142286094482054315e-01 2.188925376382446775e+00
2.087099999968475723e+10 7.270153840356912145e-01 2.166868464067436051e+00
2.087099999988869095e+10 5.716632622262058927e-01 1.981909232379802210e+00
2.087099999983228302e+10 7.932146706817968518e-01 2.200234593084472223e+00
2.087099999961200714e+10 6.169525796923327476e-01 2.057604419365892667e+00
2.087099999986105728e+10 5.120490287494953163e-01 1.893583937719089061e+00
2.087099999986855316e+10 5.479628776722652583e-01 1.579598829569138108e+00
2.087099999989416122e+10 3.254705516052743275e-01 1.802699935872400738e+00
2.087099999994190979e+10 3.664927650865835163e-01 1.492909858764594144e+00
2.087100000003591919e+10 3.317621816129590617e-01 1.792723994050418046e+00
2.087100000028742218e+10 1.508842429060248402e-01 1.855671942291285736e+00
