1.391400000000000000e+10 0.000000000000000000e+00 0.000000000000000000e+00
1.391399999987450027e+10 2.689055186452607438e-01 4.163715777074519786e-02
1.391399999962381744e+10 2.262312311339670923e-01 -1.168916486976958602e-01
1.391399999980850220e+10 2.203605725809392180e-01 1.190131107377280228e-01
1.391400000002856064e+10 3.315637982915842219e-01 2.893145425170371432e-01
1.391399999977532768e+10 2.643308741291217068e-01 1.438954009548165103e-01
1.391399999997876930e+10 4.842277446971506860e-01 1.510224627747953074e-01
1.391400000004414177e+10 6.381278173482090033e-01 -9.764452250303568004e-02
1.391400000002067566e+10 6.524202289897665930e-01 -3.960389065185762614e-01
1.391400000009816742e+10 3.939122356251962831e-01 -2.657982184788436619e-01
1.391400000018982315e+10 4.207385749330695424e-01 1.823308462857237133e-02
