1.910648345947265625e-01
1.997710960067664713e-11
2.996566440101496864e-01
1.719093322753906250e-01
1.997710960066894401e-11
2.996566440100341677e-01
1.645908355712890625e-01
1.792945586358744129e-07
2.996566439596771159e-01
3.013839721679687500e-01
8.290500484244431982e-10
2.996566440088348493e-01
1.631813049316406250e-01
9.988554800336625581e-12
2.996566440100987827e-01
2.996234893798828125e-01
9.988554800336625581e-12
2.996566440100987827e-01
1.497821807861328125e-01
7.990843840256366721e-11
2.996566440096137818e-01
2.301788330078125000e-01
9.988554800336625581e-12
2.996566440100987827e-01
1.446914672851562500e-01
3.236291755273369399e-09
2.996566440067933712e-01
1.467037200927734375e-01
6.991988360223568825e-11
2.996566440095814743e-01
2.693386077880859375e-01
5.993132880197323750e-11
2.996566440098662465e-01
2.553462982177734375e-01
9.988554800336625581e-12
2.996566440100987827e-01
1.816940307617187500e-01
9.988554800336625581e-12
2.996566440100987827e-01
2.203044891357421875e-01
6.991988360226728913e-11
2.996566440097169770e-01
2.874317169189453125e-01
9.988554800336625581e-12
2.996566440100987827e-01
1.694889068603515625e-01
2.497138700076370299e-10
2.996566440091644745e-01
1.514396667480468750e-01
1.997710960066623951e-11
2.996566440099935891e-01
2.056541442871093750e-01
9.988554800336625581e-12
2.996566440100987827e-01
2.557811737060546875e-01
6.991988360232512715e-11
2.996566440099648898e-01
2.567958831787109375e-01
9.988554800336625581e-12
2.996566440100987827e-01
2.996520996093750000e-01
9.988554800336625581e-12
2.996566440100987827e-01
1.572475433349609375e-01
7.761107079676167592e-09
2.996566440029405087e-01
1.305294036865234375e-01
2.197482056071075900e-10
2.996566440096921635e-01
1.625766754150390625e-01
1.997710960067582318e-11
2.996566440101373630e-01
2.572040557861328125e-01
1.997710960067071469e-11
2.996566440100607576e-01
2.711563110351562500e-01
9.988554800336625581e-12
2.996566440100987827e-01
2.641639709472656250e-01
7.581313093332977935e-09
2.996566440052561009e-01
1.991481781005859375e-01
9.988554800336625581e-12
2.996566440100987827e-01
3.637428283691406250e-01
1.997710960067722874e-11
2.996566440101584572e-01
2.898712158203125000e-01
9.988554800336625581e-12
2.996566440100987827e-01
1.726493835449218750e-01
1.098741028035551909e-10
2.996566440096959938e-01
1.491107940673828125e-01
1.008844034828183716e-09
2.996566440083713867e-01
1.635913848876953125e-01
2.097596508066447419e-10
2.996566440094925454e-01
1.786136627197265625e-01
1.223597963018345126e-08
2.996566440044924895e-01
2.712230682373046875e-01
2.996566440099665478e-11
2.996566440099665551e-01
2.918968200683593750e-01
9.988554800336625581e-12
2.996566440100987827e-01
2.345657348632812500e-01
2.996566440100174711e-11
2.996566440100174589e-01
1.474647521972656250e-01
1.997710960067913190e-11
2.996566440101869899e-01
1.154270172119140625e-01
2.996566440095949627e-10
2.996566440095949635e-01
2.670803070068359375e-01
9.988554800336625581e-12
2.996566440100987827e-01
1.242904663085937500e-01
9.988554800336625581e-12
2.996566440100987827e-01
2.580795288085937500e-01
9.988554800336625581e-12
2.996566440100987827e-01
2.325038909912109375e-01
2.996566440098800816e-11
2.996566440098800688e-01
2.922363281250000000e-01
9.988554800336625581e-12
2.996566440100987827e-01
1.130733489990234375e-01
2.826761008452920811e-09
2.996566440056099290e-01
1.715278625488281250e-01
5.993132880192289581e-11
2.996566440096145034e-01
3.765697479248046875e-01
3.995421920132427185e-11
2.996566440099320272e-01
2.022113800048828125e-01
1.997710960066750613e-11
2.996566440100125739e-01
2.278976440429687500e-01
9.988554800336625581e-12
2.996566440100987827e-01
2.938518524169921875e-01
9.988554800336625581e-12
2.996566440100987827e-01
2.399902343750000000e-01
1.498283220048201771e-10
2.996566440096403716e-01
1.096572875976562500e-01
1.498283220047295233e-10
2.996566440094590167e-01
2.903232574462890625e-01
9.988554800336625581e-12
2.996566440100987827e-01
2.050209045410156250e-01
1.997710960067728044e-11
2.996566440101592343e-01
2.146263122558593750e-01
9.988554800336625581e-12
2.996566440100987827e-01
2.652950286865234375e-01
1.997710960067182621e-11
2.996566440100774109e-01
2.792892456054687500e-01
3.765685159668686866e-09
2.996566440054657665e-01
2.512626647949218750e-01
2.996566440099131042e-11
2.996566440099130979e-01
3.348865509033203125e-01
3.995421920133117363e-11
2.996566440099838191e-01
2.862339019775390625e-01
9.988554800336625581e-12
2.996566440100987827e-01
1.289749145507812500e-01
6.991988360232851342e-11
2.996566440099793227e-01
2.804870605468750000e-01
9.988554800336625581e-12
2.996566440100987827e-01
1.845436096191406250e-01
2.097596508066122750e-10
2.996566440094461936e-01
1.804695129394531250e-01
6.991988360231513636e-11
2.996566440099219797e-01
3.430843353271484375e-01
9.988554800235708513e-10
2.996566440070712045e-01
2.404270172119140625e-01
2.996566440100740166e-11
2.996566440100740247e-01
2.323284149169921875e-01
9.988554800336625581e-12
2.996566440100987827e-01
2.272071838378906250e-01
9.988554800336625581e-12
2.996566440100987827e-01
1.339530944824218750e-01
9.988554800313663564e-11
2.996566440094098893e-01
2.032527923583984375e-01
5.895245042797660031e-08
2.996566439917486835e-01
1.672496795654296875e-01
3.995421920132197125e-11
2.996566440099147632e-01
3.094482421875000000e-01
2.996566440100278109e-11
2.996566440100278395e-01
1.414680480957031250e-01
7.721152860054107745e-08
2.996566439865748221e-01
2.510490417480468750e-01
1.997710960067890572e-11
2.996566440101835482e-01
1.618518829345703125e-01
5.094162948069825971e-09
2.996566440041075752e-01
1.188526153564453125e-01
1.997710960066432666e-11
2.996566440099649453e-01
2.769889831542968750e-01
9.988554800336625581e-12
2.996566440100987827e-01
1.395320892333984375e-01
9.988554800336625581e-12
2.996566440100987827e-01
1.349258422851562500e-01
3.995421920133863118e-11
2.996566440100397188e-01
1.340274810791015625e-01
8.989699320291152435e-11
2.996566440097050421e-01
2.397670745849609375e-01
9.988554800336625581e-12
2.996566440100987827e-01
1.787834167480468750e-01
9.988554800336625581e-12
2.996566440100987827e-01
2.108268737792968750e-01
8.190614936212090364e-10
2.996566440077593763e-01
2.846317291259765625e-01
2.996566440099448989e-11
2.996566440099449058e-01
1.755447387695312500e-01
9.988554800336625581e-12
2.996566440100987827e-01
3.007755279541015625e-01
1.997710960067332225e-11
2.996566440100998374e-01
1.912059783935546875e-01
9.988554800336625581e-12
2.996566440100987827e-01
3.438320159912109375e-01
1.797939864057145329e-10
2.996566440095241868e-01
2.942352294921875000e-01
9.988554800336625581e-12
2.996566440100987827e-01
2.862873077392578125e-01
9.988554800336625581e-12
2.996566440100987827e-01
2.217521667480468750e-01
1.997710960066859181e-11
2.996566440100288942e-01
2.982578277587890625e-01
9.988554800336625581e-12
2.996566440100987827e-01
1.910095214843750000e-01
1.997710960067288927e-11
2.996566440100933981e-01
2.777900695800781250e-01
9.988554800336625581e-12
2.996566440100987827e-01
1.337833404541015625e-01
1.997710960066507629e-11
2.996566440099761586e-01
2.995204925537109375e-01
9.988554800336625581e-12
2.996566440100987827e-01
2.881984710693359375e-01
9.988554800336625581e-12
2.996566440100987827e-01
1.416625976562500000e-01
9.988554800336625581e-12
2.996566440100987827e-01
2.192325592041015625e-01
6.991988360226226142e-11
2.996566440096953832e-01
2.990703582763671875e-01
9.988554800336625581e-12
2.996566440100987827e-01
