2.317352294921875000e-01
1.278534495518689394e-11
3.835603486556068420e-01
3.801116943359375000e-01
5.241991431550771712e-10
3.835603486500565040e-01
1.254425048828125000e-01
1.278534495518689394e-11
3.835603486556068420e-01
1.316909790039062500e-01
1.022827596403502431e-10
3.835603486513133875e-01
3.692932128906250000e-01
1.662094844161191265e-10
3.835603486525825390e-01
2.662353515625000000e-01
1.406387945061262843e-10
3.835603486530716477e-01
2.332839965820312500e-01
2.557068991037225954e-11
3.835603486555838604e-01
2.835235595703125000e-01
3.835603486547017826e-11
3.835603486547018437e-01
3.265914916992187500e-01
1.278534495518689394e-11
3.835603486556068420e-01
2.615051269531250000e-01
6.648379376562874178e-10
3.835603486478580404e-01
4.281921386718750000e-01
7.671206973083352097e-11
3.835603486541676599e-01
3.791580200195312500e-01
1.278534495518689394e-11
3.835603486556068420e-01
3.214263916015625000e-01
1.278534495518689394e-11
3.835603486556068420e-01
1.547012329101562500e-01
1.278534495518689394e-11
3.835603486556068420e-01
3.128051757812500000e-01
1.278534495518689394e-11
3.835603486556068420e-01
3.366851806640625000e-01
1.278534495518689394e-11
3.835603486556068420e-01
1.836471557617187500e-01
3.835603486552174780e-11
3.835603486552174313e-01
2.097702026367187500e-01
3.234692273502073131e-09
3.835603486366096493e-01
3.331451416015625000e-01
1.010042251413242680e-09
3.835603486379401961e-01
3.579864501953125000e-01
1.278534495518689394e-11
3.835603486556068420e-01
3.469924926757812500e-01
1.278534495518689394e-11
3.835603486556068420e-01
1.116333007812500000e-01
2.684922440556424733e-10
3.835603486509179261e-01
4.477767944335937500e-01
5.114137982070385799e-11
3.835603486552789376e-01
1.096572875976562500e-01
1.278534495518689394e-11
3.835603486556068420e-01
1.248321533203125000e-01
8.949741468587398941e-11
3.835603486537455531e-01
1.065521240234375000e-01
4.820075047928447172e-09
3.835603486415211094e-01
4.010238647460937500e-01
5.114137982065650190e-11
3.835603486549237218e-01
3.170089721679687500e-01
1.278534495518689394e-11
3.835603486556068420e-01
1.639022827148437500e-01
1.278534495518689394e-11
3.835603486556068420e-01
1.870117187500000000e-01
4.986284532425566720e-10
3.835603486481204971e-01
1.732330322265625000e-01
1.278534495518689394e-11
3.835603486556068420e-01
3.460693359375000000e-01
1.278534495518689394e-11
3.835603486556068420e-01
2.061691284179687500e-01
1.278534495518689394e-11
3.835603486556068420e-01
3.665924072265625000e-01
2.557068991038384007e-11
3.835603486557576103e-01
3.753356933593750000e-01
1.278534495518689394e-11
3.835603486556068420e-01
3.114700317382812500e-01
1.278534495518689394e-11
3.835603486556068420e-01
2.997970581054687500e-01
1.789948293714326679e-10
3.835603486530699824e-01
1.124191284179687500e-01
8.949741468604176490e-11
3.835603486544646445e-01
1.132583618164062500e-01
4.347017284707321735e-10
3.835603486506459769e-01
2.049560546875000000e-01
1.278534495518689394e-11
3.835603486556068420e-01
4.122390747070312500e-01
2.557068991038217279e-11
3.835603486557326303e-01
2.865447998046875000e-01
3.835603486544951167e-11
3.835603486544951202e-01
1.858291625976562500e-01
2.275791401949582077e-09
3.835603486431880538e-01
1.354598999023437500e-01
5.114137982077407141e-11
3.835603486558055164e-01
3.754425048828125000e-01
1.278534495518689394e-11
3.835603486556068420e-01
3.389892578125000000e-01
1.278534495518689394e-11
3.835603486556068420e-01
3.261184692382812500e-01
1.278534495518689394e-11
3.835603486556068420e-01
4.287109375000000000e-01
2.557068991038558814e-11
3.835603486557838115e-01
3.592147827148437500e-01
1.278534495518689394e-11
3.835603486556068420e-01
2.241668701171875000e-01
1.278534495509563363e-10
3.835603486528690320e-01
2.926025390625000000e-01
1.278534495518689394e-11
3.835603486556068420e-01
3.181533813476562500e-01
1.278534495518689394e-11
3.835603486556068420e-01
1.070785522460937500e-01
3.963456936061590855e-10
3.835603486511217075e-01
1.726608276367187500e-01
4.986284532472221774e-10
3.835603486517093486e-01
3.339538574218750000e-01
1.150681045963851765e-10
3.835603486546173002e-01
4.045486450195312500e-01
1.866660363399736921e-09
3.835603486437815235e-01
1.918029785156250000e-01
1.278534495518689394e-11
3.835603486556068420e-01
3.117904663085937500e-01
1.278534495518689394e-11
3.835603486556068420e-01
1.604843139648437500e-01
3.452043137868341118e-10
3.835603486520379191e-01
3.173980712890625000e-01
2.557068991038768517e-11
3.835603486558152864e-01
3.728866577148437500e-01
1.278534495518689394e-11
3.835603486556068420e-01
3.763046264648437500e-01
1.278534495518689394e-11
3.835603486556068420e-01
2.058639526367187500e-01
2.557068991035273679e-11
3.835603486552910391e-01
1.522979736328125000e-01
2.557068991039356591e-11
3.835603486559034936e-01
3.986053466796875000e-01
2.045655192810210187e-10
3.835603486519144067e-01
4.675064086914062500e-01
2.557068991039478083e-11
3.835603486559217568e-01
3.430175781250000000e-01
1.278534495518689394e-11
3.835603486556068420e-01
1.337356567382812500e-01
5.114137982055316895e-11
3.835603486541487306e-01
2.529373168945312500e-01
1.278534495518689394e-11
3.835603486556068420e-01
2.605514526367187500e-01
1.278534495518689394e-11
3.835603486556068420e-01
4.035568237304687500e-01
2.557068991039154319e-11
3.835603486558731845e-01
4.461669921875000000e-01
3.963456936076300195e-10
3.835603486525452355e-01
2.161254882812500000e-01
1.278534495518689394e-11
3.835603486556068420e-01
1.957931518554687500e-01
6.392672477587347000e-11
3.835603486552408570e-01
1.162109375000000000e-01
6.392672477579200563e-11
3.835603486547519703e-01
1.149673461914062500e-01
1.278534495518689394e-11
3.835603486556068420e-01
3.262557983398437500e-01
1.278534495518689394e-11
3.835603486556068420e-01
1.211318969726562500e-01
1.278534495518689394e-11
3.835603486556068420e-01
1.847076416015625000e-01
1.022827596411074106e-10
3.835603486541527829e-01
2.222061157226562500e-01
6.392672477554563506e-11
3.835603486532738193e-01
2.533569335937500000e-01
2.429215541458411752e-10
3.835603486513280980e-01
3.680496215820312500e-01
1.278534495518689394e-11
3.835603486556068420e-01
3.993606567382812500e-01
3.835603486548301894e-11
3.835603486548301855e-01
3.829498291015625000e-01
1.278534495518689394e-11
3.835603486556068420e-01
1.660537719726562500e-01
7.671206973077561833e-11
3.835603486538781137e-01
3.418731689453125000e-01
1.278534495518689394e-11
3.835603486556068420e-01
1.579589843750000000e-01
3.835603486553199062e-11
3.835603486553199049e-01
2.207336425781250000e-01
5.497698330638345157e-10
3.835603486491869218e-01
3.111953735351562500e-01
5.114137982062054539e-11
3.835603486546541041e-01
1.046752929687500000e-01
1.905016398269499895e-09
3.835603486448658783e-01
1.336364746093750000e-01
1.534241394610255634e-10
3.835603486525638872e-01
3.718414306640625000e-01
1.278534495518689394e-11
3.835603486556068420e-01
3.250732421875000000e-01
3.835603486548990135e-11
3.835603486548990748e-01
3.194808959960937500e-01
1.278534495518689394e-11
3.835603486556068420e-01
2.201004028320312500e-01
2.557068991034689483e-11
3.835603486552034425e-01
3.618850708007812500e-01
1.278534495518689394e-11
3.835603486556068420e-01
1.795959472656250000e-01
1.278534495518689394e-11
3.835603486556068420e-01
1.302185058593750000e-01
1.278534495518689394e-11
3.835603486556068420e-01
1.154403686523437500e-01
2.557068990998688127e-10
3.835603486498032622e-01
2.222290039062500000e-01
1.150681045957190247e-10
3.835603486523967987e-01
