1.701765060424804688e-01
9.685871594630081515e-12
2.905761478389024544e-01
1.222000122070312500e-01
1.937174318925690601e-11
2.905761478388535490e-01
1.566801071166992188e-01
7.748697275696793778e-11
2.905761478386297281e-01
1.216049194335937500e-01
2.518326614582278180e-09
2.905761478364166095e-01
1.699638366699218750e-01
9.685871594630081515e-12
2.905761478389024544e-01
1.082515716552734375e-01
9.685871594623270200e-11
2.905761478386981178e-01
2.714900970458984375e-01
4.571731392625654980e-09
2.905761478363763084e-01
2.529077529907226562e-01
3.874348637850814453e-11
2.905761478388110275e-01
1.218719482421875000e-01
3.002620194329214796e-10
2.905761478383110386e-01
2.530193328857421875e-01
1.259163307300459864e-10
2.905761478385677221e-01
1.464900970458984375e-01
1.743456887032565908e-10
2.905761478387611230e-01
1.915216445922851562e-01
6.780110116236487534e-11
2.905761478387066665e-01
2.483081817626953125e-01
1.162304591355008654e-10
2.905761478387522412e-01
2.845678329467773438e-01
9.685871594630081515e-12
2.905761478389024544e-01
1.522731781005859375e-01
1.007330645838587178e-09
2.905761478380540774e-01
1.108894348144531250e-01
9.685871594630081515e-12
2.905761478389024544e-01
2.902278900146484375e-01
9.685871594630081515e-12
2.905761478389024544e-01
1.104974746704101562e-01
5.811522956774324658e-11
2.905761478387162700e-01
1.267604827880859375e-01
1.937174318924900643e-10
2.905761478387351437e-01
3.118944168090820312e-01
1.162304591354789581e-10
2.905761478386973962e-01
1.067743301391601562e-01
2.712044046492751952e-10
2.905761478385091023e-01
1.829500198364257812e-01
9.685871594630081515e-12
2.905761478389024544e-01
1.556282043457031250e-01
3.196337626221186606e-10
2.905761478382897223e-01
3.004779815673828125e-01
7.845555991627856569e-10
2.905761478380687879e-01
2.588138580322265625e-01
4.842935797314585162e-11
2.905761478388750874e-01
1.648035049438476562e-01
3.390055058116765957e-10
2.905761478385799346e-01
2.965345382690429688e-01
1.937174318926249917e-11
2.905761478389374819e-01
2.213525772094726562e-01
9.685871594630081515e-12
2.905761478389024544e-01
1.025781631469726562e-01
1.162304591354362032e-10
2.905761478385905372e-01
1.792345046997070312e-01
1.937174318925825018e-11
2.905761478388737551e-01
1.910839080810546875e-01
1.488718464073410446e-08
2.905761478347576032e-01
1.726121902465820312e-01
5.714664240816494948e-10
2.905761478381268526e-01
2.682933807373046875e-01
9.685871594630081515e-12
2.905761478389024544e-01
1.271619796752929688e-01
1.937174318925730667e-11
2.905761478388596553e-01
1.677742004394531250e-01
9.685871594630081515e-12
2.905761478389024544e-01
2.454433441162109375e-01
9.685871594630081515e-12
2.905761478389024544e-01
2.877025604248046875e-01
9.685871594630081515e-12
2.905761478389024544e-01
1.079683303833007812e-01
1.094503490189554363e-09
2.905761478379347840e-01
1.379947662353515625e-01
9.685871594630081515e-12
2.905761478389024544e-01
1.790447235107421875e-01
4.842935797313625503e-11
2.905761478388175223e-01
1.200208663940429688e-01
1.937174318925653119e-11
2.905761478388479979e-01
2.115211486816406250e-01
8.070268212439849057e-08
2.905761478314877744e-01
2.092094421386718750e-01
9.685871594630081515e-12
2.905761478389024544e-01
1.379423141479492188e-01
9.685871594630081515e-12
2.905761478389024544e-01
1.242017745971679688e-01
1.937174318925763948e-11
2.905761478388645958e-01
2.849063873291015625e-01
9.685871594630081515e-12
2.905761478389024544e-01
1.680335998535156250e-01
9.685871594630081515e-12
2.905761478389024544e-01
2.474145889282226562e-01
2.905761478388272883e-11
2.905761478388272923e-01
1.792421340942382812e-01
2.905761478388201798e-11
2.905761478388201868e-01
1.918897628784179688e-01
4.068066069739333947e-10
2.905761478385237573e-01
1.889381408691406250e-01
9.685871594630081515e-12
2.905761478389024544e-01
2.793292999267578125e-01
1.937174318926000470e-11
2.905761478389000674e-01
2.436180114746093750e-01
9.685871594630081515e-12
2.905761478389024544e-01
2.798175811767578125e-01
9.104719298924014577e-10
2.905761478380006202e-01
1.047048568725585938e-01
2.905761478387997587e-11
2.905761478387997587e-01
1.762657165527343750e-01
4.842935797312514626e-11
2.905761478387509089e-01
2.148733139038085938e-01
3.583772490008163393e-10
2.905761478384996654e-01
1.926469802856445312e-01
1.840315602977962964e-10
2.905761478386256202e-01
1.230516433715820312e-01
5.811522956776556107e-11
2.905761478388277919e-01
2.584390640258789062e-01
9.685871594630081515e-12
2.905761478389024544e-01
2.557239532470703125e-01
9.685871594630081515e-12
2.905761478389024544e-01
2.630376815795898438e-01
9.685871594630081515e-12
2.905761478389024544e-01
2.904672622680664062e-01
2.905761478388213430e-11
2.905761478388213526e-01
1.750717163085937500e-01
9.685871594630081515e-12
2.905761478389024544e-01
1.052780151367187500e-01
3.874348637849878059e-11
2.905761478387409169e-01
2.552509307861328125e-01
9.685871594630081515e-12
2.905761478389024544e-01
2.493600845336914062e-01
9.685871594630081515e-12
2.905761478389024544e-01
1.490716934204101562e-01
9.685871594630081515e-12
2.905761478389024544e-01
1.880216598510742188e-01
9.685871594630081515e-12
2.905761478389024544e-01
1.381158828735351562e-01
9.685871594630081515e-12
2.905761478389024544e-01
1.737737655639648438e-01
1.937174318925877363e-11
2.905761478388816377e-01
-5.932378387451171875e+01
9.685871592793646321e-07
2.905761477838189610e-01
3.565235137939453125e-01
2.905761478389102649e-11
2.905761478389103369e-01
1.709318161010742188e-01
9.685871594630081515e-12
2.905761478389024544e-01
3.229999542236328125e-01
1.113875233379941598e-09
2.905761478382456464e-01
2.362117767333984375e-01
9.685871594630081515e-12
2.905761478389024544e-01
2.007646560668945312e-01
9.685871594630081515e-12
2.905761478389024544e-01
1.535100936889648438e-01
7.748697275700138689e-11
2.905761478387552943e-01
3.151721954345703125e-01
2.905761478388856110e-11
2.905761478388856345e-01
1.327753067016601562e-01
2.973562579531632276e-09
2.905761478369668915e-01
1.032543182373046875e-01
4.842935797314237488e-11
2.905761478388542707e-01
2.291793823242187500e-01
9.685871594630081515e-12
2.905761478389024544e-01
2.700386047363281250e-01
9.685871594630081515e-12
2.905761478389024544e-01
2.511806488037109375e-01
9.685871594630081515e-12
2.905761478389024544e-01
1.572036743164062500e-01
1.937174318925955234e-11
2.905761478388932950e-01
2.687606811523437500e-01
1.937174318926033751e-11
2.905761478389050634e-01
2.979345321655273438e-01
4.842935797313967362e-11
2.905761478388380059e-01
2.104940414428710938e-01
1.937174318925949095e-11
2.905761478388924068e-01
2.899837493896484375e-01
1.937174318926015011e-11
2.905761478389022878e-01
2.566623687744140625e-01
9.685871594630081515e-12
2.905761478389024544e-01
1.597318649291992188e-01
5.811522956775927966e-11
2.905761478387964281e-01
2.905330657958984375e-01
9.685871594630081515e-12
2.905761478389024544e-01
1.509618759155273438e-01
9.685871594630081515e-12
2.905761478389024544e-01
2.868890762329101562e-01
9.685871594630081515e-12
2.905761478389024544e-01
1.144247055053710938e-01
3.874348637851071009e-11
2.905761478388302899e-01
2.135639190673828125e-01
1.452880739193514764e-10
2.905761478387030028e-01
2.905187606811523438e-01
9.685871594630081515e-12
2.905761478389024544e-01
1.090984344482421875e-01
4.842935797314716994e-11
2.905761478388830255e-01
1.632881164550781250e-01
2.905761478388836400e-11
2.905761478388836916e-01
1.299057006835937500e-01
9.685871594630081515e-12
2.905761478389024544e-01
