2.876701936890373457e-01
9.589012959969662025e-12
2.876703887990898489e-01
2.876702128370420275e-01
9.589012959969662025e-12
2.876703887990898489e-01
2.876703047519557077e-01
9.589012959969662025e-12
2.876703887990898489e-01
2.876702614855284335e-01
9.589012959969662025e-12
2.876703887990898489e-01
2.876702151609040192e-01
9.589012959969662025e-12
2.876703887990898489e-01
2.876703784896568195e-01
9.589012959969662025e-12
2.876703887990898489e-01
2.876703712247319356e-01
9.589012959969662025e-12
2.876703887990898489e-01
2.876703503237573178e-01
9.589012959969662025e-12
2.876703887990898489e-01
2.876703469361581722e-01
9.589012959969662025e-12
2.876703887990898489e-01
2.876703729613601102e-01
9.589012959969662025e-12
2.876703887990898489e-01
2.876703883536921302e-01
9.589012959969662025e-12
2.876703887990898489e-01
2.876702982702370459e-01
9.589012959969662025e-12
2.876703887990898489e-01
2.876702124009140604e-01
9.589012959969662025e-12
2.876703887990898489e-01
2.876703195896512244e-01
9.589012959969662025e-12
2.876703887990898489e-01
2.876703627336418267e-01
9.589012959969662025e-12
2.876703887990898489e-01
2.876702332303187060e-01
9.589012959969662025e-12
2.876703887990898489e-01
2.876701900592250616e-01
9.589012959969662025e-12
2.876703887990898489e-01
2.876703827313292772e-01
9.589012959969662025e-12
2.876703887990898489e-01
2.876703541370138617e-01
9.589012959969662025e-12
2.876703887990898489e-01
2.876703517421432821e-01
9.589012959969662025e-12
2.876703887990898489e-01
2.876703721782356005e-01
9.589012959969662025e-12
2.876703887990898489e-01
2.876703383289849203e-01
9.589012959969662025e-12
2.876703887990898489e-01
2.876703800932367550e-01
9.589012959969662025e-12
2.876703887990898489e-01
2.876702632177575159e-01
9.589012959969662025e-12
2.876703887990898489e-01
2.876702180201371473e-01
9.589012959969662025e-12
2.876703887990898489e-01
2.876702690852812050e-01
9.589012959969662025e-12
2.876703887990898489e-01
2.876702589593015391e-01
9.589012959969662025e-12
2.876703887990898489e-01
2.876701890140547779e-01
9.589012959969662025e-12
2.876703887990898489e-01
2.876702998042780512e-01
9.589012959969662025e-12
2.876703887990898489e-01
2.876702716044643449e-01
9.589012959969662025e-12
2.876703887990898489e-01
2.876702499468321017e-01
9.589012959969662025e-12
2.876703887990898489e-01
2.876703422020046030e-01
9.589012959969662025e-12
2.876703887990898489e-01
2.876703886388552456e-01
9.589012959969662025e-12
2.876703887990898489e-01
2.876703085766068035e-01
9.589012959969662025e-12
2.876703887990898489e-01
2.876702613043597978e-01
9.589012959969662025e-12
2.876703887990898489e-01
2.876703182144401683e-01
9.589012959969662025e-12
2.876703887990898489e-01
2.876703307137604138e-01
9.589012959969662025e-12
2.876703887990898489e-01
2.876703623283646816e-01
9.589012959969662025e-12
2.876703887990898489e-01
2.876702995128623819e-01
9.589012959969662025e-12
2.876703887990898489e-01
2.876701919835640830e-01
9.589012959969662025e-12
2.876703887990898489e-01
2.876703492207708934e-01
9.589012959969662025e-12
2.876703887990898489e-01
2.876702403123245211e-01
9.589012959969662025e-12
2.876703887990898489e-01
2.876702663440631746e-01
9.589012959969662025e-12
2.876703887990898489e-01
2.876703547637897151e-01
9.589012959969662025e-12
2.876703887990898489e-01
2.876702498451953471e-01
9.589012959969662025e-12
2.876703887990898489e-01
2.876703616262138996e-01
9.589012959969662025e-12
2.876703887990898489e-01
2.876702120381340877e-01
9.589012959969662025e-12
2.876703887990898489e-01
2.876703603293974121e-01
9.589012959969662025e-12
2.876703887990898489e-01
2.876701891132867339e-01
9.589012959969662025e-12
2.876703887990898489e-01
2.876703566354960051e-01
9.589012959969662025e-12
2.876703887990898489e-01
2.876701916751741028e-01
9.589012959969662025e-12
2.876703887990898489e-01
2.876703622958559081e-01
9.589012959969662025e-12
2.876703887990898489e-01
2.876702602331916436e-01
9.589012959969662025e-12
2.876703887990898489e-01
2.876703126646726894e-01
9.589012959969662025e-12
2.876703887990898489e-01
2.876702695606637161e-01
9.589012959969662025e-12
2.876703887990898489e-01
2.876702194754810482e-01
9.589012959969662025e-12
2.876703887990898489e-01
2.876703887763419898e-01
9.589012959969662025e-12
2.876703887990898489e-01
2.876703872146846308e-01
9.589012959969662025e-12
2.876703887990898489e-01
2.876703269895315440e-01
9.589012959969662025e-12
2.876703887990898489e-01
2.876703868358032046e-01
9.589012959969662025e-12
2.876703887990898489e-01
2.876702126098752976e-01
9.589012959969662025e-12
2.876703887990898489e-01
2.876702875345846233e-01
9.589012959969662025e-12
2.876703887990898489e-01
2.876702095232508971e-01
9.589012959969662025e-12
2.876703887990898489e-01
2.876703203613651394e-01
9.589012959969662025e-12
2.876703887990898489e-01
2.876703100866857543e-01
9.589012959969662025e-12
2.876703887990898489e-01
2.876703887983543817e-01
9.589012959969662025e-12
2.876703887990898489e-01
2.876701916803867665e-01
9.589012959969662025e-12
2.876703887990898489e-01
2.876701904586451697e-01
9.589012959969662025e-12
2.876703887990898489e-01
2.876703100477771002e-01
9.589012959969662025e-12
2.876703887990898489e-01
2.876703813299757440e-01
9.589012959969662025e-12
2.876703887990898489e-01
2.876702152467724982e-01
9.589012959969662025e-12
2.876703887990898489e-01
2.876701888083095238e-01
9.589012959969662025e-12
2.876703887990898489e-01
2.876702031209776855e-01
9.589012959969662025e-12
2.876703887990898489e-01
2.876703883456894206e-01
9.589012959969662025e-12
2.876703887990898489e-01
2.876703166984722615e-01
9.589012959969662025e-12
2.876703887990898489e-01
2.876703725099321596e-01
9.589012959969662025e-12
2.876703887990898489e-01
2.876702963334557550e-01
9.589012959969662025e-12
2.876703887990898489e-01
2.876703059006041618e-01
9.589012959969662025e-12
2.876703887990898489e-01
2.876701933194096839e-01
9.589012959969662025e-12
2.876703887990898489e-01
2.876702082775113856e-01
9.589012959969662025e-12
2.876703887990898489e-01
2.876703577189608230e-01
9.589012959969662025e-12
2.876703887990898489e-01
2.876702426316536942e-01
9.589012959969662025e-12
2.876703887990898489e-01
2.876702832524278830e-01
9.589012959969662025e-12
2.876703887990898489e-01
2.876702673019723155e-01
9.589012959969662025e-12
2.876703887990898489e-01
2.876702437763651865e-01
9.589012959969662025e-12
2.876703887990898489e-01
2.876703887382259794e-01
9.589012959969662025e-12
2.876703887990898489e-01
2.876703325228413544e-01
9.589012959969662025e-12
2.876703887990898489e-01
2.876703747506782483e-01
9.589012959969662025e-12
2.876703887990898489e-01
2.876702810329982429e-01
9.589012959969662025e-12
2.876703887990898489e-01
2.876702321385148364e-01
9.589012959969662025e-12
2.876703887990898489e-01
2.876703672323876471e-01
9.589012959969662025e-12
2.876703887990898489e-01
2.876703225330876079e-01
9.589012959969662025e-12
2.876703887990898489e-01
2.876703699228377320e-01
9.589012959969662025e-12
2.876703887990898489e-01
2.876701976090287882e-01
9.589012959969662025e-12
2.876703887990898489e-01
2.876703262778587677e-01
9.589012959969662025e-12
2.876703887990898489e-01
2.876703887086874412e-01
9.589012959969662025e-12
2.876703887990898489e-01
2.876702035082610021e-01
9.589012959969662025e-12
2.876703887990898489e-01
2.876703803729489528e-01
9.589012959969662025e-12
2.876703887990898489e-01
2.876703708728495790e-01
9.589012959969662025e-12
2.876703887990898489e-01
2.876703664554784989e-01
9.589012959969662025e-12
2.876703887990898489e-01
