5.787802474590530988e-01
1.929267937733172378e-11
5.787803813199516867e-01
8.554727340050554130e-01
-2.851576238750451458e-11
-8.554728716251354115e-01
1.712941031494666921e+00
-5.709803896769218072e-11
-1.712941169030765431e+00
1.133794765561801698e+00
3.779315929961177854e-11
1.133794778988353347e+00
1.009778841236680158e+00
3.150839164828320294e-11
4.726258747242479963e-01
1.089789091994605164e+00
3.632630686156177275e-11
1.089789205846853237e+00
2.688229311344961792e-01
8.960766844700706780e-12
2.688230053410212150e-01
2.702919244951288436e-01
9.009735334458208968e-12
2.702920600337462842e-01
4.602851724915251741e-01
-1.534284018859629763e-11
-4.602852056578889406e-01
3.865561260512506703e-01
-1.288520809257608944e-11
-3.865562427772826770e-01
4.672596456342654192e-01
1.716520135574961730e-11
2.574780203362442288e-01
1.396415908498447767e+00
4.654719964896481660e-11
1.396415989468944518e+00
6.044791450197842808e-01
2.014931056909891272e-11
6.044793170729674259e-01
7.641738363732376582e-01
-2.547246327559956192e-11
-7.641738982679868730e-01
8.422522392021200011e-01
-2.807507533975842208e-11
-8.422522601927526775e-01
4.000364593789259571e-01
1.333455300437018792e-11
4.000365901311056516e-01
1.689977065082277907e-01
5.633261369054648795e-12
1.689978410716394541e-01
1.400839019808650221e+00
4.669464000917782642e-11
1.400839200275334706e+00
1.411248501718209036e+00
4.704161811973442285e-11
1.411248543592032778e+00
8.034115694918131378e-01
2.678038665545804024e-11
8.034115996637412049e-01
4.595234699083991514e-01
1.531745031910083475e-11
4.595235095730250130e-01
5.494417733445150498e-01
1.831473230556513623e-11
5.494419691669540917e-01
5.026273879098502873e-01
1.675425018557876653e-11
5.026275055673630199e-01
1.294643669581820644e+00
4.315479283878994511e-11
1.294643785163698269e+00
2.956748235347944620e-01
1.260427824818860198e-11
1.890641737228290209e-01
6.218632239030027486e-01
2.072877426094373599e-11
6.218632278283120485e-01
4.884468916773528346e-01
1.628156481744379427e-11
4.884469445233138307e-01
5.910697771352081409e-01
-1.970232859524363445e-11
-5.910698578573090334e-01
8.065413715106903858e-01
-2.688471404534319042e-11
-8.065414213602957183e-01
4.857870486533003573e-01
-1.619290332599688764e-11
-4.857870997799065838e-01
1.978620144033084727e-01
-6.595403824200237249e-12
-1.978621147260071211e-01
1.103761214510893707e+00
3.679204575318265788e-11
1.103761372595479795e+00
5.068984154076625614e-01
-1.689661619059152107e-11
-5.068984857177456504e-01
1.464620957996280115e+00
4.882070075878400359e-11
1.464621022763520131e+00
4.207617369170397192e-01
1.402539205031234777e-11
4.207617615093704466e-01
4.682067336291154680e-01
1.560689438364859624e-11
4.682068315094578548e-01
4.491074319914531987e-01
1.497025396176786298e-11
4.491076188530358504e-01
9.314033104506039829e-01
-3.104678040382590556e-11
-9.314034121147771739e-01
1.089624184507119953e+00
3.632081076685637198e-11
1.089624323005691231e+00
1.447804983338540352e-01
4.826018222838124547e-12
1.447805466851437295e-01
8.422136633651853277e-01
-2.807379179427399842e-11
-8.422137538282199465e-01
2.439053598060842709e-01
8.130178930932065363e-12
2.439053679279619413e-01
9.523759594772794879e-01
3.174586832650791689e-11
9.523760497952376003e-01
1.520978707167745192e+00
5.069929256890598556e-11
1.520978777067179655e+00
2.381369142824116381e+00
7.937897527960992157e-11
2.381369258388297716e+00
1.613485481877446337e-01
5.378288387547889613e-12
1.613486516264366899e-01
1.550112857480789419e+00
-5.167043261524769031e-11
-1.550112978457430790e+00
5.161948496807434728e-01
-1.720649794002148507e-11
-5.161949382006445486e-01
1.412239530098722273e+00
4.707465480175269626e-11
1.412239644052580845e+00
8.854464836945744599e-01
2.951488548834311503e-11
8.854465646502933662e-01
1.078319211810411460e+00
-3.594397670428791588e-11
-1.078319301128637386e+00
1.165472179173783207e+00
3.884907610515980409e-11
1.165472283154794120e+00
1.291939993162994460e+00
-4.306466847479321660e-11
-1.291940054243796432e+00
4.341980674094670367e-01
1.447327194580507762e-11
4.341981583741523210e-01
1.594401149458411826e+00
-5.314670789826462176e-11
-1.594401236947938560e+00
5.781048493031039071e-01
-1.927016175859093280e-11
-5.781048527577279383e-01
4.429374749027460978e-01
1.476458421097289260e-11
4.429375263291867593e-01
1.033885732546799385e+00
3.446286102155622357e-11
1.033885830646686710e+00
3.263962981696205135e-01
-1.087988269284079444e-11
-3.263964807852238192e-01
4.560758149291094798e-01
-1.520253005453719701e-11
-4.560759016361159435e-01
2.574248312731366450e-01
-8.580828181763519885e-12
-2.574248454529056152e-01
4.842265160920172229e-01
1.614088789974382675e-11
4.842266369923147740e-01
4.646655516641463035e-01
1.220365384731212649e-11
1.830548077096819104e-01
6.142582639818884305e-01
2.047527846207725365e-11
6.142583538623176409e-01
3.820180131494318454e-01
1.273393861162682945e-11
3.820181583488048704e-01
3.852211756839720169e-01
9.757011504220050011e-12
1.463551725633007450e-01
2.158692459718941359e-01
7.195644858924745459e-12
2.158693457677423599e-01
1.740633903986703368e+00
-5.802113495930046460e-11
-1.740634048779013954e+00
4.845506083512918782e-01
1.615169092714788103e-11
4.845507278144364771e-01
1.461779411814727037e-01
-4.872598430356833721e-12
-1.461779529107050113e-01
1.702015604828650552e+00
5.673385713220523135e-11
1.702015713966156918e+00
4.815325415275766296e-01
1.605108807711844602e-11
4.815326423135534162e-01
6.413004342133366009e-01
-2.137668379001276338e-11
-6.413005137003828793e-01
6.480955670233131682e-01
2.160318617534262723e-11
6.480955852602787726e-01
2.730553567480221711e-01
-9.101847334240322043e-12
-2.730554200272096721e-01
4.039813924898078001e-01
1.224369662333170766e-11
1.836554493499756302e-01
2.204733545228940716e+00
7.349112267211438599e-11
2.204733680163431409e+00
1.927626817525496528e-01
6.425428492451152111e-12
1.927628547735345532e-01
5.644808190166868966e-01
1.882162815157232877e-11
2.823244222735848963e-01
3.964296097155322607e-01
1.321432226037270540e-11
3.964296678111811634e-01
5.381664916798009068e-01
-1.793888615162968466e-11
-5.381665845488905475e-01
9.235400459678114737e-01
3.078466851306089053e-11
9.235400553918267086e-01
1.277785579996369991e+00
-4.259285460816253270e-11
-1.277785638244876010e+00
2.437841985700029412e-01
-8.126144756148995174e-12
-2.437843426844698569e-01
1.202798013178972614e+00
4.009327073247967172e-11
1.202798121974390178e+00
5.759771996550887563e-01
-2.053561820238385846e-11
-3.080342730357578107e-01
1.271467964580889953e+00
4.238226892237981200e-11
1.271468067671394309e+00
1.741129791422796336e+00
5.803766243674398509e-11
1.741129873102319481e+00
8.571506333858641691e-01
-2.857169327143872945e-11
-8.571507981431618628e-01
6.963052168847640999e-01
-2.321017584554398409e-11
-6.963052753663194760e-01
1.839853228302782640e+00
6.132844569388191451e-11
1.839853370816457279e+00
1.420699368220789405e-01
-4.735668308734935971e-12
-1.420700492620480815e-01
1.496708185416438353e+00
4.989027453996744323e-11
1.496708236199023379e+00
7.775891944796463617e-01
2.591964149325267408e-11
7.775892447975801813e-01
4.409963913849929695e-01
-1.469988437462491910e-11
-4.409965312387475467e-01
4.902932024620002549e-01
-1.634311249170429495e-11
-4.902933747511288298e-01
1.490816662303080076e+00
4.969389103014053794e-11
1.490816730904216181e+00
1.080303524463308351e+00
3.601011970396257790e-11
1.080303591118877415e+00
8.074368370850586452e-01
-2.691456387907054225e-11
-8.074369163721162312e-01
1.166085693077678759e-01
-3.886956551872109915e-12
-1.166086965561632938e-01
1.390504893285930521e+00
4.641211108917597178e-11
6.961816663376395597e-01
7.675552942758961938e-01
-2.558518267153588166e-11
-7.675554801460764409e-01
1.277719753614631193e+00
4.636682882617867217e-11
6.955024323926800589e-01
1.903189601878198189e+00
6.343965809774285274e-11
1.903189742932285711e+00
1.016870596392975168e+00
3.389568969031131463e-11
1.016870690709339442e+00
1.052103709310434398e+00
3.507012650002972047e-11
1.052103795000891573e+00
9.027692068811740134e-01
3.009230973926611027e-11
9.027692921779832957e-01
1.622512361474588993e-01
5.408375840591991884e-12
1.622512752177597550e-01
5.135804711622630192e-01
-1.711935149087894617e-11
-5.135805447263683821e-01
8.452775256907030244e-01
2.817592075164122872e-11
8.452776225492368845e-01
2.016474481781196093e-01
6.721584469646811687e-12
2.016475340894043622e-01
1.464676398218356823e+00
4.882254875039218569e-11
1.464676462511765642e+00
2.119201439320700098e-01
-7.064008189025975434e-12
-2.119202456707792726e-01
4.889240202736300778e-01
-1.629747073471792225e-11
-4.889241220415376232e-01
1.780938857220943028e+00
5.936463339104041420e-11
1.780939001731212556e+00
1.523822918705553198e+00
5.079409978812627599e-11
1.523822993643788370e+00
1.065162601221392613e+00
-3.550542371231989243e-11
-1.065162711369596726e+00
9.872318895771461378e-01
-3.290773389669397861e-11
-9.872320169008192980e-01
1.055956231450667082e-01
-3.519856373967167501e-12
-1.055956912190150199e-01
2.846723034704803368e-01
9.489079192310993644e-12
2.846723757693297996e-01
1.217574013615525308e+00
4.058580132344182856e-11
1.217574039703254840e+00
1.155157691902834793e+00
3.850525926093621286e-11
1.155157777828086374e+00
3.867755710325137541e-01
-1.289252245230608976e-11
-3.867756735691826875e-01
8.011832645248045948e-01
2.670610964122715728e-11
8.011832892368146997e-01
2.541601049934291146e-01
-8.472005790029607935e-12
-2.541601737008882256e-01
5.382752926187432951e-01
-1.794251001320895928e-11
-5.382753003962688076e-01
4.170519918404799187e-01
-1.695590268163082480e-11
-2.543385402244623950e-01
3.144479264992593226e+00
1.048159786414240078e-10
3.144479359242720040e+00
1.199251516164720061e-01
3.997510463940318005e-12
1.199253139182095418e-01
6.096563364712958011e-01
-1.707184093474043725e-11
-2.560776140211065699e-01
8.256914870227197722e-01
2.752305082207899101e-11
8.256915246623697247e-01
9.943458030528843361e-01
-3.314486098070460621e-11
-9.943458294211382498e-01
1.808907136758122203e+00
6.029691039856382183e-11
1.808907311956914787e+00
1.103586525699753879e-01
3.678625425207978805e-12
1.103587627562393758e-01
1.615221317784044430e+00
-5.821446681909465524e-11
-8.732170022864197412e-01
1.019379694845053974e-01
3.397937169668938026e-12
1.019381150900681432e-01
5.308930165412213409e-01
1.769643920977367250e-11
5.308931762932102005e-01
1.619908864596844578e-01
-5.399701173915537112e-12
-1.619910352174661061e-01
3.347322327081722615e-01
1.115774444161915166e-11
3.347323332485745428e-01
3.563790679964842223e-01
-1.187930783674816730e-11
-3.563792351024450134e-01
1.696218653911289564e+00
5.654062533492132473e-11
1.696218760047639718e+00
6.606792331663688955e-01
2.202264571326174814e-11
6.606793713978524885e-01
3.689188817094996575e-01
1.229729643650112214e-11
3.689188930950336731e-01
8.513329583157632774e-01
-2.837777163520368835e-11
-8.513331490561106829e-01
1.402791879927793417e+00
5.215002514629618138e-11
7.822503771944426809e-01
2.894296437255404086e+00
9.647655023877644818e-11
2.894296507163293342e+00
2.491996193944387983e-01
-7.346363185400116826e-12
-1.101954477810017513e-01
9.393439159289966867e-01
-3.131146855427004449e-11
-9.393440566281012760e-01
6.209357872319143379e-01
2.069786230853440420e-11
6.209358692560321691e-01
1.105793226872819002e+00
3.685977953933370595e-11
1.105793386180011106e+00
9.195002417161873831e-01
2.675005500599202927e-11
2.675005500599203501e-01
3.370805237628731743e-01
-1.123602170547156447e-11
-3.370806511641469272e-01
1.013082956461282436e+00
3.376943521416860263e-11
1.013083056425058137e+00
7.748230438704488687e-01
2.582744036123954625e-11
7.748232108371864157e-01
6.563427442362590458e-01
2.187809632760695517e-11
6.563428898282086532e-01
4.929478069315150757e-01
1.643159677311274880e-11
4.929479031933824418e-01
9.535190199624697938e-01
3.178396994199425350e-11
9.535190982598276133e-01
2.865685354318232014e-01
9.552287572193629926e-12
2.865686271658088868e-01
1.390058823392741894e-01
-4.633532455991864267e-12
-1.390059736797559231e-01
9.634943990960505023e-01
-3.211648280605739848e-11
-9.634944841817218997e-01
1.641135764852039047e+00
-5.470453053149338684e-11
-1.641135915944801571e+00
7.848579712142504938e-01
2.616193703503305075e-11
7.848581110509915693e-01
1.788990096726680856e-01
5.963303723410327262e-12
1.788991117023098210e-01
3.544486971035692435e-01
-1.181496007944324632e-11
-3.544488023832974011e-01
1.861075833106328736e-01
-6.203590407868623485e-12
-1.861077122360587088e-01
1.090044468375185177e-01
3.633488030981272500e-12
1.090046409294381791e-01
6.040345552980400656e-01
-2.013448890723434951e-11
-6.040346672170304743e-01
6.992927552403471747e-01
-2.330976296878821724e-11
-6.992928890636465056e-01
8.328985206652060880e-01
2.776328951734926218e-11
8.328986855204778550e-01
2.143979346199223479e-01
7.146598312633939946e-12
2.143979493790182100e-01
1.636156719393090375e+00
-5.453856100626062913e-11
-1.636156830187818878e+00
1.086935403431399383e-01
-3.623121425523752780e-12
-1.086936427657125837e-01
6.366439173027030884e-01
-2.122146845986520313e-11
-6.366440537959561219e-01
3.808025338980572938e-01
1.269341933353835605e-11
3.808025800061506927e-01
4.623041854912955939e-01
1.541014190853821916e-11
4.623042572561465446e-01
2.447141025994069852e-01
8.157138595097722294e-12
2.447141578529316575e-01
6.269999405838676543e-01
-2.090000183288537106e-11
-6.270000549865610839e-01
1.513259937173183634e+00
-5.044200165883736450e-11
-1.513260049765120963e+00
9.792054212277211400e-01
-3.264018466884381233e-11
-9.792055400653143504e-01
2.164797412547663502e-01
7.215997546853055325e-12
2.164799264055916606e-01
3.994877999695485293e-01
-1.294502966711616787e-11
-1.941754450067424975e-01
4.361902748356866200e-01
1.453968113195296029e-11
4.361904339585888080e-01
3.477219985646636258e-01
-1.159073704466560862e-11
-3.477221113399682761e-01
1.138395239981182805e-01
3.794651834950605565e-12
1.138395550485181706e-01
3.545056414905152220e-01
1.181685627877329550e-11
3.545056883631988454e-01
3.184890971319131125e+00
1.061630366782572184e-10
3.184891100347716719e+00
1.156855443781869219e+00
3.856185193981693332e-11
1.156855558194507916e+00
1.493852821724766633e+00
4.979509449774190093e-11
1.493852834932257068e+00
6.841307371708198470e-01
2.280436157549196535e-11
6.841308472647589234e-01
1.254032757332280035e+00
-4.180109493665594254e-11
-1.254032848099678299e+00
3.390976623734550111e-01
1.130325872576474192e-11
3.390977617729422633e-01
5.968955867581846597e-01
-1.989652061131385498e-11
-5.968956183394156234e-01
4.986509592964122883e-01
1.662169946488061110e-11
4.986509839464183802e-01
1.597664893350947191e+00
5.325549932967698685e-11
1.597664979890309533e+00
1.988518601577839773e+00
6.628395579556274977e-11
1.988518673866882303e+00
1.839784927552793881e-01
6.132617582568206204e-12
1.839785274770461831e-01
1.409074602173509883e+00
4.696915859946827732e-11
1.409074757984048354e+00
7.159975818470661890e-01
2.386659051054810728e-11
7.159977153164431840e-01
8.206318720040054471e-01
-2.735439854042582932e-11
-8.206319562127748490e-01
1.185042155518005957e+00
3.950140810755874525e-11
1.185042243226762437e+00
1.550870765376773930e-01
5.169575108404035742e-12
1.550872532521210823e-01
2.444881391829561990e-01
8.149607963387970392e-12
2.444882389016390933e-01
2.196235723323715749e+00
-7.320786103728211387e-11
-2.196235831118463544e+00
4.537963777874315929e-01
1.512655026779547351e-11
4.537965080338641766e-01
1.970972117903667664e-01
6.569907947839500217e-12
1.970972384351850071e-01
1.309511435965114989e+00
4.365038369275050930e-11
1.309511510782515264e+00
1.783077065578192455e-01
5.943590898219965721e-12
1.783077269465989656e-01
5.513404982723471015e-01
-1.787564639850779648e-11
-2.681346959776169658e-01
2.111952983740728929e+00
7.039843444058076825e-11
2.111953033217423226e+00
1.354262649486686065e+00
4.514208928488675060e-11
1.354262678546602539e+00
3.843967092248643524e-01
1.281322669019554819e-11
3.843968007058664593e-01
1.998206762748119814e-01
-6.660691440394994806e-12
-1.998207432118498383e-01
1.008095470746990463e+00
-3.360318487988124105e-11
-1.008095546396437170e+00
1.664087588234171244e+00
5.546958948525025395e-11
1.664087684557507663e+00
2.164900870746147843e-01
7.216339661500583393e-12
2.164901898450175000e-01
3.632703747091820534e-01
1.210901710650512320e-11
3.632705131951536881e-01
8.905193702419369473e-01
-3.181682205710934484e-11
-4.772523308566402056e-01
6.522895608113172816e-01
2.174299182070723138e-11
6.522897546212169662e-01
2.785025527632281062e-01
9.283423209055547910e-12
2.785026962716664611e-01
9.028498510673087507e-01
3.009499872317786224e-11
9.028499616953358231e-01
6.055118390423837038e-01
2.046359797397226667e-11
3.069539696095839876e-01
1.858050032552313602e-01
6.193504074174575676e-12
1.858051222252372625e-01
1.288837470535755703e+00
4.296125526417928321e-11
1.288837657925378410e+00
1.263451206141893879e+00
-4.211504477200828702e-11
-1.263451343160248541e+00
9.496044183364805713e-01
3.165348515300771826e-11
9.496045545902316309e-01
1.300131223601502795e+00
4.333771088651847713e-11
1.300131326595554304e+00
1.478045437409865881e-01
4.926819679407223572e-12
1.478045903822167162e-01
7.684400172347719549e-01
2.561467119576483631e-11
7.684401358729451292e-01
1.463134353250808761e+00
4.877114541358069534e-11
1.463134362407420896e+00
1.433221806117733754e+00
4.777406282297913528e-11
1.433221884689374059e+00
1.673637754004078548e+00
-5.578792815115046273e-11
-1.673637844534513919e+00
1.122109413693664015e+00
3.740364886749798421e-11
1.122109466024939550e+00
1.263334768565135047e+00
4.211116383454391242e-11
1.263334915036317341e+00
6.633160589619256919e-01
2.211053792565587145e-11
6.633161377696761285e-01
2.250835548735917069e+00
-7.502785233047700695e-11
-2.250835569914310330e+00
9.921950341433479759e-01
3.307317410258691252e-11
9.921952230776074355e-01
5.485360175571245556e-01
-1.828454030154313868e-11
-5.485362090462941875e-01
2.482314207058728517e+00
-8.274381243646121059e-11
-2.482314373093836402e+00
1.234195138410867143e+00
4.113984120384586479e-11
1.234195236115375849e+00
1.254009534544051174e+00
4.180032113524417709e-11
1.254009634057325240e+00
4.590030850143356211e-01
-1.530010288976818241e-11
-4.590030866930455145e-01
1.937885351643552911e-01
-6.459620857253156204e-12
-1.937886257175946980e-01
9.565957016517909750e-01
-3.188652685432523942e-11
-9.565958056297572121e-01
2.940644822615107734e-01
-9.802155327783610219e-12
-2.940646598335083239e-01
3.028212939829241446e+00
1.009404363240915181e-10
3.028213089722745721e+00
5.939796252508294794e-01
-1.979932464583293060e-11
-5.939797393749879362e-01
1.143323469339868392e+00
3.811078774800031887e-11
1.143323632440009563e+00
8.438135527066540353e-01
2.812712261669771068e-11
8.438136785009313634e-01
4.733583734497349704e-01
-1.577861576426658117e-11
-4.733584729279974312e-01
3.281700852603160468e-01
1.093900781290626867e-11
3.281702343871880645e-01
8.400011831781262206e-01
2.800004354658976490e-11
8.400013063976929928e-01
1.062875377227457063e+00
-3.542918279222326218e-11
-1.062875483766697826e+00
1.418923044751498053e-01
4.729745744982421446e-12
1.418923723494726341e-01
6.932002252782228924e-01
2.310667436738283163e-11
6.932002310214849805e-01
1.257270937853908421e+00
4.190903465223494897e-11
1.257271039567048554e+00
1.955089264118768100e-01
-6.516968421397617272e-12
-1.955090526419285268e-01
2.411650827342783632e-01
-8.038839923452854450e-12
-2.411651977035856320e-01
8.851137439583320887e-01
2.950379589885441181e-11
8.851138769656323735e-01
1.126964555985911609e+00
-3.756548609857752186e-11
-1.126964582957325600e+00
1.423516918372125684e+00
4.740626132655650223e-11
7.110939198983474707e-01
9.949975570952299675e-01
3.316658947349064423e-11
9.949976842047192349e-01
1.244006856858090204e+00
-4.146690055526423160e-11
-1.244007016657926901e+00
4.821153546146790259e-01
1.607051839416648761e-11
4.821155518249946592e-01
6.397916539496153465e-01
2.132639149569779812e-11
6.397917448709339316e-01
1.231476857629401733e+00
4.104923202639762012e-11
1.231476960791928699e+00
1.072788125338649534e+00
3.575960835761412281e-11
1.072788250728423654e+00
2.101953754048087486e+00
7.006512969172266188e-11
2.101953890751679932e+00
2.186963858052487220e-01
-7.289882077270502961e-12
-2.186964623181150702e-01
9.004047840377494838e-01
-3.001349509075089906e-11
-9.004048527225270160e-01
9.119539243197221090e-01
3.039846734182725714e-11
9.119540202548177543e-01
2.871400621642667961e-01
-9.571337477128637472e-12
-2.871401243138591020e-01
6.476151081899980122e-01
2.158717249242700258e-11
6.476151747728100538e-01
9.721590726955436912e-01
3.240530373405644852e-11
9.721591120216934723e-01
2.526590497078158304e+00
8.421968874467206895e-11
2.526590662340161941e+00
7.022406317090634786e-01
-2.340802327155942638e-11
-7.022406981467828047e-01
9.846993009426716625e-01
3.282331653167534466e-11
9.846994959502604061e-01
5.606187409255368737e-01
1.750144270857360117e-11
2.625216406286040582e-01
1.264207855507029299e+00
-4.214026502080874337e-11
-1.264207950624262278e+00
3.328738066892333314e-01
1.109579904584618078e-11
3.328739713753854357e-01
1.040416231322395690e+00
-3.468054547787037721e-11
-1.040416364336111288e+00
1.934476682723154539e+00
6.448255983250914574e-11
1.934476794975274361e+00
8.150756875055109596e-01
-2.716919232674591312e-11
-8.150757698023773923e-01
6.023767235864758707e-01
2.007922646292868215e-11
6.023767938878604733e-01
6.524416048473996588e-01
-2.174805440506771609e-11
-6.524416321520314366e-01
2.011713267309286901e-01
-6.705711740833740123e-12
-2.011713522250122010e-01
1.699793488613323911e+00
5.665978352850015493e-11
1.699793505855004661e+00
2.903878759384581065e-01
-9.679598731882990217e-12
-2.903879619564896930e-01
1.053174816169333949e+00
-3.510582919996608399e-11
-1.053174875998982518e+00
1.734977236614597240e+00
5.783257754421865914e-11
1.734977326326559766e+00
1.195617143557655471e+00
3.985390571055063632e-11
1.195617171316519123e+00
9.140931723850227453e-01
3.046977591959403049e-11
9.140932775878209959e-01
1.926598399527491345e+00
-6.421994823052500810e-11
-1.926598446915750218e+00
1.079810251306340119e+00
3.599367838035886823e-11
1.079810351410765978e+00
3.335907360826764201e-01
-1.111969723573170554e-11
-3.335909170719511541e-01
6.230777441689626661e-01
-2.076925907956170011e-11
-6.230777723868510254e-01
1.228907603289237205e+00
4.096359041378074315e-11
1.228907712413422226e+00
5.853344274903700128e-01
1.951115419816063438e-11
5.853346259448189981e-01
1.676103597411800150e+00
5.517119122185750895e-11
8.275678683278625547e-01
6.568518638932117071e-01
-2.189506550503201891e-11
-6.568519651509605595e-01
9.220405344748395793e-01
3.073468822400255060e-11
9.220406467200765732e-01
1.639917536045435220e+00
5.466392252601123822e-11
1.639917675780337092e+00
4.781235607962336376e-01
1.593745510749392013e-11
4.781236532248176463e-01
1.231969238112203158e+00
4.106564351159673846e-11
1.231969305347902166e+00
1.486749461190846278e+00
4.955832067561475231e-11
1.486749620268442484e+00
1.246466721437840874e+00
4.154889498293508619e-11
1.246466849488052642e+00
1.561417319591444475e+00
5.204724903318597466e-11
1.561417470995579260e+00
9.617141053263399408e-01
3.205713801844290872e-11
9.617141405532871890e-01
1.756230677351154235e+00
5.854102568931625774e-11
1.756230770679487740e+00
8.607804235337215282e-01
2.869268205610216514e-11
8.607804616830649902e-01
5.694418531352537505e-01
1.898139810469939521e-11
5.694419431409818433e-01
7.721018931668743868e-01
-2.573673172056727412e-11
-7.721019516170182229e-01
1.504795602499749085e+00
5.015985342263379143e-11
1.504795602679013689e+00
1.407600429856778579e+00
-4.692001558371232959e-11
-1.407600467511369802e+00
1.432816549879845969e+00
4.776055803598276121e-11
1.432816741079482759e+00
1.298086878711716130e+00
-4.326956763836270982e-11
-1.298087029150881255e+00
1.668094578495715963e+00
5.560315426483937850e-11
1.668094627945181374e+00
1.114447525823303753e+00
3.714825534324070495e-11
1.114447660297221088e+00
1.665735912272537478e+00
5.552453087979137745e-11
1.665735926393741240e+00
2.621454807278303378e-01
8.738186719382452959e-12
2.621456015814735974e-01
1.369626251712979803e-01
4.565421407175179656e-12
1.369626422152553924e-01
2.383044158239096821e-01
-7.943487150356329539e-12
-2.383046145106899050e-01
1.109700157774844431e+00
3.699000899594242550e-11
1.109700269878272749e+00
8.571706874907722984e-01
2.857235635162114107e-11
8.571706905486342620e-01
1.738270033497950895e-01
5.794236513659541786e-12
1.738270954097862475e-01
2.835932246266402168e-01
-9.453114031929323290e-12
-2.835934209578797049e-01
1.471210168311792854e-01
-4.904035472057982292e-12
-1.471210641617394788e-01
1.506661983184652831e+00
5.022206986472013116e-11
1.506662095941603940e+00
4.552332704509792216e-01
1.517444561000785317e-11
4.552333683002356413e-01
1.096710087267402267e+00
3.655700383917559370e-11
1.096710115175267841e+00
1.813179437516841741e+00
6.043931602342344739e-11
1.813179480702703517e+00
7.877778416403438122e-01
2.625926462192893645e-11
7.877779386578680487e-01
6.773897079607982263e-01
2.257966104635727524e-11
6.773898313907182889e-01
1.829621118093247567e+00
6.098737378198976122e-11
1.829621213459692974e+00
7.829297365964478228e-01
2.609766390352849190e-11
7.829299171058548001e-01
1.291530181665553334e+00
-4.305100715717010244e-11
-1.291530214715103098e+00
3.332519479885271974e-01
-1.110840454952522176e-11
-3.332521364857566337e-01
9.368258179799595631e-01
3.122752974643628194e-11
9.368258923930885551e-01
1.689143922741373149e+00
5.630480132443501031e-11
1.689144039733050384e+00
1.223652925982892548e+00
4.078843405996855513e-11
1.223653021799056662e+00
8.586382062198510967e-01
2.862127733859438729e-11
8.586383201578315916e-01
1.752851827532345030e+00
5.842839788216791956e-11
1.752851936465037674e+00
1.627034940866821100e-01
-5.423452994309439646e-12
-1.627035898292831795e-01
5.635088397396768034e-01
-1.878363119132776847e-11
-5.635089357398330723e-01
3.781720163244435273e-01
-1.260573779769589073e-11
-3.781721339308767305e-01
3.583138272913856115e-01
1.194379754595345290e-11
3.583139263786035977e-01
2.785673949683075135e-01
9.285582334442191801e-12
2.785674700332657627e-01
1.072356851467722638e+00
3.574523166648531348e-11
1.072356949994559328e+00
3.459441095389685916e-01
1.153147408308720254e-11
3.459442224926160825e-01
8.568103538564868504e-01
2.856034728391460343e-11
8.568104185174381104e-01
3.591829897956422268e-01
-1.197276935160044839e-11
-3.591830805480134559e-01
3.976106512266073811e-01
-1.325369241160727464e-11
-3.976107723482182332e-01
1.682405342820553873e+00
5.608018173114201884e-11
1.682405451934260610e+00
1.388123899358492341e+00
-4.627079739664268757e-11
-1.388123921899280688e+00
1.117855003604539155e+00
3.726183916998159399e-11
1.117855175099447873e+00
8.694464221446139840e-01
-2.898155014422207024e-11
-8.694465043266621507e-01
1.450144217033095595e+00
4.821567935008177902e-11
7.232351902512266228e-01
6.526706098867394168e-01
-2.175568998094828663e-11
-6.526706994284485752e-01
2.831605234942963789e-01
9.438685693871787987e-12
2.831605708161536450e-01
1.602714753731182329e+00
5.281911834939926156e-11
7.922867752409888942e-01
1.612336712790110260e+00
5.374456151669408785e-11
1.612336845500822680e+00
9.090504222717953331e-01
3.030168229771471959e-11
9.090504689314415909e-01
5.768118968022358795e-01
1.922706877085703650e-11
5.768120631257110942e-01
2.507245366334812653e-01
8.357486728639455646e-12
2.507246018591836600e-01
2.192903091691815742e+00
7.309677060695039973e-11
2.192903118208512137e+00
5.475300113180433526e-01
1.825100169882922748e-11
5.475300509648768355e-01
8.023275924940717063e-01
-2.674425721794542952e-11
-8.023277165383628784e-01
1.194671041463024386e+00
3.982237127096044814e-11
1.194671138128813537e+00
6.398449350820254455e-01
-2.132816897956197802e-11
-6.398450693868593664e-01
1.762233457947671444e-01
-5.874116036103623554e-12
-1.762234810831087017e-01
2.429288940589303947e-01
-8.097634651747547845e-12
-2.429290395524264512e-01
4.457233144867550623e-01
-1.485744769309570857e-11
-4.457234307928713002e-01
2.234937045978540482e+00
-7.449790609515512979e-11
-2.234937182854654036e+00
2.869163615831755720e-01
-9.563884966144732539e-12
-2.869165489843419903e-01
9.168305153202482849e-01
3.416895417559322230e-11
5.125343126338983701e-01
2.145807005978991322e-01
-9.939331152725280698e-12
-1.490899672908791995e-01
8.739176218725043244e-01
2.913059202731866050e-11
8.739177608195598523e-01
1.594747614489465892e+00
-5.315825710688338918e-11
-1.594747713206501771e+00
1.426177258682199689e+00
4.753924245556849456e-11
1.426177273667054823e+00
4.850328390095593467e-01
-1.616776756400645189e-11
-4.850330269201935107e-01
1.560183902722144800e-01
5.200619660133995982e-12
1.560185898040198915e-01
8.239622619271728121e-01
2.746540873208738837e-11
8.239622619626216782e-01
5.020781232840800801e-01
1.673593811640976044e-11
5.020781434922928499e-01
4.612354151616284148e-01
-1.537451639387575563e-11
-4.612354918162727135e-01
1.417560284732286568e-01
-4.725204061995038167e-12
-1.417561218598511474e-01
7.227178747097345868e-01
2.409059875614675575e-11
7.227179626844026927e-01
1.690844857715747551e+00
5.636150037186307012e-11
1.690845011155892141e+00
4.096387295845132503e-01
1.365462554359026367e-11
4.096387663077079022e-01
5.629915630873335575e-01
1.876638726963715182e-11
5.629916180891145761e-01
2.306107439850152208e+00
-7.687025072917045437e-11
-2.306107521875113697e+00
1.871922913879618400e-01
6.239746646956965730e-12
1.871923994087089649e-01
2.257855212800279343e-01
7.526185910674572661e-12
2.257855773202371852e-01
1.651767916611556419e+00
5.505893663320014931e-11
1.651768098996004408e+00
7.470939532831167851e-01
2.490313521455048796e-11
7.470940564365146086e-01
3.544882827004736670e-01
1.181628263789583593e-11
3.544884791368750898e-01
4.243473292031350597e-01
-1.414491458901407452e-11
-4.243474376704222117e-01
4.357674690936423900e-01
1.452558705379444793e-11
4.357676116138334277e-01
3.124203001111653943e-01
-1.041401084180419882e-11
-3.124203252541259412e-01
1.286389665719303022e+00
-4.287965872473039157e-11
-1.286389761741911775e+00
8.101209288831638933e-01
-2.700403431043967168e-11
-8.101210293131901885e-01
1.994601901543892275e+00
6.648673604049819168e-11
1.994602081214945866e+00
1.259056617010071211e+00
-4.196855624929763006e-11
-1.259056687478928849e+00
6.348893705722924441e-01
-2.116298171079033212e-11
-6.348894513237099968e-01
3.830735621458805640e-01
1.276912389470577897e-11
3.830737168411733617e-01
5.994730840979566322e-01
1.998244103529954368e-11
5.994732310589863111e-01
8.279219587912740597e-01
2.759740033073502545e-11
8.279220099220507834e-01
4.836078211217785250e-01
1.612026624026541401e-11
4.836079872079623865e-01
3.811163586569379369e-01
-1.270388170179131491e-11
-3.811164510537394245e-01
3.109105060044200730e+00
1.036368404735708803e-10
3.109105214207126267e+00
1.359153332052537078e+00
-4.530511408871994170e-11
-1.359153422661598221e+00
2.991125263180317018e-01
-9.970424062615625312e-12
-2.991127218784687680e-01
4.214684977017011391e-01
1.404895230097495872e-11
4.214685690292487852e-01
6.610282628834035501e-01
-2.203427795709393943e-11
-6.610283387128181865e-01
3.001601280016717443e-01
-1.000534174842992442e-11
-3.001602524528977356e-01
1.969066884998600941e-01
6.563557657468131307e-12
1.969067297240439385e-01
4.327519741040719015e-01
1.442506860506073021e-11
4.327520581518218834e-01
4.694510806047826335e-01
-1.564837216917965382e-11
-4.694511650753895871e-01
6.263993549006823258e-01
-2.087998506913347531e-11
-6.263995520740042178e-01
1.332153170695268285e+00
4.440510597681907488e-11
1.332153179304572221e+00
6.016785847662653453e-01
2.005595432311379198e-11
6.016786296934137912e-01
5.628647609801600282e-01
1.876216258812872348e-11
5.628648776438617274e-01
3.139543339737969063e-01
1.046514905147461741e-11
3.139544715442385003e-01
3.431900999913211625e-01
9.856820847862533475e-12
1.478523127179380003e-01
1.097702450845496891e+00
3.659008578483767360e-11
1.097702573545130234e+00
1.073914485014106468e+00
-3.579715193779177776e-11
-1.073914558133753250e+00
5.666907209711999904e-01
1.888969208629037846e-11
5.666907625887113165e-01
7.935592924943619675e-01
-2.504091489738244489e-11
-2.504091489738244358e-01
6.347735153476736780e-01
2.115912073691308429e-11
6.347736221073925211e-01
1.781895795789977255e+00
5.893744311038976928e-11
8.840616466558465225e-01
4.379026465474597507e-01
1.459676150383287844e-11
4.379028451149863388e-01
7.736910284071256694e-01
2.578970226520708866e-11
7.736910679562126747e-01
2.039919013967313177e-01
6.799732666269313891e-12
2.039919799880794138e-01
3.834059379859366956e-01
1.278020106241230373e-11
3.834060318723691019e-01
1.020193473450028421e+00
3.400645045147552080e-11
1.020193513544265684e+00
4.997584574388784784e-01
1.665861911248778560e-11
4.997585733746335301e-01
2.649320002310528110e+00
8.831067070587486226e-11
2.649320121176245824e+00
7.449179089489191830e-01
2.483059912679395678e-11
7.449179738038187448e-01
5.096495272111225550e-01
1.698832311369421963e-11
5.096496934108265542e-01
3.536341806986383896e-01
1.178781207531024122e-11
3.536343622593072222e-01
1.010528215441773847e+00
3.368427955723763374e-11
1.010528386717129079e+00
7.598523315877161455e-01
2.532841398076416709e-11
7.598524194229250295e-01
6.135623251191709704e-01
2.045208062799765345e-11
6.135624188399295686e-01
7.577759606650893431e-01
-2.525920186893613353e-11
-7.577760560680839586e-01
1.290648919943042872e+00
4.302163375128499768e-11
1.290649012538549911e+00
2.566308828061256153e-01
8.554366432823926584e-12
2.566309929847178095e-01
2.828339120579574928e-01
-9.427801338488771072e-12
-2.828340401546631244e-01
4.034274613025948253e-01
1.344758521073233535e-11
4.034275563219700822e-01
5.593323007499607646e-01
-1.864441305948711162e-11
-5.593323917846133586e-01
8.819227344164506377e-01
3.121908651245888696e-11
4.682862976868833460e-01
1.110823208938512385e+00
-3.702744342078377030e-11
-1.110823302623513031e+00
4.406511530720037539e-01
1.468837647684788963e-11
4.406512943054366471e-01
6.053970408050425300e-01
-2.017990418339659939e-11
-6.053971255018979480e-01
8.967280930733692035e-01
2.989093737790215870e-11
8.967281213370648096e-01
9.165307348659894604e-01
3.055102557421250669e-11
9.165307672263751648e-01
1.646291502809687168e+00
5.487638882871706605e-11
1.646291664861512016e+00
4.896009950937008637e-01
-1.632003629325877516e-11
-4.896010887977632620e-01
1.520155782899081043e+00
5.067186216066063443e-11
1.520155864819819014e+00
8.377790889484847403e-01
-2.792597369760491441e-11
-8.377792109281474442e-01
1.848857258512280610e-01
-6.162862651367513901e-12
-1.848858795410254219e-01
3.997670511425334694e-01
1.332556968781371426e-11
3.997670906344114039e-01
3.055848905805702009e-01
1.018616507350967700e-11
3.055849522052903056e-01
1.831377857038140045e+00
6.104593276478833312e-11
1.831377982943650062e+00
6.250973180534171725e-01
2.083658035012296017e-11
6.250974105036888329e-01
3.275093001894310851e-01
-1.091698149654302992e-11
-3.275094448962909133e-01
1.653000750702975585e+00
5.439146291984845751e-11
8.158719437977268729e-01
8.537475051939142912e-01
2.725337326368307637e-11
4.088005989552461195e-01
3.095643403722411202e-01
1.031881463554725355e-11
3.095644390664176182e-01
3.538155796295779365e-01
-1.179385622611231502e-11
-3.538156867833694430e-01
1.397360429192958442e+00
4.657868657114277699e-11
1.397360597134283289e+00
2.838589616664673798e+00
9.461965489502619834e-11
2.838589646850786075e+00
1.757528955482539734e+00
5.858429980564371132e-11
1.757528994169311520e+00
6.625652226151461655e-01
2.208551115888835611e-11
6.625653347666506932e-01
7.470704087853254904e-01
2.490235013483965072e-11
7.470705040451894874e-01
1.104515372888918767e+00
3.681718533033788523e-11
1.104515559910136613e+00
1.261652567118372037e+00
4.205508881272270667e-11
1.261652664381681221e+00
4.679637160294609077e-01
1.559879163864399135e-11
4.679637491593197640e-01
1.035679208562479525e+00
-3.452264234645579861e-11
-1.035679270393673912e+00
8.614572627641583491e-01
-2.871524434108478793e-11
-8.614573302325436721e-01
1.111304818585645116e+00
-3.704349906343022487e-11
-1.111304971902906669e+00
7.910370812032262444e-01
2.758553156000622533e-11
4.137829734000933457e-01
1.467743961468893854e+00
4.892479941338830813e-11
1.467743982401649161e+00
1.154175447973007751e+00
3.847251716881347795e-11
1.154175515064404411e+00
7.962053511647716464e-01
2.654018203699097219e-11
7.962054611097291179e-01
1.949220758752187033e-01
-6.497406373566723600e-12
-1.949221912070017160e-01
1.513263390522265439e+00
5.044211800809763008e-11
1.513263540242928862e+00
4.140701117018693034e-01
1.380233967412843209e-11
4.140701902238529408e-01
5.612173999542746650e-01
1.870724980651140884e-11
5.612174941953422813e-01
3.149454598413499173e-01
1.049818290595792231e-11
3.149454871787376598e-01
7.209967629198363870e-01
-2.403322951262275988e-11
-7.209968853786827836e-01
3.823024355923775319e-01
1.274341750444511312e-11
3.823025251333533880e-01
1.251902350808414388e+00
-4.173008267716938230e-11
-1.251902480315081556e+00
8.234831277967576968e-01
2.744944220620326074e-11
8.234832661860977954e-01
3.257244257345034200e+00
1.085748125433051949e-10
3.257244376299155864e+00
5.492726439778748970e-01
1.830909259360409307e-11
5.492727778081227807e-01
7.079658803094760477e-01
2.359886670244106785e-11
7.079660010732320430e-01
1.086917787640127475e+00
-3.623059653023586097e-11
-1.086917895907075771e+00
1.504525015403981536e+00
5.015083596170934467e-11
1.504525078851280284e+00
1.126938893046113277e+00
3.756463404238615341e-11
1.126939021271584629e+00
4.386728877109647984e-01
1.462243418984381820e-11
4.386730256953145224e-01
5.073355264063518222e-01
-1.691118549110691236e-11
-5.073355647332074003e-01
5.243632585944071334e-01
1.747877785026830170e-11
5.243633355080490333e-01
1.697864642785910316e+00
5.659549035256044045e-11
1.697864710576813208e+00
7.157025412099387029e-01
-2.385675289012285780e-11
-7.157025867036856948e-01
5.355197795303130448e-01
1.785066431726283353e-11
5.355199295178849628e-01
1.934597820143086233e+00
6.448659429395629879e-11
1.934597828818688914e+00
1.710772419010286871e-01
-5.702580901602137206e-12
-1.710774270480641124e-01
1.364411781103338939e+00
-4.548039504379496393e-11
-1.364411851313849011e+00
3.106037451547701278e-01
1.035345978873017355e-11
3.106037936619052142e-01
9.707915484052243027e-01
-3.235971938016542204e-11
-9.707915814049625780e-01
1.957571392675322430e+00
6.525238598213835472e-11
1.957571579464150835e+00
8.070996149958979959e-01
2.690332369380707145e-11
8.070997108142121679e-01
1.914138821493837350e-01
6.380466026605025133e-12
1.914139807981507513e-01
1.556914888501514938e-01
-5.189722333121604942e-12
-1.556916699936481407e-01
1.059094305943119041e+00
3.530314531114294356e-11
1.059094359334288304e+00
1.666346747909104531e+00
5.554489656764384704e-11
1.666346897029315377e+00
8.844833517149532920e-01
2.948278045540472579e-11
8.844834136621417819e-01
9.152619667550389027e-01
-3.050873546906279577e-11
-9.152620640718838185e-01
2.153530679103612400e-01
7.178438141611502033e-12
2.153531442483450631e-01
9.145492121551040965e-01
3.048497798838463823e-11
9.145493396515391726e-01
7.253495484113242631e-01
-2.417832293585435567e-11
-7.253496880756307164e-01
2.867638577600282179e-01
9.558797350151489675e-12
2.867639205045446893e-01
5.786770743552325236e-01
1.915418959212277333e-11
2.873128438818415842e-01
5.502977087317375560e-01
1.834326187767049264e-11
5.502978563301147430e-01
4.059725591358219754e-01
-1.353241966241069480e-11
-4.059725898723208215e-01
1.022394970699411765e+00
3.407983639700554424e-11
1.022395091910166309e+00
3.915872071889581196e-01
-1.305291307186158802e-11
-3.915873921558476467e-01
1.512351338743992413e-01
5.041174319844605403e-12
1.512352295953381665e-01
6.579381367834362671e-01
2.193127448439819213e-11
6.579382345319457759e-01
3.984934343657965394e-01
1.328312051278102123e-11
3.984936153834306438e-01
1.042426486749559872e-01
-3.474755012192992781e-12
-1.042426503657897796e-01
1.060745199026780217e+00
3.535817630607896828e-11
1.060745289182368989e+00
2.053257691486547021e+00
6.844192947532282810e-11
2.053257884259684918e+00
1.152055718993519218e+00
3.840186187165839145e-11
1.152055856149751811e+00
1.085653637637334690e+00
-3.618845793304356313e-11
-1.085653737991306933e+00
1.041292647409774563e+00
3.470976001199889387e-11
1.041292800359966852e+00
8.593760368781903081e-01
2.864587046775580510e-11
8.593761140326741099e-01
1.662622796469727993e+00
-5.542076502988476556e-11
-1.662622950896542884e+00
1.256419986807062461e-01
-4.188070740650947005e-12
-1.256421222195284182e-01
2.821160714027413530e+00
9.403869396638895179e-11
2.821160818991668595e+00
4.023634647434808365e-01
-1.341211775355031727e-11
-4.023635326065095330e-01
1.295455356840810479e+00
-4.318184880774130621e-11
-1.295455464232239118e+00
5.623872041225014273e-01
1.874624598117560294e-11
5.623873794352680644e-01
1.510470892330770809e-01
-5.034908528246611967e-12
-1.510472558473983651e-01
1.640116451700386058e-01
-5.467058039426621594e-12
-1.640117411827986538e-01
1.482296006991812076e+00
4.940986709070264957e-11
1.482296012721079581e+00
5.802100079227371365e-01
1.934033563766281389e-11
5.802100691298843760e-01
1.530833613795459902e+00
-5.102778790719397344e-11
-1.530833637215819110e+00
5.299673077686853917e-01
1.766558174113088803e-11
5.299674522339266058e-01
4.179709344046547703e-01
1.393236969952465081e-11
4.179710909857395351e-01
4.371779181206678633e-01
-1.457260350565288922e-11
-4.371781051695867171e-01
2.858223801340958881e-01
9.527418220934727170e-12
2.858225466280417959e-01
1.835872792096442163e+00
6.119576442598800209e-11
1.835872932779639921e+00
5.269112037905541168e-01
1.756370951722549766e-11
5.269112855167649156e-01
9.057278355577522699e-01
-3.019092892104918533e-11
-9.057278676314755028e-01
1.446593944142521737e+00
-4.821980260357334761e-11
-1.446594078107200421e+00
2.481935119883534602e-01
8.273120048946560267e-12
2.481936014683968073e-01
1.538420162361810561e+00
-5.128067507608471726e-11
-1.538420252282541423e+00
6.512979757736337971e-01
-2.170993332460412104e-11
-6.512979997381236341e-01
3.056349689400607028e-01
1.018783478937657085e-11
3.056350436812971250e-01
1.284008429894890890e-01
4.280031052047538275e-12
1.284009315614261515e-01
2.567209250560976708e-01
8.557366627063090218e-12
2.567209988118926978e-01
1.171320816505090345e+00
3.904402934638900404e-11
1.171320880391670149e+00
1.600736156955047562e+00
5.335787582695868094e-11
1.600736274808760351e+00
1.446688270236728302e+00
-4.822294885952386390e-11
-1.446688465785715971e+00
2.768677340465408587e+00
9.228924700642517413e-11
2.768677410192755151e+00
1.342905126183175701e+00
-4.476350467846700185e-11
-1.342905140354009985e+00
3.272843184408122497e+00
-1.090947764648858689e-10
-3.272843293946575915e+00
3.848424454241615722e-01
-1.282808338825471985e-11
-3.848425016476416105e-01
6.590405293669483466e-01
2.196801992084066394e-11
6.590405976252199372e-01
4.633864942221660455e-01
-1.414229575970433876e-11
-2.121344363955650625e-01
1.617429747482575841e+00
5.391432838177392382e-11
1.617429851453217715e+00
5.722793732566370251e-01
-1.873023087052933229e-11
-2.809534630579400005e-01
1.698487224978306509e+00
-5.661624298229460289e-11
-1.698487289468838091e+00
4.719165594042652456e-01
1.573055802993309357e-11
4.719167408979928480e-01
6.292638801022559791e-01
1.976388308144306948e-11
1.976388308144307049e-01
3.797407305822594892e-01
-1.265802530500716381e-11
-3.797407591502149349e-01
1.525048333838306736e+00
5.083494694584578411e-11
1.525048408375373477e+00
1.114609752215487859e+00
3.715366162561751493e-11
1.114609848768525424e+00
6.604455894616246825e-01
2.201485580154360158e-11
6.604456740463080511e-01
6.916102601203119038e-01
-2.305367657370778315e-11
-6.916102972112334601e-01
3.377137041390644856e-01
-1.125712850250091440e-11
-3.377138550750274359e-01
4.233559841056509510e-01
-1.411187028652870689e-11
-4.233561085958612025e-01
7.311577602529306663e-01
2.437192711442669538e-11
7.311578134328008405e-01
2.878233838003589451e+00
9.263807005863911806e-11
1.389571050879586656e+00
1.238300921207720284e+00
-4.127670174220284954e-11
-1.238301052266085556e+00
5.214452128124785757e-01
1.738151022869988280e-11
5.214453068609964381e-01
2.729869419175190881e+00
9.099564888805238547e-11
2.729869466641571485e+00
3.583115149815229161e-01
1.194372178409472011e-11
3.583116535228416111e-01
2.398392042346679798e-01
7.994641953365670954e-12
2.398392586009701344e-01
4.703195492196561300e-01
-1.567731984813650748e-11
-4.703195954440952398e-01
4.966868938195081462e-01
-1.655623248695263004e-11
-4.966869746085788573e-01
1.399219426256768928e-01
4.664068093611029060e-12
1.399220428083308709e-01
2.264567581644969518e+00
7.548558944783148236e-11
2.264567683434944634e+00
3.742688990533615812e-01
1.247563439555543128e-11
3.742690318666629379e-01
2.261440556280793768e+00
7.538135538958551455e-11
2.261440661687565523e+00
7.854647044393979760e-01
2.618215952560564375e-11
7.854647857681693601e-01
7.888208018094461371e-01
2.629403035055786122e-11
7.888209105167358626e-01
3.445053924705975823e-01
-1.148351583421384361e-11
-3.445054750264153198e-01
1.084117065704653493e+00
3.613723935686390114e-11
1.084117180705917116e+00
1.232199461005662577e+00
-4.107331614584730444e-11
-1.232199484375419152e+00
6.509439548374377216e-01
2.169813504420781745e-11
6.509440513262345629e-01
4.456352466292347603e-01
-1.485451006209322860e-11
-4.456353018627968177e-01
1.914463014991189205e+00
6.381543635380164744e-11
1.914463090614049401e+00
4.365008346385297888e-01
-1.455003299074994826e-11
-4.365009897224984559e-01
7.787307400501894961e-01
2.595769274446779769e-11
7.787307823340339219e-01
9.522159649980148632e-01
3.174053666439410231e-11
9.522160999318229901e-01
1.986848240960468859e+00
6.622827787867386673e-11
1.986848336360215850e+00
9.584795975030192539e-01
3.194932469225778143e-11
9.584797407677334569e-01
2.501739446471137329e-01
7.355707605044313573e-12
1.103356140756646953e-01
1.652775260535108037e+00
-5.509251377875117526e-11
-1.652775413362535195e+00
5.950307112089130435e-01
-1.983436187092874565e-11
-5.950308561278623287e-01
9.183796062198960053e-01
-3.061266012942376980e-11
-9.183798038827131194e-01
1.401199850415966619e+00
-4.670666526280282871e-11
-1.401199957884084801e+00
7.438003377025779184e-01
-2.479334826879734153e-11
-7.438004480639202054e-01
3.672833458788811734e-01
-1.224278194633854598e-11
-3.672834583901563588e-01
1.112184855663758354e+00
-3.707283283290519435e-11
-1.112184984987155900e+00
4.448699740734852748e-01
-1.482900321977850737e-11
-4.448700965933552465e-01
8.695996379434627332e-01
2.898665963800837296e-11
8.695997891402511559e-01
2.679248878141247681e-01
8.930832724346277083e-12
2.679249817303883119e-01
8.972253871996038743e-01
2.987222185352641067e-11
4.480833278028961697e-01
1.540398959708086268e+00
-5.134663628300524079e-11
-1.540399088490157276e+00
4.365811959382648877e-01
-1.455271079484465030e-11
-4.365813238453394862e-01
7.037659800767377405e-01
-2.345887166980037937e-11
-7.037661500940113335e-01
7.303966650136944905e-01
2.434655809633172755e-11
7.303967428899518222e-01
6.393811004758647165e-01
2.131270711686193856e-11
6.393812135058581925e-01
7.035740272824134722e-01
-2.345246924523295096e-11
-7.035740773569885143e-01
2.121832279623153683e-01
-7.072777927032233013e-12
-2.121833378109669876e-01
5.416869375355062299e-01
-1.805623673023683355e-11
-5.416871019071050064e-01
1.801908661957241087e-01
6.006365221432626142e-12
1.801909566429787946e-01
3.583308867668610898e-01
1.194436705507769851e-11
3.583310116523309441e-01
4.224636362577786075e-01
-1.408212365401404686e-11
-4.224637096204214015e-01
1.964294912663870352e-01
6.547651007811134829e-12
1.964295302343340432e-01
9.001060220275527435e-01
3.000354009967717142e-11
9.001062029903150741e-01
5.654557880086911181e-01
1.884852941461987360e-11
5.654558824385962357e-01
9.568178463720568017e-01
-3.266930321881291802e-11
-3.266930321881291732e-01
3.272895037313808264e-01
-1.090965170665323524e-11
-3.272895511995970730e-01
1.440962722050122546e-01
-4.803211596999286614e-12
-1.440963479099786060e-01
3.025259330873059760e+00
1.008419794854059553e-10
3.025259384562178688e+00
2.085786982275718682e+00
6.605866605969544840e-11
9.908799908954315505e-01
2.974472753885084586e-01
-9.914913782630745962e-12
-2.974474134789223956e-01
1.028090157188351839e+00
3.426967407885698331e-11
1.028090222365709572e+00
4.182939566082255478e-01
1.394313349741070515e-11
4.182940049223211609e-01
3.137884993906186470e-01
1.045962101460083276e-11
3.137886304380249625e-01
2.330974013589129257e+00
7.769913717136694282e-11
2.330974115141008163e+00
4.361995416533627767e-01
1.453998669422645486e-11
4.361996008267936542e-01
1.388177805455430569e+00
-4.627259394703803293e-11
-1.388177818411141073e+00
4.750607337935307539e-01
-1.583536042270893582e-11
-4.750608126812680410e-01
8.545766750063328310e-01
-2.848589054382177934e-11
-8.545767163146533729e-01
1.784998982812437074e+00
-5.949996930197505503e-11
-1.784999079059251814e+00
4.570899791981164473e-01
1.523633530682369862e-11
4.570900592047109634e-01
5.086696467380401598e-01
-1.695565798130491009e-11
-5.086697394391472837e-01
7.275867465293845981e-01
2.425289398082849992e-11
7.275868194248550358e-01
2.655015101196812610e-01
-8.850053739170358340e-12
-2.655016121751107572e-01
3.444891437934781142e-01
1.148297459899789666e-11
3.444892379699369123e-01
1.874059900133322465e-01
-6.246869161229312789e-12
-1.874060748368793772e-01
3.765953640382532219e-01
-1.255318311555564538e-11
-3.765954934666693732e-01
2.065030001422676342e+00
-6.883433609946692276e-11
-2.065030082984007809e+00
1.030392344361274359e+00
3.434641600824910580e-11
1.030392480247473097e+00
8.950792965941729573e-01
-2.983598044023091469e-11
-8.950794132069275211e-01
1.786929312092939703e-01
-5.956436063605950335e-12
-1.786930819081785082e-01
1.074967981989600085e+00
-3.583226831662490352e-11
-1.074968049498747025e+00
2.175277710053812541e+00
7.250926191769474458e-11
2.175277857530842240e+00
4.064013036947203839e-01
-1.354671291964890502e-11
-4.064013875894671446e-01
1.234738830026956835e+00
4.057082499561540622e-11
6.085623749342311539e-01
1.343954619020923724e+00
-4.479849127916531848e-11
-1.343954738374959490e+00
5.407682456937116244e-01
-1.802561101603227018e-11
-5.407683304809680624e-01
1.045553299777651546e+00
-3.485177691383514765e-11
-1.045553307415054478e+00
3.731237020348208699e-01
-1.243746028561022588e-11
-3.731238085683067918e-01
1.100287720773980432e-01
3.667628668937953401e-12
1.100288600681386120e-01
1.767830077489800811e+00
-5.892767255174969311e-11
-1.767830176552490640e+00
8.744716657309349328e-01
2.914905624420097969e-11
8.744716873260294232e-01
4.584538125310342327e-01
-1.528179989162145174e-11
-4.584539967486435663e-01
7.764665726870114693e-01
-2.588222145307156717e-11
-7.764666435921470100e-01
3.968275799598267040e-01
1.322758947114894543e-11
3.968276841344683392e-01
1.131717448556433192e+00
-3.772391998089592879e-11
-1.131717599426877774e+00
7.579565040659869135e-01
2.526521968233342573e-11
7.579565904700027446e-01
1.613476557430166602e+00
5.378255510782854616e-11
1.613476653234856339e+00
8.713608232314653534e-01
-2.904536201330980507e-11
-8.713608603992941681e-01
1.174586610867412340e+00
-3.915288806037234736e-11
-1.174586641811170340e+00
2.304500671929709199e+00
7.681669287990678769e-11
2.304500786397203793e+00
2.155263354097144701e-01
1.023021134461349584e-11
1.534531701692024297e-01
8.606770946966746383e-01
-2.868924012036879015e-11
-8.606772036110637014e-01
5.132841275890055455e-01
1.710947483143028494e-11
5.132842449429085852e-01
1.090157289241499905e+00
-3.633857865645585314e-11
-1.090157359693675554e+00
1.584714216494065298e+00
5.282380975525683167e-11
1.584714292657704915e+00
4.605222914627206676e-01
1.535074475653248682e-11
4.605223426959746402e-01
3.905020415476578299e-01
-1.301673743453052163e-11
-3.905021230359156381e-01
1.317442825988105914e+00
4.433096895033594102e-11
6.649645342550390970e-01
1.202035834584485929e+00
4.006786230724702042e-11
1.202035869217410680e+00
1.465495671445119052e+00
4.884985778354932274e-11
1.465495733506479770e+00
2.521883175848483871e-01
-8.406277967840864127e-12
-2.521883390352259169e-01
4.950973994948971724e-01
-1.650325027081525546e-11
-4.950975081244576859e-01
5.860771990059523429e-01
1.953591082837753533e-11
5.860773248513260203e-01
1.408041514309826381e+00
-4.693471825848310671e-11
-1.408041547754493195e+00
3.065696534616192959e-01
1.021899212339447340e-11
3.065697637018341970e-01
1.067892212646124550e+00
3.559641119435859719e-11
1.067892335830757933e+00
3.686363525651102924e-01
-1.228788214272682622e-11
-3.686364642818047987e-01
2.047382565081961037e+00
7.184439111661524013e-11
1.077665866749228707e+00
1.831944361773749641e-01
-6.106485970530720798e-12
-1.831945791159216297e-01
1.245543927634552128e+00
-4.151813723998242098e-11
-1.245544117199472556e+00
4.809142587786734424e-01
-1.603047540097458834e-11
-4.809142620292376491e-01
7.158123882038230912e-01
2.386041631941938977e-11
7.158124895825817013e-01
3.690877107132971569e-01
1.230292647816419924e-11
3.690877943449260012e-01
7.584198180297753167e-01
-2.528066232543464380e-11
-7.584198697630393227e-01
1.091269952926060827e-01
3.637570008934565425e-12
1.091271002680369584e-01
6.070145132585758052e-01
-2.023382183961544066e-11
-6.070146551884632036e-01
4.316519336587802957e-01
-1.438839894260101620e-11
-4.316519682780304845e-01
7.274882439695838920e-01
-2.424960998253322642e-11
-7.274882994759968025e-01
1.554202561568405638e+00
5.180675462382586538e-11
1.554202638714776041e+00
4.943874296956410896e-01
1.647958520930097766e-11
4.943875562790293610e-01
1.621353779523841410e-01
-5.404515679730505776e-12
-1.621354703919151707e-01
7.900657747923111041e-01
2.626126518467750838e-11
3.939189777701626038e-01
4.107470653829634610e-01
1.369157278820364998e-11
4.107471836461095149e-01
4.713976253565506092e-01
1.571325824470193588e-11
4.713977473410580488e-01
1.063668873060858999e+00
3.545563155787788048e-11
1.063668946736336496e+00
6.150205572733959958e-01
-2.050068869348606942e-11
-6.150206608045820644e-01
1.039022744231348661e+00
3.463409652014270460e-11
1.039022895604281072e+00
4.544132027212075542e-01
-1.514710985544604849e-11
-4.544132956633814557e-01
9.603432037635839524e-01
3.201144349073590426e-11
9.603433047220770735e-01
2.215503238063782077e-01
7.385014700007786463e-12
2.215504410002335778e-01
5.066393449591413134e-01
1.688798196754660349e-11
5.066394590263980646e-01
1.101136434003151754e+00
3.670454981138532953e-11
1.101136494341559802e+00
3.414094687094933467e-01
1.138031932449014790e-11
3.414095797347044270e-01
7.215207797047022975e-01
2.405069292852654444e-11
7.215207878557963195e-01
1.063842774912096695e-01
3.546145788469001882e-12
1.063843736540700524e-01
3.089295422448886663e-01
1.029765793207048823e-11
3.089297379621146478e-01
6.147381257907884589e-01
2.049127554817281918e-11
6.147382664451845891e-01
1.180130993498804903e+00
3.933770530630741385e-11
1.180131159189222512e+00
1.625843476210742100e+00
5.419478535570357237e-11
1.625843560671107246e+00
8.098009034137456652e-01
2.699336675051107348e-11
8.098010025153321578e-01
5.361915904225309504e-01
1.797850412551989972e-11
2.696775618827985110e-01
2.418868753234668212e+00
8.062896267634374210e-11
2.418868880290312440e+00
4.055733687462800274e-01
-9.152551795430817512e-12
-1.372882769314622831e-01
2.395508905939834066e-01
-7.985034485787191397e-12
-2.395510345736157620e-01
5.972956959479871486e-01
1.990986024743905921e-11
5.972958074231717873e-01
1.187882101322836226e+00
3.959607322599948134e-11
1.187882196779984412e+00
3.980395235391348541e-01
-1.326798783478175229e-11
-3.980396350434525776e-01
1.701315956310659905e+00
5.848252224243358020e-11
8.772378336365037610e-01
2.205748072653341385e+00
7.352494150588252844e-11
2.205748245176475830e+00
8.474434953068877840e-01
2.824812132141221048e-11
8.474436396423663531e-01
9.944593328731945459e-01
3.451769919691830366e-11
5.177654879537745281e-01
1.303991287927213305e+00
4.346638195866577021e-11
1.303991458759973021e+00
4.172754391761033244e-01
-1.390918683271575679e-11
-4.172756049814727031e-01
1.335532351580878352e+00
4.451774827266331658e-11
1.335532448179899578e+00
1.464792735359226938e+00
-4.882643062307470274e-11
-1.464792918692241042e+00
1.881270000351106919e+00
6.270900298397183314e-11
1.881270089519154975e+00
2.367097561614046330e-01
-7.890326695715956561e-12
-2.367098008714786928e-01
7.367208463863718082e-01
-2.455736350757315868e-11
-7.367209052271948000e-01
7.405952487115429195e-01
2.468651193156341592e-11
7.405953579469024550e-01
1.404917973949638021e+00
4.683060246476986418e-11
1.404918073943095980e+00
5.661071568740456694e-01
1.768818116591450355e-11
2.653227174887174966e-01
3.914102478320906631e-01
1.304700903090988802e-11
3.914102709272966329e-01
1.390089428467589538e+00
4.633631879997805984e-11
1.390089563999341804e+00
8.921626242576684573e-01
2.973875609240398889e-11
8.921626827721196307e-01
3.175504072362563268e-01
1.058501442213949724e-11
3.175504326641849229e-01
5.106368628258877163e-01
-1.702123083297701179e-11
-5.106369249893103479e-01
1.326186092908716807e+00
4.420620865838095735e-11
1.326186259751428675e+00
1.288562266058689842e-01
5.563978821560096736e-13
8.345968232340142401e-03
5.809157355689159585e-01
-1.936386128143601303e-11
-5.809158384430803679e-01
1.415883941818200986e+00
-4.719613696999979613e-11
-1.415884109099993848e+00
5.892769460143466587e-01
-1.965308060530251454e-11
-2.947962090795376855e-01
6.581544703460006085e-01
2.193848571714510392e-11
6.581545715143530817e-01
3.271670149262563276e-01
1.090556784173080781e-11
3.271670352519242542e-01
2.769201843670691776e+00
9.230672887552272824e-11
2.769201866265681655e+00
4.355662821747791624e-01
1.451887978309604711e-11
4.355663934928813985e-01
1.283610455056266586e-01
-4.278703383311362831e-12
-1.283611014993408794e-01
8.409134849015726942e-01
2.803045371772647012e-11
8.409136115317941140e-01
5.717308625269196254e-01
1.905769804980489923e-11
5.717309414941469381e-01
6.194721750896876600e-01
1.997434332282577413e-11
2.996151498423865744e-01
9.719991186343067691e-01
3.239997232388599638e-11
9.719991697165799582e-01
6.496684857329367846e-01
2.165561968222580876e-11
6.496685904667742761e-01
1.011161186105617171e-01
-3.370540175958706364e-12
-1.011162052787611954e-01
1.530011842990227633e+00
-5.100039798067063925e-11
-1.530011939420119260e+00
6.517310768854602809e-01
2.172437257438066965e-11
6.517311772314200446e-01
1.413950232121961581e-01
4.713171130134466817e-12
1.413951339040339927e-01
1.801312404678900581e-01
6.004380629454348076e-12
1.801314188836304342e-01
1.708060516403206330e+00
-5.693535424482617042e-11
-1.708060627344785143e+00
1.023625919726557809e+00
3.412086813920303071e-11
1.023626044176090932e+00
1.793218654910551768e+00
6.199167468493768529e-11
9.298751202740652699e-01
7.856924380859782175e-01
-2.618974973743023916e-11
-7.856924921229071490e-01
1.523216553220820391e+00
-5.077388922712268258e-11
-1.523216676813680559e+00
2.189205418566778416e+00
7.297351795291895667e-11
2.189205538587568611e+00
1.921022971117974265e+00
6.403410189680192935e-11
1.921023056904058057e+00
3.739156220809238262e-01
-1.246385845498656712e-11
-3.739157536495970047e-01
4.277396621740190419e-01
-1.425799209582135690e-11
-4.277397628746407166e-01
4.374403322391300919e-01
1.458134534394946382e-11
4.374403603184838785e-01
1.597526052480573444e+00
-5.168584165290942036e-11
-5.168584165290941446e-01
4.123222241782052433e-01
1.901588401390818719e-11
2.852382602086228069e-01
2.392346668592487013e+00
7.974489318125718079e-11
2.392346795437715556e+00
1.104296978932998163e+00
3.680990083371409266e-11
1.104297025011422795e+00
1.006598987548920521e+00
3.355330268955208844e-11
1.006599080686562564e+00
3.151904854366860409e-01
-1.050635085030193511e-11
-3.151905255090580726e-01
2.979215498238900750e-01
-9.930719165404634460e-12
-2.979215749621390574e-01
1.710914792691722974e+00
5.703049673745206424e-11
1.710914902123561898e+00
9.782683061872177177e-01
3.260894714357433082e-11
9.782684143072299943e-01
1.095162733797854449e+00
3.650542794838121795e-11
1.095162838451436471e+00
3.662961243786916898e-01
-1.220987463967692592e-11
-3.662962391903077930e-01
2.169656165297930706e-01
7.232191856346297642e-12
2.169657556903889228e-01
1.293142653232853378e+00
4.629272836747295194e-11
4.629272836747295727e-01
1.508917535137173305e+00
5.029725584379584907e-11
1.508917675313875550e+00
3.735684093242925274e-01
-1.245228377001044704e-11
-3.735685131003134152e-01
1.024418853560735032e+00
-3.414729970359398499e-11
-1.024418991107819643e+00
1.797091705305806864e+00
-5.990305905821506799e-11
-1.797091771746451849e+00
1.264365764154190774e+00
4.214552753916605630e-11
1.264365826174981722e+00
2.347012359124266201e+00
7.823374820827915675e-11
2.347012446248374573e+00
7.529623776826130932e-01
2.509874768680758736e-11
7.529624306042276283e-01
1.361571717292246131e+00
-4.538572934226558616e-11
-1.361571880267967494e+00
4.927039827387891258e-01
1.642347197974360457e-11
4.927041593923081608e-01
6.276069906316086300e-01
-2.092023733158890494e-11
-6.276071199476671580e-01
1.039559222732164001e-01
-3.465203101943973787e-12
-1.039560930583192100e-01
6.615856681379609361e-01
-2.205285819965249647e-11
-6.615857459895748693e-01
1.025387465504283391e+00
-3.417958517921742782e-11
-1.025387555376522819e+00
3.728472626546280311e-01
-1.043541045735558416e-11
-1.565311568603337811e-01
1.289965223232122593e+00
-4.299884101872415400e-11
-1.289965230561724630e+00
1.720254131459616698e+00
5.734180604998348198e-11
1.720254181499504487e+00
1.685874817971278472e-01
5.619588958388075982e-12
1.685876687516422723e-01
1.229259036767647029e-01
-4.097533505737349983e-12
-1.229260051721204894e-01
1.378203223577509906e+00
4.594011194588761356e-11
1.378203358376628440e+00
1.153442310207758226e+00
3.844808035649709546e-11
1.153442410694912823e+00
9.480891168793077473e-01
-3.160297597537445029e-11
-9.480892792612334308e-01
1.766090394494227667e+00
5.886968053613250842e-11
1.766090416083975434e+00
1.518796808200912007e+00
5.062656666763480980e-11
1.518797000029044275e+00
1.923005970828210121e+00
6.410019950017896097e-11
1.923005985005368901e+00
2.162853725390294191e+00
7.209512925246750517e-11
2.162853877574025141e+00
7.035537970608380931e-01
-2.345179787261269080e-11
-7.035539361783806900e-01
2.503599929046732564e-01
-8.345338194397576224e-12
-2.503601458319272832e-01
8.716125541332804261e-01
-2.905375749883675481e-11
-8.716127249651026698e-01
4.401715220380250093e-01
1.467238659222180815e-11
4.401715977666542656e-01
9.565603690218279498e-01
-3.188534817197037325e-11
-9.565604451591112056e-01
9.649697639860582710e-01
-3.216566285816613957e-11
-9.649698857449842126e-01
3.343001189314685484e-01
1.114334306271177460e-11
3.343002918813532398e-01
1.126494842414639042e+00
-3.754983211724776162e-11
-1.126494963517432835e+00
1.269306615193937837e+00
-4.231022220035674051e-11
-1.269306666010702189e+00
1.477945176143268480e+00
4.926484145290325003e-11
1.477945243587097446e+00
4.031957751282011504e-01
-1.576403250533344133e-11
-2.364604875800016270e-01
5.324810347520849696e-01
1.774936843737345534e-11
5.324810531212036402e-01
8.136408087893930441e-01
-2.712136360161137158e-11
-8.136409080483411049e-01
2.056985078595613192e+00
-6.856617215434294790e-11
-2.056985164630288576e+00
1.065577031233080341e+00
3.551923609682519578e-11
1.065577082904755946e+00
4.764049232704685721e-01
-1.588016642602143490e-11
-4.764049927806430218e-01
5.019422380573725917e-01
1.673141130005491101e-11
5.019423390016473085e-01
7.667303750940477336e-01
2.555768167884036407e-11
7.667304503652109249e-01
1.381372132921421025e+00
4.604574408629665535e-11
1.381372322588899637e+00
3.646072329490577246e-01
-1.030714077011287566e-11
-1.546071115516931549e-01
8.204217570036508311e-01
2.734739556043167026e-11
8.204218668129501513e-01
2.230071151009203945e+00
7.433570931010068965e-11
2.230071279303020848e+00
5.559834105172184460e-01
-1.853278262282769368e-11
-5.559834786848307786e-01
9.606130163133073108e-01
-3.202043718255976599e-11
-9.606131154767929559e-01
5.863059297584458651e-01
1.954353609905835859e-11
5.863060829717507971e-01
1.372495564989022920e+00
4.574985245519987784e-11
1.372495573655996282e+00
1.312797260541437971e+00
4.375991005335007251e-11
1.312797301600502120e+00
1.228581910458099280e+00
4.095273590519569338e-11
1.228582077155870866e+00
1.849157029574838296e-01
-6.163859363723941334e-12
-1.849157809117182305e-01
1.137206351472707988e+00
3.790688162555262154e-11
1.137206448766578726e+00
1.204399881401814199e+00
-4.014666644724407794e-11
-1.204399993417322401e+00
5.776046123967273349e-01
-1.925348882879289606e-11
-5.776046648637869207e-01
1.913218580618182063e+00
6.377395435342740326e-11
1.913218630602822268e+00
1.437079731165380014e+00
4.790060078274938919e-11
7.185090117412407107e-01
2.171753203862544446e+00
7.239177947828728890e-11
2.171753384348618532e+00
4.738344236082615013e-01
-1.579448405536932294e-11
-4.738345216610796995e-01
8.895477704026919508e-01
2.950815885134175026e-11
4.426223827701262215e-01
6.511303469534347466e-01
2.170434857929864488e-11
6.511304573789593597e-01
5.376039010699336096e-01
-1.792013627957889048e-11
-5.376040883873667298e-01
2.201503270057957984e+00
-7.338344568646097091e-11
-2.201503370593829167e+00
1.043176813029245364e+00
-3.477256057106087115e-11
-1.043176817131826084e+00
7.948391648370694007e-01
2.649464189225095402e-11
7.948392567675286458e-01
5.099031724702731694e-01
1.699677503973495413e-11
5.099032511920486010e-01
1.951170953195520807e+00
6.503903435886566594e-11
1.951171030765969983e+00
1.043714142030011560e+00
3.479047328346331092e-11
1.043714198503899349e+00
8.598514981998933715e-01
-2.866172002718960644e-11
-8.598516008156882329e-01
2.991291525835232390e-01
9.970975539330723804e-12
2.991292661799216934e-01
5.698501566073519431e-01
-1.899501143915252782e-11
-5.698503431745758352e-01
1.266953246826931223e-01
4.223177490975201786e-12
1.266953247292560425e-01
6.643565999136965550e-01
-2.214522033029805164e-11
-6.643566099089415200e-01
5.431286722697912239e-01
-1.810429311045178647e-11
-5.431287933135535706e-01
9.845978928309050415e-01
3.281993570655271917e-11
9.845980711965816035e-01
7.840373112812124567e-01
2.613458004654876694e-11
7.840374013964630517e-01
3.304210337238353001e-01
-1.101403494447642280e-11
-3.304210483342926996e-01
1.588005660639820071e+00
5.293352585774128260e-11
1.588005775732238556e+00
4.938702378078939637e-01
1.646234370788570950e-11
4.938703112365713244e-01
3.973794769979546726e-01
1.324598738307519148e-11
3.973796214922557524e-01
2.490156851587165820e-01
8.300525957100805607e-12
2.490157787130241607e-01
5.701769200816169114e-01
-1.900589819545449208e-11
-5.701769458636347654e-01
1.554645166675444612e-01
5.182157129956355320e-12
1.554647138986906540e-01
1.083619696812242239e+00
-3.734293916565526786e-11
-3.734293916565527005e-01
1.444729066450203492e+00
4.815763737203005533e-11
1.444729121160901686e+00
5.280262348356172808e-01
1.760087961217441820e-11
5.280263883652325241e-01
9.699855090629871945e-01
3.233285350350050789e-11
9.699856051050153027e-01
9.010702972114987830e-01
-3.003568304152848272e-11
-9.010704912458544769e-01
5.838831109244800865e-01
1.946277536245066213e-11
5.838832608735198271e-01
1.521532646013106227e+00
5.071775928808036228e-11
1.521532778642410877e+00
1.134566620952783600e+00
3.781888988043098815e-11
1.134566696412929732e+00
7.533779089220279390e-01
-2.511259782516557244e-11
-7.533779347549671712e-01
1.062973464341674251e-01
3.543247479661285970e-12
1.062974243898385796e-01
6.500724519485774344e-01
2.166908348230193643e-11
6.500725044690580656e-01
9.034423671673003087e-01
-3.011474633915777678e-11
-9.034423901747332675e-01
8.634655733096784358e-01
2.878218967229503011e-11
8.634656901688508857e-01
7.838240264657120315e-01
2.612747128383353555e-11
7.838241385150060969e-01
1.252317606441091802e-01
-4.174395635160527210e-12
-1.252318690548158142e-01
8.102941402912526847e-01
2.700980770787924216e-11
8.102942312363772270e-01
1.200145593103965735e+00
-4.000485716060617284e-11
-1.200145714818185105e+00
1.139333981947371788e+00
3.726739048611071369e-11
5.590108572916606677e-01
1.087887260062308847e+00
-3.626291240312972225e-11
-1.087887372093891747e+00
4.497216499988342941e-01
1.499072405964999331e-11
4.497217217894997621e-01
3.044763857101905336e-01
1.014921559611493595e-11
3.044764678834480653e-01
2.463511643927012440e-01
8.211707248024548892e-12
2.463512174407364586e-01
1.051132882997593221e+00
-3.503776822100961876e-11
-1.051133046630288614e+00
2.542189191014482263e-01
-7.561149258355138432e-12
-1.134172388753270783e-01
3.931720164633477066e-01
1.310573625399820305e-11
3.931720876199460979e-01
1.668189988294516146e+00
5.560633455488535577e-11
1.668190036646560737e+00
8.006629151078789031e-01
2.668876725970381532e-11
8.006630177911144841e-01
5.697226231443872635e-01
-1.602397873588922068e-11
-2.403596810383382965e-01
3.962914932810158719e-01
-1.320972176611568823e-11
-3.962916529834706325e-01
1.340750935453647763e+00
-4.469170050978444056e-11
-1.340751015293533133e+00
2.457333876856122867e-01
-8.191115050832536595e-12
-2.457334515249761098e-01
4.288745742343088030e-01
1.429582395382505261e-11
4.288747186147515711e-01
7.673351166061769257e-01
2.908059039310369145e-11
4.362088558965553364e-01
1.105470399803883064e+00
-3.684901835809034125e-11
-1.105470550742710278e+00
2.716049198491897521e+00
9.053497708635834773e-11
2.716049312590750553e+00
6.172710315280823812e-01
-2.057570341294858798e-11
-6.172711023884576154e-01
3.292340407505401356e-01
1.097447028342610757e-11
3.292341085027832293e-01
1.027098109931216863e+00
-3.423660699959314563e-11
-1.027098209987794331e+00
2.962748546489979429e-01
-9.875831680577539216e-12
-2.962749504173261550e-01
4.757639988717500823e-01
1.585880265354533099e-11
4.757640796063599131e-01
4.007351700582523768e-01
1.335783971338641550e-11
4.007351914015924721e-01
2.633390151813975177e-01
8.777971161921457310e-12
2.633391348576437085e-01
2.415058637389094487e-01
-8.050195993156674089e-12
-2.415058797947002289e-01
2.485308224536478150e+00
8.284361032726811392e-11
2.485308309818043515e+00
1.543023432272862649e+00
5.143411891813110102e-11
1.543023567543932995e+00
1.858741511458451290e-01
6.195806666702561504e-12
1.858742000010768503e-01
3.023696224047047187e-01
-1.007899045470191382e-11
-3.023697136410574138e-01
1.388927492614152381e+00
-4.629758690287888970e-11
-1.388927607086366756e+00
1.718508499333273765e+00
5.728361961393265905e-11
1.718508588417979821e+00
4.519428803581612697e-01
-1.506476539249273051e-11
-4.519429617747819372e-01
1.501198686305579066e+00
5.001526414127566171e-11
7.502289621191349234e-01
9.926752630252427823e-01
-3.308918097752343273e-11
-9.926754293257029627e-01
8.540564392054247334e-01
2.846855365471996365e-11
8.540566096415989072e-01
1.244083005219616345e+00
4.146943703523797622e-11
1.244083111057139313e+00
9.256337241696881435e-01
3.085446071717653646e-11
9.256338215152961624e-01
1.284241468713153811e+00
4.280805218729159652e-11
1.284241565618747805e+00
1.611831191904004701e+00
5.372770976244613041e-11
1.611831292873384003e+00
1.582241707719726165e+00
5.274139466687234461e-11
1.582241840006170408e+00
9.930643643991839964e-01
-3.310214863740884927e-11
-9.930644591222654860e-01
3.151687084813096784e-01
-1.050562838124082590e-11
-3.151688514372247840e-01
1.982362425316248900e-01
6.607874991832458065e-12
1.982362497549737534e-01
3.370342737452083903e-01
-1.123447858288538595e-11
-3.370343574865615754e-01
6.498004557696450689e-01
-2.166001615467093123e-11
-6.498004846401279622e-01
1.487727562606310228e-01
4.959097340382454047e-12
1.487729202114736193e-01
1.998391851303565225e+00
-6.661306623443836834e-11
-1.998391987033151240e+00
9.739995856692112985e-01
-3.246665440493640035e-11
-9.739996321480919317e-01
1.278464932275690691e+00
-4.261550000020569405e-11
-1.278465000006170804e+00
6.410434621288656487e-01
2.136811895420654081e-11
6.410435686261962696e-01
5.505280269566470430e-01
-1.835093992893833182e-11
-5.505281978681499933e-01
1.307593074085977358e+00
4.358644226802053142e-11
1.307593268040615930e+00
5.627037387353736042e-01
2.240624118852007559e-11
3.360936178278011166e-01
8.490359817748481808e-01
2.830120310345409781e-11
8.490360931036229353e-01
1.767827187278657453e-01
5.892760924945546791e-12
1.767828277483664001e-01
4.083718051981812813e-01
1.361239670540424978e-11
4.083719011621275152e-01
1.144546683106162643e-01
3.815159639770036304e-12
1.144547891931010919e-01
1.026962710465602946e+00
3.423209429089547327e-11
1.026962828726864174e+00
1.422954249695467688e+00
4.743180858657780066e-11
1.422954257597333960e+00
6.534372086669160140e-01
-2.178124345503039243e-11
-6.534373036509117938e-01
4.750051964476539879e-01
-1.583350739128629259e-11
-4.750052217385887787e-01
7.735534983822407451e-01
2.578512049227616850e-11
7.735536147682851027e-01
9.550360783992305480e-01
-3.183453910359914813e-11
-9.550361731079743954e-01
2.459615328058622208e-01
-6.486956796546811979e-12
-9.730435194820216682e-02
1.949690889861526166e+00
6.498969638127444602e-11
1.949690891438233376e+00
2.694390379608474495e-01
-8.981303840281182666e-12
-2.694391152084354979e-01
2.703280990544640883e-01
9.010938372951635285e-12
2.703281511885490818e-01
6.958326318989569437e-01
2.319442726493730927e-11
6.958328179481192421e-01
1.215032000413284630e+00
4.050107023103228140e-11
1.215032106930968414e+00
5.722932162536852330e-01
1.907644209108656167e-11
5.722932627325968413e-01
1.303247853730195471e+00
-4.344159726911749805e-11
-1.303247918073525025e+00
1.503601396090690212e+00
5.012004954178238877e-11
1.503601486253471675e+00
2.078654237863188092e-01
-6.928849108194380921e-12
-2.078654732458314336e-01
2.735544273485176259e+00
9.118481342493014630e-11
2.735544402747904336e+00
4.642791126972695692e-01
-1.547597555798234735e-11
-4.642792667394704531e-01
8.169990128106342508e-01
-2.723330468390046800e-11
-8.169991405170140553e-01
1.249821323031427234e+00
-4.166071428141087688e-11
-1.249821428442326354e+00
4.118560047428851401e-01
1.372853531894910527e-11
4.118560595684731540e-01
1.274965856197947667e-01
4.249888314683174008e-12
1.274966494404952133e-01
1.683100351712552567e-01
5.610337243229165331e-12
1.683101172968749504e-01
4.680881895586445629e-01
-1.560293996640184663e-11
-4.680881989920553932e-01
1.023565583112928890e+00
-3.411885739506714113e-11
-1.023565721852014221e+00
1.462785401100508587e+00
4.875951852180984284e-11
1.462785555654295244e+00
2.219179001289583564e+00
-7.397263673015488644e-11
-2.219179101904646512e+00
3.021728895221209021e-01
-1.007243297105100929e-11
-3.021729891315302896e-01
7.262413266493998876e-01
-2.420804741596964599e-11
-7.262414224790894046e-01
1.280063994356555879e-01
4.266882254361866528e-12
1.280064676308559912e-01
1.617872955548382286e-01
5.392914095626555377e-12
1.617874228687966598e-01
9.227214417752970244e-01
-3.075738442248082516e-11
-9.227215326744246937e-01
5.443560016303883309e-01
-1.814520326415146259e-11
-5.443560979245438691e-01
1.215985147308388692e+00
4.053283962953535513e-11
1.215985188886060664e+00
1.185790443622528167e+00
3.952635437324877261e-11
1.185790631197463085e+00
9.889283702209468174e-01
3.296428381761175399e-11
9.889285145283526202e-01
1.839875418315535471e+00
6.132918203269390269e-11
1.839875460980817223e+00
3.240505521301218383e+00
1.080168544450110579e-10
3.240505633350331927e+00
1.594802372074303420e+00
5.316008549252534532e-11
1.594802564775760434e+00
1.321866707773549920e-01
-4.406223511244749975e-12
-1.321867053373425027e-01
1.057507903125097126e+00
3.525026495281532913e-11
1.057507948584459845e+00
7.621444187931263325e-01
-2.540481690333661013e-11
-7.621445071000982896e-01
