1.133499145507812500e-01
1.053737588067672054e-11
3.161212764203016334e-01
1.420478820800781250e-01
1.053737588067672054e-11
3.161212764203016334e-01
1.130256652832031250e-01
1.053737588066032718e-10
3.161212764198098601e-01
2.229766845703125000e-01
2.107475176136264670e-11
3.161212764204397452e-01
1.923904418945312500e-01
1.053737588067672054e-11
3.161212764203016334e-01
3.101844787597656250e-01
3.161212764203856106e-11
3.161212764203856218e-01
2.742881774902343750e-01
1.053737588067672054e-11
3.161212764203016334e-01
2.458648681640625000e-01
1.053737588067672054e-11
3.161212764203016334e-01
2.512130737304687500e-01
1.022125460418580383e-09
3.161212764181177137e-01
1.343498229980468750e-01
1.053737588067672054e-11
3.161212764203016334e-01
1.179351806640625000e-01
1.264485105679878517e-10
3.161212764199696212e-01
1.810455322265625000e-01
1.580606382099218326e-10
3.161212764198436109e-01
2.819595336914062500e-01
1.053737588067672054e-11
3.161212764203016334e-01
2.563133239746093750e-01
5.268687940334360885e-11
3.161212764200617142e-01
3.044548034667968750e-01
1.159111346867476076e-09
3.161212764184024304e-01
1.887664794921875000e-01
3.161212764202218547e-11
3.161212764202219194e-01
1.126480102539062500e-01
6.322425528402348464e-11
3.161212764201175029e-01
2.856483459472656250e-01
1.053737588067672054e-11
3.161212764203016334e-01
1.686286926269531250e-01
1.053737588067672054e-11
3.161212764203016334e-01
2.800941467285156250e-01
3.161212764202276062e-11
3.161212764202276371e-01
1.457328796386718750e-01
4.214950352269048073e-11
3.161212764201786207e-01
2.714805603027343750e-01
1.053737588067672054e-11
3.161212764203016334e-01
2.797966003417968750e-01
1.053737588067672054e-11
3.161212764203016334e-01
3.627624511718750000e-01
1.323072915396500293e-07
3.161212763769926659e-01
1.931037902832031250e-01
8.429900704535115711e-11
3.161212764200668213e-01
1.660995483398437500e-01
1.053737588067672054e-11
3.161212764203016334e-01
3.111114501953125000e-01
1.791353899713024446e-10
3.161212764199456404e-01
2.802658081054687500e-01
6.322425528407237876e-11
3.161212764203618630e-01
1.732330322265625000e-01
2.107475176135458492e-11
3.161212764203187864e-01
1.234169006347656250e-01
6.322425528404526275e-11
3.161212764202263603e-01
1.646766662597656250e-01
1.053737588067672054e-11
3.161212764203016334e-01
2.606735229492187500e-01
2.107475176135507283e-11
3.161212764203261139e-01
2.246932983398437500e-01
1.053737588067672054e-11
3.161212764203016334e-01
1.387786865234375000e-01
7.376163116462150831e-11
3.161212764198064740e-01
1.082191467285156250e-01
5.268687940337477676e-11
3.161212764202486203e-01
1.976242065429687500e-01
1.538456878563776061e-09
3.161212764172143252e-01
2.201004028320312500e-01
7.376163116472441475e-11
3.161212764202474546e-01
1.353340148925781250e-01
4.004202834634845876e-10
3.161212764185405422e-01
1.806335449218750000e-01
2.107475176135754791e-11
3.161212764203632508e-01
2.303962707519531250e-01
3.393035033539046847e-09
3.161212764166813072e-01
1.196708679199218750e-01
7.376163116462701423e-11
3.161212764198301217e-01
3.514823913574218750e-01
5.216001060838581174e-09
3.161212764144591403e-01
2.165679931640625000e-01
2.771329856562837060e-09
3.161212764140115539e-01
1.419563293457031250e-01
1.159111346872293421e-10
3.161212764197163794e-01
3.555526733398437500e-01
1.612218509732153978e-09
3.161212764180693635e-01
1.360588073730468750e-01
1.053737588067672054e-11
3.161212764203016334e-01
2.842178344726562500e-01
1.053737588067672054e-11
3.161212764203016334e-01
1.636772155761718750e-01
1.053737588065311132e-10
3.161212764195933667e-01
1.753997802734375000e-01
6.999978796926938334e-08
3.161212763929074354e-01
1.157417297363281250e-01
6.322425528396978252e-11
3.161212764198488845e-01
1.900787353515625000e-01
3.466796664672894315e-09
3.161212764139416098e-01
1.146049499511718750e-01
2.107475176134114000e-11
3.161212764201171144e-01
1.618003845214843750e-01
1.053737588067672054e-11
3.161212764203016334e-01
1.601791381835937500e-01
1.053737588065604393e-10
3.161212764196813518e-01
2.472915649414062500e-01
3.161212764202347794e-11
3.161212764202347980e-01
3.129768371582031250e-01
6.849294322409325500e-10
3.161212764188920388e-01
2.509117126464843750e-01
1.264485105677484346e-10
3.161212764193711000e-01
1.495552062988281250e-01
5.268687940334779645e-11
3.161212764200868053e-01
3.644790649414062500e-01
3.161212764203534281e-11
3.161212764203534253e-01
2.852668762207031250e-01
1.194938424847868174e-08
3.161212764147799947e-01
2.212448120117187500e-01
5.479435457910871500e-10
3.161212764179349155e-01
2.598648071289062500e-01
3.161212764203700364e-11
3.161212764203700787e-01
1.817550659179687500e-01
1.053737588067672054e-11
3.161212764203016334e-01
1.548461914062500000e-01
3.161212764202724549e-11
3.161212764202724901e-01
1.422805786132812500e-01
5.268687940335899570e-11
3.161212764201540293e-01
2.245903015136718750e-01
2.107475176134831967e-11
3.161212764202248060e-01
1.541366577148437500e-01
2.845091487773624009e-10
3.161212764192915525e-01
1.542167663574218750e-01
1.053737588067672054e-11
3.161212764203016334e-01
2.868118286132812500e-01
6.322425528402780148e-11
3.161212764201389858e-01
2.178802490234375000e-01
2.107475176135349601e-11
3.161212764203024106e-01
1.190414428710937500e-01
1.053737588067672054e-11
3.161212764203016334e-01
2.773895263671875000e-01
2.107475176136207801e-11
3.161212764204311965e-01
1.693687438964843750e-01
1.053737588067672054e-11
3.161212764203016334e-01
1.347999572753906250e-01
5.268687940337234692e-11
3.161212764202340209e-01
1.808242797851562500e-01
2.528970211351520383e-10
3.161212764189400004e-01
2.619476318359375000e-01
1.053737588067672054e-11
3.161212764203016334e-01
2.185554504394531250e-01
1.896727658519145433e-10
3.161212764198574887e-01
2.860755920410156250e-01
3.161212764202279293e-11
3.161212764202279146e-01
1.440505981445312500e-01
3.161212764202708393e-11
3.161212764202708803e-01
2.378845214843750000e-01
4.214950352272719333e-11
3.161212764204539560e-01
2.935791015625000000e-01
2.107475176135518915e-11
3.161212764203278347e-01
1.587867736816406250e-01
1.053737588067672054e-11
3.161212764203016334e-01
1.170539855957031250e-01
4.214950352264877919e-11
3.161212764198658709e-01
3.672828674316406250e-01
5.268687940338599540e-11
3.161212764203159553e-01
1.447753906250000000e-01
2.107475176127934703e-10
3.161212764191902447e-01
2.381553649902343750e-01
5.268687940333260993e-11
3.161212764199956560e-01
2.867393493652343750e-01
1.791353899712101106e-10
3.161212764197824932e-01
1.870574951171875000e-01
9.483638292600783306e-11
3.161212764200260761e-01
1.317024230957031250e-01
4.214950352268492957e-11
3.161212764201369874e-01
3.045196533203125000e-01
1.580606382096082794e-10
3.161212764192165570e-01
1.579132080078125000e-01
1.053737588067672054e-11
3.161212764203016334e-01
1.396598815917968750e-01
5.268687940337774298e-11
3.161212764202663839e-01
2.701492309570312500e-01
6.322425528403643518e-11
3.161212764201821179e-01
1.107215881347656250e-01
4.214950352271163200e-11
3.161212764203372716e-01
1.343231201171875000e-01
9.483638292602574669e-11
3.161212764200858061e-01
1.040077209472656250e-01
4.214950352271731240e-11
3.161212764203797931e-01
2.408218383789062500e-01
1.896727658488149838e-09
3.161212764146916210e-01
2.389717102050781250e-01
1.053737588067672054e-11
3.161212764203016334e-01
2.938156127929687500e-01
1.053737588067672054e-11
3.161212764203016334e-01
1.909904479980468750e-01
1.053737588067672054e-11
3.161212764203016334e-01
1.006355285644531250e-01
5.268687940334460405e-11
3.161212764200675984e-01
1.993484497070312500e-01
1.896727658513480280e-10
3.161212764189133551e-01
2.375946044921875000e-01
2.107475176135762222e-11
3.161212764203643610e-01
3.785705566406250000e-01
5.057940422700084630e-10
3.161212764187552038e-01
1.024017333984375000e-01
2.107475176135601310e-11
3.161212764203402137e-01
-3.827190399169921875e+01
1.053737587481368235e-06
3.161212762444139401e-01
1.028480529785156250e-01
6.322425528397274227e-11
3.161212764198637060e-01
1.573181152343750000e-01
4.004202834620006256e-10
3.161212764173689238e-01
1.155586242675781250e-01
9.483638292593402011e-11
3.161212764197800507e-01
1.361083984375000000e-01
1.053737588067672054e-11
3.161212764203016334e-01
1.255912780761718750e-01
1.053737588067672054e-11
3.161212764203016334e-01
2.190017700195312500e-01
9.483638292599515393e-11
3.161212764199838876e-01
2.439918518066406250e-01
1.369858864486378973e-10
3.161212764199336500e-01
1.033859252929687500e-01
3.161212764204136572e-11
3.161212764204136549e-01
1.442832946777343750e-01
1.053737588067672054e-11
3.161212764203016334e-01
2.897338867187500000e-01
4.214950352248966066e-10
3.161212764186724367e-01
1.081008911132812500e-01
7.376163116467231530e-11
3.161212764200241887e-01
2.978553771972656250e-01
4.214950352270540875e-11
3.161212764202905867e-01
1.426200866699218750e-01
1.053737588067672054e-11
3.161212764203016334e-01
1.669387817382812500e-01
5.268687940332822846e-11
3.161212764199693992e-01
1.958885192871093750e-01
3.161212764202864136e-11
3.161212764202864789e-01
2.115249633789062500e-01
4.214950352267860939e-11
3.161212764200895808e-01
1.731109619140625000e-01
4.214950352270307585e-11
3.161212764202731007e-01
3.205451965332031250e-01
3.161212764203079978e-11
3.161212764203080727e-01
1.228370666503906250e-01
1.685980140905322252e-10
3.161212764197479652e-01
1.733055114746093750e-01
1.053737588067672054e-11
3.161212764203016334e-01
2.090072631835937500e-01
1.053737588067672054e-11
3.161212764203016334e-01
1.927070617675781250e-01
1.053737588067324671e-10
3.161212764201974390e-01
1.123809814453125000e-01
6.322425528399901818e-11
3.161212764199951564e-01
1.308364868164062500e-01
4.214950352272745182e-11
3.161212764204558989e-01
1.425514221191406250e-01
2.107475176134810318e-11
3.161212764202215864e-01
2.218894958496093750e-01
6.322425528380764995e-10
3.161212764190383107e-01
2.808685302734375000e-01
2.718642977165795986e-09
3.161212764146275611e-01
1.781501770019531250e-01
5.576379315709356840e-08
3.161212764007569342e-01
1.228599548339843750e-01
1.053737588067672054e-11
3.161212764203016334e-01
1.555290222167968750e-01
1.053737588067672054e-11
3.161212764203016334e-01
2.190933227539062500e-01
2.107475176135159608e-11
3.161212764202739889e-01
1.501197814941406250e-01
5.268687940337699334e-11
3.161212764202619430e-01
1.639556884765625000e-01
1.053737588067672054e-11
3.161212764203016334e-01
2.595672607421875000e-01
1.159111346873279963e-10
3.161212764199854974e-01
1.778984069824218750e-01
1.201260850385942733e-09
3.161212764173534917e-01
1.852912902832031250e-01
5.268687940334191572e-11
3.161212764200515002e-01
2.626228332519531250e-01
1.053737588067672054e-11
3.161212764203016334e-01
1.290054321289062500e-01
4.214950352269735020e-11
3.161212764202301351e-01
2.820320129394531250e-01
3.161212764203730737e-11
3.161212764203731318e-01
1.620178222656250000e-01
3.161212764204026712e-11
3.161212764204026637e-01
1.512107849121093750e-01
1.053737588067672054e-11
3.161212764203016334e-01
2.242660522460937500e-01
1.475232623289355639e-10
3.161212764191476121e-01
2.204742431640625000e-01
4.214950352273122584e-11
3.161212764204842096e-01
2.699966430664062500e-01
2.107475176135341524e-11
3.161212764203012449e-01
3.034515380859375000e-01
3.688081558220209623e-10
3.161212764188751079e-01
1.999320983886718750e-01
3.055839005387645972e-10
3.161212764194117342e-01
1.410484313964843750e-01
1.264485105679974935e-10
3.161212764199937131e-01
3.694953918457031250e-01
9.483638292602181758e-11
3.161212764200727610e-01
1.203842163085937500e-01
8.429900704539020262e-11
3.161212764202132042e-01
1.747207641601562500e-01
1.053737588067672054e-11
3.161212764203016334e-01
1.620712280273437500e-01
1.053737588067672054e-11
3.161212764203016334e-01
1.815185546875000000e-01
2.107475176135202583e-11
3.161212764202804282e-01
1.966896057128906250e-01
1.053737588067672054e-11
3.161212764203016334e-01
2.917518615722656250e-01
1.180186098622333206e-09
3.161212764166962397e-01
1.168441772460937500e-01
3.161212764201719654e-11
3.161212764201720149e-01
2.928085327148437500e-01
5.268687940333225451e-11
3.161212764199935465e-01
1.910591125488281250e-01
4.847192905084204612e-10
3.161212764185351021e-01
1.482543945312500000e-01
2.107475176135316643e-11
3.161212764202975256e-01
2.061080932617187500e-01
5.268687940338818613e-11
3.161212764203290559e-01
1.777153015136718750e-01
1.812428651465393158e-09
3.161212764183825019e-01
1.571121215820312500e-01
3.161212764201863764e-11
3.161212764201863923e-01
1.952095031738281250e-01
3.161212764204814473e-11
3.161212764204814341e-01
2.506332397460937500e-01
1.053737588067672054e-11
3.161212764203016334e-01
1.572990417480468750e-01
1.053737588067672054e-11
3.161212764203016334e-01
1.237754821777343750e-01
1.053737588067672054e-11
3.161212764203016334e-01
2.926101684570312500e-01
3.161212764201261473e-11
3.161212764201261072e-01
2.357673645019531250e-01
1.053737588067672054e-11
3.161212764203016334e-01
2.782096862792968750e-01
1.053737588067672054e-11
3.161212764203016334e-01
1.230545043945312500e-01
4.214950352268905255e-11
3.161212764201679626e-01
1.666564941406250000e-01
1.053737588067672054e-11
3.161212764203016334e-01
2.404251098632812500e-01
1.926969927067655542e-07
3.161212763822898730e-01
1.796760559082031250e-01
1.159111346873898410e-10
3.161212764201541403e-01
1.552658081054687500e-01
3.688081558216358580e-10
3.161212764185451496e-01
1.570014953613281250e-01
3.161212764201504458e-11
3.161212764201504766e-01
3.241233825683593750e-01
5.374061699125099414e-10
3.161212764191234648e-01
2.462196350097656250e-01
4.214950352272067282e-11
3.161212764204049952e-01
2.207183837890625000e-01
1.053737588067672054e-11
3.161212764203016334e-01
1.877288818359375000e-01
6.322425528403403119e-11
3.161212764201701275e-01
1.384239196777343750e-01
1.053737588067672054e-11
3.161212764203016334e-01
1.814994812011718750e-01
1.053737588067672054e-11
3.161212764203016334e-01
2.277679443359375000e-01
2.107475176135578369e-11
3.161212764203367165e-01
2.544517517089843750e-01
6.322425528399490813e-11
3.161212764199746172e-01
1.013031005859375000e-01
3.161212764202575915e-11
3.161212764202575576e-01
1.249046325683593750e-01
9.483638292603677145e-11
3.161212764201225545e-01
1.166305541992187500e-01
1.264485105679015923e-10
3.161212764197540159e-01
1.353759765625000000e-01
9.072680632930105193e-09
3.161212764087145133e-01
1.081008911132812500e-01
3.161212764202689653e-11
3.161212764202689374e-01
2.576751708984375000e-01
1.053737588067672054e-11
3.161212764203016334e-01
2.410697937011718750e-01
1.053737588067672054e-11
3.161212764203016334e-01
1.203956604003906250e-01
1.053737588067672054e-11
3.161212764203016334e-01
1.130294799804687500e-01
1.053737588067672054e-11
3.161212764203016334e-01
1.204338073730468750e-01
1.369858864486137281e-10
3.161212764198777503e-01
3.127059936523437500e-01
1.053737588067672054e-11
3.161212764203016334e-01
1.595420837402343750e-01
2.107475176134298824e-11
3.161212764201448699e-01
2.079391479492187500e-01
1.053737588067672054e-11
3.161212764203016334e-01
1.033325195312500000e-01
2.107475176134296562e-11
3.161212764201444814e-01
1.433715820312500000e-01
1.053737588067672054e-11
3.161212764203016334e-01
1.677360534667968750e-01
1.053737588067672054e-11
3.161212764203016334e-01
3.156394958496093750e-01
3.477334040615888421e-10
3.161212764196262293e-01
1.151618957519531250e-01
1.053737588067672054e-11
3.161212764203016334e-01
1.476821899414062500e-01
2.107475176135786456e-11
3.161212764203680248e-01
2.170333862304687500e-01
3.161212764204033175e-11
3.161212764204033299e-01
1.040802001953125000e-01
3.161212764202829239e-11
3.161212764202828707e-01
1.234931945800781250e-01
4.214950352268678427e-11
3.161212764201509207e-01
2.258644104003906250e-01
2.107475176135750267e-11
3.161212764203625292e-01
2.545433044433593750e-01
2.107475176131360264e-10
3.161212764197040559e-01
1.283760070800781250e-01
1.053737588067672054e-11
3.161212764203016334e-01
1.805152893066406250e-01
1.053737588067672054e-11
3.161212764203016334e-01
2.052650451660156250e-01
2.223386310805401375e-09
3.161212764178294998e-01
2.148284912109375000e-01
1.053737588067672054e-11
3.161212764203016334e-01
1.715850830078125000e-01
5.268687940339844188e-11
3.161212764203906178e-01
3.026008605957031250e-01
4.214950352270146672e-11
3.161212764202609438e-01
2.372055053710937500e-01
2.107475176135474971e-11
3.161212764203212844e-01
2.764358520507812500e-01
9.483638292600623040e-11
3.161212764200207470e-01
3.215370178222656250e-01
2.107475176135856896e-11
3.161212764203785719e-01
2.822647094726562500e-01
1.053737588067672054e-11
3.161212764203016334e-01
1.579208374023437500e-01
1.053737588067672054e-11
3.161212764203016334e-01
1.079978942871093750e-01
1.053737588067672054e-11
3.161212764203016334e-01
1.137123107910156250e-01
5.268687940334429386e-11
3.161212764200657110e-01
2.306213378906250000e-01
7.565835882166576952e-09
3.161212764136451803e-01
2.686614990234375000e-01
2.107475176135136344e-11
3.161212764202704362e-01
1.848220825195312500e-01
2.528970211355453110e-10
3.161212764194316072e-01
1.848220825195312500e-01
1.053737588067672054e-11
3.161212764203016334e-01
1.322402954101562500e-01
3.161212764203974367e-11
3.161212764203975012e-01
3.944053649902343750e-01
4.214950352268818659e-11
3.161212764201614123e-01
3.260688781738281250e-01
2.107475176136321539e-11
3.161212764204482384e-01
2.448883056640625000e-01
1.928339786138515012e-09
3.161212764161500099e-01
1.212158203125000000e-01
1.053737588067672054e-11
3.161212764203016334e-01
2.009773254394531250e-01
1.159111346872153058e-10
3.161212764196781322e-01
2.000694274902343750e-01
6.322425528404572804e-11
3.161212764202286363e-01
3.325347900390625000e-01
2.107475176135564151e-11
3.161212764203346071e-01
1.049423217773437500e-01
1.412008367998411664e-09
3.161212764175551082e-01
1.083984375000000000e-01
5.268687940338081905e-11
3.161212764202849246e-01
1.116561889648437500e-01
1.053737588067672054e-11
3.161212764203016334e-01
1.566505432128906250e-01
5.611152656028771831e-08
3.161212763959873051e-01
2.360229492187500000e-01
2.107475176134592537e-11
3.161212764201888903e-01
1.915969848632812500e-01
8.429900704535250127e-11
3.161212764200719283e-01
2.333068847656250000e-01
2.107475176136020393e-11
3.161212764204030523e-01
2.114334106445312500e-01
4.214950352269578632e-11
3.161212764202184222e-01
2.396545410156250000e-01
7.376163116469577362e-11
3.161212764201247749e-01
1.737976074218750000e-01
2.528970211355177555e-10
3.161212764193971347e-01
2.381591796875000000e-01
2.107475176136147055e-11
3.161212764204220926e-01
1.955757141113281250e-01
4.214950352270199663e-11
3.161212764202649961e-01
1.313591003417968750e-01
2.739717728959408285e-10
3.161212764183932711e-01
3.201675415039062500e-01
7.565835882198908133e-09
3.161212764149962107e-01
2.244415283203125000e-01
1.475232623290824402e-10
3.161212764194624159e-01
1.470146179199218750e-01
1.264485105680586015e-10
3.161212764201464798e-01
1.334381103515625000e-01
1.053737588066179672e-10
3.161212764198538805e-01
1.844024658203125000e-01
3.161212764202356842e-11
3.161212764202356862e-01
2.338027954101562500e-01
2.107475176135545734e-11
3.161212764203318315e-01
1.073265075683593750e-01
4.214950352270038751e-11
3.161212764202528946e-01
1.167259216308593750e-01
7.376163116463266233e-11
3.161212764198542691e-01
3.932685852050781250e-01
4.214950352269530810e-11
3.161212764202148140e-01
1.184654235839843750e-01
1.053737588067672054e-11
3.161212764203016334e-01
1.785736083984375000e-01
8.429900704528504728e-11
3.161212764198189085e-01
3.178749084472656250e-01
1.475232623291950918e-10
3.161212764197038894e-01
2.619514465332031250e-01
3.161212764203221504e-11
3.161212764203221171e-01
3.136711120605468750e-01
1.464695247406721627e-09
3.161212764187169011e-01
2.761383056640625000e-01
1.896727658516783832e-10
3.161212764194639702e-01
1.445159912109375000e-01
7.376163116469737628e-11
3.161212764201316028e-01
2.713470458984375000e-01
1.053737588067672054e-11
3.161212764203016334e-01
1.133232116699218750e-01
4.214950352269968958e-11
3.161212764202476766e-01
1.952285766601562500e-01
3.594298912737398179e-08
3.161212764061035463e-01
1.896362304687500000e-01
6.048453755327637568e-09
3.161212764108521922e-01
1.527214050292968750e-01
3.161212764200981008e-11
3.161212764200980740e-01
1.406135559082031250e-01
9.483638292589006322e-11
3.161212764196335012e-01
2.873725891113281250e-01
1.053737588067672054e-11
3.161212764203016334e-01
1.566696166992187500e-01
4.214950352269096540e-11
3.161212764201822290e-01
3.694648742675781250e-01
1.159111346873769033e-10
3.161212764201188352e-01
2.258377075195312500e-01
2.107475176135645577e-11
3.161212764203468750e-01
1.398849487304687500e-01
2.528970211348424660e-10
3.161212764185530877e-01
1.804847717285156250e-01
2.107475176135204845e-11
3.161212764202807612e-01
1.601448059082031250e-01
1.053737588067672054e-11
3.161212764203016334e-01
2.777252197265625000e-01
1.053737588067672054e-11
3.161212764203016334e-01
1.023292541503906250e-01
1.791353899711015948e-10
3.161212764195910352e-01
1.600990295410156250e-01
2.107475176134372494e-11
3.161212764201558612e-01
2.640457153320312500e-01
2.107475176135672719e-11
3.161212764203509273e-01
2.151527404785156250e-01
1.053737588067672054e-11
3.161212764203016334e-01
1.690368652343750000e-01
1.053737588067672054e-11
3.161212764203016334e-01
2.068176269531250000e-01
2.107475176135779025e-11
3.161212764203668590e-01
3.051834106445312500e-01
7.376163116465160993e-11
3.161212764199354264e-01
1.923942565917968750e-01
5.437285954249732523e-09
3.161212764098681460e-01
2.522964477539062500e-01
1.053737588067672054e-11
3.161212764203016334e-01
1.658439636230468750e-01
2.391984324886902468e-09
3.161212764167711242e-01
1.036682128906250000e-01
1.053737588067672054e-11
3.161212764203016334e-01
1.220741271972656250e-01
1.222335602148876868e-09
3.161212764178130130e-01
1.160278320312500000e-01
4.214950352269501083e-11
3.161212764202125935e-01
2.406692504882812500e-01
1.053737588067672054e-11
3.161212764203016334e-01
2.976684570312500000e-01
1.053737588067672054e-11
3.161212764203016334e-01
2.131881713867187500e-01
1.053737588067672054e-11
3.161212764203016334e-01
3.040771484375000000e-01
1.053737588067672054e-11
3.161212764203016334e-01
1.085510253906250000e-01
2.002101417321196174e-10
3.161212764191361213e-01
1.932830810546875000e-01
2.107475176134724046e-11
3.161212764202085967e-01
1.617393493652343750e-01
1.053737588067672054e-11
3.161212764203016334e-01
1.831474304199218750e-01
1.159111346872533174e-10
3.161212764197817160e-01
1.346206665039062500e-01
4.214950352267179162e-11
3.161212764200384551e-01
2.179298400878906250e-01
2.107475176136073708e-11
3.161212764204111014e-01
2.177848815917968750e-01
3.161212764203491630e-11
3.161212764203492065e-01
2.216987609863281250e-01
1.053737588067672054e-11
3.161212764203016334e-01
2.000122070312500000e-01
3.371960281810763411e-10
3.161212764197591230e-01
1.390533447265625000e-01
1.580606382099212639e-10
3.161212764198425007e-01
1.149978637695312500e-01
3.161212764202292218e-11
3.161212764202291914e-01
1.281356811523437500e-01
8.429900704527662038e-11
3.161212764197873781e-01
2.500000000000000000e-01
2.107475176135099509e-11
3.161212764202648851e-01
2.934799194335937500e-01
1.053737588067672054e-11
3.161212764203016334e-01
1.619567871093750000e-01
3.277123898858482848e-09
3.161212764172171008e-01
3.033790588378906250e-01
1.053737588067672054e-11
3.161212764203016334e-01
2.268447875976562500e-01
1.053737588067672054e-11
3.161212764203016334e-01
1.019172668457031250e-01
1.053737588067672054e-11
3.161212764203016334e-01
2.574729919433593750e-01
3.161212764203797299e-11
3.161212764203797931e-01
1.938972473144531250e-01
1.475232623290247443e-10
3.161212764193387925e-01
2.053108215332031250e-01
3.909366451677043159e-09
3.161212764159335720e-01
2.444458007812500000e-01
1.053737588067672054e-11
3.161212764203016334e-01
1.492385864257812500e-01
2.423596452550886964e-10
3.161212764196809077e-01
3.039894104003906250e-01
1.053737588067672054e-11
3.161212764203016334e-01
1.247634887695312500e-01
5.268687940332198583e-11
3.161212764199319847e-01
3.312759399414062500e-01
5.374061699107560084e-10
3.161212764180918455e-01
1.975135803222656250e-01
9.589012051365199139e-10
3.161212764186330237e-01
1.967468261718750000e-01
1.053737588067672054e-11
3.161212764203016334e-01
2.203865051269531250e-01
1.053737588067672054e-11
3.161212764203016334e-01
1.757011413574218750e-01
2.318222693738741518e-10
3.161212764189193503e-01
2.445106506347656250e-01
1.053737588067672054e-11
3.161212764203016334e-01
1.628189086914062500e-01
3.161212764202932637e-11
3.161212764202932513e-01
2.913551330566406250e-01
4.741819146284340472e-10
3.161212764189560431e-01
2.323760986328125000e-01
4.214950352268198274e-11
3.161212764201148939e-01
1.191177368164062500e-01
2.107475176133430930e-11
3.161212764200146408e-01
3.164062500000000000e-01
1.053737588065548171e-10
3.161212764196644764e-01
2.819480895996093750e-01
1.053737588067672054e-11
3.161212764203016334e-01
1.140289306640625000e-01
1.053737588067672054e-11
3.161212764203016334e-01
2.680892944335937500e-01
1.053737588067672054e-11
3.161212764203016334e-01
1.167640686035156250e-01
4.847192905092954115e-10
3.161212764191057012e-01
2.523651123046875000e-01
1.897781396053878296e-08
3.161212764109740947e-01
3.157386779785156250e-01
1.053737588067672054e-11
3.161212764203016334e-01
2.957458496093750000e-01
9.378264533739257503e-10
3.161212764181771662e-01
1.500015258789062500e-01
8.851395739729884486e-10
3.161212764189243463e-01
1.620979309082031250e-01
1.791353899710555829e-10
3.161212764195098224e-01
2.788772583007812500e-01
2.318222693742943337e-10
3.161212764194922809e-01
2.905120849609375000e-01
1.053737588067672054e-11
3.161212764203016334e-01
3.164863586425781250e-01
6.322425528408481232e-11
3.161212764204240355e-01
1.122779846191406250e-01
3.161212764202327761e-11
3.161212764202328551e-01
1.962127685546875000e-01
1.053737588067672054e-11
3.161212764203016334e-01
1.597557067871093750e-01
4.425697869865018240e-10
3.161212764189298419e-01
1.011352539062500000e-01
5.268687940334365409e-11
3.161212764200619363e-01
2.091331481933593750e-01
1.127499219225251186e-09
3.161212764182947943e-01
1.796379089355468750e-01
5.057940422698086988e-10
3.161212764186303592e-01
2.876205444335937500e-01
2.518432835449698262e-09
3.161212764162803501e-01
2.293701171875000000e-01
1.053737588066216636e-10
3.161212764198649827e-01
2.185211181640625000e-01
2.950465246581034105e-10
3.161212764193965796e-01
2.112464904785156250e-01
1.053737588067672054e-11
3.161212764203016334e-01
3.369255065917968750e-01
2.107475176136114097e-11
3.161212764204170966e-01
2.716865539550781250e-01
1.053737588067672054e-11
3.161212764203016334e-01
1.165313720703125000e-01
6.322425528400364523e-11
3.161212764200182490e-01
3.250350952148437500e-01
5.268687940336762294e-11
3.161212764202057657e-01
2.028312683105468750e-01
5.068477798529647148e-09
3.161212764155704735e-01
1.550636291503906250e-01
6.322425528400572610e-11
3.161212764200286296e-01
1.666946411132812500e-01
7.376163116469958641e-11
3.161212764201411507e-01
1.084022521972656250e-01
3.266586522992655285e-10
3.161212764186440705e-01
1.675758361816406250e-01
2.107475176135445244e-11
3.161212764203168435e-01
1.094398498535156250e-01
5.268687940334917940e-11
3.161212764200950209e-01
1.478996276855468750e-01
1.053737588067672054e-11
3.161212764203016334e-01
2.167434692382812500e-01
2.107475176135764161e-11
3.161212764203646386e-01
1.085700988769531250e-01
4.214950352269860390e-11
3.161212764202395720e-01
1.130981445312500000e-01
6.902191947434895589e-07
3.161212763320932484e-01
1.532707214355468750e-01
1.053737588067672054e-11
3.161212764203016334e-01
1.738700866699218750e-01
3.477334040611735974e-10
3.161212764192486979e-01
1.376953125000000000e-01
1.053737588067672054e-11
3.161212764203016334e-01
2.620811462402343750e-01
1.053737588067672054e-11
3.161212764203016334e-01
2.162017822265625000e-01
2.107475176134950875e-11
3.161212764202426806e-01
1.950683593750000000e-01
2.423596452549872634e-10
3.161212764195486247e-01
3.229255676269531250e-01
7.376163116447635363e-10
3.161212764191844160e-01
1.553344726562500000e-01
1.159111346872129019e-10
3.161212764196715264e-01
1.928825378417968750e-01
1.264485105680486495e-10
3.161212764201216108e-01
1.559448242187500000e-01
2.507895459568582333e-09
3.161212764162077415e-01
1.733551025390625000e-01
5.268687940339068706e-11
3.161212764203441550e-01
1.236000061035156250e-01
2.950465246576643327e-10
3.161212764189261226e-01
1.222419738769531250e-01
1.053737588067672054e-11
3.161212764203016334e-01
1.734237670898437500e-01
1.369858864486363463e-10
3.161212764199299863e-01
1.492958068847656250e-01
2.107475176135760284e-11
3.161212764203640280e-01
4.137992858886718750e-01
5.268687940337442133e-11
3.161212764202465109e-01
1.732368469238281250e-01
1.053737588067672054e-11
3.161212764203016334e-01
1.044960021972656250e-01
1.264485105680205512e-10
3.161212764200513337e-01
1.070365905761718750e-01
1.093779616389651231e-08
3.161212764131936526e-01
2.309570312500000000e-01
1.053737588067672054e-11
3.161212764203016334e-01
2.594566345214843750e-01
7.165415598821574820e-10
3.161212764185989399e-01
2.183876037597656250e-01
3.161212764203344288e-11
3.161212764203344405e-01
3.441963195800781250e-01
5.584809216741652550e-10
3.161212764193387370e-01
1.633148193359375000e-01
2.107475176134717261e-11
3.161212764202075975e-01
1.655120849609375000e-01
2.212848934936156987e-10
3.161212764194509806e-01
1.974716186523437500e-01
3.161212764203378539e-11
3.161212764203378267e-01
2.293395996093750000e-01
1.001050708660524339e-09
3.161212764191128066e-01
1.778869628906250000e-01
2.107475176135887915e-11
3.161212764203832348e-01
3.684120178222656250e-01
9.483638292612502129e-11
3.161212764204167636e-01
1.919975280761718750e-01
5.268687940336695732e-11
3.161212764202017134e-01
1.454086303710937500e-01
1.580606382099152151e-10
3.161212764198305103e-01
1.936340332031250000e-01
1.053737588067672054e-11
3.161212764203016334e-01
1.724510192871093750e-01
1.053737588067672054e-11
3.161212764203016334e-01
1.786460876464843750e-01
1.053737588067672054e-11
3.161212764203016334e-01
1.606788635253906250e-01
2.107475176135440721e-11
3.161212764203161774e-01
2.723388671875000000e-01
1.053737588067672054e-11
3.161212764203016334e-01
2.628784179687500000e-01
1.053737588067672054e-11
3.161212764203016334e-01
1.685142517089843750e-01
1.053737588067672054e-11
3.161212764203016334e-01
2.623519897460937500e-01
1.053737588067672054e-11
3.161212764203016334e-01
2.695388793945312500e-01
1.053737588067672054e-11
3.161212764203016334e-01
1.340789794921875000e-01
2.304524104998467446e-08
3.161212764058253799e-01
1.236038208007812500e-01
3.161212764202203038e-11
3.161212764202203096e-01
1.298141479492187500e-01
6.828219570522481364e-09
3.161212764130779118e-01
1.800346374511718750e-01
1.580606382099304921e-10
3.161212764198610414e-01
2.262306213378906250e-01
2.528970211358422688e-10
3.161212764198028102e-01
1.434440612792968750e-01
2.107475176135648162e-11
3.161212764203472081e-01
2.142410278320312500e-01
2.107475176135238449e-11
3.161212764202857572e-01
1.027565002441406250e-01
3.161212764200364500e-11
3.161212764200364567e-01
1.156692504882812500e-01
2.802941984200783358e-09
3.161212764136220876e-01
2.295608520507812500e-01
1.580606382100373535e-10
3.161212764200748704e-01
2.074737548828125000e-01
3.161212764203061238e-11
3.161212764203061298e-01
1.082115173339843750e-01
3.161212764203883895e-11
3.161212764203883974e-01
3.822174072265625000e-01
6.322425528397742102e-11
3.161212764198871317e-01
1.047477722167968750e-01
6.322425528399771279e-11
3.161212764199886061e-01
2.328758239746093750e-01
1.685980140906771886e-10
3.161212764200198033e-01
1.359405517578125000e-01
8.429900704526109782e-11
3.161212764197292024e-01
3.148422241210937500e-01
6.322425528397377625e-11
3.161212764198689240e-01
1.902961730957031250e-01
1.053737588067672054e-11
3.161212764203016334e-01
1.563072204589843750e-01
1.053737588067672054e-11
3.161212764203016334e-01
1.192626953125000000e-01
6.322425528395771085e-11
3.161212764197885994e-01
2.481269836425781250e-01
1.053737588067672054e-11
3.161212764203016334e-01
2.198829650878906250e-01
1.580606382096995795e-10
3.161212764193991887e-01
3.095130920410156250e-01
2.233923686674009920e-09
3.161212764161337452e-01
2.615432739257812500e-01
5.268687940336633693e-11
3.161212764201980496e-01
2.446861267089843750e-01
8.429900704532208946e-11
3.161212764199578529e-01
1.349906921386718750e-01
3.898829075837673691e-10
3.161212764192707914e-01
1.025428771972656250e-01
5.268687940330049206e-11
3.161212764198029213e-01
2.040252685546875000e-01
2.318222693745750064e-10
3.161212764198750302e-01
2.034568786621093750e-01
2.107475176135188689e-11
3.161212764202783188e-01
2.666168212890625000e-01
1.485769999165253506e-09
3.161212764181390855e-01
2.438659667968750000e-01
5.268687940338535562e-11
3.161212764203120140e-01
2.430496215820312500e-01
5.374061699119483892e-10
3.161212764187932289e-01
2.232551574707031250e-01
2.107475176135493712e-11
3.161212764203240599e-01
1.803703308105468750e-01
3.161212764203239598e-11
3.161212764203240044e-01
2.422294616699218750e-01
2.898832104654934511e-08
3.161212764072998116e-01
1.742973327636718750e-01
1.053737588067672054e-11
3.161212764203016334e-01
1.054229736328125000e-01
2.107475176135393545e-11
3.161212764203090719e-01
1.964607238769531250e-01
1.053737588067672054e-11
3.161212764203016334e-01
1.030311584472656250e-01
1.053737588067672054e-11
3.161212764203016334e-01
2.719612121582031250e-01
6.322425528405362503e-11
3.161212764202681047e-01
2.341003417968750000e-01
1.053737588067672054e-11
3.161212764203016334e-01
1.393356323242187500e-01
4.214950352266156172e-11
3.161212764199617387e-01
1.144981384277343750e-01
4.214950352267177223e-11
3.161212764200382885e-01
1.203842163085937500e-01
1.159111346872230607e-10
3.161212764196992264e-01
2.663154602050781250e-01
4.214950352267919101e-11
3.161212764200939662e-01
1.641769409179687500e-01
8.429900704529267285e-11
3.161212764198475522e-01
2.920913696289062500e-01
3.203362267677274327e-09
3.161212764155204580e-01
2.152862548828125000e-01
1.053737588067672054e-11
3.161212764203016334e-01
3.198204040527343750e-01
2.107475176136208124e-11
3.161212764204311965e-01
2.967910766601562500e-01
1.053737588067672054e-11
3.161212764203016334e-01
1.096305847167968750e-01
3.161212764200707004e-11
3.161212764200707070e-01
1.958465576171875000e-01
1.053737588067672054e-11
3.161212764203016334e-01
1.509284973144531250e-01
1.159111346874818131e-10
3.161212764204050507e-01
2.456398010253906250e-01
1.053737588067672054e-11
3.161212764203016334e-01
2.588577270507812500e-01
1.053737588067672054e-11
3.161212764203016334e-01
2.003631591796875000e-01
4.214950352272354857e-11
3.161212764204266445e-01
1.374740600585937500e-01
2.002101417320032434e-10
3.161212764189524349e-01
2.031707763671875000e-01
5.268687940335548019e-11
3.161212764201328795e-01
2.081756591796875000e-01
1.053737588067672054e-11
3.161212764203016334e-01
1.825065612792968750e-01
5.268687940330007847e-11
3.161212764198004233e-01
1.731643676757812500e-01
4.214950352271308602e-11
3.161212764203481518e-01
1.219635009765625000e-01
6.427799287185083503e-10
3.161212764189386126e-01
2.443237304687500000e-01
8.429900704534359616e-11
3.161212764200385106e-01
1.329879760742187500e-01
2.107475176135105325e-11
3.161212764202658287e-01
2.076988220214843750e-01
3.203362267682485151e-09
3.161212764160346578e-01
1.526947021484375000e-01
9.483638292600837590e-11
3.161212764200279635e-01
1.733932495117187500e-01
1.053737588067672054e-11
3.161212764203016334e-01
1.843261718750000000e-01
1.053737588067672054e-11
3.161212764203016334e-01
1.721878051757812500e-01
3.161212764200744486e-11
3.161212764200744818e-01
2.355575561523437500e-01
1.053737588067672054e-11
3.161212764203016334e-01
2.171897888183593750e-01
9.483638292591096245e-11
3.161212764197031677e-01
1.823577880859375000e-01
1.053737588067672054e-11
3.161212764203016334e-01
1.445732116699218750e-01
1.053737588067672054e-11
3.161212764203016334e-01
3.093948364257812500e-01
1.053737588067672054e-11
3.161212764203016334e-01
1.827239990234375000e-01
6.322425528400575195e-11
3.161212764200287961e-01
1.876029968261718750e-01
5.268687940332212801e-11
3.161212764199327618e-01
1.775817871093750000e-01
2.423596452545058960e-10
3.161212764189206825e-01
1.256408691406250000e-01
4.214950352267616663e-11
3.161212764200712622e-01
2.338104248046875000e-01
2.107475176135684351e-11
3.161212764203527037e-01
2.813720703125000000e-01
2.950465246581391344e-10
3.161212764194348268e-01
1.305198669433593750e-01
3.161212764201939374e-11
3.161212764201938863e-01
2.014884948730468750e-01
1.053737588067672054e-11
3.161212764203016334e-01
2.877044677734375000e-01
1.001050708654573601e-09
3.161212764172338652e-01
1.606674194335937500e-01
6.322425528402488050e-11
3.161212764201243863e-01
1.603546142578125000e-01
1.053737588067672054e-11
3.161212764203016334e-01
2.232055664062500000e-01
3.898829075826482971e-10
3.161212764183634061e-01
2.287750244140625000e-01
2.107475176135877252e-11
3.161212764203815695e-01
3.101348876953125000e-01
1.053737588067672054e-11
3.161212764203016334e-01
2.393836975097656250e-01
1.053737588067672054e-11
3.161212764203016334e-01
3.006362915039062500e-01
5.268687940336600735e-11
3.161212764201960512e-01
1.335105895996093750e-01
5.374061699114096878e-10
3.161212764184763713e-01
2.995834350585937500e-01
3.161212764203225381e-11
3.161212764203225056e-01
1.204071044921875000e-01
1.369858864485914201e-10
3.161212764198264025e-01
2.559890747070312500e-01
7.797658151618228493e-10
3.161212764169551992e-01
1.077346801757812500e-01
1.580606382098623014e-10
3.161212764197245950e-01
1.478691101074218750e-01
5.268687940336905758e-11
3.161212764202144254e-01
2.320594787597656250e-01
4.214950352271261427e-11
3.161212764203445991e-01
2.987518310546875000e-01
3.161212764204990249e-11
3.161212764204990311e-01
1.604042053222656250e-01
2.107475176134118524e-11
3.161212764201177805e-01
2.874221801757812500e-01
2.212848934935757872e-10
3.161212764193940261e-01
1.688423156738281250e-01
7.186490350439900206e-09
3.161212764123122465e-01
1.198120117187500000e-01
1.053737588067672054e-11
3.161212764203016334e-01
1.078910827636718750e-01
2.634343970158178779e-10
3.161212764189815227e-01
1.201324462890625000e-01
1.053737588067672054e-11
3.161212764203016334e-01
2.487716674804687500e-01
8.851395739710364058e-10
3.161212764182271817e-01
2.086524963378906250e-01
1.159111346872299754e-10
3.161212764197181557e-01
2.205123901367187500e-01
1.053737588067672054e-11
3.161212764203016334e-01
2.437477111816406250e-01
1.053737588067672054e-11
3.161212764203016334e-01
3.694190979003906250e-01
6.322425528397946312e-11
3.161212764198973457e-01
1.170387268066406250e-01
5.268687940336666005e-11
3.161212764201999925e-01
2.240715026855468750e-01
9.272890774901044235e-10
3.161212764170811540e-01
3.079261779785156250e-01
8.429900704536657627e-11
3.161212764201246639e-01
2.112579345703125000e-01
2.107475176134837783e-11
3.161212764202256942e-01
2.326736450195312500e-01
7.376163116465622405e-11
3.161212764199552439e-01
3.570556640625000000e-01
3.371960281809692729e-10
3.161212764196587033e-01
1.683502197265625000e-01
2.107475176134060363e-11
3.161212764201090097e-01
1.418762207031250000e-01
4.214950352271811373e-11
3.161212764203858994e-01
1.133842468261718750e-01
3.371960281802539685e-10
3.161212764189881286e-01
3.414993286132812500e-01
3.161212764204814473e-11
3.161212764204814341e-01
1.124763488769531250e-01
2.096937800229755744e-09
3.161212764165461930e-01
2.332687377929687500e-01
1.053737588067672054e-11
3.161212764203016334e-01
1.635055541992187500e-01
2.107475176134961214e-11
3.161212764202441794e-01
1.252365112304687500e-01
3.371960281805551139e-10
3.161212764192703473e-01
1.212463378906250000e-01
3.371960281807081940e-10
3.161212764194138436e-01
1.011924743652343750e-01
2.107475176135049748e-11
3.161212764202575021e-01
1.489677429199218750e-01
2.107475176134166992e-11
3.161212764201250525e-01
2.540054321289062500e-01
3.161212764204453227e-11
3.161212764204453518e-01
2.738265991210937500e-01
7.708090455973433656e-08
3.161212763898882949e-01
1.450691223144531250e-01
3.793455317029198600e-10
3.161212764190998170e-01
1.889266967773437500e-01
1.053737588067672054e-11
3.161212764203016334e-01
1.619491577148437500e-01
2.528970211358178670e-10
3.161212764197723346e-01
2.888603210449218750e-01
2.107475176135349601e-11
3.161212764203024106e-01
2.727203369140625000e-01
1.053737588067672054e-11
3.161212764203016334e-01
2.922096252441406250e-01
1.390933616238198127e-09
3.161212764177722678e-01
1.867103576660156250e-01
2.107475176135138283e-11
3.161212764202707692e-01
1.533470153808593750e-01
4.309786735085285110e-09
3.161212764121236751e-01
1.563835144042968750e-01
4.214950352264258180e-11
3.161212764198193526e-01
2.073554992675781250e-01
1.053737588067672054e-11
3.161212764203016334e-01
2.546958923339843750e-01
2.423596452549377360e-10
3.161212764194839542e-01
2.669219970703125000e-01
1.053737588067672054e-11
3.161212764203016334e-01
2.786636352539062500e-01
1.053737588067672054e-11
3.161212764203016334e-01
2.067413330078125000e-01
1.053737588067672054e-11
3.161212764203016334e-01
1.847648620605468750e-01
7.376163116465176503e-11
3.161212764199361480e-01
1.772193908691406250e-01
2.739717728963799580e-10
3.161212764188999769e-01
3.120765686035156250e-01
1.053737588067672054e-11
3.161212764203016334e-01
1.484146118164062500e-01
1.369858864483753191e-10
3.161212764193276903e-01
1.755714416503906250e-01
2.107475176135363172e-11
3.161212764203044645e-01
1.581535339355468750e-01
5.268687940339169519e-11
3.161212764203501502e-01
2.071533203125000000e-01
5.795556734327040622e-10
3.161212764178384371e-01
1.169319152832031250e-01
2.539507587207996877e-09
3.161212764159330169e-01
1.674804687500000000e-01
3.161212764203273849e-11
3.161212764203273906e-01
1.664962768554687500e-01
2.107475176136106342e-11
3.161212764204159864e-01
2.539520263671875000e-01
3.161212764202458300e-11
3.161212764202458447e-01
1.982879638671875000e-01
3.688081558224202320e-10
3.161212764192173341e-01
1.928634643554687500e-01
1.053737588067672054e-11
3.161212764203016334e-01
1.119537353515625000e-01
2.528970211358899351e-10
3.161212764198624292e-01
1.057434082031250000e-01
7.376163116474793770e-11
3.161212764203483183e-01
1.281356811523437500e-01
1.053737588067559512e-10
3.161212764202678827e-01
1.583786010742187500e-01
4.214950352270876917e-11
3.161212764203157888e-01
1.484107971191406250e-01
1.053737588067672054e-11
3.161212764203016334e-01
1.381835937500000000e-01
3.055839005388357864e-10
3.161212764194853420e-01
1.518402099609375000e-01
3.161212764203698425e-11
3.161212764203698566e-01
2.528877258300781250e-01
3.161212764204254187e-11
3.161212764204254788e-01
1.903457641601562500e-01
1.053737588067672054e-11
3.161212764203016334e-01
2.309646606445312500e-01
4.214950352270502101e-11
3.161212764202876446e-01
1.035308837890625000e-01
6.322425528404784769e-11
3.161212764202391834e-01
2.374610900878906250e-01
9.483638292591549902e-11
3.161212764197183223e-01
1.108207702636718750e-01
7.376163116464629788e-11
3.161212764199127778e-01
1.616363525390625000e-01
2.107475176135163486e-11
3.161212764202745440e-01
1.796646118164062500e-01
1.264485105677963852e-10
3.161212764194909486e-01
1.961288452148437500e-01
1.053737588067672054e-11
3.161212764203016334e-01
2.738304138183593750e-01
1.053737588067672054e-11
3.161212764203016334e-01
2.604408264160156250e-01
1.053737588067672054e-11
3.161212764203016334e-01
2.595024108886718750e-01
4.214950352271178709e-11
3.161212764203383818e-01
1.396980285644531250e-01
2.107475176135638468e-11
3.161212764203457648e-01
1.805572509765625000e-01
8.640648222089893188e-10
3.161212764179229806e-01
1.691818237304687500e-01
4.214950352270595159e-11
3.161212764202946390e-01
2.385978698730468750e-01
4.805043401517401242e-09
3.161212764156184352e-01
1.725845336914062500e-01
7.614729304294003776e-07
3.161212763323626440e-01
1.932601928710937500e-01
1.201260850389697926e-09
3.161212764183415902e-01
2.234344482421875000e-01
2.697568225419662303e-09
3.161212764163671141e-01
1.443634033203125000e-01
3.161212764203059945e-11
3.161212764203060188e-01
2.729110717773437500e-01
2.528970211357569141e-10
3.161212764196961178e-01
2.936706542968750000e-01
1.053737588067672054e-11
3.161212764203016334e-01
1.212768554687500000e-01
2.107475176134823566e-11
3.161212764202235848e-01
2.756919860839843750e-01
1.053737588067672054e-11
3.161212764203016334e-01
1.843261718750000000e-01
1.053737588067672054e-11
3.161212764203016334e-01
1.455993652343750000e-01
1.053737588067672054e-11
3.161212764203016334e-01
1.254844665527343750e-01
1.001050708655472540e-09
3.161212764175176382e-01
1.853485107421875000e-01
1.053737588067672054e-11
3.161212764203016334e-01
1.849670410156250000e-01
5.795556734333590858e-10
3.161212764181959289e-01
1.549224853515625000e-01
2.107475176135969987e-11
3.161212764203955028e-01
2.261466979980468750e-01
3.161212764201103792e-11
3.161212764201103975e-01
1.338996887207031250e-01
3.161212764202296742e-11
3.161212764202296355e-01
1.704521179199218750e-01
8.324526945691841390e-10
3.161212764186775437e-01
1.725692749023437500e-01
1.053737588067672054e-11
3.161212764203016334e-01
1.416969299316406250e-01
1.380396240352898732e-09
3.161212764166943523e-01
1.661834716796875000e-01
2.107475176134956691e-11
3.161212764202435133e-01
2.572708129882812500e-01
2.107475176135967725e-11
3.161212764203951697e-01
2.106704711914062500e-01
3.161212764201870227e-11
3.161212764201870029e-01
1.040878295898437500e-01
2.107475176134024497e-11
3.161212764201036807e-01
1.419486999511718750e-01
1.053737588067672054e-11
3.161212764203016334e-01
2.528610229492187500e-01
1.053737588067672054e-11
3.161212764203016334e-01
2.917251586914062500e-01
4.214950352268192458e-11
3.161212764201143943e-01
1.004829406738281250e-01
2.107475176136198754e-11
3.161212764204298642e-01
1.407318115234375000e-01
3.161212764202164910e-11
3.161212764202165348e-01
2.319679260253906250e-01
1.053737588067032314e-10
3.161212764201096759e-01
3.159446716308593750e-01
1.053737588067672054e-11
3.161212764203016334e-01
3.206138610839843750e-01
3.161212764203344288e-11
3.161212764203344960e-01
1.094589233398437500e-01
2.528970211355008500e-10
3.161212764193760960e-01
1.793518066406250000e-01
1.053737588067672054e-11
3.161212764203016334e-01
1.030731201171875000e-01
2.423596452551981945e-10
3.161212764198237379e-01
2.937545776367187500e-01
1.053737588067672054e-11
3.161212764203016334e-01
1.228981018066406250e-01
1.053737588067672054e-11
3.161212764203016334e-01
2.058296203613281250e-01
1.433083119761359654e-09
3.161212764179469614e-01
2.952384948730468750e-01
1.053737588067672054e-11
3.161212764203016334e-01
1.046676635742187500e-01
1.053737588067672054e-11
3.161212764203016334e-01
3.035964965820312500e-01
1.053737588067672054e-11
3.161212764203016334e-01
2.542114257812500000e-01
3.962053331041488354e-09
3.161212764128846220e-01
2.333679199218750000e-01
1.053737588067672054e-11
3.161212764203016334e-01
1.765556335449218750e-01
1.475232623291859153e-10
3.161212764196841829e-01
1.190223693847656250e-01
1.053737588067672054e-11
3.161212764203016334e-01
1.809539794921875000e-01
2.107475176135350248e-11
3.161212764203025216e-01
2.669715881347656250e-01
1.264485105678422162e-10
3.161212764196055791e-01
1.712341308593750000e-01
2.107475176134416438e-11
3.161212764201624115e-01
3.123817443847656250e-01
1.053737588067672054e-11
3.161212764203016334e-01
1.477432250976562500e-01
3.161212764200126685e-11
3.161212764200125869e-01
1.834411621093750000e-01
1.053737588067672054e-11
3.161212764203016334e-01
2.012634277343750000e-01
3.097988508776314487e-08
3.161212764057468871e-01
1.144332885742187500e-01
1.053737588067672054e-11
3.161212764203016334e-01
1.133117675781250000e-01
4.214950352266374599e-11
3.161212764199781144e-01
3.137550354003906250e-01
2.107475176136076293e-11
3.161212764204114345e-01
1.659393310546875000e-01
2.107475176135150561e-11
3.161212764202725456e-01
3.151168823242187500e-01
1.053737588067672054e-11
3.161212764203016334e-01
1.211090087890625000e-01
5.163314181515607300e-10
3.161212764193229163e-01
2.227592468261718750e-01
2.107475176136117652e-11
3.161212764204176517e-01
1.098899841308593750e-01
5.268687940337205611e-11
3.161212764202323555e-01
2.181625366210937500e-01
3.161212764203092903e-11
3.161212764203093495e-01
2.353363037109375000e-01
2.381446949009955943e-09
3.161212764172509071e-01
1.749229431152343750e-01
1.053737588067672054e-11
3.161212764203016334e-01
1.511955261230468750e-01
3.161212764201168416e-11
3.161212764201168368e-01
2.534484863281250000e-01
2.107475176135533132e-11
3.161212764203299441e-01
1.043777465820312500e-01
3.161212764199129545e-11
3.161212764199129444e-01
2.421836853027343750e-01
3.161212764200860162e-11
3.161212764200860281e-01
1.596679687500000000e-01
8.429900704528618465e-11
3.161212764198232383e-01
2.332153320312500000e-01
1.454157871522126162e-09
3.161212764178534251e-01
2.200355529785156250e-01
1.053737588067672054e-11
3.161212764203016334e-01
2.655754089355468750e-01
1.053737588067672054e-11
3.161212764203016334e-01
2.913017272949218750e-01
3.161212764198699799e-10
3.161212764198700342e-01
1.671981811523437500e-01
1.053737588067672054e-11
3.161212764203016334e-01
1.955146789550781250e-01
1.053737588067672054e-11
3.161212764203016334e-01
1.691818237304687500e-01
2.107475176135703092e-11
3.161212764203554793e-01
2.167282104492187500e-01
2.107475176135143776e-11
3.161212764202715464e-01
3.028297424316406250e-01
1.159111346873321322e-10
3.161212764199967662e-01
1.532363891601562500e-01
2.528970211357604297e-10
3.161212764197005032e-01
1.149139404296875000e-01
4.741819146282018162e-10
3.161212764188012780e-01
1.850891113281250000e-01
3.161212764202491905e-11
3.161212764202491754e-01
1.589126586914062500e-01
1.053737588067672054e-11
3.161212764203016334e-01
1.313743591308593750e-01
2.318222693742302013e-10
3.161212764194048508e-01
1.201362609863281250e-01
6.322425528404817081e-11
3.161212764202409042e-01
1.781387329101562500e-01
7.376163116467986332e-11
3.161212764200566072e-01
2.202568054199218750e-01
1.053737588067672054e-11
3.161212764203016334e-01
2.443504333496093750e-01
1.053737588067672054e-11
3.161212764203016334e-01
1.951217651367187500e-01
7.376163116474566295e-11
3.161212764203385484e-01
2.613372802734375000e-01
2.107475176135126650e-11
3.161212764202689929e-01
2.178916931152343750e-01
3.161212764199729897e-11
3.161212764199730074e-01
2.530364990234375000e-01
1.053737588067238721e-10
3.161212764201715708e-01
1.289787292480468750e-01
2.634343970158591852e-10
3.161212764190309832e-01
1.416893005371093750e-01
2.107475176134913393e-11
3.161212764202370185e-01
1.638603210449218750e-01
2.107475176134653930e-11
3.161212764201981051e-01
1.935234069824218750e-01
3.161212764204638697e-11
3.161212764204638925e-01
2.635993957519531250e-01
7.376163116464802979e-11
3.161212764199200498e-01
1.103782653808593750e-01
6.322425528396485821e-11
3.161212764198242930e-01
1.067733764648437500e-01
2.107475176128195265e-10
3.161212764192292690e-01
1.702804565429687500e-01
7.376163116471808165e-11
3.161212764202203651e-01
2.248153686523437500e-01
4.214950352267343305e-11
3.161212764200507230e-01
1.015052795410156250e-01
8.535274463305498359e-10
3.161212764187222302e-01
1.061401367187500000e-01
2.107475176135640407e-11
3.161212764203460424e-01
3.513793945312500000e-01
4.214950352269782196e-11
3.161212764202336323e-01
1.050987243652343750e-01
1.053737588067672054e-11
3.161212764203016334e-01
1.995086669921875000e-01
4.425697869867613520e-10
3.161212764191152491e-01
1.002464294433593750e-01
2.107475176135339908e-11
3.161212764203009673e-01
3.080673217773437500e-01
1.685980140903324611e-10
3.161212764193733205e-01
1.229515075683593750e-01
2.086400424356905417e-09
3.161212764177128154e-01
1.736984252929687500e-01
3.161212764202654756e-11
3.161212764202654402e-01
1.310195922851562500e-01
9.483638292604417731e-11
3.161212764201472569e-01
2.362136840820312500e-01
5.268687940333845190e-11
3.161212764200307390e-01
1.642494201660156250e-01
1.053737588067672054e-11
3.161212764203016334e-01
1.650733947753906250e-01
1.309795821911614310e-08
3.161212764066648750e-01
1.341514587402343750e-01
2.107475176135067843e-11
3.161212764202601666e-01
2.204170227050781250e-01
1.053737588067672054e-11
3.161212764203016334e-01
2.310142517089843750e-01
3.161212764187129093e-10
3.161212764187129043e-01
1.061897277832031250e-01
1.475232623293485080e-10
3.161212764200325154e-01
1.560516357421875000e-01
6.111678010676061496e-09
3.161212764142791176e-01
2.601776123046875000e-01
1.053737588067672054e-11
3.161212764203016334e-01
2.234382629394531250e-01
1.223389339692051543e-08
3.161212764062149572e-01
2.191276550292968750e-01
8.429900704476022186e-10
3.161212764178508716e-01
3.286285400390625000e-01
2.644881345914383818e-08
3.161212764041097523e-01
1.103630065917968750e-01
1.580606382099403408e-10
3.161212764198806369e-01
3.195991516113281250e-01
1.580606382097923788e-10
3.161212764195848179e-01
2.162475585937500000e-01
1.053737588064907882e-10
3.161212764194723523e-01
2.183189392089843750e-01
1.053737588067672054e-11
3.161212764203016334e-01
1.583251953125000000e-01
1.053737588067672054e-11
3.161212764203016334e-01
3.660697937011718750e-01
2.950465246580976720e-10
3.161212764193903624e-01
2.362442016601562500e-01
2.107475176135554458e-11
3.161212764203331638e-01
3.071174621582031250e-01
4.741819146295292343e-10
3.161212764196861813e-01
1.321601867675781250e-01
6.322425528397111376e-11
3.161212764198555458e-01
1.921920776367187500e-01
1.053737588067672054e-11
3.161212764203016334e-01
1.010246276855468750e-01
7.481536875242165222e-10
3.161212764186830948e-01
3.084526062011718750e-01
1.475232623291740504e-10
3.161212764196586478e-01
1.328582763671875000e-01
1.053737588067672054e-11
3.161212764203016334e-01
1.536750793457031250e-01
2.318222693744631561e-10
3.161212764197223746e-01
2.369270324707031250e-01
1.053737588067672054e-11
3.161212764203016334e-01
1.488418579101562500e-01
3.203362267687051188e-09
3.161212764164851308e-01
1.894683837890625000e-01
5.268687940335290171e-11
3.161212764201173919e-01
1.224174499511718750e-01
9.483638292540190775e-10
3.161212764180065249e-01
1.268730163574218750e-01
1.053737588067672054e-11
3.161212764203016334e-01
1.132507324218750000e-01
1.264485105680538711e-10
3.161212764201346559e-01
1.833305358886718750e-01
2.107475176134266835e-11
3.161212764201400405e-01
2.375755310058593750e-01
2.002101417325617196e-10
3.161212764198342851e-01
1.187400817871093750e-01
2.107475176134948613e-11
3.161212764202422920e-01
2.949638366699218750e-01
1.053737588067672054e-11
3.161212764203016334e-01
1.124877929687500000e-01
3.161212764202003997e-11
3.161212764202003811e-01
2.371215820312500000e-01
3.161212764202824716e-11
3.161212764202825376e-01
1.733131408691406250e-01
8.008405669283630779e-10
3.161212764190905466e-01
2.707939147949218750e-01
1.053737588067672054e-11
3.161212764203016334e-01
1.021575927734375000e-01
6.954668081219758941e-10
3.161212764190799995e-01
1.328697204589843750e-01
1.517382126804790680e-09
3.161212764176646317e-01
2.793083190917968750e-01
5.268687940337519035e-11
3.161212764202511738e-01
2.844734191894531250e-01
3.161212764203517479e-11
3.161212764203517600e-01
1.342430114746093750e-01
2.212848934937581547e-10
3.161212764196545399e-01
1.042671203613281250e-01
5.268687940339989591e-11
3.161212764203993886e-01
2.402381896972656250e-01
9.483638292604190256e-11
3.161212764201396519e-01
1.385040283203125000e-01
3.161212764199871422e-11
3.161212764199871628e-01
1.260566711425781250e-01
3.161212764201823052e-11
3.161212764201822290e-01
1.644897460937500000e-01
2.233923686670060959e-09
3.161212764155746369e-01
1.048088073730468750e-01
1.053737588067672054e-11
3.161212764203016334e-01
2.142906188964843750e-01
4.214950352270067185e-11
3.161212764202550041e-01
1.697654724121093750e-01
6.322425528404371179e-11
3.161212764202185888e-01
1.108932495117187500e-01
4.214950352249448416e-10
3.161212764187085744e-01
3.157539367675781250e-01
1.053737588067672054e-11
3.161212764203016334e-01
2.003364562988281250e-01
1.791353899707750653e-10
3.161212764190148850e-01
2.617835998535156250e-01
1.277129956672087478e-08
3.161212764039821321e-01
1.317481994628906250e-01
6.311888152442386040e-09
3.161212764161461242e-01
2.087898254394531250e-01
2.107475176135608419e-11
3.161212764203412684e-01
1.050376892089843750e-01
3.161212764202913250e-11
3.161212764202913639e-01
2.681770324707031250e-01
1.053737588067672054e-11
3.161212764203016334e-01
1.978874206542968750e-01
1.053737588067672054e-11
3.161212764203016334e-01
1.292915344238281250e-01
3.161212764201245318e-11
3.161212764201244974e-01
2.232246398925781250e-01
1.053737588065684139e-10
3.161212764197052771e-01
3.298492431640625000e-01
1.580606382098119468e-10
3.161212764196238978e-01
1.226997375488281250e-01
1.053737588067672054e-11
3.161212764203016334e-01
2.609252929687500000e-01
5.268687940336126399e-11
3.161212764201676295e-01
2.103691101074218750e-01
2.107475176134369263e-11
3.161212764201554171e-01
3.223800659179687500e-01
1.159111346873423427e-10
3.161212764200245773e-01
1.736068725585937500e-01
2.318222693741716008e-10
3.161212764193248592e-01
2.079429626464843750e-01
1.053737588067672054e-11
3.161212764203016334e-01
1.597175598144531250e-01
1.053737588067672054e-11
3.161212764203016334e-01
2.954673767089843750e-01
1.053737588067672054e-11
3.161212764203016334e-01
2.636604309082031250e-01
1.475232623292665396e-10
3.161212764198568226e-01
2.350540161132812500e-01
1.053737588067672054e-11
3.161212764203016334e-01
1.383018493652343750e-01
1.053737588067672054e-11
3.161212764203016334e-01
3.097496032714843750e-01
1.580606382097357169e-10
3.161212764194714642e-01
2.327270507812500000e-01
1.053737588067672054e-11
3.161212764203016334e-01
3.665847778320312500e-01
2.107475176135974834e-11
3.161212764203962244e-01
1.974678039550781250e-01
4.214950352270572541e-11
3.161212764202929182e-01
1.288948059082031250e-01
1.053737588067672054e-11
3.161212764203016334e-01
1.386566162109375000e-01
3.161212764204505572e-11
3.161212764204505699e-01
2.014617919921875000e-01
1.053737588067672054e-11
3.161212764203016334e-01
1.483268737792968750e-01
2.107475176133722059e-11
3.161212764200583281e-01
1.726646423339843750e-01
1.053737588067672054e-11
3.161212764203016334e-01
2.787246704101562500e-01
1.896727658515259752e-10
3.161212764192100066e-01
1.589851379394531250e-01
3.161212764203893588e-11
3.161212764203893411e-01
1.011276245117187500e-01
6.322425528406854013e-11
3.161212764203427117e-01
1.036071777343750000e-01
2.107475176135432320e-11
3.161212764203148451e-01
1.519966125488281250e-01
3.161212764202294157e-11
3.161212764202294134e-01
1.609764099121093750e-01
2.107475176135962232e-11
3.161212764203943371e-01
2.332611083984375000e-01
1.053737588067672054e-11
3.161212764203016334e-01
1.132011413574218750e-01
2.107475176134820658e-11
3.161212764202231407e-01
3.102989196777343750e-01
1.053737588067672054e-11
3.161212764203016334e-01
1.352958679199218750e-01
7.376163116468790248e-11
3.161212764200909686e-01
1.156082153320312500e-01
9.905133327782178898e-10
3.161212764185801216e-01
1.546630859375000000e-01
1.053737588066471124e-10
3.161212764199413661e-01
1.001358032226562500e-01
1.053737588067672054e-11
3.161212764203016334e-01
1.935806274414062500e-01
1.053737588067672054e-11
3.161212764203016334e-01
2.037963867187500000e-01
6.322425528405508552e-11
3.161212764202754322e-01
1.627006530761718750e-01
1.053737588067672054e-11
3.161212764203016334e-01
1.039314270019531250e-01
5.268687940333474897e-11
3.161212764200084235e-01
2.257499694824218750e-01
6.322425528401164561e-11
3.161212764200582725e-01
3.460121154785156250e-01
1.337930615444713974e-07
3.161212763908131107e-01
1.746253967285156250e-01
4.531071628672469178e-10
3.161212764190095004e-01
1.622200012207031250e-01
2.107475176135888561e-11
3.161212764203832903e-01
2.727508544921875000e-01
8.429900704525432527e-11
3.161212764197036673e-01
1.844291687011718750e-01
1.053737588067672054e-11
3.161212764203016334e-01
1.071891784667968750e-01
2.107475176134527591e-11
3.161212764201791203e-01
1.996765136718750000e-01
3.161212764203618292e-11
3.161212764203618075e-01
3.146781921386718750e-01
1.053737588067672054e-11
3.161212764203016334e-01
1.334533691406250000e-01
2.550044963084158408e-09
3.161212764153913946e-01
1.958580017089843750e-01
1.053737588067672054e-11
3.161212764203016334e-01
1.372451782226562500e-01
5.268687940337652806e-11
3.161212764202591674e-01
1.211090087890625000e-01
2.634343970162859070e-10
3.161212764195430736e-01
3.054580688476562500e-01
1.053737588067672054e-11
3.161212764203016334e-01
1.616973876953125000e-01
1.369858864485351976e-10
3.161212764196965619e-01
2.405052185058593750e-01
4.214950352270824572e-11
3.161212764203118475e-01
2.735366821289062500e-01
1.053737588067672054e-11
3.161212764203016334e-01
2.443618774414062500e-01
7.376163116463501462e-11
3.161212764198643166e-01
2.331085205078125000e-01
3.055839005386740209e-10
3.161212764193178648e-01
1.646080017089843750e-01
5.268687940336568423e-11
3.161212764201941638e-01
1.205558776855468750e-01
2.212848934937924827e-10
3.161212764197035563e-01
3.115577697753906250e-01
2.107475176135887592e-11
3.161212764203831238e-01
2.578048706054687500e-01
1.053737588067672054e-11
3.161212764203016334e-01
1.054191589355468750e-01
4.214950352267010494e-11
3.161212764200257985e-01
1.107215881347656250e-01
3.161212764201755197e-11
3.161212764201755121e-01
1.359329223632812500e-01
1.053737588067672054e-11
3.161212764203016334e-01
1.305122375488281250e-01
1.053737588067672054e-11
3.161212764203016334e-01
1.130981445312500000e-01
1.053737588067672054e-11
3.161212764203016334e-01
1.669235229492187500e-01
6.322425528399052666e-11
3.161212764199526348e-01
3.186111450195312500e-01
7.376163116474386642e-11
3.161212764203308323e-01
2.389335632324218750e-01
1.053737588067672054e-11
3.161212764203016334e-01
1.548576354980468750e-01
1.053737588067672054e-11
3.161212764203016334e-01
1.862449645996093750e-01
2.950465246582362764e-10
3.161212764195389657e-01
1.617965698242187500e-01
5.268687940333156950e-11
3.161212764199894387e-01
1.429862976074218750e-01
3.161212764203512956e-11
3.161212764203513159e-01
2.378616333007812500e-01
3.161212764203832196e-11
3.161212764203832348e-01
1.822814941406250000e-01
6.427799287169363970e-10
3.161212764181654533e-01
2.655792236328125000e-01
3.266586522997825164e-10
3.161212764191443925e-01
1.823692321777343750e-01
9.125367512475098273e-09
3.161212764136867581e-01
1.377182006835937500e-01
3.161212764199136653e-11
3.161212764199137215e-01
1.089401245117187500e-01
1.053737588067672054e-11
3.161212764203016334e-01
2.030982971191406250e-01
9.483638292602886154e-11
3.161212764200962422e-01
2.006416320800781250e-01
9.272890774936623341e-10
3.161212764182940171e-01
2.693138122558593750e-01
2.107475176135350571e-11
3.161212764203026326e-01
2.098846435546875000e-01
1.683872665680121051e-08
3.161212764105354456e-01
2.306098937988281250e-01
1.053737588067672054e-11
3.161212764203016334e-01
2.206382751464843750e-01
4.214950352269258099e-11
3.161212764201943304e-01
3.304290771484375000e-01
9.483638292609298096e-11
3.161212764203099601e-01
1.344833374023437500e-01
6.322425528400041405e-11
3.161212764200020398e-01
1.924552917480468750e-01
1.584821332405748688e-08
3.161212764107217965e-01
1.267929077148437500e-01
2.107475176134040007e-11
3.161212764201060121e-01
1.309623718261718750e-01
3.161212764202864136e-11
3.161212764202864234e-01
2.170944213867187500e-01
2.318222693742964533e-10
3.161212764194951674e-01
1.984252929687500000e-01
2.107475176134818396e-11
3.161212764202228076e-01
1.114387512207031250e-01
1.053737588067672054e-11
3.161212764203016334e-01
1.983909606933593750e-01
2.107475176134634219e-11
3.161212764201951075e-01
1.432075500488281250e-01
1.159111346873960060e-10
3.161212764201709047e-01
1.568412780761718750e-01
2.107475176134627757e-11
3.161212764201941638e-01
2.889442443847656250e-01
4.636445387478572846e-10
3.161212764189937352e-01
2.582359313964843750e-01
4.214950352269835833e-11
3.161212764202376846e-01
1.327323913574218750e-01
3.582707799421488542e-10
3.161212764195431291e-01
1.951026916503906250e-01
1.159111346872974423e-10
3.161212764199021197e-01
2.261238098144531250e-01
6.322425528403843851e-11
3.161212764201922210e-01
2.650375366210937500e-01
2.107475176135915703e-11
3.161212764203873427e-01
1.520538330078125000e-01
4.214950352269594141e-11
3.161212764202195324e-01
3.144226074218750000e-01
1.053737588067672054e-11
3.161212764203016334e-01
2.157592773437500000e-01
6.322425528403706849e-11
3.161212764201853931e-01
1.539154052734375000e-01
3.161212764204053208e-11
3.161212764204052728e-01
2.235603332519531250e-01
9.483638292596681007e-11
3.161212764198894076e-01
1.809043884277343750e-01
8.060038810281604713e-08
3.161212763870407949e-01
3.673095703125000000e-01
1.646991850097599378e-08
3.161212764102875328e-01
3.334426879882812500e-01
2.107475176136051736e-11
3.161212764204077708e-01
1.905708312988281250e-01
3.561633047633784898e-09
3.161212764171997813e-01
2.229614257812500000e-01
3.161212764203436054e-11
3.161212764203435999e-01
2.904281616210937500e-01
1.053737588067672054e-11
3.161212764203016334e-01
1.534843444824218750e-01
1.791353899711328209e-10
3.161212764196461578e-01
1.500244140625000000e-01
2.107475176135747036e-11
3.161212764203620296e-01
3.384971618652343750e-01
3.161212764203542683e-11
3.161212764203542580e-01
2.055130004882812500e-01
3.161212764202750399e-11
3.161212764202750436e-01
3.402976989746093750e-01
6.322425528404393151e-11
3.161212764202196990e-01
1.077651977539062500e-01
6.533173045989134212e-10
3.161212764188290891e-01
2.842178344726562500e-01
3.161212764202008521e-11
3.161212764202007697e-01
1.320304870605468750e-01
3.161212764201727409e-11
3.161212764201727921e-01
1.681175231933593750e-01
2.677547211176472828e-08
3.161212764080841287e-01
1.564788818359375000e-01
2.212848934921586769e-09
3.161212764173697565e-01
2.291679382324218750e-01
2.107475176135004512e-11
3.161212764202506742e-01
1.089096069335937500e-01
9.483638292598926027e-11
3.161212764199642367e-01
1.511917114257812500e-01
6.322425528403770180e-11
3.161212764201885572e-01
1.713371276855468750e-01
3.424647161172676089e-09
3.161212764159392896e-01
1.647758483886718750e-01
1.053737588067672054e-11
3.161212764203016334e-01
1.796455383300781250e-01
5.268687940336241429e-11
3.161212764201745129e-01
2.441062927246093750e-01
1.580606382099778224e-10
3.161212764199556324e-01
1.498031616210937500e-01
1.053737588067672054e-11
3.161212764203016334e-01
2.872581481933593750e-01
1.053737588067672054e-11
3.161212764203016334e-01
2.099227905273437500e-01
3.161212764202150693e-11
3.161212764202150916e-01
2.061195373535156250e-01
1.685980140904404340e-10
3.161212764195757696e-01
2.510986328125000000e-01
5.690182975536073842e-10
3.161212764186707713e-01
1.936073303222656250e-01
2.107475176136340603e-11
3.161212764204510695e-01
1.383857727050781250e-01
9.483638292592073352e-11
3.161212764197357528e-01
2.994194030761718750e-01
1.053737588067672054e-11
3.161212764203016334e-01
1.443595886230468750e-01
8.429900704528427180e-11
3.161212764198160219e-01
2.004089355468750000e-01
6.903034938918965492e-08
3.161212763968377915e-01
1.635246276855468750e-01
3.161212764203072224e-11
3.161212764203071846e-01
2.692260742187500000e-01
3.161212764203037973e-11
3.161212764203037984e-01
2.434539794921875000e-01
2.107475176131004577e-10
3.161212764196507097e-01
1.876182556152343750e-01
1.053737588067672054e-11
3.161212764203016334e-01
2.124328613281250000e-01
1.053737588066787391e-10
3.161212764200361791e-01
2.759666442871093750e-01
4.214950352270847837e-11
3.161212764203135683e-01
1.331443786621093750e-01
1.053737588067672054e-11
3.161212764203016334e-01
1.419715881347656250e-01
1.580606382098927262e-10
3.161212764197854352e-01
2.411727905273437500e-01
6.322425528362253727e-10
3.161212764181127732e-01
2.477645874023437500e-01
1.053737588067672054e-11
3.161212764203016334e-01
1.783409118652343750e-01
3.898829075832264447e-10
3.161212764188323643e-01
1.851234436035156250e-01
4.214950352268238341e-11
3.161212764201179470e-01
1.255493164062500000e-01
2.107475176136166119e-11
3.161212764204249237e-01
1.198272705078125000e-01
1.264485105671523062e-09
3.161212764178806811e-01
1.123275756835937500e-01
5.374061699119196447e-10
3.161212764187763535e-01
2.998924255371093750e-01
3.055839005388785413e-10
3.161212764195295843e-01
1.096496582031250000e-01
1.369858864484334544e-10
3.161212764194618052e-01
3.061904907226562500e-01
2.845091487779184214e-10
3.161212764199093361e-01
1.068496704101562500e-01
1.369858864483314527e-10
3.161212764192263824e-01
2.036437988281250000e-01
2.107475176135376097e-11
3.161212764203064074e-01
2.529449462890625000e-01
1.306634609194572300e-09
3.161212764180417190e-01
1.222381591796875000e-01
1.570069006196527252e-09
3.161212764154080479e-01
1.608428955078125000e-01
2.107475176135430381e-11
3.161212764203146230e-01
2.109336853027343750e-01
1.053737588067672054e-11
3.161212764203016334e-01
2.737693786621093750e-01
1.475232623292488327e-10
3.161212764198189085e-01
1.262092590332031250e-01
3.161212764202700639e-11
3.161212764202700476e-01
1.141319274902343750e-01
1.053737588067672054e-11
3.161212764203016334e-01
1.589508056640625000e-01
4.952566663897217823e-10
3.161212764189713642e-01
1.387138366699218750e-01
1.791353899711843904e-10
3.161212764197371961e-01
1.572647094726562500e-01
1.053737588067672054e-11
3.161212764203016334e-01
3.223762512207031250e-01
3.161212764204284560e-11
3.161212764204284764e-01
1.848869323730468750e-01
9.483638292594031444e-11
3.161212764198010894e-01
1.466178894042968750e-01
8.535274463306114608e-10
3.161212764187448787e-01
1.923866271972656250e-01
1.053737588067672054e-11
3.161212764203016334e-01
1.122779846191406250e-01
8.429900704525115872e-11
3.161212764196918990e-01
1.139144897460937500e-01
9.483638292594673801e-11
3.161212764198225167e-01
1.284866333007812500e-01
2.002101417321867224e-10
3.161212764192422586e-01
2.539291381835937500e-01
2.107475176135592909e-11
3.161212764203389369e-01
1.134262084960937500e-01
2.107475176134834229e-11
3.161212764202251391e-01
3.019714355468750000e-01
3.161212764204680702e-11
3.161212764204680559e-01
1.834411621093750000e-01
1.053737588067672054e-11
3.161212764203016334e-01
2.486305236816406250e-01
7.376163116462716933e-11
3.161212764198307323e-01
2.057151794433593750e-01
1.159111346871491702e-10
3.161212764194977765e-01
1.364860534667968750e-01
7.060041839992976493e-10
3.161212764175959089e-01
2.772865295410156250e-01
1.053737588067672054e-11
3.161212764203016334e-01
1.724929809570312500e-01
5.795556734345591181e-10
3.161212764188503499e-01
2.813568115234375000e-01
2.107475176135890500e-11
3.161212764203835679e-01
3.024024963378906250e-01
1.053737588067672054e-11
3.161212764203016334e-01
3.740158081054687500e-01
1.264485105679286307e-10
3.161212764198215175e-01
1.648826599121093750e-01
2.107475176136286965e-11
3.161212764204430758e-01
3.089370727539062500e-01
1.053737588067672054e-11
3.161212764203016334e-01
1.009216308593750000e-01
1.053737588067672054e-11
3.161212764203016334e-01
1.754264831542968750e-01
1.264485105679620023e-10
3.161212764199050618e-01
1.021080017089843750e-01
2.002101417326267825e-10
3.161212764199370362e-01
2.478370666503906250e-01
1.053737588067672054e-11
3.161212764203016334e-01
3.071136474609375000e-01
1.053737588067672054e-11
3.161212764203016334e-01
1.796531677246093750e-01
3.161212764199472695e-11
3.161212764199472502e-01
1.108970642089843750e-01
7.376163116462261984e-11
3.161212764198113034e-01
1.169471740722656250e-01
1.964166864069292693e-08
3.161212764060025160e-01
1.697578430175781250e-01
1.053737588067672054e-11
3.161212764203016334e-01
1.699714660644531250e-01
1.053737588067672054e-11
3.161212764203016334e-01
2.881431579589843750e-01
7.376163116473700341e-11
3.161212764203014669e-01
1.005249023437500000e-01
1.053737588067672054e-11
3.161212764203016334e-01
1.042671203613281250e-01
1.053737588067672054e-11
3.161212764203016334e-01
1.377944946289062500e-01
2.107475176134659423e-11
3.161212764201989378e-01
1.050071716308593750e-01
1.053737588067672054e-11
3.161212764203016334e-01
1.697196960449218750e-01
3.161212764201746150e-11
3.161212764201746239e-01
1.000328063964843750e-01
6.322425528405724394e-11
3.161212764202862568e-01
1.676712036132812500e-01
4.214950352266210456e-11
3.161212764199657910e-01
3.047103881835937500e-01
1.053737588067672054e-11
3.161212764203016334e-01
2.946929931640625000e-01
3.835604820516709781e-09
3.161212764162123490e-01
1.714248657226562500e-01
7.376163116472798197e-11
3.161212764202627201e-01
2.046241760253906250e-01
1.685980140905649764e-10
3.161212764198092495e-01
1.734275817871093750e-01
6.954668081210643411e-10
3.161212764186655533e-01
2.192420959472656250e-01
1.685980140906736472e-10
3.161212764200131975e-01
1.462402343750000000e-01
3.161212764199545720e-11
3.161212764199545777e-01
2.370796203613281250e-01
6.670158932313300788e-09
3.161212764129529007e-01
3.295059204101562500e-01
4.425697869863095045e-10
3.161212764187925628e-01
1.189613342285156250e-01
2.107475176136207478e-11
3.161212764204311410e-01
1.605148315429687500e-01
2.107475176136139300e-11
3.161212764204209269e-01
1.393013000488281250e-01
2.107475176136342218e-11
3.161212764204513470e-01
3.590240478515625000e-01
7.376163116474908800e-11
3.161212764203532033e-01
2.291717529296875000e-01
2.107475176134555379e-11
3.161212764201833392e-01
2.124061584472656250e-01
1.053737588067672054e-11
3.161212764203016334e-01
1.433677673339843750e-01
1.053737588067672054e-11
3.161212764203016334e-01
1.259231567382812500e-01
3.161212764201301540e-11
3.161212764201301595e-01
2.849273681640625000e-01
1.053737588067570498e-10
3.161212764202711578e-01
1.675758361816406250e-01
1.053737588067672054e-11
3.161212764203016334e-01
1.935195922851562500e-01
2.107475176135833631e-11
3.161212764203750192e-01
2.141532897949218750e-01
1.053737588067672054e-11
3.161212764203016334e-01
1.903533935546875000e-01
3.688081558225873742e-10
3.161212764193606084e-01
2.196960449218750000e-01
1.053737588067672054e-11
3.161212764203016334e-01
3.041191101074218750e-01
1.053737588067672054e-11
3.161212764203016334e-01
1.845588684082031250e-01
2.107475176135669488e-11
3.161212764203504832e-01
1.498565673828125000e-01
1.159111346873361001e-10
3.161212764200075909e-01
2.925033569335937500e-01
5.763944606626282570e-09
3.161212764146038579e-01
2.640151977539062500e-01
4.953620401245405762e-08
3.161212764036632206e-01
1.841011047363281250e-01
5.268687940328204206e-11
3.161212764196922320e-01
1.518440246582031250e-01
1.074812339812361745e-09
3.161212764154004984e-01
2.743186950683593750e-01
1.053737588067672054e-11
3.161212764203016334e-01
2.134704589843750000e-01
1.053737588067672054e-11
3.161212764203016334e-01
