1.100158691406250000e+00
5.046466097275366112e-11
1.513939829182609831e+00
2.775268554687500000e-01
5.046466097275366112e-11
1.513939829182609831e+00
2.036819458007812500e-01
2.018586438789994842e-10
1.513939829092496137e+00
6.276168823242187500e-01
5.046466097275366112e-11
1.513939829182609831e+00
2.173843383789062500e-01
1.009293219457660100e-10
1.513939829186490282e+00
1.037658691406250000e+00
5.046466097275366112e-11
1.513939829182609831e+00
1.296691894531250000e+00
5.046466097275366112e-11
1.513939829182609831e+00
5.226440429687500000e-01
5.551112706169709929e-10
1.513939828955375377e+00
8.395843505859375000e-01
1.009293219444077924e-10
1.513939829166117024e+00
5.012588500976562500e-01
1.009293219413993624e-10
1.513939829120990677e+00
1.157295227050781250e+00
1.009293219433234879e-10
1.513939829149852256e+00
2.787857055664062500e-01
1.009293219461913230e-10
1.513939829192870068e+00
3.802337646484375000e-01
1.513939829139403993e-10
1.513939829139403948e+00
1.174545288085937500e-01
5.046466097275366112e-11
1.513939829182609831e+00
2.492218017578125000e-01
5.046466097275366112e-11
1.513939829182609831e+00
3.411636352539062500e-01
2.523233048496339732e-10
1.513939829097803669e+00
7.076568603515625000e-01
7.065052534935533825e-10
1.513939828914757646e+00
5.223236083984375000e-01
5.046466097275366112e-11
1.513939829182609831e+00
3.236999511718750000e-01
2.523233048423204041e-10
1.513939829053922326e+00
2.170104980468750000e-01
5.046466097275366112e-11
1.513939829182609831e+00
1.233512878417968750e+00
1.009293219455079943e-10
1.513939829182620045e+00
4.680175781250000000e-01
5.046466097275366112e-11
1.513939829182609831e+00
1.236701965332031250e+00
5.046466097275366112e-11
1.513939829182609831e+00
5.748672485351562500e-01
5.046466097275366112e-11
1.513939829182609831e+00
1.756439208984375000e-01
2.018586438757074346e-10
1.513939829067805665e+00
1.294097900390625000e-01
4.541819487159325643e-10
1.513939829053108754e+00
1.076431274414062500e-01
5.046466097275366112e-11
1.513939829182609831e+00
1.411849975585937500e+00
5.046466097275366112e-11
1.513939829182609831e+00
3.534851074218750000e-01
1.513939829177829634e-10
1.513939829177829433e+00
1.274002075195312500e+00
5.046466097275366112e-11
1.513939829182609831e+00
3.720550537109375000e-01
7.569699145028921176e-10
1.513939829005784610e+00
5.861740112304687500e-01
5.046466097275366112e-11
1.513939829182609831e+00
1.287384033203125000e+00
4.541819486889241351e-10
1.513939828963080547e+00
8.951721191406250000e-01
1.110222541181938381e-09
1.513939828884461658e+00
1.446990966796875000e-01
1.695612606392406136e-08
1.513939827136077110e+00
1.435623168945312500e-01
2.018586438870051449e-10
1.513939829152538774e+00
7.308502197265625000e-01
5.046466097275366112e-11
1.513939829182609831e+00
3.755645751953125000e-01
1.009293219441322120e-10
1.513939829161983219e+00
1.458724975585937500e+00
1.513939829170087741e-10
1.513939829170087847e+00
6.032485961914062500e-01
5.399718718764505385e-09
1.513939827690982787e+00
8.083343505859375000e-01
5.046466097275366112e-11
1.513939829182609831e+00
6.154174804687500000e-01
5.046466097275366112e-11
1.513939829182609831e+00
4.635620117187500000e-01
1.009293219457451108e-10
1.513939829186176755e+00
8.658981323242187500e-01
5.046466097275366112e-11
1.513939829182609831e+00
1.140594482421875000e+00
1.009293219452768490e-10
1.513939829179152596e+00
5.684585571289062500e-01
5.046466097275366112e-11
1.513939829182609831e+00
1.208114624023437500e-01
5.046466097275366112e-11
1.513939829182609831e+00
9.715881347656250000e-01
5.551112706149071773e-10
1.513939828949746991e+00
6.210861206054687500e-01
1.655745521849772932e-07
1.513939824915971677e+00
9.774169921875000000e-01
5.046466097275366112e-11
1.513939829182609831e+00
1.875610351562500000e-01
5.046466097275366112e-11
1.513939829182609831e+00
1.562042236328125000e-01
2.018586438765721485e-10
1.513939829074291143e+00
1.575393676757812500e-01
3.027879658198645396e-10
1.513939829099322898e+00
5.588607788085937500e-01
5.046466097275366112e-11
1.513939829182609831e+00
1.686477661132812500e-01
9.588285582450929891e-10
1.513939828808041899e+00
1.080169677734375000e-01
1.009293219461767440e-10
1.513939829192651132e+00
1.811370849609375000e-01
5.046466097275366112e-11
1.513939829182609831e+00
9.177551269531250000e-01
1.009293219423706016e-10
1.513939829135559023e+00
5.200347900390625000e-01
1.594683284950990635e-08
1.513939827485117906e+00
1.250289916992187500e+00
1.513939829134240318e-10
1.513939829134240078e+00
7.415771484375000000e-01
2.018586438820898309e-10
1.513939829115673819e+00
6.569900512695312500e-01
1.874257502746262331e-07
1.513939824512327004e+00
2.308425903320312500e-01
6.055759315725389557e-10
1.513939828931347265e+00
1.362380981445312500e+00
5.046466097275366112e-11
1.513939829182609831e+00
4.500961303710937500e-01
5.046466097275366112e-11
1.513939829182609831e+00
2.611541748046875000e-01
4.324821434894390464e-08
1.513939825517290672e+00
1.112792968750000000e+00
5.046466097275366112e-11
1.513939829182609831e+00
2.869110107421875000e-01
1.513939829084083704e-10
1.513939829084083755e+00
1.374023437500000000e+00
5.046466097275366112e-11
1.513939829182609831e+00
1.889038085937500000e-01
5.046466097275366112e-11
1.513939829182609831e+00
2.216644287109375000e-01
5.046466097275366112e-11
1.513939829182609831e+00
8.359909057617187500e-01
2.018586438859048396e-10
1.513939829144286264e+00
6.614074707031250000e-01
4.541819486846965700e-10
1.513939828948988708e+00
7.764282226562500000e-01
1.009293219436922553e-10
1.513939829155384054e+00
1.283180236816406250e+00
5.046466097275366112e-11
1.513939829182609831e+00
2.873306274414062500e-01
7.085238385570672785e-08
1.513939825976639675e+00
7.379150390625000000e-01
1.009293219455063141e-10
1.513939829182594732e+00
1.382751464843750000e-01
3.784849570927373032e-09
1.513939828370949092e+00
6.119766235351562500e-01
5.046466097275366112e-11
1.513939829182609831e+00
5.294189453125000000e-01
3.027879658226190510e-10
1.513939829113094993e+00
3.762359619140625000e-01
1.463475167894064322e-09
1.513939828855929148e+00
1.523056030273437500e-01
3.280202961645359285e-09
1.513939828451704273e+00
2.208480834960937500e-01
2.154841022060852719e-08
1.513939828145798083e+00
7.364273071289062500e-01
1.009293219458004544e-10
1.513939829187006758e+00
3.679275512695312500e-01
1.771309598157202931e-08
1.513939827484787282e+00
2.011184692382812500e-01
1.009293219403785956e-10
1.513939829105678925e+00
7.577285766601562500e-01
7.569699145229032710e-10
1.513939829045806595e+00
3.871383666992187500e-01
1.513939829169369903e-10
1.513939829169369977e+00
1.485221862792968750e+00
5.046466097275366112e-11
1.513939829182609831e+00
1.697006225585937500e-01
5.046466097275366112e-11
1.513939829182609831e+00
3.963775634765625000e-01
5.046466097275366112e-11
1.513939829182609831e+00
1.370796203613281250e+00
1.009293219450165456e-10
1.513939829175248164e+00
1.282035827636718750e+00
5.046466097275366112e-11
1.513939829182609831e+00
4.865570068359375000e-01
5.046466097275366112e-11
1.513939829182609831e+00
1.888885498046875000e-01
5.046466097275366112e-11
1.513939829182609831e+00
5.373611450195312500e-01
5.046466097275366112e-11
1.513939829182609831e+00
1.011909484863281250e+00
5.046466097275366112e-11
1.513939829182609831e+00
1.630401611328125000e-01
5.046466097275366112e-11
1.513939829182609831e+00
7.984313964843750000e-01
1.009293219440531387e-10
1.513939829160797057e+00
8.189849853515625000e-01
5.450183382076104279e-09
1.513939828354473160e+00
2.464904785156250000e-01
1.009293219458289016e-10
1.513939829187433528e+00
3.550338745117187500e-01
5.046466096834369502e-10
1.513939829050310992e+00
1.466842651367187500e+00
5.046466097275366112e-11
1.513939829182609831e+00
4.749526977539062500e-01
5.046466097275366112e-11
1.513939829182609831e+00
1.406555175781250000e-01
5.046466097275366112e-11
1.513939829182609831e+00
1.004692077636718750e+00
1.009293219453146925e-10
1.513939829179720364e+00
5.320434570312500000e-01
5.046466097275366112e-11
1.513939829182609831e+00
7.179031372070312500e-01
1.009293219459924249e-10
1.513939829189886233e+00
3.763961791992187500e-01
1.513939829105269092e-10
1.513939829105269252e+00
5.690612792968750000e-01
6.560405923997412054e-10
1.513939828614787819e+00
1.500671386718750000e+00
1.513939829189093249e-10
1.513939829189093089e+00
3.693313598632812500e-01
1.932796513380897256e-08
1.513939827713496999e+00
7.762451171875000000e-01
2.100339184650850989e-07
1.513939825553234586e+00
2.216339111328125000e-01
1.513939829115409810e-10
1.513939829115409808e+00
2.443008422851562500e-01
2.523233048504514344e-10
1.513939829102708856e+00
9.627990722656250000e-01
1.009293219434718117e-10
1.513939829152076921e+00
1.285125732421875000e+00
1.009293219441045790e-10
1.513939829161568884e+00
5.340042114257812500e-01
5.046466097275366112e-11
1.513939829182609831e+00
1.256072998046875000e+00
5.046466097275366112e-11
1.513939829182609831e+00
3.145599365234375000e-01
2.523233048535073498e-10
1.513939829121043967e+00
6.281890869140625000e-01
2.018586438832357346e-10
1.513939829124268055e+00
1.732788085937500000e-01
8.578992364142240851e-10
1.513939828966277545e+00
3.249511718750000000e-01
6.156688634502042632e-09
1.513939828156239509e+00
6.492538452148437500e-01
1.009293219416270826e-10
1.513939829124406167e+00
6.450119018554687500e-01
9.588285582307170036e-10
1.513939828785342501e+00
7.655334472656250000e-01
5.046466097275366112e-11
1.513939829182609831e+00
1.036369323730468750e+00
2.624162369704180541e-09
1.513939828675488819e+00
4.898910522460937500e-01
3.027879658176166245e-10
1.513939829088083222e+00
1.455513000488281250e+00
5.046466097275366112e-11
1.513939829182609831e+00
6.724472045898437500e-01
2.523233048437546319e-10
1.513939829062528108e+00
1.130271911621093750e+00
2.018586438707140813e-10
1.513939829030355622e+00
2.061233520507812500e-01
3.027879657688546893e-10
1.513939828844273139e+00
1.442871093750000000e-01
1.766263133653405452e-09
1.513939828845776381e+00
1.564254760742187500e-01
2.515158692498383649e-07
1.513939822932413470e+00
6.373519897460937500e-01
1.009293219460011491e-10
1.513939829190017239e+00
3.223953247070312500e-01
1.009293219435058812e-10
1.513939829152588290e+00
5.317306518554687500e-01
2.018586438752734491e-10
1.513939829064550935e+00
9.545211791992187500e-01
5.046466097275366112e-11
1.513939829182609831e+00
9.953613281250000000e-01
5.046466097275366112e-11
1.513939829182609831e+00
4.580841064453125000e-01
1.009293219449636578e-10
1.513939829174455021e+00
9.583053588867187500e-01
1.009293219445166313e-10
1.513939829167749496e+00
7.146377563476562500e-01
5.046466097275366112e-11
1.513939829182609831e+00
5.627517700195312500e-01
1.004246752584663631e-08
1.513939828017080824e+00
1.497573852539062500e+00
3.027879658119511094e-10
1.513939829059755882e+00
5.201950073242187500e-01
2.371839064532866936e-09
1.513939828425234779e+00
8.584594726562500000e-01
5.046466097275366112e-11
1.513939829182609831e+00
3.229675292968750000e-01
1.009293219456382753e-10
1.513939829184574037e+00
6.518173217773437500e-01
5.046466097275366112e-11
1.513939829182609831e+00
1.200050354003906250e+00
5.046466097275366112e-11
1.513939829182609831e+00
1.208732604980468750e+00
5.046466097275366112e-11
1.513939829182609831e+00
1.938400268554687500e-01
5.046466097275366112e-11
1.513939829182609831e+00
1.573867797851562500e-01
7.065052535347356032e-10
1.513939829003004833e+00
2.909393310546875000e-01
5.046466097275366112e-11
1.513939829182609831e+00
3.024902343750000000e-01
5.046466097275366112e-11
1.513939829182609831e+00
8.178558349609375000e-01
5.046466097275366112e-11
1.513939829182609831e+00
8.199920654296875000e-01
4.895072112063065193e-09
1.513939828473113147e+00
1.436233520507812500e-01
4.541819485769347472e-09
1.513939828589782488e+00
1.270759582519531250e+00
3.027879658029083710e-10
1.513939829014542049e+00
7.592773437500000000e-01
9.083638973343182006e-10
1.513939828890530359e+00
6.825790405273437500e-01
4.844607449612572896e-09
1.513939828003929122e+00
5.191650390625000000e-01
1.009293219459264831e-10
1.513939829188897246e+00
3.408279418945312500e-01
2.018586438833709786e-10
1.513939829125282355e+00
8.190383911132812500e-01
5.046466097275366112e-11
1.513939829182609831e+00
1.116577148437500000e+00
1.009293219454406566e-10
1.513939829181609964e+00
1.362258911132812500e+00
4.037172877086613671e-10
1.513939828907480134e+00
1.132316589355468750e+00
1.513939829169519054e-10
1.513939829169518747e+00
1.265869140625000000e-01
1.968121777176361171e-09
1.513939828597200776e+00
5.375366210937500000e-01
1.009293219409287354e-10
1.513939829113930990e+00
8.064270019531250000e-01
5.046466097275366112e-11
1.513939829182609831e+00
6.802749633789062500e-01
4.037172877409594613e-10
1.513939829028598139e+00
1.002998352050781250e+00
5.046466097275366112e-11
1.513939829182609831e+00
5.519409179687500000e-01
1.009293219427042656e-10
1.513939829140563909e+00
1.814880371093750000e-01
3.022833188921489096e-08
1.513939827506587399e+00
1.666488647460937500e-01
5.046466097275366112e-11
1.513939829182609831e+00
8.530807495117187500e-01
1.059757880156471485e-09
1.513939828794959253e+00
3.268432617187500000e-01
2.270909742862913923e-09
1.513939828575276092e+00
1.802062988281250000e-01
3.532526267593768750e-10
1.513939828968758006e+00
3.759384155273437500e-01
5.046466097275366112e-11
1.513939829182609831e+00
5.136566162109375000e-01
1.009293219243661005e-09
1.513939828865491721e+00
7.559890747070312500e-01
5.046466097275366112e-11
1.513939829182609831e+00
9.440002441406250000e-01
5.046466097275366112e-11
1.513939829182609831e+00
2.442245483398437500e-01
6.560405925628735265e-10
1.513939828991246461e+00
1.296203613281250000e+00
5.046466097275366112e-11
1.513939829182609831e+00
9.404144287109375000e-01
5.046466097275366112e-11
1.513939829182609831e+00
1.061920166015625000e+00
5.046466097275366112e-11
1.513939829182609831e+00
1.344909667968750000e-01
1.009293219436864521e-10
1.513939829155296790e+00
4.607849121093750000e-01
2.523233048557122514e-10
1.513939829134273385e+00
2.965927124023437500e-01
1.397871107916907542e-08
1.513939828068851856e+00
1.081497192382812500e+00
5.046466097275366112e-11
1.513939829182609831e+00
1.468536376953125000e+00
5.046466097275366112e-11
1.513939829182609831e+00
2.233047485351562500e-01
5.046466097275366112e-11
1.513939829182609831e+00
7.600631713867187500e-01
1.766263132940595711e-08
1.513939828234796225e+00
5.934143066406250000e-01
2.523233048494656419e-10
1.513939829096794032e+00
2.655181884765625000e-01
5.046466097275366112e-11
1.513939829182609831e+00
2.486572265625000000e-01
3.532526267552823827e-10
1.513939828951210265e+00
1.019515991210937500e-01
5.046466097275366112e-11
1.513939829182609831e+00
1.120414733886718750e+00
5.046466097275366112e-11
1.513939829182609831e+00
1.138542175292968750e+00
5.046466097275366112e-11
1.513939829182609831e+00
4.375762939453125000e-01
5.046466097275366112e-11
1.513939829182609831e+00
2.611541748046875000e-01
6.055759316121354713e-10
1.513939829030338302e+00
2.479629516601562500e-01
1.009293219405842793e-10
1.513939829108764235e+00
9.284820556640625000e-01
5.046466097275366112e-11
1.513939829182609831e+00
5.655517578125000000e-01
5.046466097275366112e-11
1.513939829182609831e+00
2.981109619140625000e-01
5.046466097275366112e-11
1.513939829182609831e+00
2.353973388671875000e-01
2.447536054159760265e-08
1.513939827315314623e+00
2.056961059570312500e-01
5.046466097275366112e-11
1.513939829182609831e+00
1.548469543457031250e+00
1.009293219235644591e-09
1.513939828853466896e+00
7.614440917968750000e-01
5.046466097275366112e-11
1.513939829182609831e+00
1.653137207031250000e-01
1.513939829132355897e-10
1.513939829132355586e+00
1.280792236328125000e+00
5.046466097275366112e-11
1.513939829182609831e+00
1.386566162109375000e-01
1.766263133553291369e-09
1.513939828759963691e+00
4.895401000976562500e-01
5.046466097275366112e-11
1.513939829182609831e+00
3.001785278320312500e-01
5.046466096860647996e-10
1.513939829058194464e+00
9.818420410156250000e-01
5.046466097275366112e-11
1.513939829182609831e+00
5.670928955078125000e-01
1.513939829037405127e-10
1.513939829037404872e+00
9.118194580078125000e-01
5.551112706450654586e-10
1.513939829031996531e+00
4.054641723632812500e-01
5.046466097275366112e-11
1.513939829182609831e+00
1.043968200683593750e+00
5.046466097275366112e-11
1.513939829182609831e+00
6.178741455078125000e-01
1.644138647400464279e-07
1.513939822652366818e+00
1.512054443359375000e+00
5.046466097275366112e-11
1.513939829182609831e+00
1.333923339843750000e-01
5.046466097275366112e-11
1.513939829182609831e+00
8.585891723632812500e-01
5.046466097275366112e-11
1.513939829182609831e+00
1.039657592773437500e+00
1.513939829143686720e-10
1.513939829143686522e+00
3.657302856445312500e-01
2.018586438839545028e-10
1.513939829129658632e+00
1.854476928710937500e-01
5.046466097275366112e-11
1.513939829182609831e+00
7.926254272460937500e-01
4.541819487179504714e-10
1.513939829059835152e+00
2.153549194335937500e-01
5.046466097275366112e-11
1.513939829182609831e+00
1.171875000000000000e-01
8.578992364162843852e-10
1.513939828969913748e+00
4.701004028320312500e-01
1.009293219456996805e-10
1.513939829185495078e+00
1.149261474609375000e+00
5.046466097275366112e-11
1.513939829182609831e+00
5.076217651367187500e-01
3.027879658124076097e-10
1.513939829062038278e+00
6.480255126953125000e-01
5.046466097275366112e-11
1.513939829182609831e+00
1.004501342773437500e+00
5.046466097275366112e-11
1.513939829182609831e+00
1.481437683105468750e+00
1.009293219459471755e-10
1.513939829189207664e+00
5.815124511718750000e-01
5.046466097275366112e-11
1.513939829182609831e+00
5.278396606445312500e-01
5.046466097275366112e-11
1.513939829182609831e+00
4.451828002929687500e-01
1.513939829025257721e-10
1.513939829025257700e+00
1.625671386718750000e-01
5.046466097275366112e-11
1.513939829182609831e+00
-1.937616882324218750e+02
5.046465975372276712e-06
1.513939792611677770e+00
2.934112548828125000e-01
1.009293219315626546e-09
1.513939828973439816e+00
6.933517456054687500e-01
5.046466097275366112e-11
1.513939829182609831e+00
4.407196044921875000e-01
1.009293219382412126e-10
1.513939829073618348e+00
5.995101928710937500e-01
2.523233048535077117e-10
1.513939829121046188e+00
3.339004516601562500e-01
1.513939829092633650e-10
1.513939829092633582e+00
8.546905517578125000e-01
5.046466097275366112e-11
1.513939829182609831e+00
1.282196044921875000e+00
5.046466097275366112e-11
1.513939829182609831e+00
2.291717529296875000e-01
8.225739721109163923e-08
1.513939825971012176e+00
7.268447875976562500e-01
1.009293219438734208e-10
1.513939829158101436e+00
1.050994873046875000e+00
5.046466097275366112e-11
1.513939829182609831e+00
5.630493164062500000e-01
5.046466097275366112e-11
1.513939829182609831e+00
1.474761962890625000e-01
1.110222541114614979e-09
1.513939828792657538e+00
3.228683471679687500e-01
1.009293219374781385e-10
1.513939829062171949e+00
1.635513305664062500e-01
5.046466097275366112e-11
1.513939829182609831e+00
9.652099609375000000e-01
5.046466097275366112e-11
1.513939829182609831e+00
1.165863037109375000e+00
5.046466097275366112e-11
1.513939829182609831e+00
1.034370422363281250e+00
5.046466097275366112e-11
1.513939829182609831e+00
1.337913513183593750e+00
1.513939829185654763e-10
1.513939829185654729e+00
9.619674682617187500e-01
5.046466097275366112e-11
1.513939829182609831e+00
4.978485107421875000e-01
2.018586438781620931e-10
1.513939829086215605e+00
4.954376220703125000e-01
1.513939829151978689e-10
1.513939829151978778e+00
4.082870483398437500e-01
1.513939829117246151e-10
1.513939829117245894e+00
8.540115356445312500e-01
5.046466097275366112e-11
1.513939829182609831e+00
4.937667846679687500e-01
4.239031519194763393e-09
1.513939828283844546e+00
1.293807983398437500e+00
5.046466097275366112e-11
1.513939829182609831e+00
9.398803710937500000e-01
2.018586438878788803e-10
1.513939829159091310e+00
1.381149291992187500e-01
2.523233048543656014e-10
1.513939829126193626e+00
1.017349243164062500e+00
1.211151863115046085e-09
1.513939828893807515e+00
5.254287719726562500e-01
3.532526267975136753e-10
1.513939829132201709e+00
1.558761596679687500e-01
1.009293219395265221e-10
1.513939829092897815e+00
6.265182495117187500e-01
3.532526267796356139e-10
1.513939829055580999e+00
1.399864196777343750e+00
3.532526268008927598e-10
1.513939829146683236e+00
6.702423095703125000e-01
5.046466097275366112e-11
1.513939829182609831e+00
5.696945190429687500e-01
4.541819487008306245e-10
1.513939829002768800e+00
3.032989501953125000e-01
3.027879658117753336e-10
1.513939829058876585e+00
8.334350585937500000e-01
2.018586438748612547e-10
1.513939829061459408e+00
1.568298339843750000e-01
1.009293219386946110e-10
1.513939829080419130e+00
4.586715698242187500e-01
5.046466097275366112e-11
1.513939829182609831e+00
2.459564208984375000e-01
1.513939829040650001e-10
1.513939829040650054e+00
5.548095703125000000e-01
2.018586438778185546e-10
1.513939829083639221e+00
1.284492492675781250e+00
1.009293219453200951e-10
1.513939829179801411e+00
1.133857727050781250e+00
5.046466097275366112e-11
1.513939829182609831e+00
1.127700805664062500e+00
5.046466097275366112e-11
1.513939829182609831e+00
1.018051147460937500e+00
3.638502046865331519e-08
1.513939825325380184e+00
1.030754089355468750e+00
2.523233048538502679e-10
1.513939829123101655e+00
1.172554016113281250e+00
5.046466097275366112e-11
1.513939829182609831e+00
1.013252258300781250e+00
1.009293219428694950e-10
1.513939829143042370e+00
7.519989013671875000e-01
2.316327935658389369e-08
1.513939827227707813e+00
5.524597167968750000e-01
1.463475164357800011e-07
1.513939825197725630e+00
1.016838073730468750e+00
4.541819486895389371e-10
1.513939828965129797e+00
8.845901489257812500e-01
5.046466097275366112e-11
1.513939829182609831e+00
2.547988891601562500e-01
2.018586438697924987e-10
1.513939829023443817e+00
1.293983459472656250e+00
5.046466097275366112e-11
1.513939829182609831e+00
2.833328247070312500e-01
2.523233048578807054e-10
1.513939829147284311e+00
3.955993652343750000e-01
1.009293219456899224e-10
1.513939829185348973e+00
5.322113037109375000e-01
1.513939829102061700e-10
1.513939829102061596e+00
1.368179321289062500e-01
5.046466097275366112e-11
1.513939829182609831e+00
1.211029052734375000e+00
5.046466097275366112e-11
1.513939829182609831e+00
4.423217773437500000e-01
1.513939829087657125e-10
1.513939829087657118e+00
1.032562255859375000e-01
5.046466097275366112e-11
1.513939829182609831e+00
4.530639648437500000e-01
2.018586438891424762e-10
1.513939829168568618e+00
8.860473632812500000e-01
5.046466097275366112e-11
1.513939829182609831e+00
6.301803588867187500e-01
5.046466097275366112e-11
1.513939829182609831e+00
1.261535644531250000e+00
1.039572015044404731e-08
1.513939827734570809e+00
4.545364379882812500e-01
2.270909742958540551e-09
1.513939828639026874e+00
8.743896484375000000e-01
9.083638973059114742e-10
1.513939828843185564e+00
1.180122375488281250e+00
5.046466097275366112e-11
1.513939829182609831e+00
4.666976928710937500e-01
3.027879657860730225e-10
1.513939828930364939e+00
3.208923339843750000e-01
5.046466097275366112e-11
1.513939829182609831e+00
1.285934448242187500e-01
5.046466097275366112e-11
1.513939829182609831e+00
6.357650756835937500e-01
5.046466097275366112e-11
1.513939829182609831e+00
5.641784667968750000e-01
5.046466097275366112e-11
1.513939829182609831e+00
2.776107788085937500e-01
5.046466097275366112e-11
1.513939829182609831e+00
1.275863647460937500e-01
2.523233048413081418e-10
1.513939829047848962e+00
5.524139404296875000e-01
4.895072110508820119e-09
1.513939827992418108e+00
1.011810302734375000e+00
1.009293219427596609e-10
1.513939829141394799e+00
5.118331909179687500e-01
9.588285583136234553e-10
1.513939828916247787e+00
1.643981933593750000e-01
5.046466097275366112e-11
1.513939829182609831e+00
6.732711791992187500e-01
1.513939829040522305e-10
1.513939829040522378e+00
1.077499389648437500e-01
1.009293219396405050e-10
1.513939829094607559e+00
3.076095581054687500e-01
5.046466097275366112e-11
1.513939829182609831e+00
1.004409790039062500e-01
5.046466097275366112e-11
1.513939829182609831e+00
9.935455322265625000e-01
5.046466097275366112e-11
1.513939829182609831e+00
1.292228698730468750e+00
5.046466097275366112e-11
1.513939829182609831e+00
4.949340820312500000e-01
2.018586438885198419e-10
1.513939829163898798e+00
1.461685180664062500e+00
1.513939829130036948e-10
1.513939829130036996e+00
4.599914550781250000e-01
5.046466097275366112e-11
1.513939829182609831e+00
9.473495483398437500e-01
3.027879658076270745e-10
1.513939829038135620e+00
1.590499877929687500e-01
5.046466097275366112e-11
1.513939829182609831e+00
1.547546386718750000e-01
5.046466097275366112e-11
1.513939829182609831e+00
6.801986694335937500e-01
5.551112705678542489e-10
1.513939828821420752e+00
3.806686401367187500e-01
1.009293219449125535e-10
1.513939829173688079e+00
6.653137207031250000e-01
5.046466097275366112e-11
1.513939829182609831e+00
9.179000854492187500e-01
5.046466097275366112e-11
1.513939829182609831e+00
1.182655334472656250e+00
1.009293219451537154e-10
1.513939829177305629e+00
8.706741333007812500e-01
5.046466097275366112e-11
1.513939829182609831e+00
1.037582397460937500e+00
5.046466097275366112e-11
1.513939829182609831e+00
9.867477416992187500e-01
5.046466097275366112e-11
1.513939829182609831e+00
3.233566284179687500e-01
5.046466097275366112e-11
1.513939829182609831e+00
1.476448059082031250e+00
5.046466097275366112e-11
1.513939829182609831e+00
1.098892211914062500e+00
5.046466097275366112e-11
1.513939829182609831e+00
5.846328735351562500e-01
5.046466097275366112e-11
1.513939829182609831e+00
1.732330322265625000e-01
3.280202962069958951e-09
1.513939828647673069e+00
3.131866455078125000e-01
1.513939829149549105e-10
1.513939829149548943e+00
2.521209716796875000e-01
5.046466097275366112e-11
1.513939829182609831e+00
1.755828857421875000e-01
1.009293219423812128e-10
1.513939829135718229e+00
6.673507690429687500e-01
5.046466097275366112e-11
1.513939829182609831e+00
9.556427001953125000e-01
1.381722413697541034e-07
1.513939825088611135e+00
6.528778076171875000e-01
1.009293219456600922e-10
1.513939829184901331e+00
1.052543640136718750e+00
3.497201002179985565e-08
1.513939827783543413e+00
7.667083740234375000e-01
6.005294652950052268e-09
1.513939828474803351e+00
1.552810668945312500e-01
5.046466096104574931e-10
1.513939828831372569e+00
4.483489990234375000e-01
5.046466097275366112e-11
1.513939829182609831e+00
9.816970825195312500e-01
2.169980421286539025e-09
1.513939828804562016e+00
6.635971069335937500e-01
3.885778892040263329e-09
1.513939828067635052e+00
1.120994567871093750e+00
5.046466097275366112e-11
1.513939829182609831e+00
7.676696777343750000e-01
2.018586438788448531e-10
1.513939829091336398e+00
1.381492614746093750e+00
5.046466097275366112e-11
1.513939829182609831e+00
6.364059448242187500e-01
5.046466097275366112e-11
1.513939829182609831e+00
8.729248046875000000e-01
5.046466097275366112e-11
1.513939829182609831e+00
1.163986206054687500e+00
5.046466097275366112e-11
1.513939829182609831e+00
3.451919555664062500e-01
4.318664707400681976e-06
1.513939811891146459e+00
8.474044799804687500e-01
5.046466097275366112e-11
1.513939829182609831e+00
8.909606933593750000e-01
5.046466097275366112e-11
1.513939829182609831e+00
9.710617065429687500e-01
5.046466097275366112e-11
1.513939829182609831e+00
5.680160522460937500e-01
4.541819486774485550e-10
1.513939828924828701e+00
1.111976623535156250e+00
5.046466097275366112e-11
1.513939829182609831e+00
7.020950317382812500e-01
6.560405924822356177e-10
1.513939828805158871e+00
1.138885498046875000e+00
5.046466097275366112e-11
1.513939829182609831e+00
2.106628417968750000e-01
2.018586438717347187e-10
1.513939829038010387e+00
1.463470458984375000e-01
2.018586438788840925e-10
1.513939829091630385e+00
1.419578552246093750e+00
2.018586438889062645e-10
1.513939829166797146e+00
1.461334228515625000e-01
5.046466097275366112e-11
1.513939829182609831e+00
6.969909667968750000e-01
5.046466097275366112e-11
1.513939829182609831e+00
5.036468505859375000e-01
1.513939829089706206e-10
1.513939829089706146e+00
7.345886230468750000e-01
5.046466097275366112e-11
1.513939829182609831e+00
7.756423950195312500e-01
4.541819487423545226e-10
1.513939829141181637e+00
7.686157226562500000e-01
5.046466097275366112e-11
1.513939829182609831e+00
7.245025634765625000e-01
5.046466097275366112e-11
1.513939829182609831e+00
6.289062500000000000e-01
5.046466097275366112e-11
1.513939829182609831e+00
1.420639038085937500e+00
5.046466097275366112e-11
1.513939829182609831e+00
6.850814819335937500e-01
1.513939829186082312e-10
1.513939829186082386e+00
1.398773193359375000e-01
5.046466097275366112e-11
1.513939829182609831e+00
3.798370361328125000e-01
4.037172877496540084e-10
1.513939829061202502e+00
5.904617309570312500e-01
5.046466097275366112e-11
1.513939829182609831e+00
1.391883850097656250e+00
1.009293219458746938e-10
1.513939829188120312e+00
1.727294921875000000e-01
1.680473208625557644e-08
1.513939827590593756e+00
4.339218139648437500e-01
5.046466097275366112e-11
1.513939829182609831e+00
4.323654174804687500e-01
2.523233048487909727e-10
1.513939829092745715e+00
6.537094116210937500e-01
1.009293219423156717e-10
1.513939829134735238e+00
1.016853332519531250e+00
1.513939829135086369e-10
1.513939829135086290e+00
3.365173339843750000e-01
5.046466097275366112e-11
1.513939829182609831e+00
5.099182128906250000e-01
1.009293219426737504e-10
1.513939829140106275e+00
1.091430664062500000e+00
2.523233048559187364e-10
1.513939829135512172e+00
8.185195922851562500e-01
5.046466097275366112e-11
1.513939829182609831e+00
1.233970642089843750e+00
5.046466097275366112e-11
1.513939829182609831e+00
1.198959350585937500e-01
5.046466097275366112e-11
1.513939829182609831e+00
1.376876831054687500e-01
1.009293219457283992e-10
1.513939829185925845e+00
1.503829956054687500e-01
3.027879658197854404e-10
1.513939829098927214e+00
6.864547729492187500e-01
2.018586438759455592e-10
1.513939829069591791e+00
4.438171386718750000e-01
1.009293219434267562e-10
1.513939829151401240e+00
5.046539306640625000e-01
5.046466097275366112e-11
1.513939829182609831e+00
1.465080261230468750e+00
5.046466097275366112e-11
1.513939829182609831e+00
1.192367553710937500e+00
5.046466097275366112e-11
1.513939829182609831e+00
1.068832397460937500e+00
1.009293219427665627e-10
1.513939829141498272e+00
1.138397216796875000e+00
5.046466097275366112e-11
1.513939829182609831e+00
8.299407958984375000e-01
5.046466097275366112e-11
1.513939829182609831e+00
3.767929077148437500e-01
5.046466096805096614e-10
1.513939829041528906e+00
1.313591003417968750e+00
5.046466097275366112e-11
1.513939829182609831e+00
6.418228149414062500e-01
1.009293219407904928e-10
1.513939829111857538e+00
7.657241821289062500e-01
2.018586438864702951e-10
1.513939829148527316e+00
6.828918457031250000e-01
5.046466097275366112e-11
1.513939829182609831e+00
4.710006713867187500e-01
5.046466097275366112e-11
1.513939829182609831e+00
1.213356018066406250e+00
5.046466097275366112e-11
1.513939829182609831e+00
1.225105285644531250e+00
5.046466097275366112e-11
1.513939829182609831e+00
1.008224487304687500e-01
5.046466097275366112e-11
1.513939829182609831e+00
6.586303710937500000e-01
3.986708215449627865e-09
1.513939828651757802e+00
2.942962646484375000e-01
5.046466097275366112e-11
1.513939829182609831e+00
2.874603271484375000e-01
5.046466097275366112e-11
1.513939829182609831e+00
1.903610229492187500e-01
5.046466097275366112e-11
1.513939829182609831e+00
5.691452026367187500e-01
4.541819487011215853e-10
1.513939829003738691e+00
3.103256225585937500e-01
2.270909742866774375e-09
1.513939828577850033e+00
1.811676025390625000e-01
5.046466097275366112e-11
1.513939829182609831e+00
4.907302856445312500e-01
5.046466097275366112e-11
1.513939829182609831e+00
1.208587646484375000e+00
5.046466097275366112e-11
1.513939829182609831e+00
1.416648864746093750e+00
5.046466097275366112e-11
1.513939829182609831e+00
2.999496459960937500e-01
5.046466097275366112e-11
1.513939829182609831e+00
2.101593017578125000e-01
5.046466097275366112e-11
1.513939829182609831e+00
1.032630920410156250e+00
2.876485674579430075e-09
1.513939828726015735e+00
1.145729064941406250e+00
5.046466097275366112e-11
1.513939829182609831e+00
7.009735107421875000e-01
5.046466097275366112e-11
1.513939829182609831e+00
8.893890380859375000e-01
1.009293219431555961e-10
1.513939829147333826e+00
1.194458007812500000e+00
5.046466097275366112e-11
1.513939829182609831e+00
2.719497680664062500e-01
1.074897277721358992e-08
1.513939827776560998e+00
8.537521362304687500e-01
3.027879658231001082e-10
1.513939829115500624e+00
3.870239257812500000e-01
4.541819486665452806e-10
1.513939828888484218e+00
2.869262695312500000e-01
5.046466097275366112e-11
1.513939829182609831e+00
8.028945922851562500e-01
3.532526267790400955e-10
1.513939829053029040e+00
1.248283386230468750e+00
5.046466097275366112e-11
1.513939829182609831e+00
1.456031799316406250e+00
5.046466097275366112e-11
1.513939829182609831e+00
1.200126647949218750e+00
5.046466097275366112e-11
1.513939829182609831e+00
2.899322509765625000e-01
1.614869150507672139e-09
1.513939828600942672e+00
7.255249023437500000e-01
1.009293219426163777e-10
1.513939829139245630e+00
7.383041381835937500e-01
5.046466097275366112e-11
1.513939829182609831e+00
1.139678955078125000e+00
5.046466097275366112e-11
1.513939829182609831e+00
7.956619262695312500e-01
5.046466097275366112e-11
1.513939829182609831e+00
4.561767578125000000e-01
5.046466097275366112e-11
1.513939829182609831e+00
6.921081542968750000e-01
2.018586438858242412e-10
1.513939829143681637e+00
2.020492553710937500e-01
5.046466097275366112e-11
1.513939829182609831e+00
5.592498779296875000e-01
1.513939829160416448e-10
1.513939829160416473e+00
1.208190917968750000e-01
5.551112706105187773e-10
1.513939828937778564e+00
1.612014770507812500e-01
1.009293219442700281e-10
1.513939829164050455e+00
3.612976074218750000e-01
5.046466097275366112e-11
1.513939829182609831e+00
2.084655761718750000e-01
4.541819486877000629e-10
1.513939828959000478e+00
1.175941467285156250e+00
4.037172877567610409e-10
1.513939829087853850e+00
1.095352172851562500e-01
1.009293219460103256e-10
1.513939829190154907e+00
4.133071899414062500e-01
1.009293219437826248e-10
1.513939829156739414e+00
2.980270385742187500e-01
2.018586438862646890e-10
1.513939829146985216e+00
4.931640625000000000e-01
1.009293219400574428e-10
1.513939829100861889e+00
1.265937805175781250e+00
5.046466097275366112e-11
1.513939829182609831e+00
4.946517944335937500e-01
5.046466097275366112e-11
1.513939829182609831e+00
1.106338500976562500e+00
1.211151863103434331e-09
1.513939828879292904e+00
1.666183471679687500e-01
5.046466096706395356e-10
1.513939829011918592e+00
5.535125732421875000e-01
2.523233048493095633e-10
1.513939829095857448e+00
1.612777709960937500e-01
1.009293219452143323e-10
1.513939829178215124e+00
5.176162719726562500e-01
4.037172877624132694e-10
1.513939829109049562e+00
1.217529296875000000e+00
1.009293219454713657e-10
1.513939829182070707e+00
1.201248168945312500e-01
7.569699142891628128e-10
1.513939828578325653e+00
7.041397094726562500e-01
1.009293219416516008e-10
1.513939829124774095e+00
9.389572143554687500e-01
5.046466097275366112e-11
1.513939829182609831e+00
6.103668212890625000e-01
1.009293219450621957e-10
1.513939829175932950e+00
6.445617675781250000e-01
1.009293219438122611e-10
1.513939829157183947e+00
7.719192504882812500e-01
1.009293219426015143e-10
1.513939829139022697e+00
6.800994873046875000e-01
5.046466097275366112e-11
1.513939829182609831e+00
1.001510620117187500e-01
5.046466097275366112e-11
1.513939829182609831e+00
7.048263549804687500e-01
3.224691833243440986e-08
1.513939827813824079e+00
7.028808593750000000e-01
2.523233048475240422e-10
1.513939829085144240e+00
3.155746459960937500e-01
1.614869150495477429e-09
1.513939828589510483e+00
5.929870605468750000e-01
3.532526267583068652e-10
1.513939828964172563e+00
1.425918579101562500e+00
5.046466097275366112e-11
1.513939829182609831e+00
1.009437561035156250e+00
5.046466097275366112e-11
1.513939829182609831e+00
4.285507202148437500e-01
9.588285583265105156e-10
1.513939828936595511e+00
9.856185913085937500e-01
1.009293219457207090e-10
1.513939829185810382e+00
1.478820800781250000e+00
1.009293219453999180e-10
1.513939829180998675e+00
4.118118286132812500e-01
1.513939829121372489e-10
1.513939829121372371e+00
2.683563232421875000e-01
4.037172877198553956e-10
1.513939828949457667e+00
3.898315429687500000e-01
5.046466097275366112e-11
1.513939829182609831e+00
1.064102172851562500e+00
5.046466097275366112e-11
1.513939829182609831e+00
3.556823730468750000e-01
5.046466097275366112e-11
1.513939829182609831e+00
1.501846313476562500e-01
5.046466097275366112e-11
1.513939829182609831e+00
9.974136352539062500e-01
7.569699144321056197e-10
1.513939828864211190e+00
1.714324951171875000e-01
5.046466097275366112e-11
1.513939829182609831e+00
1.430595397949218750e+00
5.046466097275366112e-11
1.513939829182609831e+00
1.062049865722656250e+00
5.046466097275366112e-11
1.513939829182609831e+00
4.401550292968750000e-01
4.541819486539217806e-10
1.513939828846405877e+00
2.242889404296875000e-01
1.090036676383026655e-08
1.513939828309758262e+00
5.738525390625000000e-01
5.046466097275366112e-11
1.513939829182609831e+00
1.196586608886718750e+00
2.018586438868593544e-10
1.513939829151444982e+00
2.697906494140625000e-01
5.046466097275366112e-11
1.513939829182609831e+00
1.532440185546875000e-01
1.513939829096494516e-10
1.513939829096494494e+00
6.287231445312500000e-01
1.715798472694500746e-09
1.513939828848089197e+00
1.352256774902343750e+00
5.046466097275366112e-11
1.513939829182609831e+00
4.862518310546875000e-01
5.046466097275366112e-11
1.513939829182609831e+00
1.343231201171875000e-01
5.551112706210079445e-10
1.513939828966385237e+00
2.921524047851562500e-01
3.532526267834954971e-10
1.513939829072123322e+00
4.586257934570312500e-01
5.046466097275366112e-11
1.513939829182609831e+00
2.634811401367187500e-01
1.513939829031145955e-10
1.513939829031145878e+00
8.643035888671875000e-01
5.046466097275366112e-11
1.513939829182609831e+00
2.076263427734375000e-01
2.018586438816946971e-10
1.513939829112710189e+00
4.643325805664062500e-01
1.867192455331185662e-09
1.513939828646907015e+00
4.760742187500000000e-01
5.046466097275366112e-11
1.513939829182609831e+00
5.330047607421875000e-01
5.046466097275366112e-11
1.513939829182609831e+00
1.106262207031250000e-01
5.046466096400801750e-10
1.513939828920240593e+00
1.157989501953125000e-01
1.009293219435528366e-10
1.513939829153292393e+00
6.753921508789062500e-01
6.055759316005340564e-10
1.513939829001335058e+00
1.344711303710937500e+00
5.046466097275366112e-11
1.513939829182609831e+00
3.744659423828125000e-01
5.046466097275366112e-11
1.513939829182609831e+00
8.982849121093750000e-01
5.046466097275366112e-11
1.513939829182609831e+00
1.183265686035156250e+00
7.569699145348977001e-10
1.513939829069795406e+00
1.280212402343750000e-01
5.046466097275366112e-11
1.513939829182609831e+00
4.208068847656250000e-01
1.715798472636792283e-09
1.513939828797169929e+00
1.049049377441406250e+00
5.046466097275366112e-11
1.513939829182609831e+00
5.621185302734375000e-01
7.065052535276840953e-10
1.513939828987894032e+00
6.960601806640625000e-01
2.018586438865709785e-10
1.513939829149282268e+00
8.407135009765625000e-01
1.009293219413081528e-10
1.513939829119622438e+00
9.942932128906250000e-01
5.046466097275366112e-11
1.513939829182609831e+00
1.273719787597656250e+00
1.009293219448140156e-10
1.513939829172210150e+00
5.415420532226562500e-01
9.785097742985485075e-08
1.513939826145252576e+00
3.044357299804687500e-01
2.018586438735396785e-10
1.513939829051547781e+00
8.824234008789062500e-01
2.220445082397315539e-09
1.513939828907260754e+00
1.555862426757812500e-01
5.046466097275366112e-11
1.513939829182609831e+00
4.395980834960937500e-01
5.046466097275366112e-11
1.513939829182609831e+00
6.735687255859375000e-01
5.046466097275366112e-11
1.513939829182609831e+00
1.116447448730468750e+00
5.046466097275366112e-11
1.513939829182609831e+00
4.185028076171875000e-01
5.551112705805909692e-10
1.513939828856157188e+00
3.618545532226562500e-01
8.578992363457531759e-10
1.513939828845446867e+00
9.023132324218750000e-01
5.046466097275366112e-11
1.513939829182609831e+00
2.461929321289062500e-01
5.046466097275366112e-11
1.513939829182609831e+00
7.334060668945312500e-01
5.046466097275366112e-11
1.513939829182609831e+00
6.165695190429687500e-01
5.046466097275366112e-11
1.513939829182609831e+00
4.735183715820312500e-01
3.532526267679054690e-10
1.513939829005309434e+00
6.193084716796875000e-01
5.046466097275366112e-11
1.513939829182609831e+00
2.124862670898437500e-01
2.321374403716997681e-09
1.513939828511085883e+00
1.749191284179687500e-01
2.018586438831178872e-10
1.513939829123384095e+00
7.427749633789062500e-01
1.009293219425558384e-10
1.513939829138337689e+00
1.170501708984375000e-01
1.009293219455334560e-10
1.513939829183001962e+00
8.982849121093750000e-01
1.160687202209932935e-09
1.513939828969477652e+00
1.259513854980468750e+00
2.069051099394698535e-09
1.513939828825389577e+00
6.853790283203125000e-01
1.513939829117848183e-10
1.513939829117848079e+00
9.755935668945312500e-01
9.588285583484558241e-10
1.513939828971246015e+00
1.305229187011718750e+00
5.046466097275366112e-11
1.513939829182609831e+00
1.791152954101562500e-01
7.536897016072162098e-07
1.513939809053665764e+00
3.249664306640625000e-01
5.046466097275366112e-11
1.513939829182609831e+00
3.336029052734375000e-01
1.261616523910248233e-09
1.513939828692297818e+00
1.313232421875000000e+00
5.046466097275366112e-11
1.513939829182609831e+00
6.894836425781250000e-01
4.390425501655674704e-09
1.513939828157129242e+00
1.991806030273437500e-01
3.027879658170385804e-10
1.513939829085193089e+00
1.168823242187500000e-01
5.046466096586777801e-10
1.513939828976033741e+00
3.442230224609375000e-01
1.513939829155122492e-10
1.513939829155122707e+00
2.736816406250000000e-01
5.046466097275366112e-11
1.513939829182609831e+00
1.113380432128906250e+00
1.513939829075455177e-10
1.513939829075455101e+00
1.151779174804687500e+00
5.046466097275366112e-11
1.513939829182609831e+00
1.496810913085937500e-01
6.055759315797651022e-10
1.513939828949412814e+00
7.607192993164062500e-01
5.046466097275366112e-11
1.513939829182609831e+00
1.080551147460937500e-01
2.523233048395328054e-10
1.513939829037196816e+00
1.469879150390625000e+00
3.335209427613116915e-07
1.513939821885213588e+00
1.051124572753906250e+00
5.046466097275366112e-11
1.513939829182609831e+00
1.017288208007812500e+00
2.018586438225027175e-09
1.513939828668770193e+00
2.067260742187500000e-01
5.046466097275366112e-11
1.513939829182609831e+00
1.042549133300781250e+00
5.046466097275366112e-11
1.513939829182609831e+00
4.993209838867187500e-01
3.027879658077855830e-10
1.513939829038927876e+00
1.015548706054687500e-01
5.046466097275366112e-11
1.513939829182609831e+00
7.590179443359375000e-01
5.046466097275366112e-11
1.513939829182609831e+00
5.993728637695312500e-01
5.046466097275366112e-11
1.513939829182609831e+00
1.135253906250000000e-01
6.055759315967174450e-10
1.513939828991793801e+00
1.299957275390625000e+00
5.046466097275366112e-11
1.513939829182609831e+00
3.305969238281250000e-01
5.500648041526448062e-09
1.513939827943059147e+00
3.619689941406250000e-01
1.009293219448176604e-10
1.513939829172264995e+00
5.650634765625000000e-01
1.009293219445599678e-10
1.513939829168399642e+00
1.258003234863281250e+00
5.046466097275366112e-11
1.513939829182609831e+00
4.926147460937500000e-01
5.046466097275366112e-11
1.513939829182609831e+00
1.365272521972656250e+00
5.046466097275366112e-11
1.513939829182609831e+00
2.366561889648437500e-01
2.018586438719328285e-10
1.513939829039496088e+00
2.946472167968750000e-01
5.046466097275366112e-11
1.513939829182609831e+00
1.264762878417968750e+00
5.046466097275366112e-11
1.513939829182609831e+00
3.251113891601562500e-01
5.046466097275366112e-11
1.513939829182609831e+00
2.205352783203125000e-01
1.009293219432243037e-10
1.513939829148364780e+00
4.625244140625000000e-01
2.018586438824072098e-10
1.513939829118054137e+00
1.233734130859375000e+00
5.046466097275366112e-11
1.513939829182609831e+00
3.202362060546875000e-01
2.018586438805612012e-10
1.513939829104208989e+00
7.514343261718750000e-01
1.362545845953713824e-09
1.513939828837459922e+00
6.189270019531250000e-01
1.009293219420318712e-10
1.513939829130478198e+00
1.167221069335937500e-01
3.532526267892201039e-10
1.513939829096657474e+00
2.909088134765625000e-01
1.009293219451067342e-10
1.513939829176601082e+00
1.210273742675781250e+00
5.046466096713294042e-10
1.513939829013988270e+00
3.579864501953125000e-01
5.046466097275366112e-11
1.513939829182609831e+00
4.895401000976562500e-01
1.009293219388872407e-10
1.513939829083308375e+00
4.422073364257812500e-01
5.046466097275366112e-11
1.513939829182609831e+00
1.131515502929687500e+00
3.027879656477941287e-09
1.513939828238970664e+00
8.379058837890625000e-01
5.046466097275366112e-11
1.513939829182609831e+00
8.491134643554687500e-01
5.046466097275366112e-11
1.513939829182609831e+00
1.432510375976562500e+00
5.046466097275366112e-11
1.513939829182609831e+00
1.061019897460937500e-01
2.775556352681910990e-09
1.513939828735588078e+00
1.628036499023437500e-01
4.037172877321035106e-10
1.513939828995388481e+00
2.947158813476562500e-01
1.513939829181656120e-10
1.513939829181656149e+00
6.150894165039062500e-01
2.018586438298528790e-09
1.513939828723896541e+00
2.005691528320312500e-01
5.046466097275366112e-11
1.513939829182609831e+00
2.551345825195312500e-01
5.551112706046469323e-10
1.513939828921763819e+00
4.119186401367187500e-01
1.009293219438955996e-10
1.513939829158434058e+00
2.591857910156250000e-01
2.018586438816787222e-10
1.513939829112590285e+00
2.561950683593750000e-01
2.018586438762947070e-10
1.513939829072210141e+00
2.328186035156250000e-01
1.009293219433631925e-10
1.513939829150447780e+00
3.031005859375000000e-01
5.046466097275366112e-11
1.513939829182609831e+00
1.373069763183593750e+00
5.046466097275366112e-11
1.513939829182609831e+00
1.089401245117187500e-01
5.046466097275366112e-11
1.513939829182609831e+00
1.105598449707031250e+00
5.046466097275366112e-11
1.513939829182609831e+00
4.577331542968750000e-01
6.560405925425382217e-10
1.513939828944319110e+00
1.102462768554687500e+00
3.784849570185550841e-09
1.513939828074220673e+00
3.655014038085937500e-01
5.046466097275366112e-11
1.513939829182609831e+00
3.698959350585937500e-01
5.046466097275366112e-11
1.513939829182609831e+00
3.447341918945312500e-01
1.513939829132146000e-10
1.513939829132145976e+00
1.477195739746093750e+00
1.715798472716473144e-09
1.513939828867476134e+00
3.513565063476562500e-01
4.037172877393536453e-10
1.513939829022576289e+00
6.176757812500000000e-01
1.009293219404637694e-10
1.513939829106956569e+00
1.065582275390625000e+00
5.046466097275366112e-11
1.513939829182609831e+00
1.121665954589843750e+00
6.055759316179424860e-10
1.513939829044855800e+00
1.490882873535156250e+00
5.046466097275366112e-11
1.513939829182609831e+00
3.879470825195312500e-01
5.046466097275366112e-11
1.513939829182609831e+00
6.763458251953125000e-01
4.037172877420476174e-10
1.513939829032678652e+00
6.670913696289062500e-01
1.513939829127719550e-10
1.513939829127719294e+00
1.869888305664062500e-01
1.939407357993284536e-06
1.513939807441870400e+00
8.440933227539062500e-01
5.046466097275366112e-11
1.513939829182609831e+00
9.649887084960937500e-01
1.170780133772405743e-08
1.513939828153972877e+00
3.400802612304687500e-01
1.009293219419636288e-10
1.513939829129454573e+00
1.378913879394531250e+00
5.046466097275366112e-11
1.513939829182609831e+00
8.211517333984375000e-01
5.046466097275366112e-11
1.513939829182609831e+00
2.893753051757812500e-01
7.670628461671340944e-09
1.513939827961448881e+00
3.537368774414062500e-01
4.541819486985973402e-10
1.513939828995324532e+00
5.643615722656250000e-01
3.027879658158550400e-10
1.513939829079275157e+00
1.796798706054687500e-01
1.009293219371300247e-10
1.513939829056950348e+00
1.192298889160156250e+00
1.009293219452991312e-10
1.513939829179486996e+00
3.396301269531250000e-01
5.046466097275366112e-11
1.513939829182609831e+00
2.501602172851562500e-01
5.046466097275366112e-11
1.513939829182609831e+00
1.171379089355468750e+00
2.018586438731501799e-10
1.513939829048626118e+00
2.701644897460937500e-01
5.046466097275366112e-11
1.513939829182609831e+00
4.250411987304687500e-01
1.513939828632826075e-09
1.513939828632826501e+00
8.331527709960937500e-01
5.551112706566321319e-10
1.513939829063541742e+00
7.294921875000000000e-01
7.569699143062161751e-10
1.513939828612432370e+00
2.334518432617187500e-01
1.463475167753125567e-09
1.513939828710129110e+00
2.142486572265625000e-01
1.009293219432263717e-10
1.513939829148395422e+00
3.113937377929687500e-01
3.027879658036587789e-10
1.513939829018293937e+00
5.695419311523437500e-01
1.009293219442673139e-10
1.513939829164009598e+00
8.602371215820312500e-01
2.523233048544431496e-10
1.513939829126658809e+00
1.067413330078125000e+00
5.046466097275366112e-11
1.513939829182609831e+00
2.019119262695312500e-01
3.532526267693629096e-10
1.513939829011555105e+00
5.942230224609375000e-01
6.055759315793152193e-10
1.513939828948288158e+00
1.186843872070312500e+00
5.046466097275366112e-11
1.513939829182609831e+00
6.378326416015625000e-01
4.541819486795328951e-10
1.513939828931776255e+00
1.133323669433593750e+00
5.046466097275366112e-11
1.513939829182609831e+00
1.404571533203125000e-01
1.009293219441169867e-10
1.513939829161754957e+00
7.466049194335937500e-01
5.046466097275366112e-11
1.513939829182609831e+00
1.466140747070312500e-01
2.018586438723825046e-10
1.513939829042868723e+00
1.123962402343750000e-01
3.027879658063987113e-10
1.513939829031993645e+00
4.057464599609375000e-01
1.009293219420380233e-10
1.513939829130570347e+00
8.363342285156250000e-01
4.541819487116357746e-10
1.513939829038785989e+00
4.041213989257812500e-01
2.523233048321432391e-10
1.513939828992859393e+00
1.570587158203125000e-01
5.046466097275366112e-11
1.513939829182609831e+00
5.513076782226562500e-01
1.513939829155828956e-10
1.513939829155829031e+00
2.056045532226562500e-01
1.009293219455468460e-10
1.513939829183202690e+00
8.016586303710937500e-01
3.532526267619045839e-10
1.513939828979590896e+00
9.137573242187500000e-01
5.046466097275366112e-11
1.513939829182609831e+00
9.839706420898437500e-01
2.523233048329905306e-10
1.513939828997943327e+00
3.394317626953125000e-01
5.046466097275366112e-11
1.513939829182609831e+00
6.438217163085937500e-01
5.046466097275366112e-11
1.513939829182609831e+00
7.613906860351562500e-01
5.046466097275366112e-11
1.513939829182609831e+00
1.127105712890625000e+00
1.009293219446009391e-10
1.513939829169014040e+00
6.636047363281250000e-01
4.037172877310142688e-10
1.513939828991303749e+00
5.097045898437500000e-01
1.513939829055404836e-10
1.513939829055404696e+00
3.299102783203125000e-01
1.513939829045156585e-10
1.513939829045156671e+00
2.144927978515625000e-01
1.009293219447233360e-10
1.513939829170849904e+00
3.772659301757812500e-01
1.513939829083188540e-10
1.513939829083188471e+00
7.279510498046875000e-01
1.816727794436270821e-09
1.513939828696892365e+00
6.745834350585937500e-01
5.046466097275366112e-11
1.513939829182609831e+00
1.784896850585937500e-01
1.513939829158210461e-10
1.513939829158210459e+00
9.136047363281250000e-01
5.046466097275366112e-11
1.513939829182609831e+00
2.120132446289062500e-01
1.513939829113551755e-10
1.513939829113551738e+00
1.141159057617187500e+00
5.046466097275366112e-11
1.513939829182609831e+00
1.460952758789062500e-01
2.523233048369518985e-10
1.513939829021711203e+00
1.016296386718750000e+00
5.046466097275366112e-11
1.513939829182609831e+00
3.841400146484375000e-01
1.513939829063513015e-10
1.513939829063512876e+00
8.357009887695312500e-01
5.046466097275366112e-11
1.513939829182609831e+00
1.361312866210937500e-01
4.541819486897647574e-10
1.513939828965882528e+00
3.067703247070312500e-01
1.009293219415446877e-10
1.513939829123170266e+00
4.062271118164062500e-01
3.027879658011814764e-10
1.513939829005907400e+00
1.110137939453125000e+00
1.009293219453755420e-10
1.513939829180633190e+00
7.058563232421875000e-01
1.009293219454035886e-10
1.513939829181053742e+00
7.875289916992187500e-01
5.046466097275366112e-11
1.513939829182609831e+00
9.256439208984375000e-01
5.046466097275366112e-11
1.513939829182609831e+00
3.663558959960937500e-01
5.046466097275366112e-11
1.513939829182609831e+00
4.134521484375000000e-01
5.046466097275366112e-11
1.513939829182609831e+00
5.032806396484375000e-01
5.218045936397212088e-08
1.513939826807701339e+00
3.632049560546875000e-01
5.046466097275366112e-11
1.513939829182609831e+00
5.805816650390625000e-01
3.532526267866329415e-10
1.513939829085569455e+00
1.911163330078125000e-01
4.037172877162379279e-10
1.513939828935892074e+00
3.180618286132812500e-01
3.027879658025378975e-10
1.513939829012689309e+00
1.196586608886718750e+00
5.046466097275366112e-11
1.513939829182609831e+00
4.172286987304687500e-01
1.766263133111334558e-09
1.513939828381144048e+00
1.130516052246093750e+00
1.009293219458576074e-10
1.513939829187864294e+00
5.835113525390625000e-01
5.046466097275366112e-11
1.513939829182609831e+00
4.966659545898437500e-01
5.046466097275366112e-11
1.513939829182609831e+00
1.237808227539062500e+00
5.046466096847069826e-10
1.513939829054120612e+00
3.092193603515625000e-01
5.046466097275366112e-11
1.513939829182609831e+00
9.664840698242187500e-01
1.513939829190454478e-10
1.513939829190454445e+00
2.851715087890625000e-01
5.046466097275366112e-11
1.513939829182609831e+00
3.265075683593750000e-01
5.046466097275366112e-11
1.513939829182609831e+00
9.106597900390625000e-01
9.588285582554122740e-10
1.513939828824335088e+00
8.202743530273437500e-01
5.046466097275366112e-11
1.513939829182609831e+00
5.016632080078125000e-01
2.523233048590730862e-10
1.513939829154438366e+00
2.725753784179687500e-01
1.513939829111210576e-10
1.513939829111210500e+00
2.332382202148437500e-01
5.046466097275366112e-11
1.513939829182609831e+00
9.239883422851562500e-01
1.513939829107201335e-10
1.513939829107201263e+00
1.320571899414062500e+00
1.009293219460439686e-10
1.513939829190659392e+00
3.965454101562500000e-01
1.009293219444128847e-10
1.513939829166193407e+00
5.857543945312500000e-01
5.046466097275366112e-11
1.513939829182609831e+00
5.932617187500000000e-01
1.009293219449135875e-10
1.513939829173704066e+00
1.244079589843750000e+00
1.009293219449373948e-10
1.513939829174060892e+00
2.032623291015625000e-01
3.532526267798006364e-10
1.513939829056288433e+00
2.403182983398437500e-01
5.399718720646585296e-09
1.513939828218668460e+00
9.173278808593750000e-01
1.766263133724588686e-09
1.513939828906790908e+00
3.852233886718750000e-01
5.046466097275366112e-11
1.513939829182609831e+00
1.010894775390625000e+00
1.009293219447406551e-10
1.513939829171109919e+00
6.460113525390625000e-01
1.009293219398133469e-10
1.513939829097200374e+00
4.154891967773437500e-01
5.046466097275366112e-11
1.513939829182609831e+00
7.671661376953125000e-01
5.046466097275366112e-11
1.513939829182609831e+00
6.270980834960937500e-01
1.513939829144793075e-10
1.513939829144793192e+00
8.196945190429687500e-01
5.046466097275366112e-11
1.513939829182609831e+00
1.248817443847656250e+00
5.046466097275366112e-11
1.513939829182609831e+00
1.128158569335937500e-01
5.046466097275366112e-11
1.513939829182609831e+00
9.308166503906250000e-01
1.301988251825556085e-08
1.513939827704134267e+00
1.220924377441406250e+00
5.046466097275366112e-11
1.513939829182609831e+00
4.791564941406250000e-01
5.046466097275366112e-11
1.513939829182609831e+00
3.380279541015625000e-01
5.046466097275366112e-11
1.513939829182609831e+00
1.597137451171875000e-01
3.032926119769616668e-08
1.513939826840074776e+00
8.068771362304687500e-01
5.046466097275366112e-11
1.513939829182609831e+00
7.539901733398437500e-01
5.046466097275366112e-11
1.513939829182609831e+00
8.505783081054687500e-01
1.110222541223843558e-09
1.513939828941604837e+00
4.719085693359375000e-01
5.046466097275366112e-11
1.513939829182609831e+00
5.653610229492187500e-01
5.046466097275366112e-11
1.513939829182609831e+00
9.858703613281250000e-01
5.046466097275366112e-11
1.513939829182609831e+00
1.965942382812500000e-01
2.523233048503433323e-10
1.513939829102059820e+00
7.015151977539062500e-01
5.046466097275366112e-11
1.513939829182609831e+00
1.692886352539062500e-01
5.046466097275366112e-11
1.513939829182609831e+00
2.265167236328125000e-01
2.018586438796056008e-10
1.513939829097042056e+00
9.117660522460937500e-01
5.046466097275366112e-11
1.513939829182609831e+00
4.689865112304687500e-01
7.065052534768100061e-10
1.513939828878878568e+00
1.248123168945312500e+00
1.009293219460362008e-10
1.513939829190543040e+00
1.598281860351562500e-01
5.046466097275366112e-11
1.513939829182609831e+00
1.034408569335937500e+00
1.009293219448673429e-10
1.513939829173010176e+00
3.065261840820312500e-01
5.046466097275366112e-11
1.513939829182609831e+00
9.309768676757812500e-01
3.532526267905659268e-10
1.513939829102425749e+00
9.258880615234375000e-01
5.046466097275366112e-11
1.513939829182609831e+00
5.605850219726562500e-01
5.046466097275366112e-11
1.513939829182609831e+00
5.623016357421875000e-01
5.046466097275366112e-11
1.513939829182609831e+00
8.028182983398437500e-01
2.018586438706519910e-10
1.513939829029889772e+00
7.447357177734375000e-01
5.046466097275366112e-11
1.513939829182609831e+00
5.493240356445312500e-01
5.046466097275366112e-11
1.513939829182609831e+00
1.195068359375000000e-01
5.046466097275366112e-11
1.513939829182609831e+00
1.502601623535156250e+00
5.046466097275366112e-11
1.513939829182609831e+00
1.302398681640625000e+00
5.046466097275366112e-11
1.513939829182609831e+00
1.441116333007812500e-01
6.560405911992100426e-08
1.513939825844329290e+00
5.218276977539062500e-01
5.046466097275366112e-11
1.513939829182609831e+00
4.241104125976562500e-01
2.018586438796337249e-10
1.513939829097252998e+00
3.752365112304687500e-01
1.513939829065754158e-10
1.513939829065754195e+00
1.353584289550781250e+00
5.046466097275366112e-11
1.513939829182609831e+00
6.827926635742187500e-01
9.588285577780599910e-09
1.513939828070621552e+00
8.562698364257812500e-01
3.027879658163095758e-10
1.513939829081548005e+00
1.227844238281250000e+00
3.027879658060967903e-10
1.513939829030483963e+00
1.765594482421875000e-01
6.560405924990336914e-10
1.513939828843924085e+00
8.263473510742187500e-01
1.009293219448966691e-10
1.513939829173450047e+00
3.267288208007812500e-01
1.513939829153983827e-10
1.513939829153983618e+00
7.892684936523437500e-01
3.986708215184764633e-09
1.513939828551176703e+00
8.660202026367187500e-01
8.957477295982067798e-08
1.513939824673028456e+00
3.384704589843750000e-01
3.027879658222368419e-10
1.513939829111184077e+00
2.099227905273437500e-01
1.513939829159089340e-10
1.513939829159089312e+00
5.210189819335937500e-01
9.235032948044759495e-09
1.513939827548321571e+00
9.180831909179687500e-01
1.261616524062454222e-09
1.513939828874945270e+00
1.427841186523437500e-01
5.046466097275366112e-11
1.513939829182609831e+00
1.161842346191406250e+00
5.046466097275366112e-11
1.513939829182609831e+00
1.660919189453125000e-01
1.513939829187211930e-10
1.513939829187211927e+00
1.122100830078125000e+00
1.312081185035956598e-09
1.513939828887642225e+00
4.477310180664062500e-01
4.375286097784152558e-08
1.513939826222890916e+00
5.163879394531250000e-01
5.046466097275366112e-11
1.513939829182609831e+00
1.482719421386718750e+00
5.046466097275366112e-11
1.513939829182609831e+00
6.378021240234375000e-01
1.009293219439981829e-10
1.513939829159972827e+00
1.239013671875000000e-01
1.513939829128663570e-10
1.513939829128663872e+00
4.152603149414062500e-01
2.018586438852608020e-10
1.513939829139456350e+00
5.435104370117187500e-01
1.009293219425812742e-10
1.513939829138719162e+00
8.471755981445312500e-01
2.018586438864983676e-10
1.513939829148737592e+00
5.059432983398437500e-01
1.009293219457915751e-10
1.513939829186873531e+00
4.953079223632812500e-01
5.349254061105408810e-09
1.513939828614738525e+00
2.597503662109375000e-01
1.009293219460545022e-10
1.513939829190817488e+00
1.579208374023437500e-01
1.009293219445262343e-10
1.513939829167893381e+00
1.351089477539062500e+00
1.816727794520069386e-09
1.513939828766724283e+00
4.639205932617187500e-01
6.055759316049391033e-10
1.513939829012348026e+00
5.609359741210937500e-01
3.027879658031792726e-10
1.513939829015896521e+00
7.276763916015625000e-01
5.046466097275366112e-11
1.513939829182609831e+00
1.135101318359375000e-01
8.074345753753378381e-10
1.513939828828758216e+00
5.528793334960937500e-01
5.046466097275366112e-11
1.513939829182609831e+00
5.784301757812500000e-01
1.665333811514191843e-09
1.513939828649265129e+00
4.245834350585937500e-01
5.046466097275366112e-11
1.513939829182609831e+00
1.273330688476562500e+00
1.009293219461037712e-10
1.513939829191556674e+00
1.061073303222656250e+00
5.046466097275366112e-11
1.513939829182609831e+00
7.506713867187500000e-01
5.046466097275366112e-11
1.513939829182609831e+00
5.997543334960937500e-01
1.513939829104480944e-10
1.513939829104480994e+00
8.788146972656250000e-01
5.046466097275366112e-11
1.513939829182609831e+00
7.360839843750000000e-01
2.018586438919252669e-10
1.513939829189439479e+00
1.288681030273437500e-01
5.046466097275366112e-11
1.513939829182609831e+00
7.128295898437500000e-01
5.046466097275366112e-11
1.513939829182609831e+00
4.077987670898437500e-01
2.018586438891612429e-10
1.513939829168709394e+00
1.065872192382812500e+00
5.046466097275366112e-11
1.513939829182609831e+00
1.073532104492187500e-01
6.338361406037759013e-08
1.513939826282906020e+00
1.280593872070312500e-01
5.046466097275366112e-11
1.513939829182609831e+00
5.842361450195312500e-01
5.046466097275366112e-11
1.513939829182609831e+00
1.819992065429687500e-01
2.018586438822938602e-10
1.513939829117203928e+00
1.018753051757812500e-01
5.046466097275366112e-11
1.513939829182609831e+00
6.158828735351562500e-01
5.046466097275366112e-11
1.513939829182609831e+00
3.587112426757812500e-01
9.537820916971509400e-09
1.513939828090716366e+00
1.447875976562500000e+00
5.046466097275366112e-11
1.513939829182609831e+00
7.763595581054687500e-01
5.046466097275366112e-11
1.513939829182609831e+00
3.515472412109375000e-01
5.046466097275366112e-11
1.513939829182609831e+00
8.313674926757812500e-01
5.046466097275366112e-11
1.513939829182609831e+00
4.480819702148437500e-01
5.046466097275366112e-11
1.513939829182609831e+00
1.674194335937500000e-01
1.009293219421487105e-10
1.513939829132230797e+00
7.125396728515625000e-01
4.037172877212616543e-10
1.513939828954731448e+00
5.687408447265625000e-01
5.046466097275366112e-11
1.513939829182609831e+00
1.816711425781250000e-01
6.055759316027114025e-10
1.513939829006778481e+00
4.233779907226562500e-01
5.046466097275366112e-11
1.513939829182609831e+00
7.314910888671875000e-01
1.009293219423214490e-10
1.513939829134821835e+00
9.245986938476562500e-01
1.009293219438697114e-10
1.513939829158045480e+00
8.332443237304687500e-01
1.009293219454276027e-10
1.513939829181414121e+00
5.237197875976562500e-01
5.046466097275366112e-11
1.513939829182609831e+00
1.278709411621093750e+00
5.046466097275366112e-11
1.513939829182609831e+00
7.715301513671875000e-01
5.046466096884610385e-10
1.513939829065383380e+00
3.069000244140625000e-01
5.046466097275366112e-11
1.513939829182609831e+00
2.692642211914062500e-01
5.046466097275366112e-11
1.513939829182609831e+00
1.686859130859375000e-01
1.009293219416465860e-10
1.513939829124698822e+00
8.130493164062500000e-01
5.046466097275366112e-11
1.513939829182609831e+00
5.190124511718750000e-01
1.009293219459502128e-10
1.513939829189253183e+00
1.346054077148437500e-01
6.055759315250273557e-10
1.513939828812568278e+00
7.902755737304687500e-01
1.009293219461536088e-10
1.513939829192304076e+00
6.379852294921875000e-01
3.027879658075799252e-10
1.513939829037899587e+00
3.621063232421875000e-01
5.046466097275366112e-11
1.513939829182609831e+00
1.016105651855468750e+00
5.046466097275366112e-11
1.513939829182609831e+00
7.028732299804687500e-01
1.690061486339444772e-07
1.513939820548922954e+00
3.152084350585937500e-01
9.588285582528190628e-10
1.513939828820240363e+00
1.862106323242187500e-01
1.009293219431845732e-10
1.513939829147768590e+00
4.067840576171875000e-01
3.027879658128411041e-10
1.513939829064205433e+00
1.140609741210937500e+00
5.046466097275366112e-11
1.513939829182609831e+00
7.598571777343750000e-01
5.046466097275366112e-11
1.513939829182609831e+00
2.645874023437500000e-01
2.624162369381106955e-09
1.513939828489101025e+00
4.062805175781250000e-01
3.486603404835281384e-07
1.513939819728735481e+00
6.456604003906250000e-01
6.560405925848729119e-10
1.513939829042014740e+00
5.183639526367187500e-01
3.270110026712812702e-08
1.513939827181858266e+00
4.559478759765625000e-01
1.836913657440367460e-08
1.513939827560743190e+00
1.136917114257812500e+00
5.046466097275366112e-11
1.513939829182609831e+00
2.559967041015625000e-01
1.513939829098928495e-10
1.513939829098928547e+00
2.069091796875000000e-01
1.009293219435726243e-10
1.513939829153589267e+00
4.280090332031250000e-01
4.037172877105482695e-10
1.513939828914555807e+00
8.064422607421875000e-01
5.046466097275366112e-11
1.513939829182609831e+00
2.618255615234375000e-01
1.009293219454892277e-10
1.513939829182338492e+00
1.187553405761718750e+00
5.046466097275366112e-11
1.513939829182609831e+00
2.914581298828125000e-01
1.513939829171414849e-10
1.513939829171415008e+00
8.967208862304687500e-01
2.523233048492372884e-10
1.513939829095423795e+00
9.261779785156250000e-01
5.046466097275366112e-11
1.513939829182609831e+00
1.378326416015625000e-01
1.513939829089067985e-10
1.513939829089068212e+00
6.847686767578125000e-01
2.523233048484295982e-10
1.513939829090577671e+00
1.647720336914062500e-01
5.046466097275366112e-11
1.513939829182609831e+00
1.019477844238281250e+00
5.046466097275366112e-11
1.513939829182609831e+00
1.035881042480468750e+00
7.065052535289505088e-10
1.513939828990608083e+00
1.181076049804687500e+00
2.523233048494200953e-10
1.513939829096520695e+00
9.791183471679687500e-01
1.009293219460292732e-10
1.513939829190439124e+00
2.854156494140625000e-01
5.046466097275366112e-11
1.513939829182609831e+00
2.456741333007812500e-01
5.046466097275366112e-11
1.513939829182609831e+00
5.290603637695312500e-01
5.046466097275366112e-11
1.513939829182609831e+00
8.276977539062500000e-01
6.560405925243945320e-10
1.513939828902448603e+00
2.273941040039062500e-01
1.009293219456182420e-10
1.513939829184273389e+00
9.589920043945312500e-01
5.046466097275366112e-11
1.513939829182609831e+00
5.546569824218750000e-01
1.256570056774433389e-08
1.513939827439076957e+00
9.805984497070312500e-01
5.046466097275366112e-11
1.513939829182609831e+00
3.064880371093750000e-01
5.046466097275366112e-11
1.513939829182609831e+00
4.460754394531250000e-01
4.794142789087231807e-09
1.513939828132810028e+00
1.437759399414062500e-01
2.523233048518979148e-10
1.513939829111387469e+00
1.314712524414062500e+00
5.046466097275366112e-11
1.513939829182609831e+00
1.238174438476562500e-01
3.532526267724005753e-10
1.513939829024574024e+00
1.110305786132812500e+00
1.009293219453736809e-10
1.513939829180605212e+00
6.582794189453125000e-01
1.110222541155905146e-09
1.513939828848961833e+00
5.712127685546875000e-01
1.513939829178452088e-10
1.513939829178452046e+00
2.755966186523437500e-01
1.009293219453656417e-10
1.513939829180484420e+00
2.979965209960937500e-01
9.588285582993198481e-10
1.513939828893662964e+00
1.194969177246093750e+00
5.046466097275366112e-11
1.513939829182609831e+00
4.069290161132812500e-01
5.046466097275366112e-11
1.513939829182609831e+00
1.996078491210937500e-01
1.009293219157984119e-09
1.513939828736976301e+00
3.667221069335937500e-01
1.513939829155956394e-10
1.513939829155956263e+00
2.555160522460937500e-01
2.523233048621286914e-10
1.513939829172772145e+00
3.864898681640625000e-01
3.986708215583544270e-09
1.513939828702612012e+00
3.720016479492187500e-01
5.046466097275366112e-11
1.513939829182609831e+00
1.124725341796875000e-01
5.046466097275366112e-11
1.513939829182609831e+00
4.699020385742187500e-01
2.230538013504458921e-08
1.513939828170446811e+00
1.926193237304687500e-01
5.046466097275366112e-11
1.513939829182609831e+00
1.088905334472656250e+00
5.046466097275366112e-11
1.513939829182609831e+00
1.163337707519531250e+00
5.046466097275366112e-11
1.513939829182609831e+00
1.841430664062500000e-01
2.523233048463390026e-10
1.513939829078033927e+00
4.668655395507812500e-01
5.046466097275366112e-11
1.513939829182609831e+00
2.058410644531250000e-01
5.046466097275366112e-11
1.513939829182609831e+00
4.386596679687500000e-01
6.106223974496613508e-09
1.513939828387590447e+00
7.840118408203125000e-01
1.513939829104914697e-10
1.513939829104914425e+00
6.876525878906250000e-01
1.312081184974624464e-09
1.513939828816873723e+00
9.301376342773437500e-01
1.009293219454657176e-10
1.513939829181985885e+00
1.941070556640625000e-01
5.046466096823557218e-10
1.513939829047067365e+00
5.959320068359375000e-01
5.046466097275366112e-11
1.513939829182609831e+00
1.096267700195312500e-01
1.009293219436032559e-10
1.513939829154048677e+00
5.811157226562500000e-01
9.083638973934694726e-10
1.513939828989115943e+00
1.180953979492187500e-01
1.009293219433290713e-10
1.513939829149935967e+00
1.035888671875000000e+00
8.478063038472350727e-09
1.513939828298633827e+00
1.262428283691406250e+00
1.513939829170206131e-10
1.513939829170206197e+00
1.119644165039062500e+00
2.018586438741646135e-10
1.513939829056234476e+00
7.907714843750000000e-01
5.046466097275366112e-11
1.513939829182609831e+00
1.224647521972656250e+00
5.046466097275366112e-11
1.513939829182609831e+00
1.277160644531250000e-01
5.046466097275366112e-11
1.513939829182609831e+00
3.105697631835937500e-01
3.532526267519071756e-10
1.513939828936744947e+00
2.598190307617187500e-01
2.018586438337195347e-09
1.513939828752896899e+00
6.612319946289062500e-01
5.046466097275366112e-11
1.513939829182609831e+00
1.072921752929687500e+00
5.046466097275366112e-11
1.513939829182609831e+00
3.083496093750000000e-01
5.046466097275366112e-11
1.513939829182609831e+00
1.146499633789062500e+00
5.046466097275366112e-11
1.513939829182609831e+00
5.797500610351562500e-01
5.046466097275366112e-11
1.513939829182609831e+00
9.555206298828125000e-01
1.009293219445756325e-10
1.513939829168634565e+00
1.974411010742187500e-01
6.075945173053412993e-08
1.513939827172778418e+00
2.217330932617187500e-01
3.532526267862242626e-10
1.513939829083818411e+00
3.847961425781250000e-01
4.037172877588952702e-10
1.513939829095857004e+00
4.725723266601562500e-01
1.009293219441758975e-10
1.513939829162638473e+00
1.126174926757812500e-01
5.046466097275366112e-11
1.513939829182609831e+00
1.310348510742187500e-01
2.018586438783215580e-10
1.513939829087411759e+00
9.635543823242187500e-01
5.954829992179446336e-09
1.513939828520197484e+00
9.911651611328125000e-01
5.046466097275366112e-11
1.513939829182609831e+00
2.004470825195312500e-01
2.775556352151567035e-09
1.513939828446309033e+00
4.874877929687500000e-01
4.037172877412883690e-10
1.513939829029831596e+00
2.183990478515625000e-01
5.046466097275366112e-11
1.513939829182609831e+00
8.033065795898437500e-01
1.009293219179940181e-09
1.513939828769910623e+00
1.064048767089843750e+00
5.046466097275366112e-11
1.513939829182609831e+00
1.336288452148437500e-01
1.513939829160988495e-10
1.513939829160988237e+00
1.307037353515625000e+00
5.046466097275366112e-11
1.513939829182609831e+00
7.167129516601562500e-01
5.046466097275366112e-11
1.513939829182609831e+00
2.838287353515625000e-01
5.046466097275366112e-11
1.513939829182609831e+00
4.649429321289062500e-01
5.046466097275366112e-11
1.513939829182609831e+00
1.420898437500000000e-01
1.816727794479215143e-09
1.513939828732679072e+00
7.343063354492187500e-01
1.009293219457562907e-10
1.513939829186344399e+00
1.371520996093750000e+00
8.074345753483637885e-10
1.513939828778182228e+00
1.023078918457031250e+00
1.009293219423866541e-10
1.513939829135799942e+00
7.533340454101562500e-01
1.968121777322268387e-09
1.513939828709436775e+00
4.492874145507812500e-01
2.018586438706526631e-10
1.513939829029895101e+00
1.115646362304687500e-01
1.539172158398623040e-08
1.513939827933070914e+00
4.079589843750000000e-01
2.018586438690217214e-10
1.513939829017662886e+00
4.212799072265625000e-01
1.715798472494062682e-09
1.513939828671232002e+00
2.990417480468750000e-01
5.046466097275366112e-11
1.513939829182609831e+00
7.245864868164062500e-01
1.090036675992259255e-08
1.513939827767026181e+00
1.294784545898437500e-01
1.513939829065111800e-10
1.513939829065112042e+00
7.109298706054687500e-01
5.046466097275366112e-11
1.513939829182609831e+00
1.277961730957031250e+00
5.046466097275366112e-11
1.513939829182609831e+00
1.200637817382812500e-01
1.513939829135743460e-10
1.513939829135743542e+00
4.519577026367187500e-01
1.009293219393849966e-10
1.513939829090774847e+00
7.131195068359375000e-01
9.588285582413901151e-10
1.513939828802194798e+00
3.794860839843750000e-01
1.009293219456748005e-10
1.513939829185122043e+00
5.141143798828125000e-01
5.046466097275366112e-11
1.513939829182609831e+00
7.667083740234375000e-01
5.046466097275366112e-11
1.513939829182609831e+00
1.972122192382812500e-01
5.046466096217376517e-10
1.513939828865212833e+00
3.538665771484375000e-01
2.523233048499549710e-10
1.513939829099729684e+00
2.399902343750000000e-01
2.926950334578628047e-09
1.513939828230325579e+00
4.192047119140625000e-01
2.018586438789950898e-10
1.513939829092463052e+00
7.066421508789062500e-01
1.009293219414052043e-10
1.513939829121078162e+00
8.425521850585937500e-01
5.046466097275366112e-11
1.513939829182609831e+00
3.868255615234375000e-01
5.046466097275366112e-11
1.513939829182609831e+00
1.086425781250000000e-01
2.242144877245157111e-07
1.513939822582819783e+00
2.784194946289062500e-01
7.418305156186920865e-09
1.513939827793249204e+00
6.438980102539062500e-01
1.009293219439689472e-10
1.513939829159534067e+00
1.954345703125000000e-01
4.541819487042331803e-10
1.513939829014110394e+00
1.352073669433593750e+00
5.046466097275366112e-11
1.513939829182609831e+00
2.244110107421875000e-01
2.624162369836668405e-09
1.513939828751924344e+00
3.889389038085937500e-01
2.472768386642373801e-09
1.513939828556555511e+00
1.135879516601562500e+00
5.046466097275366112e-11
1.513939829182609831e+00
7.789459228515625000e-01
5.046466097275366112e-11
1.513939829182609831e+00
4.312057495117187500e-01
1.867192455311835426e-09
1.513939828631218010e+00
7.461242675781250000e-01
5.551112706084826722e-10
1.513939828932225007e+00
6.075439453125000000e-01
1.009293219422206752e-10
1.513939829133310155e+00
1.842346191406250000e-01
1.009293219424912537e-10
1.513939829137368687e+00
1.921234130859375000e-01
5.046466097275366112e-11
1.513939829182609831e+00
3.056564331054687500e-01
1.009293219457009471e-10
1.513939829185514174e+00
1.186126708984375000e+00
5.046466097275366112e-11
1.513939829182609831e+00
4.458312988281250000e-01
5.046466097275366112e-11
1.513939829182609831e+00
4.238967895507812500e-01
5.046466097275366112e-11
1.513939829182609831e+00
5.354690551757812500e-01
5.046466097275366112e-11
1.513939829182609831e+00
