2.782800000000000000e+10 0.000000000000000000e+00
2.782799999988433075e+10 -3.223400126153890266e-01
2.782799999959917450e+10 -1.326858895347970135e-01
2.782799999965594482e+10 -4.704122015158040959e-01
2.782799999978387070e+10 -7.880867058999967423e-01
2.782799999972477341e+10 -1.125414037815712698e+00
2.782799999991965866e+10 -1.407020031776005764e+00
2.782799999977645493e+10 -1.718106807859084206e+00
2.782799999986450958e+10 -1.387155969803473665e+00
2.782799999958138275e+10 -1.579823969769953873e+00
2.782799999938282776e+10 -1.300793706551393480e+00
2.782799999950377655e+10 -9.803976445281344931e-01
2.782799999917455673e+10 -8.860795664788831960e-01
2.782799999886947250e+10 -7.304959387618712441e-01
2.782799999916524506e+10 -9.031256311066155895e-01
2.782799999939272690e+10 -6.471305777946858573e-01
2.782799999938294601e+10 -9.894555001107244729e-01
2.782799999919772720e+10 -7.014008151996040663e-01
2.782799999935065460e+10 -3.949780273974269340e-01
2.782799999953635406e+10 -6.827241091007514306e-01
2.782799999985293961e+10 -8.133249355246492396e-01
2.782800000015627289e+10 -9.722943940028461185e-01
