4.174200000000000000e+10 0.000000000000000000e+00
4.174199999955379486e+10 5.419535114033174200e-02
4.174199999958752441e+10 -3.940217792478705738e-01
4.174199999929552460e+10 -5.230416868717790990e-02
4.174199999913610840e+10 3.679615091725816356e-01
4.174199999894128418e+10 7.730274729083884688e-01
4.174199999922693634e+10 1.120070399732757682e+00
4.174199999945128632e+10 7.305783317234004759e-01
4.174199999980400848e+10 4.519707897140257113e-01
4.174200000014537811e+10 7.443840110361947815e-01
