6.957000000000000000e+09 0.000000000000000000e+00
6.956999999888987541e+09 -2.685344840899150931e-01
6.956999999632797241e+09 -1.314183442744767394e-01
6.956999999404907227e+09 -3.116977574656310535e-01
6.956999999171269417e+09 -4.844635056208683732e-01
6.956999998953381538e+09 -6.767114207745335008e-01
6.956999998905700684e+09 -9.633489339537490981e-01
6.956999998679473877e+09 -1.145710462738064983e+00
6.956999998820977211e+09 -8.919168479913287539e-01
6.956999998533442497e+09 -9.338481786190966361e-01
6.956999998313243866e+09 -7.442510104860241560e-01
6.956999998523989677e+09 -9.443027920163473699e-01
6.956999998483307838e+09 -1.232017048862934061e+00
6.956999998214789391e+09 -1.120966781387144895e+00
6.956999997946966171e+09 -1.233683714089276240e+00
6.956999998039155960e+09 -1.509247906386384397e+00
6.956999997825413704e+09 -1.312401180086931518e+00
6.956999997806882858e+09 -1.602385837161330873e+00
6.956999998084082603e+09 -1.689533502838406864e+00
6.956999998327846527e+09 -1.531376985580963135e+00
6.956999998064284325e+09 -1.409028073060527797e+00
6.956999998140998840e+09 -1.689294730909291831e+00
6.956999998428421974e+09 -1.646602778498724717e+00
6.956999998623036385e+09 -1.430825935771859347e+00
6.956999998755828857e+09 -1.689284109001389922e+00
6.956999998574258804e+09 -1.462421128610156273e+00
6.956999998853027344e+09 -1.544413497705163785e+00
6.956999999134073257e+09 -1.618223527311482446e+00
6.956999998849983215e+09 -1.557172778752220488e+00
6.956999999030928612e+09 -1.329811479926729989e+00
6.956999999185255051e+09 -1.576018347484532178e+00
6.956999999423929214e+09 -1.410280461975129684e+00
6.956999999331184387e+09 -1.685658225406713395e+00
6.956999999243110657e+09 -1.408751234911300276e+00
6.956999999533652306e+09 -1.404250272821307988e+00
6.956999999244515419e+09 -1.433134172144660434e+00
6.956999999295362473e+09 -1.719226989574779596e+00
6.956999999580649376e+09 -1.774416914624341812e+00
6.956999999290641785e+09 -1.792590397580916983e+00
6.956999999016501427e+09 -1.888930588881758244e+00
6.956999999197509766e+09 -1.661619473476865227e+00
6.956999999326452255e+09 -1.401219308649018558e+00
6.956999999414056778e+09 -1.124163559466358819e+00
6.956999999686700821e+09 -1.023665452002638032e+00
6.956999999675488472e+09 -7.333057181022097915e-01
6.956999999430788994e+09 -5.765995196370190534e-01
6.956999999471212387e+09 -8.643501891625055000e-01
6.956999999373712540e+09 -1.138080605671209833e+00
6.956999999387859344e+09 -1.428312167323876780e+00
6.956999999211994171e+09 -1.659625781436478764e+00
6.956999999230833054e+09 -1.369660961690804424e+00
6.956999999089673996e+09 -1.115675743381441043e+00
6.956999998799444199e+09 -1.129856604878246351e+00
6.956999998516382217e+09 -1.195511241824285698e+00
6.956999998690182686e+09 -1.428379861972331799e+00
6.956999998687103271e+09 -1.137820036326433470e+00
6.956999998950518608e+09 -1.260485826675969534e+00
6.956999998931338310e+09 -1.550428276107791881e+00
6.956999998946601868e+09 -1.260253270428227435e+00
6.956999998751116753e+09 -1.475241437744097217e+00
6.956999998660423279e+09 -1.751301473409537124e+00
6.956999998854352951e+09 -1.534908753064696096e+00
6.956999998648582458e+09 -1.329743286293542770e+00
6.956999998602523804e+09 -1.616645868406661579e+00
6.956999998520221710e+09 -1.337968998703168433e+00
6.956999998665254593e+09 -1.086175611188938683e+00
6.956999998930465698e+09 -9.674420324368908641e-01
6.956999998742268562e+09 -7.460454989694496053e-01
6.956999999032423973e+09 -7.616776808862716353e-01
6.956999999061149597e+09 -4.725249160851187624e-01
6.956999999339619637e+09 -3.895240788302030688e-01
6.956999999522410393e+09 -6.154047528351815899e-01
6.956999999794777870e+09 -7.166490640322857875e-01
6.956999999904058456e+09 -9.858929637195297246e-01
6.956999999850799561e+09 -1.271546538862483366e+00
6.956999999629498482e+09 -1.459855939326633711e+00
6.956999999468197823e+09 -1.218160642573785424e+00
6.956999999437645912e+09 -1.507126178666943428e+00
6.956999999558753014e+09 -1.242990639612740811e+00
6.956999999809664726e+09 -1.096437218244367795e+00
6.957000000010044098e+09 -8.860025857790394532e-01
6.957000000300477982e+09 -8.769239110221961342e-01
