6.261300000000000000e+10 0.000000000000000000e+00
6.261299999858479309e+10 -5.377692440881567393e-01
6.261299999826340485e+10 9.416635043966152807e-01
6.261299999947312927e+10 1.851924543898392894e+00
6.261299999797107697e+10 2.041253870202577758e+00
6.261299999874000549e+10 3.345387180157928242e+00
6.261299999999007416e+10 2.491366878934167861e+00
6.261299999847615814e+10 2.482738293848625322e+00
6.261299999696280670e+10 2.525052438873708116e+00
6.261299999666465759e+10 4.009343188984946238e+00
6.261299999533517456e+10 4.733556666300012594e+00
6.261299999385885620e+10 4.398136349505155529e+00
6.261299999351064301e+10 5.871487596898392169e+00
6.261299999292104340e+10 4.477076238492968763e+00
6.261299999166265869e+10 5.318788176472529550e+00
6.261299999299411011e+10 6.039372015116527770e+00
6.261299999385803223e+10 7.282616640840884337e+00
6.261299999498263550e+10 8.296162104238145929e+00
6.261299999523634338e+10 6.803632373024972146e+00
6.261299999674880219e+10 6.736616444205199450e+00
6.261299999544302368e+10 5.970489222518200023e+00
6.261299999692826843e+10 6.263839388133641606e+00
6.261299999644981384e+10 7.700187250058695199e+00
6.261299999740367126e+10 6.524528401460250038e+00
6.261299999647637939e+10 7.721250231720942381e+00
6.261299999540789032e+10 6.648706378402660100e+00
6.261299999399924469e+10 7.203447781669629180e+00
6.261299999504587555e+10 6.109568698110646956e+00
6.261299999633693695e+10 5.318887536628708723e+00
6.261299999726311493e+10 6.516471575370646363e+00
6.261299999867127228e+10 7.072439905982926156e+00
6.261299999955165863e+10 8.304079618863614343e+00
6.261299999862337494e+10 9.500034345218686838e+00
6.261299999818243408e+10 8.051730752247578948e+00
6.261299999969504547e+10 7.988388197398852419e+00
6.261300000027313995e+10 6.589166355500352346e+00
