4.174200000000009918e+10 0.000000000000000000e+00
4.174199999955339813e+10 4.995797995503038769e-02
4.174199999910760498e+10 1.074540058100278417e-01
4.174199999870479584e+10 -9.199558215636924330e-02
4.174199999825545502e+10 -8.050064437921028437e-02
4.174199999815088654e+10 3.566514292807858033e-01
4.174199999810162354e+10 -9.012519988214334754e-02
4.174199999788728333e+10 3.049624603613546592e-01
4.174199999743939972e+10 2.671044330351921570e-01
4.174199999764241791e+10 -1.339180046831170978e-01
4.174199999807218170e+10 -2.656008726503260586e-01
4.174199999796952820e+10 -7.032064509291283683e-01
4.174199999836618805e+10 -9.146169486904832668e-01
4.174199999856404114e+10 -5.110192684243777261e-01
4.174199999825693512e+10 -1.828058819360596776e-01
4.174199999870616913e+10 -1.977118816108310306e-01
4.174199999864017487e+10 2.469014011702475586e-01
4.174199999908917236e+10 2.678947563190208214e-01
4.174199999953446198e+10 3.291861515375306690e-01
4.174199999993892670e+10 5.252568779144226596e-01
4.174200000035872650e+10 6.858940643070079446e-01
