1.391400000000009918e+10 0.000000000000000000e+00
1.391399999970732307e+10 6.384688908986835276e-02
1.391399999999035263e+10 -3.458014547502240299e-02
1.391399999981829643e+10 -2.799188151570717320e-01
1.391399999952184868e+10 -2.361853957167514562e-01
1.391399999978502846e+10 -9.290212236694342374e-02
1.391399999955745697e+10 1.020464245381316193e-01
1.391399999967160606e+10 -1.750166842340367679e-01
1.391399999996211815e+10 -2.484770054474083611e-01
1.391400000018651581e+10 -4.988307127171398569e-02
