3.478500000000000000e+10 0.000000000000000000e+00
3.478499999994258881e+10 3.792393821267300291e-01
3.478499999960301971e+10 2.008819842312101478e-01
3.478499999974536133e+10 5.570525784574856809e-01
3.478499999945989227e+10 8.132291295746628679e-01
3.478499999961223602e+10 1.165237423685657081e+00
3.478499999944577789e+10 8.196786935692863540e-01
3.478499999910536957e+10 9.964295787227367418e-01
3.478499999882009125e+10 1.252814990372004722e+00
3.478499999843814087e+10 1.217715816763067505e+00
3.478499999813642883e+10 1.454544778331814392e+00
3.478499999781388092e+10 1.662109520007945207e+00
3.478499999748780060e+10 1.460143214900484931e+00
3.478499999711222839e+10 1.382271426001620451e+00
3.478499999739037323e+10 1.118163686226216980e+00
3.478499999771178436e+10 1.327478938733487324e+00
3.478499999770602417e+10 1.710996030259067435e+00
3.478499999806553650e+10 1.844680373344406377e+00
3.478499999803104401e+10 2.226686746140309481e+00
3.478499999767594147e+10 2.371666908503597959e+00
3.478499999729870605e+10 2.302313547145617534e+00
3.478499999761576843e+10 2.518165402645010875e+00
3.478499999799327850e+10 2.586006299360004146e+00
3.478499999762312317e+10 2.485492208505451384e+00
3.478499999738967896e+10 2.181151795920659442e+00
3.478499999737727356e+10 1.797792187840387079e+00
3.478499999707094574e+10 1.566963172581882446e+00
3.478499999671348572e+10 1.706037682572583369e+00
3.478499999696749115e+10 1.418636939064583213e+00
3.478499999710614777e+10 1.061016104376500069e+00
3.478499999748273468e+10 9.882054545789766831e-01
3.478499999783528137e+10 1.139298381117779480e+00
3.478499999745610809e+10 1.197148248433395956e+00
3.478499999708144379e+10 1.279261797268303580e+00
3.478499999685474396e+10 9.698682458445431198e-01
3.478499999676999664e+10 1.343948853416077061e+00
3.478499999703028107e+10 1.062222888391320508e+00
3.478499999674110413e+10 8.102392279244643447e-01
3.478499999649402618e+10 1.103615387855054752e+00
3.478499999645175171e+10 1.484838865603152147e+00
3.478499999678454590e+10 1.294141498977791738e+00
3.478499999641117096e+10 1.381954690622653859e+00
3.478499999626971436e+10 1.025432150838688550e+00
3.478499999612448883e+10 6.704285177960285225e-01
3.478499999574311066e+10 7.112696619721204927e-01
3.478499999538642883e+10 8.523210350204720731e-01
3.478499999570677948e+10 1.063252067527681310e+00
3.478499999603742218e+10 8.688422159142248358e-01
3.478499999582852173e+10 5.471625859328894670e-01
3.478499999578148651e+10 9.278277834993678974e-01
3.478499999569914246e+10 1.302444934112284791e+00
3.478499999601752472e+10 1.088554371020452161e+00
3.478499999623260498e+10 7.709695081205163447e-01
3.478499999622966766e+10 1.154518624623640299e+00
3.478499999640560150e+10 8.136877797953997460e-01
3.478499999665769196e+10 1.102768908591013508e+00
3.478499999686661530e+10 7.811019698137435796e-01
3.478499999723669434e+10 6.803148838053432179e-01
3.478499999696903229e+10 4.055835752480638212e-01
3.478499999699966431e+10 2.324808870604166966e-02
3.478499999736802673e+10 1.301609620280213542e-01
3.478499999704830170e+10 -8.172737628291448786e-02
3.478499999743044281e+10 -1.147169592859512144e-01
3.478499999774397278e+10 1.062247735817961891e-01
3.478499999810073853e+10 2.470621194540963406e-01
3.478499999837607574e+10 5.141002611393379329e-01
3.478499999803646088e+10 3.358269958233413566e-01
3.478499999767664337e+10 2.029645122105211419e-01
3.478499999802178192e+10 3.702937475532784850e-01
3.478499999820123291e+10 3.130172351165794176e-02
3.478499999847779083e+10 2.970739644616753883e-01
3.478499999835830688e+10 -6.740210223650899835e-02
3.478499999869467926e+10 -2.517198067484698321e-01
3.478499999881072235e+10 1.138645249032382289e-01
3.478499999912183380e+10 -1.104745670148512271e-01
3.478499999950384521e+10 -7.604396751032663215e-02
3.478499999947663116e+10 3.065498022359319785e-01
3.478499999964050293e+10 -4.024132692673643152e-02
3.478500000000886536e+10 6.665217362159521486e-02
3.478500000033314514e+10 -1.381910090197721597e-01
