2.087100000000000000e+10 0.000000000000000000e+00
2.087099999975772095e+10 2.030599006351549440e-01
2.087099999997568893e+10 -2.589987862445411460e-02
2.087099999973747253e+10 -2.337099273397497678e-01
2.087099999942137146e+10 -2.300403901504054494e-01
2.087099999910786438e+10 -1.894706077519886234e-01
2.087099999882323074e+10 -5.193104866353862037e-02
2.087099999862070084e+10 1.907911224931009564e-01
2.087099999857677078e+10 -1.222630201092792246e-01
2.087099999863680649e+10 1.881048307547623366e-01
2.087099999895193100e+10 2.131904470050183520e-01
2.087099999912817001e+10 4.756267913895312338e-01
2.087099999942813873e+10 5.753880459286031535e-01
2.087099999970814896e+10 4.286669673125188540e-01
2.087099999974109650e+10 1.142673980042870907e-01
2.087099999977923203e+10 -1.995451200976007256e-01
2.087099999958649445e+10 5.102510422144074242e-02
2.087099999945740509e+10 3.395877767522447188e-01
2.087099999962877274e+10 7.394551029430140865e-02
2.087099999956977081e+10 3.845116557314899319e-01
2.087099999926095200e+10 3.169579140127600780e-01
2.087099999933207321e+10 6.249752188910124850e-01
2.087099999907260895e+10 4.443878857326417631e-01
2.087099999886631012e+10 2.048613949159154013e-01
2.087099999870188141e+10 4.748528305264207994e-01
2.087099999854947662e+10 1.978955630987535574e-01
2.087099999885378265e+10 2.835119724606738889e-01
2.087099999911780930e+10 1.096675883831238763e-01
2.087099999888976669e+10 3.285952701588555902e-01
2.087099999872127914e+10 5.960735918901369779e-01
2.087099999898751450e+10 7.665179676516877816e-01
2.087099999876334000e+10 5.436307641321707074e-01
2.087099999907095337e+10 4.707885490897096847e-01
2.087099999893376923e+10 1.859842690121097375e-01
2.087099999872325134e+10 4.218109605951081420e-01
2.087099999902177048e+10 3.178018073731544435e-01
2.087099999900351334e+10 6.333953779040049081e-01
2.087099999902064896e+10 3.177388169136103335e-01
2.087099999872504807e+10 2.057002521574538556e-01
2.087099999902536011e+10 3.044233080795263335e-01
2.087099999934085464e+10 2.845397110019058373e-01
2.087099999914577103e+10 5.332876555978646183e-01
2.087099999940593719e+10 7.128591718771475350e-01
2.087099999972095108e+10 6.864357747037818092e-01
2.087099999940841675e+10 7.339204674473001067e-01
2.087099999960988235e+10 4.903127394769750125e-01
2.087099999944594574e+10 2.200208907092207622e-01
2.087099999918725586e+10 4.017145334926038869e-01
2.087099999950145340e+10 4.365197694967531961e-01
2.087099999975953674e+10 2.539667660158774209e-01
2.087099999984263229e+10 -5.103778739473413539e-02
2.087099999958355331e+10 1.300985118697422505e-01
2.087099999926749802e+10 1.365177854418613279e-01
2.087099999951171494e+10 -6.420885308550941528e-02
2.087099999980850220e+10 -1.730633618126828921e-01
2.087099999949618530e+10 -2.219505049755179371e-01
2.087099999963170624e+10 -5.075499722010365922e-01
2.087099999994771194e+10 -4.990117793760666665e-01
2.087100000013418198e+10 -7.542801708784605541e-01
