6.261300000000000000e+10 0.000000000000000000e+00
6.261299999895841217e+10 1.098682067645507354e+00
6.261299999800843811e+10 -8.011422743904050847e-02
6.261299999840463257e+10 -1.541292325074951286e+00
6.261299999695367432e+10 -1.973424526178326310e+00
6.261299999657482147e+10 -3.439194848462836074e+00
6.261299999639225769e+10 -1.936302936103462935e+00
6.261299999553102112e+10 -6.911959990644582774e-01
6.261299999406176758e+10 -1.056298625412526171e+00
6.261299999276755524e+10 -1.841807871787189965e+00
6.261299999168776703e+10 -7.806441604453047134e-01
6.261299999020750427e+10 -1.098207502634863886e+00
6.261299998987345886e+10 -2.574834092110329653e+00
6.261299999130786133e+10 -3.059081994561779538e+00
6.261299999255175781e+10 -3.922058163238321349e+00
6.261299999280765533e+10 -5.414214606853376743e+00
6.261299999287487793e+10 -3.901768009974423190e+00
6.261299999375379944e+10 -5.134451215719732176e+00
6.261299999526635742e+10 -5.199199099344005148e+00
6.261299999455721283e+10 -6.536779885025310044e+00
6.261299999485889435e+10 -5.053202219067048695e+00
6.261299999635371399e+10 -4.813351000493891085e+00
6.261299999676117706e+10 -6.271428289127486622e+00
6.261299999667810822e+10 -7.783087353862667257e+00
6.261299999812844086e+10 -7.348869947442953077e+00
6.261299999737791443e+10 -6.034060055094207620e+00
6.261299999705648804e+10 -4.554634271229446085e+00
6.261299999584649658e+10 -5.464544203570675940e+00
6.261299999460846710e+10 -4.593165746130894789e+00
6.261299999582235718e+10 -3.688461933673523596e+00
6.261299999515110016e+10 -5.045452585813530177e+00
6.261299999439344025e+10 -3.734742797641162682e+00
6.261299999590055084e+10 -3.591136352236103946e+00
6.261299999597059631e+10 -2.078817898922205032e+00
6.261299999746817780e+10 -2.300789829075123638e+00
6.261299999883999634e+10 -1.660374399999401174e+00
6.261299999805236053e+10 -2.953296532069238367e+00
6.261299999734038544e+10 -4.289376753374295248e+00
6.261299999778068542e+10 -5.737875105375300322e+00
6.261299999890608978e+10 -4.725217759274522145e+00
6.261300000011711121e+10 -3.816680037957453031e+00
