4.869900000000000000e+10 0.000000000000000000e+00
4.869899999945221710e+10 1.345208421756367290e-01
4.869900000000784302e+10 3.734824899128019737e-02
4.869899999947246552e+10 2.149189423130878074e-01
4.869899999959752655e+10 7.649379858216740491e-01
4.869899999917370605e+10 1.137148011095859168e+00
4.869899999916181946e+10 1.701080803594178015e+00
4.869899999876557922e+10 2.102524311959348857e+00
4.869899999921025848e+10 2.449541598229547645e+00
4.869899999975986481e+10 2.322677825585982792e+00
4.869900000030928802e+10 2.195033113180653750e+00
