2.087100000000000000e+10 0.000000000000000000e+00
2.087099999969588089e+10 -8.628644307577343353e-02
2.087099999975998688e+10 2.232667608962529138e-01
2.087099999945557022e+10 1.380372702094577186e-01
2.087099999957747269e+10 4.297092067489846623e-01
2.087099999969303894e+10 1.354694148002731358e-01
2.087099999978554153e+10 4.377541710978271605e-01
2.087099999948216629e+10 5.266111769106188722e-01
2.087099999968627548e+10 2.852161931400124528e-01
2.087099999999297714e+10 2.086289079868066942e-01
2.087099999978725433e+10 4.486529436173347651e-01
2.087100000009811020e+10 5.061094992979396912e-01
2.087099999989538574e+10 2.635482995346482560e-01
2.087099999988231659e+10 5.793992571321244789e-01
2.087100000006368256e+10 3.204799304061752285e-01
2.087099999974868393e+10 2.938716516217083630e-01
2.087100000006459808e+10 2.824189084216955914e-01
2.087099999981060791e+10 4.706263942689929980e-01
2.087100000012470627e+10 5.063350666818972057e-01
