3.478500000000009918e+10 0.000000000000000000e+00
3.478500000007872772e+10 -3.754143999767959872e-01
3.478499999969802856e+10 -3.286653742062847772e-01
3.478499999931452942e+10 -3.218685171429849223e-01
3.478499999917675018e+10 3.609294925477973814e-02
3.478499999903351593e+10 -3.197183619745738725e-01
3.478499999938609314e+10 -1.687002894615175497e-01
3.478499999901493073e+10 -2.654283804934870483e-01
3.478499999867871094e+10 -8.084028729297895732e-02
3.478499999854186249e+10 2.774759595562550363e-01
3.478499999884876251e+10 4.741109229476150877e-02
3.478499999853299713e+10 -1.703261012639578631e-01
3.478499999827257538e+10 -4.519260399475447110e-01
3.478499999847389221e+10 -1.254469294527197354e-01
3.478499999821062469e+10 1.534972223730836083e-01
3.478499999819769287e+10 5.368394441586221699e-01
3.478499999794306946e+10 2.499878845451228848e-01
3.478499999794113159e+10 6.335433277279750586e-01
3.478499999792885590e+10 1.016907173589662428e+00
3.478499999830071259e+10 1.110934603240712137e+00
3.478499999867512512e+10 1.194197793004122543e+00
3.478499999896993256e+10 9.488298720434499289e-01
3.478499999913796234e+10 1.293625098933895989e+00
3.478499999906253815e+10 1.669696387742476418e+00
3.478499999939979553e+10 1.852393967397325980e+00
3.478499999903627777e+10 1.974754022355005301e+00
3.478499999934661102e+10 2.200173519724136550e+00
3.478499999946813965e+10 2.563970987667248735e+00
3.478499999982930756e+10 2.434827040655950015e+00
3.478500000002874756e+10 2.107196010089316562e+00
3.478499999983802032e+10 2.439974885586560838e+00
3.478499999945551300e+10 2.468393561010629345e+00
3.478499999907228851e+10 2.484432410015148029e+00
3.478499999889994812e+10 2.141769502735751285e+00
3.478499999902746582e+10 2.503512542504031213e+00
3.478499999908660889e+10 2.882485837295756248e+00
3.478499999911038971e+10 2.499663254689162173e+00
3.478499999873394775e+10 2.426113051979144952e+00
3.478499999841844177e+10 2.207994788997885927e+00
3.478499999879930878e+10 2.253354157193943941e+00
3.478499999871778107e+10 2.628149073809012748e+00
3.478499999875932312e+10 2.246844710397845724e+00
3.478499999868849945e+10 2.623809959810364134e+00
3.478499999875910187e+10 3.000817078963348372e+00
3.478499999862231445e+10 3.359156505466664555e+00
3.478499999882743073e+10 3.683265157573989868e+00
3.478499999865144348e+10 3.342461362881096854e+00
3.478499999862710571e+10 3.725248822075068134e+00
3.478499999825440216e+10 3.815866007773080604e+00
3.478499999799481201e+10 4.098235176364272370e+00
3.478499999825479889e+10 3.816234985838507399e+00
3.478499999862281799e+10 3.708166470403330361e+00
3.478499999897883606e+10 3.565447988617046704e+00
3.478499999874523163e+10 3.261234056676605153e+00
3.478499999885535431e+10 3.628645856860054586e+00
3.478499999913875580e+10 3.370186527406091592e+00
3.478499999910674286e+10 3.752408620300878628e+00
3.478499999936897278e+10 3.472489595872608525e+00
3.478499999907482910e+10 3.226318749214641013e+00
3.478499999881499481e+10 2.944174181793541845e+00
3.478499999847351837e+10 3.118848907647555624e+00
3.478499999811392975e+10 3.252311086689270159e+00
3.478499999847731781e+10 3.129570953805685285e+00
3.478499999819292450e+10 3.386938544858041134e+00
3.478499999804287720e+10 3.033946333249435856e+00
3.478499999766014862e+10 3.059243850504031137e+00
3.478499999731024170e+10 3.216350534484869961e+00
3.478499999769091034e+10 3.263353655866504166e+00
3.478499999748326874e+10 3.585848216023766799e+00
3.478499999742775726e+10 3.965369946654247357e+00
3.478499999750488281e+10 3.589642962033864571e+00
3.478499999712297058e+10 3.625200010798721006e+00
3.478499999676941681e+10 3.476472187319240792e+00
3.478499999640969849e+10 3.609594333729507998e+00
3.478499999653400421e+10 3.246735933711361266e+00
3.478499999684303284e+10 3.473937857223216685e+00
3.478499999676837921e+10 3.850162455267107209e+00
3.478499999714774323e+10 3.793593899462964991e+00
3.478499999688704681e+10 4.074941790886599691e+00
3.478499999726815033e+10 4.031568216310224884e+00
3.478499999761436462e+10 3.866476251767637873e+00
3.478499999763120270e+10 4.249666693475516510e+00
3.478499999771084595e+10 3.874466082173670500e+00
3.478499999805503845e+10 4.043725724237123842e+00
3.478499999778806305e+10 3.768327316391073545e+00
3.478499999816887665e+10 3.722501061583453286e+00
3.478499999835643768e+10 4.057074793607996277e+00
3.478499999870207214e+10 3.890778163180867555e+00
3.478499999831918335e+10 3.913403148265932607e+00
3.478499999837205505e+10 3.533504704197202972e+00
3.478499999821294403e+10 3.184501600693256496e+00
3.478499999822300720e+10 2.801073361095032244e+00
3.478499999820840454e+10 2.417791230041075767e+00
3.478499999856261444e+10 2.564939226532966021e+00
3.478499999818424988e+10 2.502036726622477669e+00
3.478499999802613068e+10 2.152585958242373643e+00
3.478499999793065643e+10 2.524073522603905495e+00
3.478499999830534363e+10 2.606113418972316520e+00
3.478499999845131683e+10 2.960810584000301837e+00
3.478499999866817474e+10 2.644438475347069328e+00
3.478499999903833008e+10 2.744944412047962690e+00
3.478499999868135834e+10 2.604633480791806566e+00
3.478499999896862793e+10 2.858790193394870283e+00
3.478499999898590088e+10 3.241961310160719645e+00
3.478499999909728241e+10 2.874929054871425471e+00
3.478499999892147827e+10 2.534031815001538845e+00
3.478499999920092010e+10 2.271295967503472291e+00
3.478499999957571411e+10 2.352838049797528530e+00
3.478499999991249084e+10 2.169262720938570421e+00
3.478499999991983032e+10 1.785772534672533274e+00
3.478500000029771423e+10 1.720010974527690806e+00
