3.478500000000009918e+10 0.000000000000000000e+00
3.478499999962064362e+10 5.596631514619509334e-02
3.478499999996317291e+10 -1.166375668951630806e-01
3.478499999986994171e+10 -4.886937878426053095e-01
3.478499999986662292e+10 -1.051477764617033683e-01
3.478499999984483337e+10 2.777933162015038815e-01
3.478499999996131134e+10 -8.765282543563723827e-02
3.478499999980054474e+10 2.605894180549243599e-01
3.478499999965528870e+10 6.155826249097331448e-01
3.478499999928302765e+10 7.079872219331495575e-01
3.478499999943746948e+10 1.059079518014614196e+00
3.478499999947495270e+10 1.440804202654829114e+00
3.478499999937005615e+10 1.809743005182109066e+00
3.478499999973225403e+10 1.935966886745947413e+00
3.478499999975019073e+10 1.552825987915272155e+00
3.478499999952713013e+10 1.240798545461992974e+00
3.478499999950652313e+10 8.577920241143056623e-01
3.478499999947088623e+10 4.758908091796851259e-01
3.478499999909066010e+10 4.254191398963307336e-01
3.478499999904318237e+10 4.480831303260707221e-02
3.478499999935719299e+10 -1.754530358799848144e-01
3.478499999966690826e+10 -4.017165635244271393e-01
3.478499999932331848e+10 -5.722021298399292411e-01
3.478499999959729004e+10 -3.037627625902086792e-01
3.478499999925171661e+10 -4.701838875763657555e-01
3.478499999957806396e+10 -2.686494040110302128e-01
3.478499999994245911e+10 -1.489253474461839644e-01
3.478499999975159454e+10 1.837736181048620354e-01
3.478499999940026093e+10 3.376604729883836975e-01
3.478499999961950684e+10 2.293904611145675121e-02
3.478499999952917480e+10 3.957107456656264177e-01
3.478499999979567719e+10 1.198585583130084564e-01
3.478499999976161194e+10 5.019029059113724323e-01
3.478499999957108307e+10 8.347938947908143392e-01
3.478499999918762207e+10 8.259731736014371828e-01
3.478499999945262909e+10 1.103266433747579711e+00
3.478499999983575439e+10 1.121472575078821032e+00
3.478499999973456573e+10 7.514997587191712958e-01
3.478499999956526184e+10 1.095673093521926766e+00
3.478499999947057343e+10 7.239848980691152569e-01
3.478499999909443665e+10 6.488939595534491955e-01
3.478499999885323334e+10 9.471228412270344954e-01
3.478499999912194824e+10 6.734259105208624252e-01
3.478499999927933502e+10 3.236419055009004397e-01
3.478499999908235931e+10 -5.475775931053639134e-03
3.478499999874503326e+10 -1.880437240729059267e-01
3.478499999837049103e+10 -1.053726629772627765e-01
3.478499999874649048e+10 -2.960669572845446573e-02
3.478499999910993195e+10 9.298939066720375568e-02
3.478499999876959991e+10 -8.390079525084297163e-02
3.478499999861558533e+10 2.673812836149022099e-01
3.478499999828003693e+10 8.156376122369324300e-02
3.478499999791613770e+10 2.027820328943230610e-01
3.478499999829153442e+10 2.814779980924738134e-01
3.478499999863620758e+10 1.131931811845016123e-01
3.478499999845413208e+10 4.507851088926754790e-01
3.478499999854119110e+10 8.243349740425951477e-01
3.478499999817977142e+10 9.527743245599042954e-01
3.478499999855808258e+10 1.016027503472157312e+00
3.478499999867578888e+10 6.509753873238067756e-01
3.478499999880248260e+10 2.889441951798911723e-01
3.478499999866984558e+10 6.488418829628550544e-01
3.478499999899777985e+10 4.499063331417744727e-01
3.478499999861459351e+10 4.667807424058141308e-01
3.478499999883141327e+10 1.503843071379790119e-01
3.478499999899774170e+10 -1.952361120034944442e-01
3.478499999865396118e+10 -3.653381645556753599e-01
3.478499999830225372e+10 -2.123060513377970360e-01
3.478499999796554565e+10 -2.861115310161543857e-02
3.478499999807803345e+10 -3.953054883145088461e-01
3.478499999820305634e+10 -7.579188097158863213e-01
3.478499999794088745e+10 -4.779444373649207045e-01
3.478499999831893158e+10 -4.131160317769860257e-01
3.478499999862764740e+10 -6.407360165947806330e-01
3.478499999826496887e+10 -5.159081857812578553e-01
3.478499999830507660e+10 -1.344504362093841832e-01
3.478499999838970947e+10 2.396556066238831328e-01
3.478499999863835907e+10 5.317058082477581493e-01
3.478499999883451080e+10 2.020963040086393159e-01
3.478499999921611786e+10 1.634311602422164611e-01
3.478499999885830688e+10 3.016069098488014522e-01
3.478499999923926544e+10 3.462029418339617748e-01
3.478499999949594879e+10 6.118792217495949703e-02
3.478499999985595703e+10 -7.113755426167900353e-02
3.478500000023899078e+10 -9.127323800412553978e-02
