1.391400000000009918e+10 0.000000000000000000e+00
1.391399999971666336e+10 -9.725524502000910954e-02
1.391399999968147659e+10 -3.948389176040316140e-01
1.391399999978539467e+10 -1.137778537889458375e-01
1.391399999949275017e+10 -4.933460495106732624e-02
1.391399999919515419e+10 -1.425557762776203524e-02
1.391399999949103928e+10 -6.164488151480343459e-02
1.391399999932978249e+10 1.909232319936857991e-01
1.391399999903140068e+10 1.633099331708280921e-01
1.391399999894509125e+10 4.502675767799361184e-01
1.391399999869577789e+10 6.165111453208655945e-01
1.391399999867382812e+10 9.153628465048593288e-01
1.391399999890337753e+10 7.227465517970508291e-01
1.391399999877119637e+10 9.916747278049482528e-01
1.391399999866175652e+10 7.127180251685594214e-01
1.391399999895216179e+10 6.388327515707117321e-01
1.391399999912625313e+10 3.949350335948911273e-01
1.391399999890508842e+10 1.927466930058980565e-01
1.391399999890564537e+10 4.924028200421269874e-01
1.391399999861623955e+10 4.146929326169803698e-01
1.391399999868469238e+10 7.064264016222252529e-01
1.391399999844469833e+10 5.269923137956921133e-01
1.391399999829897118e+10 7.888278923964743283e-01
1.391399999816435051e+10 5.211130833346062641e-01
1.391399999787926102e+10 4.288183993717824549e-01
1.391399999759365845e+10 3.381258826792586381e-01
1.391399999737487984e+10 5.428937294437705674e-01
1.391399999736444473e+10 2.434188026411762684e-01
1.391399999734123993e+10 -5.533803230471401324e-02
1.391399999704949570e+10 -1.237446119328732830e-01
1.391399999727122879e+10 7.782147378596107612e-02
1.391399999717558861e+10 -2.061628799625252195e-01
1.391399999736445427e+10 -4.388079715712059903e-01
1.391399999758821869e+10 -2.394996863483832561e-01
1.391399999767731285e+10 4.660600665684028199e-02
1.391399999795697403e+10 -6.101981002471645876e-02
1.391399999778663826e+10 -3.075554868575334777e-01
1.391399999793181992e+10 -5.696931521051618041e-01
1.391399999767552757e+10 -4.144255742398938458e-01
1.391399999741563988e+10 -5.635995602783170355e-01
1.391399999737826157e+10 -2.662833283653420202e-01
1.391399999737915611e+10 3.337198249869710587e-02
1.391399999761572075e+10 -1.505614678216089519e-01
1.391399999791470337e+10 -1.304834785155455923e-01
1.391399999821430016e+10 -1.244670658074819164e-01
1.391399999791878700e+10 -1.741293345276706261e-01
1.391399999799742508e+10 1.150250214631543255e-01
1.391399999829703903e+10 1.099579936017112125e-01
1.391399999857923126e+10 9.152822556012629729e-03
1.391399999828756714e+10 7.789823424510790295e-02
1.391399999808022690e+10 -1.384452540223053973e-01
1.391399999792679787e+10 1.189527399763272708e-01
1.391399999785466385e+10 4.097977383541566709e-01
1.391399999815262032e+10 4.416712468825241267e-01
1.391399999786054230e+10 3.747004716693695392e-01
1.391399999763020515e+10 5.663736664169545243e-01
1.391399999756752396e+10 8.594013585128813526e-01
1.391399999727704239e+10 9.329860437213067792e-01
1.391399999753065681e+10 7.733816940667391782e-01
1.391399999733160400e+10 5.493899537336549566e-01
1.391399999749176788e+10 2.961278422819184075e-01
1.391399999756126022e+10 4.640367138451284568e-03
1.391399999765374947e+10 -2.803855495894161942e-01
1.391399999787304878e+10 -7.617469379293645426e-02
1.391399999817234612e+10 -6.152071809513182110e-02
1.391399999795511055e+10 -2.679242265911818688e-01
1.391399999794218254e+10 -5.673018879227871292e-01
1.391399999794983292e+10 -2.677429335686142831e-01
1.391399999768171883e+10 -4.015672591440725414e-01
1.391399999797718048e+10 -4.515363693708455139e-01
1.391399999774262428e+10 -2.650484162149163714e-01
1.391399999770607185e+10 3.237051668674556515e-02
1.391399999740843582e+10 -2.369850423781155735e-03
1.391399999741290855e+10 2.972534042118559761e-01
1.391399999759214401e+10 5.711025205173619890e-02
1.391399999743052483e+10 3.094456326662229362e-01
1.391399999751091385e+10 5.981181766376317821e-01
1.391399999722222900e+10 6.784654079483358746e-01
1.391399999741918373e+10 9.043045389256001432e-01
1.391399999770038414e+10 1.007841689953708597e+00
1.391399999791721153e+10 1.214674429669310163e+00
1.391399999763290787e+10 1.119988506047707721e+00
1.391399999767290115e+10 1.416964295550509956e+00
1.391399999765510941e+10 1.117836251561290073e+00
1.391399999735679817e+10 1.146193399600657692e+00
1.391399999724987984e+10 8.662603990360919770e-01
1.391399999753136635e+10 7.635033516873531712e-01
1.391399999745149803e+10 1.052319983459275576e+00
1.391399999773227501e+10 9.476362680946397443e-01
1.391399999801400566e+10 1.049724386302536505e+00
1.391399999787488556e+10 1.315129184532849882e+00
1.391399999805201912e+10 1.073432025502219833e+00
1.391399999835064316e+10 1.098289701084895542e+00
1.391399999864616394e+10 1.147905691871110356e+00
1.391399999866175079e+10 8.486547007346184612e-01
1.391399999836320114e+10 8.229116846391508755e-01
1.391399999814878654e+10 6.135778138699465867e-01
1.391399999805280685e+10 8.974477772288500521e-01
1.391399999789772224e+10 1.153851638898680587e+00
1.391399999779829597e+10 8.711705790284001161e-01
1.391399999809691048e+10 8.961379840768666227e-01
1.391399999789443588e+10 1.117041160861192095e+00
1.391399999809035873e+10 1.343775547168524875e+00
1.391399999803481483e+10 1.638239287426188184e+00
1.391399999832768631e+10 1.574836250190874809e+00
1.391399999856701088e+10 1.394509980924392378e+00
1.391399999884275627e+10 1.277212489886559998e+00
1.391399999859552383e+10 1.446535716261635240e+00
1.391399999869943619e+10 1.165472945644360436e+00
1.391399999873122406e+10 8.675070948497677348e-01
1.391399999900421715e+10 7.439384151412005153e-01
1.391399999907481384e+10 4.527167053023810062e-01
1.391399999920023155e+10 7.248643854700984601e-01
1.391399999938180733e+10 9.632424090887132806e-01
1.391399999933979225e+10 6.665459256165990887e-01
1.391399999905934143e+10 5.609919870956847632e-01
1.391399999927257347e+10 7.715297043731144111e-01
1.391399999935855675e+10 1.058585183512418260e+00
1.391399999906247139e+10 1.104713184025920780e+00
1.391399999936208725e+10 1.109676954496004786e+00
1.391399999909554672e+10 1.246607240028453134e+00
1.391399999931262589e+10 1.040038431554664244e+00
1.391399999904366302e+10 9.079263784106925694e-01
1.391399999892622375e+10 6.322415078800649457e-01
1.391399999863309479e+10 5.700360071829916331e-01
1.391399999833492661e+10 5.998690593911253366e-01
1.391399999827736092e+10 3.057939038869678661e-01
1.391399999847520447e+10 5.308547749928687054e-01
1.391399999876655579e+10 6.009120634257685278e-01
1.391399999882138824e+10 8.955093992143290382e-01
1.391399999886293793e+10 1.192271597416824758e+00
1.391399999860008621e+10 1.336155914237611597e+00
1.391399999886175919e+10 1.482173174474777699e+00
1.391399999878280830e+10 1.193104195768920572e+00
1.391399999907956123e+10 1.234724805968739236e+00
1.391399999884899902e+10 1.426128261423853738e+00
1.391399999905441475e+10 1.207957374723259258e+00
1.391399999921343613e+10 1.461938757593928662e+00
1.391399999909524155e+10 1.186577296922727287e+00
1.391399999932731819e+10 1.376141532522797473e+00
1.391399999911157990e+10 1.584109536818273600e+00
1.391399999935151482e+10 1.763624457257526368e+00
1.391399999957829285e+10 1.959495871058824168e+00
1.391399999928314590e+10 2.011285942753385125e+00
1.391399999957760620e+10 1.955724473718485346e+00
1.391399999960949707e+10 1.657769644893219763e+00
1.391399999935514450e+10 1.816196892631048998e+00
1.391399999942341042e+10 2.107974009212344679e+00
1.391399999945103455e+10 2.406354681306240639e+00
1.391399999934067535e+10 2.684948969534338925e+00
1.391399999928101730e+10 2.391291033482572104e+00
1.391399999943618774e+10 2.134939216664671235e+00
1.391399999943649292e+10 1.835282727462538510e+00
1.391399999953769875e+10 1.553233754478712481e+00
1.391399999973494339e+10 1.778818521315768120e+00
1.391400000001994133e+10 1.871397187413600394e+00
1.391400000012889862e+10 2.150542859656541239e+00
