4.174200000000000000e+10 0.000000000000000000e+00
4.174199999955612946e+10 7.079487565695155582e-02
4.174199999964730835e+10 -3.693440664653404593e-01
4.174199999927397919e+10 -1.190165212380815407e-01
4.174199999938500214e+10 3.165418352063120722e-01
4.174199999983441925e+10 3.244626385373024502e-01
4.174200000001780701e+10 -8.591089577462446281e-02
4.174199999957067871e+10 -3.993020024392941736e-02
4.174199999967852783e+10 -4.762838521636408307e-01
4.174199999984431458e+10 -8.940760101928009185e-01
4.174200000024739838e+10 -1.092970691680440698e+00
