5.565600000000000000e+10 0.000000000000000000e+00
5.565599999948111725e+10 -6.076860115834981091e-01
5.565599999877616882e+10 -9.839494414528690003e-01
5.565599999946891022e+10 -1.382233629687199539e+00
5.565599999867518616e+10 -1.474566943619309844e+00
5.565599999923624420e+10 -9.055871971926109376e-01
5.565599999843746948e+10 -9.274695211462703481e-01
5.565599999899272156e+10 -3.528200555089957557e-01
5.565599999978701019e+10 -4.401974265824272758e-01
5.565599999925904083e+10 1.596107210667976894e-01
5.565599999988417816e+10 6.573294614133136093e-01
5.565599999960342407e+10 -9.080092869284261958e-02
5.565599999886363983e+10 -3.928748971078116492e-01
5.565599999962882233e+10 -1.626126780711560638e-01
5.565600000024636078e+10 -6.697360906586502516e-01
