4.174200000000000000e+10 0.000000000000000000e+00
4.174199999967338562e+10 3.088040362311741394e-01
4.174199999924024200e+10 1.886993253322346853e-01
4.174199999879743195e+10 2.658906556361944062e-01
4.174199999871021271e+10 7.068311652899755826e-01
4.174199999842157745e+10 3.622637680353787415e-01
4.174199999881080627e+10 1.374537374309645343e-01
4.174199999842877197e+10 3.742753526051207369e-01
4.174199999798286438e+10 4.308838068054893222e-01
4.174199999755380249e+10 5.648334787558475512e-01
4.174199999800037384e+10 5.137330281599084003e-01
4.174199999839504242e+10 7.288498076275516935e-01
4.174199999858659363e+10 3.222257489770421479e-01
4.174199999860958862e+10 7.711216774363280901e-01
4.174199999882122803e+10 1.167662964244029711e+00
4.174199999867433167e+10 7.428589649851489174e-01
4.174199999904576874e+10 4.897402788311046584e-01
4.174199999944219971e+10 2.778896894580782373e-01
4.174199999913029480e+10 -4.576155426510220003e-02
4.174199999872837067e+10 -2.469951774125212218e-01
4.174199999912641144e+10 -3.819231575002118850e-02
4.174199999868072510e+10 -9.648464033337225687e-02
4.174199999865238190e+10 3.521055156519157237e-01
4.174199999834636688e+10 6.813362212194085110e-01
4.174199999802757263e+10 3.644679300683711931e-01
4.174199999762432861e+10 5.630413773643634379e-01
4.174199999717545319e+10 5.864329075911515199e-01
4.174199999685521698e+10 9.018431728292179983e-01
4.174199999708049011e+10 5.128871335894076289e-01
4.174199999663301086e+10 4.704699058489644203e-01
4.174199999702261353e+10 6.946285413798624075e-01
4.174199999677124786e+10 3.219989588111936696e-01
4.174199999633633423e+10 4.355284296107910236e-01
4.174199999648042297e+10 9.765378495827703453e-03
4.174199999605484009e+10 1.543917390013455349e-01
4.174199999602007294e+10 -2.937463839253930953e-01
4.174199999621867371e+10 1.094817297152602120e-01
4.174199999602358246e+10 5.144227597076016512e-01
4.174199999634854889e+10 8.249559718074159775e-01
4.174199999663173676e+10 4.758972151854979904e-01
4.174199999644235229e+10 6.825608907088515087e-02
4.174199999673053741e+10 4.132008219556351225e-01
4.174199999634813690e+10 6.494394806749814730e-01
4.174199999608773041e+10 1.015804942062344729e+00
4.174199999651269531e+10 1.162222646147321736e+00
4.174199999687802124e+10 9.003623361612561604e-01
4.174199999720825958e+10 5.954357797341069958e-01
4.174199999709516144e+10 1.604129772791960118e-01
4.174199999701658630e+10 6.029769211603138723e-01
4.174199999656981659e+10 5.536199351147299552e-01
4.174199999701670837e+10 6.018077680102805749e-01
4.174199999659086609e+10 7.456718579508913036e-01
4.174199999682701111e+10 3.632180617343116480e-01
4.174199999727326965e+10 3.094892336967187685e-01
4.174199999745330048e+10 7.213448299530065277e-01
4.174199999748244476e+10 2.728059882548705684e-01
4.174199999703708649e+10 2.120204580196417554e-01
4.174199999747523499e+10 1.117235989947140823e-01
4.174199999777508545e+10 4.465754457509233388e-01
4.174199999771302795e+10 8.917552480418067251e-01
4.174199999815731049e+10 9.599647528567534227e-01
4.174199999830250549e+10 1.385353025174507424e+00
4.174199999858128357e+10 1.032763358777954998e+00
4.174199999822911072e+10 7.534583374816323786e-01
4.174199999791197205e+10 1.071982456182841270e+00
4.174199999750659943e+10 8.777983519553524960e-01
4.174199999788196564e+10 6.305356882186650136e-01
4.174199999821144104e+10 3.247840654410767969e-01
4.174199999863963318e+10 4.614861347106926637e-01
4.174199999820155334e+10 3.608699018725356478e-01
4.174199999813317871e+10 8.051234965266274024e-01
4.174199999816612244e+10 1.253399069192768112e+00
4.174199999824124908e+10 8.102379277834490523e-01
4.174199999790308380e+10 5.141266726599228454e-01
4.174199999808511353e+10 9.251038749514092219e-01
4.174199999834061432e+10 5.552983460137232985e-01
4.174199999789115143e+10 5.599599168000859439e-01
4.174199999813876343e+10 9.350912958352031179e-01
4.174199999788675690e+10 5.628975264352653607e-01
4.174199999824948883e+10 8.283428706859654600e-01
4.174199999853002930e+10 1.179533403657611945e+00
4.174199999808210754e+10 1.217023160115872527e+00
4.174199999844551849e+10 9.525053461762846840e-01
4.174199999819673157e+10 5.781511656809116273e-01
4.174199999853519440e+10 8.739223282595185438e-01
4.174199999830399323e+10 4.884570442503213261e-01
4.174199999794876099e+10 2.130511549517946079e-01
4.174199999761540222e+10 -8.845541071699219993e-02
4.174199999755916595e+10 3.574975694246685376e-01
4.174199999795599365e+10 1.463883151596419574e-01
4.174199999783689880e+10 5.798084302532283685e-01
4.174199999742586517e+10 3.979021457472372569e-01
4.174199999744236755e+10 -5.127924887747042915e-02
4.174199999735446930e+10 -4.920853523042055255e-01
4.174199999748852539e+10 -9.211141110859510928e-01
4.174199999775330353e+10 -5.578929119121033287e-01
4.174199999747612762e+10 -9.117450046857313861e-01
4.174199999709518433e+10 -1.150321842343401624e+00
4.174199999752949524e+10 -1.266116003494432096e+00
4.174199999736840820e+10 -1.685742581013929708e+00
4.174199999701349640e+10 -1.409930909797146192e+00
4.174199999735842896e+10 -1.121733385888765477e+00
4.174199999765532684e+10 -1.459204862553779680e+00
4.174199999799248505e+10 -1.756463782958876285e+00
4.174199999824684906e+10 -2.127051012875944558e+00
4.174199999787637329e+10 -1.872526334938771075e+00
4.174199999743740845e+10 -1.969202774088929520e+00
4.174199999712734222e+10 -1.643790799000345526e+00
4.174199999695229340e+10 -2.057788404227764989e+00
4.174199999690872192e+10 -1.610420992593399880e+00
4.174199999664665985e+10 -1.245237437148712711e+00
4.174199999709558105e+10 -1.222744237373415199e+00
4.174199999710092163e+10 -7.732914656147209520e-01
4.174199999677697754e+10 -1.084896945318561290e+00
4.174199999684956360e+10 -6.413125450031977870e-01
4.174199999685353088e+10 -1.918454884314303999e-01
4.174199999649127960e+10 7.425314509894764825e-02
4.174199999687519073e+10 -1.595140045868735090e-01
4.174199999680722809e+10 -6.038310752157243222e-01
4.174199999723793793e+10 -4.752742019862846723e-01
4.174199999701576996e+10 -8.453343851464023562e-02
4.174199999704765320e+10 -5.328859867652532278e-01
4.174199999732527924e+10 -1.793876648248201588e-01
4.174199999704405212e+10 -5.300236775014681712e-01
4.174199999746506500e+10 -3.726028312016017585e-01
4.174199999745339966e+10 -8.219359910833456961e-01
4.174199999784236908e+10 -5.966779360325241699e-01
4.174199999752388763e+10 -2.794927487105046127e-01
4.174199999782492065e+10 5.429775985083851175e-02
4.174199999814729309e+10 -2.589318932475418999e-01
4.174199999835260010e+10 -6.587870629885006490e-01
4.174199999792642212e+10 -5.159184024233509636e-01
4.174199999831820679e+10 -2.955929531407295308e-01
4.174199999787438202e+10 -2.244918656148874869e-01
4.174199999749705505e+10 -4.687488401742948563e-01
4.174199999794643402e+10 -4.785469138161123070e-01
4.174199999839591217e+10 -4.769588959328774913e-01
4.174199999880860138e+10 -6.550711042137495888e-01
4.174199999856813812e+10 -1.034824775771281402e+00
4.174199999871546173e+10 -6.101695493773171552e-01
4.174199999829090118e+10 -4.625642088295720544e-01
4.174199999822070312e+10 -9.065337005785918389e-01
4.174199999864271545e+10 -7.517968733942813619e-01
4.174199999888632202e+10 -3.740490756962114860e-01
4.174199999872523499e+10 -7.936754569738078136e-01
4.174199999845396423e+10 -4.352754102133138403e-01
4.174199999856412506e+10 5.009911216796170130e-04
4.174199999859895325e+10 -4.476322640861098434e-01
4.174199999882498169e+10 -5.911168161859248205e-02
4.174199999837926483e+10 -1.171964926262228507e-01
4.174199999835621643e+10 -5.660896949776256237e-01
4.174199999847509003e+10 -1.326082421542089662e-01
4.174199999805844879e+10 -3.012622285779077980e-01
4.174199999817229462e+10 1.335668188584785421e-01
4.174199999821362305e+10 5.811472851615120394e-01
4.174199999776428986e+10 5.693418810272095065e-01
4.174199999764566040e+10 1.357947222522074560e-01
4.174199999730297089e+10 -1.550681872317455356e-01
4.174199999755620575e+10 -5.264289432188160589e-01
4.174199999710821533e+10 -4.897680572015979394e-01
4.174199999667585754e+10 -6.126581971041181740e-01
4.174199999667854309e+10 -1.631816939967619118e-01
4.174199999651837158e+10 -5.831600428886235532e-01
4.174199999693012238e+10 -7.634349930753960844e-01
4.174199999697614288e+10 -3.163129224624073865e-01
4.174199999741853333e+10 -3.958475954575328970e-01
4.174199999748635864e+10 4.849063867338115896e-02
4.174199999733914185e+10 -3.762003740903910876e-01
4.174199999739277649e+10 7.007285988495692841e-02
4.174199999711949921e+10 -2.867955930691482580e-01
4.174199999668755341e+10 -4.111327208585829895e-01
4.174199999625953674e+10 -5.483884823798702568e-01
4.174199999615201569e+10 -9.848240428480434794e-01
4.174199999609358978e+10 -5.391525473908995725e-01
4.174199999601367188e+10 -9.683039128001036389e-02
4.174199999568322754e+10 -4.015298630377591160e-01
4.174199999524523163e+10 -5.025109112388770338e-01
4.174199999529541016e+10 -5.583600715927033997e-02
4.174199999514352417e+10 3.672081914073510034e-01
4.174199999471726227e+10 5.098140605010744730e-01
4.174199999448431396e+10 1.254029723494777815e-01
4.174199999493266296e+10 1.573687105812819620e-01
4.174199999463487244e+10 4.940556239271154393e-01
4.174199999470233917e+10 9.384481007173236522e-01
4.174199999508544922e+10 7.033619101605643742e-01
4.174199999553465271e+10 7.193160997069147911e-01
4.174199999576898956e+10 1.102883152113654397e+00
4.174199999557379150e+10 6.979955614939971076e-01
4.174199999597967529e+10 5.048748742295969816e-01
4.174199999558899689e+10 7.271529015836459831e-01
4.174199999516049194e+10 5.914327080059089692e-01
4.174199999546319580e+10 9.237089584944426779e-01
4.174199999501547241e+10 9.634281596052683971e-01
4.174199999527971649e+10 1.327035983431079869e+00
4.174199999493328857e+10 1.613433405850279279e+00
4.174199999494523621e+10 2.062759105385995717e+00
4.174199999528898621e+10 1.773148888482387386e+00
4.174199999536788177e+10 1.330642363366445480e+00
4.174199999527778625e+10 8.902798822097244269e-01
4.174199999501196289e+10 5.278250786414853124e-01
4.174199999533685303e+10 8.384434674798053599e-01
4.174199999488810730e+10 8.642688310546980945e-01
4.174199999515244293e+10 1.227811068304962117e+00
4.174199999491729736e+10 1.610879808196842733e+00
4.174199999526106262e+10 1.900467536442654204e+00
4.174199999499447632e+10 2.262362315596316620e+00
4.174199999515084076e+10 1.840952927463782807e+00
4.174199999495906067e+10 2.247471321388646803e+00
4.174199999539326477e+10 2.131259521607086427e+00
4.174199999496658325e+10 2.272611903952285406e+00
4.174199999520774078e+10 1.893297842490786920e+00
4.174199999552619934e+10 1.576088137538900202e+00
4.174199999566638947e+10 2.003151754220933167e+00
4.174199999523584747e+10 1.874042641074976423e+00
4.174199999551426697e+10 1.521167362085918739e+00
4.174199999568648529e+10 1.936349548875210269e+00
4.174199999531041718e+10 2.182540694344945020e+00
4.174199999524365234e+10 1.738041873221142009e+00
4.174199999568423462e+10 1.649016947485557605e+00
4.174199999572451782e+10 2.096692865405927364e+00
4.174199999582701111e+10 1.659049299891495410e+00
4.174199999588532257e+10 1.213362772697434977e+00
4.174199999613558197e+10 1.586735083220790932e+00
4.174199999646483612e+10 1.892719989063640362e+00
4.174199999601660919e+10 1.859106632586707164e+00
4.174199999628211212e+10 2.221797706681424511e+00
4.174199999591078949e+10 2.475092417700382796e+00
4.174199999572998047e+10 2.886607437875623461e+00
4.174199999617764282e+10 2.846197400270424005e+00
4.174199999573005676e+10 2.887447849381997944e+00
4.174199999609232330e+10 3.153532571569131360e+00
4.174199999616903687e+10 2.710642546959638466e+00
4.174199999587607574e+10 3.051538512629130562e+00
4.174199999623156738e+10 2.776469933416824354e+00
4.174199999649237061e+10 2.410383788258745330e+00
4.174199999610265350e+10 2.634347596325242513e+00
4.174199999619793701e+10 2.195078091135440168e+00
4.174199999662789154e+10 2.064020716512891873e+00
4.174199999692201996e+10 2.403910157778194279e+00
4.174199999706011963e+10 1.976166130503223206e+00
4.174199999666626740e+10 2.192770718662193641e+00
4.174199999702494049e+10 1.921864400301761977e+00
4.174199999720392609e+10 2.334176640369177047e+00
4.174199999730806732e+10 2.771430855258393500e+00
4.174199999709229279e+10 3.165738785671490252e+00
4.174199999747507477e+10 2.930122248421813680e+00
4.174199999755764008e+10 3.371958177599432283e+00
4.174199999754762268e+10 3.821331103591240730e+00
4.174199999757478333e+10 4.269994097501629504e+00
4.174199999716152954e+10 4.093201625550954681e+00
4.174199999717707062e+10 4.542417299598476177e+00
4.174199999690033722e+10 4.896612187297421315e+00
4.174199999663739777e+10 4.532060442188330818e+00
4.174199999627527618e+10 4.265778267194305862e+00
4.174199999599324036e+10 3.915790523557368452e+00
4.174199999615596771e+10 4.334784935775003234e+00
4.174199999649410248e+10 4.038639593394306004e+00
4.174199999607276917e+10 3.882066759287987612e+00
4.174199999571987915e+10 4.160468411149917500e+00
4.174199999616115570e+10 4.074958723084215251e+00
4.174199999607953644e+10 4.516970720742539136e+00
4.174199999650736237e+10 4.379124681533378194e+00
4.174199999693361664e+10 4.236490371717479775e+00
4.174199999692191315e+10 3.787158225172297499e+00
4.174199999736058044e+10 3.885191475882523449e+00
4.174199999750923920e+10 4.309380135037962134e+00
4.174199999708543396e+10 4.459128372944124230e+00
4.174199999753446198e+10 4.438957776956715229e+00
4.174199999753437042e+10 3.989473251209957994e+00
4.174199999777419281e+10 3.609314722674082265e+00
4.174199999819586945e+10 3.453665497699049070e+00
4.174199999828475952e+10 3.894272898437108221e+00
4.174199999862159729e+10 3.596655869777865888e+00
4.174199999907085419e+10 3.582471058917439333e+00
4.174199999896214294e+10 4.018610978635653197e+00
4.174199999940673065e+10 4.084769563985130247e+00
4.174199999983580780e+10 3.950870624464655645e+00
4.174200000026795197e+10 3.827234601192400554e+00
