2.782800000000000000e+10 0.000000000000000000e+00
2.782799999975911713e+10 -2.434269607610180519e-01
2.782799999972060394e+10 9.686540245565333773e-02
2.782799999969620132e+10 4.384595803808041259e-01
2.782799999963943863e+10 1.007319422806159381e-01
2.782799999998133469e+10 8.101561890209391104e-02
2.782799999971728516e+10 -1.370662375769790553e-01
2.782799999952678680e+10 -4.216580946948866315e-01
2.782799999982808685e+10 -5.844505749982584764e-01
2.782800000010015488e+10 -3.764564530025238942e-01
