1.391400000000009918e+10 0.000000000000000000e+00
1.391399999974868202e+10 1.630442481881940742e-01
1.391399999959762383e+10 4.218407687875830314e-01
1.391399999930515862e+10 4.870968148468965975e-01
1.391399999930019951e+10 7.867124363438062762e-01
1.391399999902112961e+10 8.958642815730772924e-01
1.391399999922714233e+10 1.113471449173663030e+00
1.391399999905965996e+10 1.361954279901947062e+00
1.391399999896691132e+10 1.077012755146840028e+00
1.391399999870689201e+10 1.225954379298723751e+00
1.391399999856720352e+10 9.608486028635194742e-01
1.391399999876287270e+10 7.338948682816592850e-01
1.391399999879409790e+10 4.358695660573702613e-01
1.391399999853628922e+10 2.831311061741979551e-01
1.391399999857547379e+10 5.802146870706843540e-01
1.391399999885074806e+10 6.986142041233429634e-01
1.391399999862694359e+10 8.978775152582911812e-01
1.391399999842451286e+10 1.118819991389613300e+00
1.391399999870169640e+10 1.232677206894649213e+00
1.391399999874976730e+10 9.369014434092519661e-01
1.391399999854550552e+10 1.156153534450508946e+00
1.391399999868323326e+10 1.422284013833687855e+00
1.391399999858294296e+10 1.704659428281265710e+00
1.391399999886767769e+10 1.611276940717618844e+00
1.391399999884451675e+10 1.312516703214135161e+00
1.391399999914377022e+10 1.296961347564252520e+00
1.391399999933250618e+10 1.529712144120785045e+00
1.391399999918247604e+10 1.270318405056601208e+00
1.391399999890192032e+10 1.165046793357721544e+00
1.391399999896144485e+10 1.458731809380667599e+00
1.391399999920961380e+10 1.290784262244967451e+00
1.391399999945720673e+10 1.121990290375149968e+00
1.391399999970338440e+10 9.511373467280216376e-01
1.391399999987958908e+10 7.087610976154159470e-01
1.391400000013191414e+10 8.703971805804745498e-01
