1.391400000000000000e+10 0.000000000000000000e+00
1.391399999974456787e+10 -1.566794090704698161e-01
1.391399999945621872e+10 -2.382189412381855997e-01
1.391399999962976456e+10 -4.825053620312173552e-01
1.391399999945540237e+10 -2.388009861816627610e-01
1.391399999925802803e+10 -4.642731261306384249e-01
1.391399999947472000e+10 -2.572987730113956983e-01
1.391399999931415749e+10 -5.103083170396811585e-01
1.391399999948885155e+10 -7.537750758832769682e-01
1.391399999933062935e+10 -1.008254961415276041e+00
1.391399999929627991e+10 -7.105734948740202173e-01
1.391399999917741203e+10 -9.856450850124438556e-01
1.391399999945355797e+10 -8.692942034984181277e-01
1.391399999932387733e+10 -5.991519694190632350e-01
1.391399999917931938e+10 -8.616347456716982878e-01
1.391399999947630119e+10 -9.015876409009647707e-01
1.391399999974594879e+10 -1.032294054122954829e+00
1.391399999973428726e+10 -7.328644335676252064e-01
1.391399999943592644e+10 -7.050287079033092930e-01
1.391399999920885086e+10 -9.005559708483668047e-01
1.391399999934834099e+10 -1.165766738793496682e+00
1.391399999942527008e+10 -8.761531119061021222e-01
1.391399999924353790e+10 -1.114412465523026086e+00
1.391399999912751389e+10 -8.381286804864902518e-01
1.391399999920274162e+10 -1.128188816479579692e+00
1.391399999941232109e+10 -1.342363599123246543e+00
1.391399999951253319e+10 -1.624766850466350609e+00
1.391399999947654152e+10 -1.327279472775888980e+00
1.391399999920121193e+10 -1.209008928093054935e+00
1.391399999928317070e+10 -1.497239594534101492e+00
1.391399999915391350e+10 -1.226894528806553808e+00
1.391399999939402008e+10 -1.406179826005105937e+00
1.391399999909613228e+10 -1.438689086422948238e+00
1.391399999916893387e+10 -1.729367820937161904e+00
1.391399999931132698e+10 -1.465704457216594037e+00
1.391399999901695633e+10 -1.521735938402839938e+00
1.391399999916955948e+10 -1.779623839371366367e+00
1.391399999904961014e+10 -2.054226211751408293e+00
1.391399999922799301e+10 -1.813448797735861762e+00
1.391399999926361465e+10 -1.515916970187270119e+00
1.391399999915500069e+10 -1.795196249275645028e+00
1.391399999885540962e+10 -1.801435940497726040e+00
1.391399999901135063e+10 -1.545551868759147851e+00
1.391399999915556526e+10 -1.808222735108336643e+00
1.391399999927126122e+10 -2.084643354565664630e+00
1.391399999900877571e+10 -1.940090779597414050e+00
1.391399999928759956e+10 -1.830313014911481462e+00
1.391399999948804092e+10 -2.053062807023771974e+00
1.391399999930918312e+10 -1.812637511727924977e+00
1.391399999911042213e+10 -1.588387369656568016e+00
1.391399999881641579e+10 -1.530474319604577360e+00
1.391399999893920898e+10 -1.803816682088222878e+00
1.391399999864651299e+10 -1.868032389052900033e+00
1.391399999857177734e+10 -2.158219854510578184e+00
1.391399999883806229e+10 -2.020793054310910719e+00
1.391399999861927795e+10 -1.816030591143371842e+00
1.391399999868606186e+10 -2.108150397157809941e+00
1.391399999898129082e+10 -2.159468842832187985e+00
1.391399999919222832e+10 -1.946631228360320653e+00
1.391399999894465256e+10 -1.777809896668192113e+00
1.391399999890959549e+10 -1.480210953957764142e+00
1.391399999917747498e+10 -1.614505938659748896e+00
1.391399999887784195e+10 -1.618306505812843188e+00
1.391399999872107315e+10 -1.873684280911844802e+00
1.391399999869628716e+10 -1.575054443404134030e+00
1.391399999878439522e+10 -1.288643636548195026e+00
1.391399999871923065e+10 -9.961581551535426682e-01
1.391399999877123833e+10 -7.010490473558638191e-01
1.391399999906878662e+10 -7.365332441516390105e-01
1.391399999931234169e+10 -5.619618602101237315e-01
1.391399999959686279e+10 -4.679288781358556526e-01
1.391399999989009094e+10 -4.061883882501810539e-01
1.391399999974949455e+10 -6.708141146711068536e-01
1.391399999975361443e+10 -3.711857886812699459e-01
1.391400000001009560e+10 -5.261434124207853280e-01
1.391399999976405907e+10 -6.972002577218265884e-01
1.391399999986704826e+10 -9.786023590987737997e-01
1.391399999961267853e+10 -1.137000288392302494e+00
1.391399999966457558e+10 -1.432128690331662124e+00
1.391399999944541168e+10 -1.227773916573118740e+00
1.391399999957125092e+10 -1.499727472701547937e+00
1.391399999960875511e+10 -1.797027995452015858e+00
1.391399999930916595e+10 -1.803397565500235666e+00
1.391399999903009033e+10 -1.694258307295303023e+00
1.391399999874877167e+10 -1.591041251336661855e+00
1.391399999850807190e+10 -1.412553365312356313e+00
1.391399999877705574e+10 -1.280487005354127517e+00
1.391399999869435310e+10 -1.568504941211832593e+00
1.391399999874153519e+10 -1.272586032106748366e+00
1.391399999883390808e+10 -1.557649697740465911e+00
1.391399999913182449e+10 -1.589905676029509829e+00
1.391399999888824844e+10 -1.764447030176456988e+00
1.391399999884983063e+10 -2.061630693062472819e+00
1.391399999906501007e+10 -1.853083550025825144e+00
1.391399999925300026e+10 -1.619729552002455719e+00
1.391399999945021439e+10 -1.394118192813037060e+00
1.391399999943638611e+10 -1.094780817692056818e+00
1.391399999938155746e+10 -8.001830764455590828e-01
1.391399999968019676e+10 -8.248648810338538029e-01
1.391399999955215454e+10 -5.539414097158594785e-01
1.391399999980828476e+10 -7.094764638457544681e-01
1.391400000008672905e+10 -5.987378496702938646e-01
1.391399999978817749e+10 -5.730350009893806495e-01
1.391399999969276428e+10 -2.889741902903252280e-01
1.391399999950036812e+10 -5.187083335396847072e-01
1.391399999940400124e+10 -8.024466487642319956e-01
1.391399999910568810e+10 -8.307991905871601190e-01
1.391399999890704918e+10 -6.064400526902430366e-01
1.391399999870763588e+10 -3.827693493815794157e-01
1.391399999900120354e+10 -4.428698774674699190e-01
1.391399999929698372e+10 -4.909193366915904910e-01
1.391399999958638000e+10 -5.686635886747608559e-01
1.391399999970634079e+10 -2.940664407946708137e-01
1.391399999945846558e+10 -1.256869056313734967e-01
1.391399999915893364e+10 -1.343079130310227409e-01
1.391399999923466873e+10 1.556201910115306841e-01
1.391399999893980217e+10 2.089902353428951809e-01
1.391399999915600395e+10 4.164783066371375853e-01
1.391399999905700874e+10 1.336460039448659765e-01
1.391399999896705437e+10 4.194820820197740496e-01
1.391399999871494865e+10 2.575051100206507959e-01
1.391399999844099998e+10 1.360720072987241513e-01
1.391399999872512627e+10 2.312875456679440167e-01
1.391399999891473770e+10 -7.507859325371624148e-04
1.391399999906968117e+10 2.557384924790311320e-01
1.391399999931766319e+10 4.239603175938953528e-01
1.391399999941359520e+10 7.078461648240140791e-01
1.391399999912090683e+10 7.720957491782645121e-01
1.391399999941116524e+10 6.976330518779547685e-01
1.391399999920487213e+10 9.149748108229880383e-01
1.391399999897720146e+10 1.109808511378804985e+00
1.391399999880173874e+10 8.668944310219081073e-01
1.391399999876674652e+10 1.164500956773594886e+00
1.391399999895829582e+10 9.340609280162934791e-01
1.391399999918874168e+10 7.425171034289999028e-01
1.391399999895527077e+10 5.546734121074661239e-01
1.391399999917197418e+10 3.477109009127461459e-01
1.391399999893436813e+10 1.651252463450659236e-01
1.391399999923317146e+10 1.425215626023131898e-01
1.391399999938431358e+10 -1.162259254688122190e-01
1.391399999959566116e+10 -3.286553259455198273e-01
1.391399999950172997e+10 -4.410122995440846072e-02
1.391399999976952553e+10 -1.785611782424978145e-01
1.391399999992449570e+10 7.791217950270826198e-02
1.391399999976080132e+10 3.289068194045352556e-01
1.391399999955111122e+10 1.148410589325283004e-01
1.391399999929599762e+10 -4.235764929114974042e-02
1.391399999908851051e+10 -2.585599256253611200e-01
1.391399999927787209e+10 -2.631741837741380374e-02
1.391399999912454796e+10 2.311434494445951948e-01
1.391399999925425720e+10 -3.898517209245788706e-02
1.391399999946645927e+10 1.725910373224277816e-01
1.391399999943524551e+10 4.706174933550514305e-01
1.391399999913899231e+10 4.255867191244306902e-01
1.391399999942264748e+10 3.289720938160194397e-01
1.391399999971874428e+10 3.750211583358234457e-01
1.391399999947919464e+10 1.949939839557476295e-01
1.391399999924081421e+10 3.765685117239814250e-01
1.391399999950755882e+10 2.400354912128730145e-01
1.391399999923634338e+10 3.674556433441821812e-01
1.391399999943816376e+10 1.459555801563694188e-01
1.391399999973713684e+10 1.661888159878002202e-01
1.391399999972351265e+10 4.655355980372002378e-01
1.391399999951886940e+10 2.466396791483459194e-01
1.391399999946633148e+10 -4.837532996525376050e-02
1.391399999974957275e+10 -1.461955363194328561e-01
1.391399999948896408e+10 -2.941037414008937922e-01
1.391399999956347847e+10 -5.843479969506198968e-01
1.391399999926944923e+10 -6.421455090335332905e-01
1.391399999900924492e+10 -7.907665834641751657e-01
1.391399999924709511e+10 -6.084982508598548723e-01
1.391399999897415161e+10 -7.321749889802833255e-01
1.391399999903502274e+10 -4.387661400736073136e-01
1.391399999924994278e+10 -6.475810073067888029e-01
1.391399999902333260e+10 -4.515142942775026702e-01
1.391399999896500397e+10 -7.454392309487349877e-01
1.391399999914254189e+10 -9.868399121317089628e-01
1.391399999906318474e+10 -6.978823138170492379e-01
1.391399999908161163e+10 -9.969718815806549728e-01
1.391399999886668015e+10 -1.205774153528003767e+00
1.391399999868328476e+10 -9.687933794238511309e-01
1.391399999887520599e+10 -1.198924809008602654e+00
1.391399999865245247e+10 -1.399361257487790500e+00
1.391399999836408615e+10 -1.317884589216270053e+00
1.391399999806459236e+10 -1.308018943380424126e+00
1.391399999834468842e+10 -1.414511000123906515e+00
1.391399999864089394e+10 -1.459856436404445512e+00
1.391399999893354607e+10 -1.395443167274698082e+00
1.391399999868390846e+10 -1.561200064595950732e+00
1.391399999869935036e+10 -1.261941532981213587e+00
1.391399999851877975e+10 -1.022800600502398627e+00
1.391399999822537231e+10 -9.619204764134805519e-01
1.391399999852088165e+10 -1.011604343830157848e+00
1.391399999822330856e+10 -1.046877990923087642e+00
1.391399999833093834e+10 -1.326538057750853650e+00
1.391399999841164207e+10 -1.615122294095867161e+00
1.391399999867384338e+10 -1.760188416782548337e+00
1.391399999895804214e+10 -1.855189911183336315e+00
1.391399999917637634e+10 -2.060432211289167981e+00
1.391399999888971710e+10 -1.973135857599541021e+00
1.391399999888860512e+10 -2.272790438228328824e+00
1.391399999890024948e+10 -2.572220757693400639e+00
1.391399999909245872e+10 -2.342329925819708336e+00
1.391399999888954163e+10 -2.562826174813574553e+00
1.391399999896692467e+10 -2.852318589459482023e+00
1.391399999889117813e+10 -2.562393449164252157e+00
1.391399999886523628e+10 -2.263861893599694586e+00
1.391399999911902428e+10 -2.423189942034411626e+00
1.391399999898693848e+10 -2.154214706764785436e+00
1.391399999870039940e+10 -2.241904251412762950e+00
1.391399999891655350e+10 -2.449440412544770851e+00
1.391399999863129234e+10 -2.357676760114864045e+00
1.391399999846172142e+10 -2.604739288265591313e+00
1.391399999840243340e+10 -2.898472395739685847e+00
1.391399999854152679e+10 -3.163891642230961754e+00
1.391399999824210739e+10 -3.151992110958361071e+00
1.391399999799959946e+10 -2.975969809572840852e+00
1.391399999809142876e+10 -2.690730522784850809e+00
1.391399999827230072e+10 -2.929643558221977528e+00
1.391399999802515793e+10 -2.760188892808384864e+00
1.391399999812665367e+10 -3.042133098635688260e+00
1.391399999805954742e+10 -3.334178907088265920e+00
1.391399999776010132e+10 -3.322964414557726620e+00
1.391399999772389793e+10 -3.025502807829461016e+00
1.391399999759881020e+10 -3.297802650977176953e+00
1.391399999787796021e+10 -3.188854972560605461e+00
1.391399999763687325e+10 -3.366819901331053355e+00
1.391399999793548203e+10 -3.341782604190628003e+00
1.391399999774324036e+10 -3.111919403549276097e+00
1.391399999802171135e+10 -3.222588947176142860e+00
1.391399999802222252e+10 -2.922932738587649126e+00
1.391399999789703941e+10 -3.195188386164560246e+00
1.391399999813174820e+10 -3.008893699837189573e+00
1.391399999820638657e+10 -2.718681302980329839e+00
1.391399999846623039e+10 -2.569431122422519476e+00
1.391399999817651176e+10 -2.492895896621423191e+00
1.391399999828321838e+10 -2.772909804418953517e+00
1.391399999835805130e+10 -2.482747344624889774e+00
1.391399999814484978e+10 -2.693317076695711965e+00
1.391399999820546913e+10 -2.399856020522820543e+00
1.391399999815790558e+10 -2.695713658248936717e+00
1.391399999836280632e+10 -2.477059973436116280e+00
1.391399999853482246e+10 -2.722426179892618592e+00
1.391399999825257492e+10 -2.823075353933509390e+00
1.391399999795479393e+10 -2.856558308296143434e+00
1.391399999777190208e+10 -3.093928722630621575e+00
1.391399999790057564e+10 -2.823304714281824168e+00
1.391399999816599846e+10 -2.962391899674389428e+00
1.391399999790880775e+10 -2.808614344908976879e+00
1.391399999814438248e+10 -2.993813346078470161e+00
1.391399999788604927e+10 -2.841963996289278871e+00
1.391399999787328339e+10 -2.542579382677442990e+00
1.391399999807190704e+10 -2.318206854009642104e+00
1.391399999802778625e+10 -2.021816116539658648e+00
1.391399999831010818e+10 -2.122255907756236404e+00
1.391399999859935760e+10 -2.043967917772342879e+00
1.391399999832476044e+10 -1.924008043485176067e+00
1.391399999830021858e+10 -2.222657990380294102e+00
1.391399999835359764e+10 -1.927793892940939724e+00
1.391399999805411530e+10 -1.917553001320258410e+00
1.391399999832471848e+10 -1.788835584047656857e+00
1.391399999802654076e+10 -1.818578922082022764e+00
1.391399999774747849e+10 -1.709406421438177448e+00
1.391399999801283836e+10 -1.570201182107858973e+00
1.391399999782545662e+10 -1.336358517786657041e+00
1.391399999752714920e+10 -1.364759716973747095e+00
1.391399999739729500e+10 -1.634818509876936998e+00
1.391399999715480232e+10 -1.458774305555091910e+00
1.391399999743899536e+10 -1.363753468679475445e+00
1.391399999735972404e+10 -1.074772220191908767e+00
1.391399999746814919e+10 -1.354125208870960995e+00
1.391399999776762199e+10 -1.343643677284183324e+00
1.391399999766978455e+10 -1.060408843896502473e+00
1.391399999737068367e+10 -1.042160382703373411e+00
1.391399999765096855e+10 -1.148155668009386288e+00
1.391399999794809914e+10 -1.186977550200037479e+00
1.391399999787856293e+10 -1.478454471044231999e+00
1.391399999761475182e+10 -1.336336951858274613e+00
1.391399999790449142e+10 -1.412791257358861685e+00
1.391399999775925827e+10 -1.674900777362347437e+00
1.391399999787216949e+10 -1.397330564935542530e+00
1.391399999764273643e+10 -1.204575291828843708e+00
1.391399999794238853e+10 -1.206254537978000974e+00
1.391399999766590691e+10 -1.090702603357943667e+00
1.391399999789463043e+10 -1.284298393397258264e+00
1.391399999793461227e+10 -9.873210369621643334e-01
1.391399999822464371e+10 -1.062659828255741123e+00
1.391399999828065109e+10 -7.682837796554584653e-01
1.391399999852725792e+10 -9.385157003352115890e-01
1.391399999845595741e+10 -1.229565979250748953e+00
1.391399999818049240e+10 -1.347517803730631902e+00
1.391399999813755798e+10 -1.644082766087276770e+00
1.391399999814829254e+10 -1.344618485526851925e+00
1.391399999793640709e+10 -1.132724630055581549e+00
1.391399999778364563e+10 -1.390519080350839154e+00
1.391399999758618164e+10 -1.165126634147914064e+00
1.391399999779825020e+10 -1.376836096905519335e+00
1.391399999754567719e+10 -1.538084494374409195e+00
1.391399999768247223e+10 -1.271473518477896691e+00
1.391399999790412331e+10 -1.069817071568369249e+00
1.391399999776067543e+10 -1.332907712209833395e+00
1.391399999803244781e+10 -1.459135987618553232e+00
1.391399999831555176e+10 -1.360922823441801377e+00
1.391399999801607132e+10 -1.371187216472505632e+00
1.391399999827261925e+10 -1.216341201079414347e+00
1.391399999856815529e+10 -1.265862683697430935e+00
1.391399999831962585e+10 -1.433276960721280968e+00
1.391399999850728416e+10 -1.199656797910107597e+00
1.391399999850077057e+10 -9.000709552168411065e-01
1.391399999854734802e+10 -1.196085414137801228e+00
1.391399999830579567e+10 -1.018752943249778831e+00
1.391399999856868553e+10 -8.749383547113931403e-01
1.391399999886828995e+10 -8.805130130873324301e-01
1.391399999858819008e+10 -7.740327293475390835e-01
1.391399999860042763e+10 -4.746260449056747821e-01
1.391399999836481094e+10 -6.597722513360182450e-01
1.391399999820230484e+10 -9.115374250335812611e-01
1.391399999820760918e+10 -6.119277385056086649e-01
1.391399999826780891e+10 -3.183803344473609687e-01
1.391399999846182442e+10 -5.467493792514528383e-01
1.391399999845408249e+10 -8.463059993541331982e-01
1.391399999837343407e+10 -1.134906155125349869e+00
1.391399999863924217e+10 -1.273254185430946483e+00
1.391399999836754608e+10 -1.146860473742305597e+00
1.391399999823385811e+10 -8.786788519200223746e-01
1.391399999850697327e+10 -1.001974251597198773e+00
1.391399999823361778e+10 -1.124737972262964680e+00
1.391399999818708611e+10 -1.420759632897495628e+00
1.391399999814093208e+10 -1.124678656876784810e+00
1.391399999785892296e+10 -1.225996849971422442e+00
1.391399999811414719e+10 -1.383013765450626487e+00
1.391399999841246986e+10 -1.411247069035119095e+00
1.391399999864566231e+10 -1.223057614295487872e+00
1.391399999836642265e+10 -1.114340888932456863e+00
1.391399999808638573e+10 -1.007695764153500928e+00
1.391399999799087715e+10 -1.291724244678233546e+00
1.391399999824519539e+10 -1.133242119999089859e+00
1.391399999803090477e+10 -9.237815681857292072e-01
1.391399999822284317e+10 -6.936647929478100272e-01
1.391399999837929344e+10 -9.492375730238061804e-01
1.391399999841181564e+10 -1.247124217104644384e+00
1.391399999819265366e+10 -1.451482596476340481e+00
1.391399999848705482e+10 -1.395611825283336938e+00
1.391399999819047546e+10 -1.438445502062496217e+00
1.391399999789317131e+10 -1.475918595184979365e+00
1.391399999765514374e+10 -1.293883409849567290e+00
1.391399999735551071e+10 -1.297662394894886662e+00
1.391399999741286850e+10 -1.003546329414364724e+00
1.391399999714777756e+10 -1.143262889507022262e+00
1.391399999727475929e+10 -1.414684545838545526e+00
1.391399999708179283e+10 -1.185428655971413114e+00
1.391399999680156898e+10 -1.291585171461771209e+00
1.391399999671126366e+10 -1.005859759810342258e+00
1.391399999694541168e+10 -8.188603621909839037e-01
1.391399999675546265e+10 -5.870984033529651480e-01
1.391399999648727608e+10 -7.207761969123882562e-01
1.391399999620412254e+10 -8.188510272034708048e-01
1.391399999620184898e+10 -1.118499044328341352e+00
1.391399999631604958e+10 -8.414567367157304023e-01
1.391399999661414719e+10 -8.109344122470698579e-01
1.391399999654648399e+10 -5.190170496219093099e-01
1.391399999640659142e+10 -7.840156131217232982e-01
1.391399999614340210e+10 -6.407479615844353660e-01
1.391399999585515785e+10 -7.226611618500035084e-01
1.391399999569493484e+10 -4.694365742972730349e-01
1.391399999579467201e+10 -7.520076672849898003e-01
1.391399999550217247e+10 -8.171057850073307760e-01
1.391399999546845436e+10 -5.193521152883324721e-01
1.391399999519984627e+10 -3.865220321636648748e-01
1.391399999549882507e+10 -3.663862442656093954e-01
1.391399999573749542e+10 -1.851940321506396758e-01
1.391399999599240112e+10 -2.766045124501012586e-02
1.391399999571746063e+10 -1.468339058395442820e-01
1.391399999601255035e+10 -1.989514239917586358e-01
1.391399999611015892e+10 -4.822649978790357062e-01
1.391399999640868378e+10 -4.562398712569055714e-01
1.391399999612409592e+10 -3.624136431253264790e-01
1.391399999586225700e+10 -2.166943128574529143e-01
1.391399999586134148e+10 8.296093244947558287e-02
1.391399999615855598e+10 4.478094775495703589e-02
1.391399999617900276e+10 -2.541772507052538210e-01
1.391399999588194275e+10 -2.935413048746904341e-01
1.391399999570039368e+10 -5.514292274498810986e-02
1.391399999599926186e+10 -3.342126521478654827e-02
1.391399999594604111e+10 -3.283137416740093961e-01
1.391399999578170204e+10 -5.788861466531463051e-01
1.391399999549640656e+10 -6.705427058678229413e-01
1.391399999575806808e+10 -5.245030387939862981e-01
1.391399999546667862e+10 -5.944014150876628655e-01
1.391399999526897812e+10 -8.195872972205646700e-01
1.391399999541994667e+10 -1.078435637867919406e+00
1.391399999547192001e+10 -1.373550718617978283e+00
1.391399999567149162e+10 -1.150020890886392255e+00
1.391399999581100273e+10 -1.415220678539456323e+00
1.391399999589615631e+10 -1.702523455043418732e+00
1.391399999561725426e+10 -1.812103613956931092e+00
1.391399999532135963e+10 -1.764773496470090741e+00
1.391399999502192879e+10 -1.776412832340032555e+00
1.391399999479951859e+10 -1.977229730806294272e+00
1.391399999450118828e+10 -1.949067965433629368e+00
1.391399999451671219e+10 -2.248322269756356295e+00
1.391399999430367661e+10 -2.037586020402851972e+00
1.391399999412170792e+10 -1.799507639861281705e+00
1.391399999430603600e+10 -1.563251413118159627e+00
1.391399999420495796e+10 -1.845346219206241978e+00
1.391399999402323723e+10 -2.083614673153217911e+00
1.391399999432283783e+10 -2.089404519715786890e+00
1.391399999405019760e+10 -1.965060937274228481e+00
1.391399999409326363e+10 -2.261606623368758839e+00
1.391399999395902824e+10 -1.993698418992805310e+00
1.391399999424600029e+10 -1.907436052460200093e+00
1.391399999454406357e+10 -1.876570332055692125e+00
1.391399999484116554e+10 -1.837522935519915634e+00
1.391399999461663818e+10 -1.639075061894226248e+00
1.391399999467941475e+10 -1.346067859257482624e+00
1.391399999440076637e+10 -1.235843798400923177e+00
1.391399999410312080e+10 -1.270509344371981264e+00
1.391399999397742653e+10 -9.984887969215268111e-01
1.391399999374774742e+10 -8.060261509944627312e-01
1.391399999385390854e+10 -5.258052623818187943e-01
1.391399999412847137e+10 -6.458458061268055328e-01
1.391399999442161751e+10 -5.837186882004921085e-01
1.391399999415158463e+10 -7.136281195397963240e-01
1.391399999406769943e+10 -1.001303798505748910e+00
1.391399999408715248e+10 -7.022791909186050230e-01
1.391399999433489799e+10 -8.708492868868807912e-01
1.391399999431535721e+10 -1.169868065521354916e+00
1.391399999409636116e+10 -1.374403701991621540e+00
1.391399999381453896e+10 -1.476236735137116174e+00
1.391399999362828636e+10 -1.710978740832437062e+00
1.391399999392628288e+10 -1.679488394501948978e+00
1.391399999410329628e+10 -1.437703299591165829e+00
1.391399999420958138e+10 -1.157529454124133439e+00
1.391399999391054344e+10 -1.138274830693976059e+00
1.391399999417713737e+10 -1.275103529577633399e+00
1.391399999439348221e+10 -1.067764808585451641e+00
1.391399999422767830e+10 -8.181593470297443549e-01
1.391399999433447456e+10 -1.098138761039109346e+00
1.391399999460562134e+10 -1.225704883249624455e+00
1.391399999479375267e+10 -1.458945131680196905e+00
1.391399999451531029e+10 -1.348200806727657630e+00
1.391399999433373833e+10 -1.586582255699380939e+00
1.391399999415328979e+10 -1.825814835429142802e+00
1.391399999404084969e+10 -2.103576092991959356e+00
1.391399999382192993e+10 -2.308192947614777779e+00
1.391399999411098099e+10 -2.229177490980699172e+00
1.391399999386961746e+10 -2.051587721364620975e+00
1.391399999411537743e+10 -2.223039486931797093e+00
1.391399999400460625e+10 -1.944608274740049048e+00
1.391399999375144768e+10 -1.784279904263554428e+00
1.391399999378742790e+10 -1.486791173639065544e+00
1.391399999354402161e+10 -1.661569452072003683e+00
1.391399999340304184e+10 -1.397147958574223248e+00
1.391399999353494644e+10 -1.666211204180147565e+00
1.391399999362876129e+10 -1.381618625761043884e+00
1.391399999378802490e+10 -1.635447228201112768e+00
1.391399999401574135e+10 -1.440666298768983777e+00
1.391399999376112556e+10 -1.282662052888134507e+00
1.391399999391697502e+10 -1.538601160660026057e+00
1.391399999361953735e+10 -1.502202001285709132e+00
1.391399999363455391e+10 -1.202921892080714539e+00
1.391399999371085167e+10 -1.492702343570676327e+00
1.391399999341125870e+10 -1.498858145056538804e+00
1.391399999369736099e+10 -1.587960686160158508e+00
1.391399999398770142e+10 -1.662098643143558929e+00
1.391399999424741173e+10 -1.811581286167262661e+00
1.391399999454318428e+10 -1.859672673644992003e+00
1.391399999452347755e+10 -2.158680565755979774e+00
1.391399999481424141e+10 -2.231143455739015291e+00
1.391399999467892265e+10 -1.963780299455164302e+00
1.391399999448301506e+10 -2.190528310080528840e+00
1.391399999433261490e+10 -1.931349473509117676e+00
1.391399999414612007e+10 -2.165899169317000883e+00
1.391399999425455856e+10 -2.445246610238128504e+00
1.391399999455421257e+10 -2.446298236545288773e+00
1.391399999426428986e+10 -2.370541283731338211e+00
1.391399999455806541e+10 -2.311465886890492261e+00
1.391399999485573196e+10 -2.345941284904964341e+00
1.391399999475773621e+10 -2.629121142974889747e+00
1.391399999446566963e+10 -2.562106877741379574e+00
1.391399999416840553e+10 -2.599903930853667333e+00
1.391399999410331726e+10 -2.307401759626617643e+00
1.391399999380515289e+10 -2.277539699486372360e+00
1.391399999400688553e+10 -2.499120806541679229e+00
1.391399999428651047e+10 -2.391399695034485351e+00
1.391399999419935799e+10 -2.104696910454141090e+00
1.391399999397179222e+10 -1.909740612092505119e+00
1.391399999416741753e+10 -2.136731833706563943e+00
1.391399999438473320e+10 -2.343052551365299774e+00
1.391399999458585548e+10 -2.120917425314518212e+00
1.391399999446298218e+10 -2.394223667691184776e+00
1.391399999473935890e+10 -2.278423982392105973e+00
1.391399999503722572e+10 -2.245719823924363201e+00
1.391399999532617188e+10 -2.325120336783550901e+00
1.391399999504673958e+10 -2.216901916971599995e+00
1.391399999477827835e+10 -2.350027338843844849e+00
1.391399999455530739e+10 -2.149831714084404766e+00
1.391399999433366394e+10 -1.948167610247570458e+00
1.391399999403976059e+10 -1.889725925158204367e+00
1.391399999401521301e+10 -2.188375342620422437e+00
1.391399999431011200e+10 -2.241563742895592348e+00
1.391399999447882652e+10 -2.489212276859023021e+00
1.391399999422323227e+10 -2.645627298209909384e+00
1.391399999419834137e+10 -2.944248334911979459e+00
1.391399999445919609e+10 -2.796772258780583442e+00
1.391399999470044518e+10 -2.974516523179204341e+00
1.391399999497088051e+10 -3.103583996270748990e+00
1.391399999483884811e+10 -2.834582634802026657e+00
1.391399999503199387e+10 -3.063686597018393520e+00
1.391399999488324928e+10 -3.323819182829378605e+00
1.391399999487206078e+10 -3.623266903357444058e+00
1.391399999471533203e+10 -3.878669128659229415e+00
1.391399999449567032e+10 -3.674849376024205139e+00
1.391399999435915756e+10 -3.941604439507338853e+00
1.391399999428162003e+10 -3.652153196244769973e+00
1.391399999413424873e+10 -3.913066265721287795e+00
1.391399999432500839e+10 -3.681970912982705624e+00
1.391399999460328102e+10 -3.793140211845503984e+00
1.391399999456472588e+10 -3.495974171861887747e+00
1.391399999450419807e+10 -3.202494336037632561e+00
1.391399999441495132e+10 -3.488552499535951590e+00
1.391399999415271378e+10 -3.343549863791411170e+00
1.391399999441799545e+10 -3.204196500119933066e+00
1.391399999444019318e+10 -2.905363134536699032e+00
1.391399999463062859e+10 -2.674000501857601186e+00
1.391399999492995644e+10 -2.688027365855079509e+00
1.391399999519520187e+10 -2.548603935583413360e+00
1.391399999544302750e+10 -2.380150866187490166e+00
1.391399999532755470e+10 -2.103636448185167040e+00
1.391399999504039001e+10 -2.189255062871966917e+00
1.391399999498700523e+10 -2.484118153648336325e+00
1.391399999501894188e+10 -2.782068076394184963e+00
1.391399999515867233e+10 -2.516983681272488838e+00
1.391399999544707108e+10 -2.598346249555238074e+00
1.391399999527724075e+10 -2.351462744448026498e+00
1.391399999514713097e+10 -2.081526987914423366e+00
1.391399999497340012e+10 -2.325682601898159785e+00
1.391399999508104897e+10 -2.605335992264262490e+00
1.391399999519760704e+10 -2.881394486026602753e+00
1.391399999511227036e+10 -3.168643266441327544e+00
1.391399999503394127e+10 -2.879405214341468788e+00
1.391399999509581375e+10 -2.586205947461333032e+00
1.391399999481158447e+10 -2.681115295366712559e+00
1.391399999476948357e+10 -2.977799589497045929e+00
1.391399999495135880e+10 -2.739648865466605798e+00
1.391399999484092712e+10 -2.461082664936703246e+00
1.391399999510910034e+10 -2.327377746225384847e+00
1.391399999511675453e+10 -2.027818892140068385e+00
1.391399999541621780e+10 -2.038562075675364405e+00
1.391399999512608147e+10 -1.963626732824287346e+00
1.391399999520982552e+10 -1.675909808007583379e+00
1.391399999538669586e+10 -1.917800423567400214e+00
1.391399999562760735e+10 -2.096001356846362906e+00
1.391399999585308075e+10 -1.898628869269186836e+00
1.391399999584441948e+10 -2.198160336364044731e+00
1.391399999555535507e+10 -2.277129867704299038e+00
1.391399999576548386e+10 -2.063495123916540663e+00
1.391399999605775261e+10 -1.997367615520298179e+00
1.391399999628634262e+10 -2.191120902768173728e+00
1.391399999599504089e+10 -2.261384320304648199e+00
1.391399999572418213e+10 -2.389562003085273556e+00
1.391399999549686241e+10 -2.584805961989097511e+00
1.391399999564203644e+10 -2.846947801334606343e+00
1.391399999579154396e+10 -2.587252176829325734e+00
1.391399999562514687e+10 -2.338040980539667579e+00
1.391399999584438324e+10 -2.542319480090557970e+00
1.391399999614403343e+10 -2.540454541870745597e+00
1.391399999587982368e+10 -2.681830204776763704e+00
1.391399999612667274e+10 -2.851712212473057839e+00
1.391399999642472458e+10 -2.882684548029367022e+00
1.391399999612946892e+10 -2.933851386850089060e+00
1.391399999587406731e+10 -2.777120932517842533e+00
1.391399999557476234e+10 -2.791646113158599007e+00
1.391399999537427711e+10 -2.568936365213941198e+00
1.391399999517745590e+10 -2.794891461972292213e+00
1.391399999542062759e+10 -2.969996521989429983e+00
1.391399999564997101e+10 -3.162858318767902244e+00
1.391399999567589188e+10 -2.864324919173696138e+00
1.391399999596571350e+10 -2.788185549384531114e+00
1.391399999597270775e+10 -2.488610542183137930e+00
1.391399999618657494e+10 -2.278718698620630256e+00
1.391399999638578415e+10 -2.502570697905155850e+00
1.391399999664438629e+10 -2.351181084606976057e+00
1.391399999686675835e+10 -2.552041826450589301e+00
1.391399999658246613e+10 -2.646762460097203729e+00
1.391399999655500031e+10 -2.945157809225108725e+00
1.391399999685426521e+10 -2.929832280501783792e+00
1.391399999664826012e+10 -2.712218713115205126e+00
1.391399999668719482e+10 -3.009335188845674303e+00
1.391399999672233963e+10 -2.711746616112547414e+00
1.391399999702194977e+10 -2.717001163808193898e+00
1.391399999717537880e+10 -2.459603458558936584e+00
1.391399999688858414e+10 -2.546452333979184246e+00
1.391399999658901978e+10 -2.553883108819712699e+00
1.391399999660270691e+10 -2.853227021982947864e+00
1.391399999659613037e+10 -2.553642565422654886e+00
1.391399999632480049e+10 -2.426463189141694787e+00
1.391399999613229179e+10 -2.196822761705897076e+00
1.391399999613541985e+10 -1.897182445751258495e+00
1.391399999640070152e+10 -1.757829389665843012e+00
1.391399999614041901e+10 -1.906312824494795999e+00
1.391399999595239067e+10 -1.672989655092625982e+00
1.391399999565434456e+10 -1.641961117726617125e+00
1.391399999594606018e+10 -1.710490561234579099e+00
1.391399999566297913e+10 -1.612208903877909938e+00
1.391399999560593033e+10 -1.318032906586405373e+00
1.391399999530917168e+10 -1.359611748922705754e+00
1.391399999557957840e+10 -1.230482124347764383e+00
1.391399999528036308e+10 -1.214210454177455434e+00
1.391399999556653976e+10 -1.303077314937764131e+00
1.391399999580446815e+10 -1.120911865213445990e+00
1.391399999610352325e+10 -1.101946906106467727e+00
1.391399999612888527e+10 -8.033654383627584217e-01
1.391399999641889572e+10 -7.279490050023412762e-01
1.391399999618580437e+10 -5.396332225739014499e-01
1.391399999641565895e+10 -3.473804280616392126e-01
1.391399999620544434e+10 -5.609309499135008981e-01
1.391399999610525513e+10 -2.785192898298005093e-01
1.391399999590525818e+10 -5.536997248817121520e-02
1.391399999597194862e+10 -3.475111384185690100e-01
1.391399999614966202e+10 -1.062393772229442979e-01
1.391399999635592461e+10 -3.236089249394117351e-01
1.391399999649502945e+10 -5.890219782730715670e-01
1.391399999673870087e+10 -4.146142574403794412e-01
1.391399999644083977e+10 -4.473721248666553407e-01
1.391399999663806152e+10 -6.729777973039183792e-01
1.391399999676533890e+10 -9.442613032796183248e-01
1.391399999684451103e+10 -6.552530384267678532e-01
1.391399999700666046e+10 -4.032573597509245822e-01
1.391399999682383728e+10 -1.658336253937116589e-01
1.391399999652723503e+10 -2.085118697805384558e-01
1.391399999636489677e+10 -4.603851443950985889e-01
1.391399999606908989e+10 -4.125021657149387511e-01
1.391399999634941292e+10 -3.066096086160828849e-01
1.391399999614458084e+10 -5.253277349034006782e-01
1.391399999598719025e+10 -2.703328747138249444e-01
1.391399999628220940e+10 -3.228456654117649594e-01
1.391399999598769760e+10 -3.781335488228835806e-01
1.391399999587020874e+10 -1.024694857114517021e-01
1.391399999557421494e+10 -5.575658463281701893e-02
1.391399999587290573e+10 -7.978568716535242022e-02
1.391399999596991920e+10 2.037326147183499414e-01
1.391399999584664536e+10 -6.939330330675644309e-02
1.391399999567852211e+10 1.786563535830972271e-01
1.391399999538002968e+10 1.522726565348188899e-01
1.391399999564505196e+10 1.242677757614910061e-02
1.391399999559216499e+10 3.073794952705222183e-01
1.391399999530843544e+10 4.037748581617363053e-01
1.391399999542384720e+10 6.803145085553324867e-01
1.391399999560884857e+10 9.160439043033490325e-01
1.391399999540256119e+10 6.986968258942231058e-01
1.391399999558124542e+10 4.581432356964105779e-01
1.391399999587260246e+10 5.281800488600583154e-01
1.391399999602286911e+10 7.874365240360116092e-01
1.391399999614580727e+10 1.060713480819349464e+00
1.391399999589842606e+10 1.229817578884951690e+00
1.391399999603248024e+10 9.618184836097282142e-01
1.391399999603596687e+10 1.261454848168704013e+00
1.391399999630347443e+10 1.126421385276712428e+00
1.391399999600394821e+10 1.117604881392182614e+00
1.391399999581459618e+10 1.349854566719249638e+00
1.391399999610509872e+10 1.423358606027722795e+00
1.391399999638204575e+10 1.537788858382978407e+00
1.391399999622828293e+10 1.794987125419155838e+00
1.391399999645641708e+10 1.989277118291916446e+00
1.391399999641367340e+10 2.285869633779604726e+00
1.391399999665089417e+10 2.468955786105658134e+00
1.391399999651484680e+10 2.735948972448000838e+00
1.391399999678124809e+10 2.598746867296565011e+00
1.391399999679247093e+10 2.299300486149229439e+00
1.391399999687793922e+10 2.586509720916995381e+00
1.391399999694971657e+10 2.877443105583839866e+00
1.391399999718791008e+10 2.695624621474694838e+00
1.391399999729682350e+10 2.416461935904711034e+00
1.391399999707228088e+10 2.614891697387768499e+00
1.391399999718049812e+10 2.894325405202101020e+00
1.391399999747756195e+10 2.933660058096750678e+00
1.391399999777494431e+10 2.970506643772387267e+00
1.391399999803720665e+10 3.115462281761115726e+00
1.391399999831050873e+10 3.238345653636116594e+00
1.391399999842051888e+10 2.959613069889914350e+00
1.391399999827771759e+10 3.223055547090078132e+00
1.391399999853079987e+10 3.383503747474041035e+00
1.391399999832024384e+10 3.596718462175482856e+00
1.391399999844233131e+10 3.323060792229192817e+00
1.391399999870614433e+10 3.180943657868585017e+00
1.391399999888672447e+10 3.420077873366953458e+00
1.391399999869062805e+10 3.646662123597651295e+00
1.391399999888665581e+10 3.873305630689122481e+00
1.391399999866785622e+10 4.078050933957288571e+00
1.391399999836883926e+10 4.058490323535293598e+00
1.391399999862000275e+10 4.221925237339732462e+00
1.391399999857034302e+10 4.517438514626337387e+00
1.391399999860684776e+10 4.220013740115811984e+00
1.391399999872864532e+10 4.493800604074765559e+00
1.391399999885148621e+10 4.220480003592768981e+00
1.391399999914433098e+10 4.156947817034156500e+00
1.391399999884745979e+10 4.116185579930095706e+00
1.391399999867343330e+10 4.360130521862616959e+00
1.391399999894803619e+10 4.480077798728704153e+00
1.391399999924465179e+10 4.437499660551436520e+00
1.391399999921883011e+10 4.736041650024612970e+00
1.391399999951674843e+10 4.703817625394894897e+00
1.391399999981082153e+10 4.646243994085477169e+00
1.391399999978830910e+10 4.347434225849919009e+00
1.391399999980766296e+10 4.048403260491094890e+00
1.391399999953908348e+10 4.181291855258285395e+00
1.391399999945903969e+10 4.470060348782791237e+00
1.391399999918232536e+10 4.355066885178931813e+00
1.391399999890280533e+10 4.463058372776028015e+00
1.391399999875777054e+10 4.200838751032729412e+00
1.391399999846326256e+10 4.256152930636091014e+00
1.391399999869595528e+10 4.444961358936318163e+00
1.391399999870122719e+10 4.744571626000772646e+00
1.391399999880108452e+10 4.462042971664216928e+00
1.391399999886256027e+10 4.755325875984091510e+00
1.391399999913988495e+10 4.868837868487107201e+00
1.391399999885926056e+10 4.763747467117252832e+00
1.391399999908282852e+10 4.963275577511212511e+00
1.391399999896340561e+10 5.238107104614554643e+00
1.391399999921478271e+10 5.074999725447596255e+00
1.391399999951249695e+10 5.109062458676634222e+00
1.391399999956560516e+10 5.403975206754144445e+00
1.391399999929447174e+10 5.276379980576518136e+00
1.391399999947628403e+10 5.514578720618658281e+00
1.391399999948860741e+10 5.215175596461113727e+00
1.391399999973067665e+10 5.038549770308107689e+00
1.391399999970337105e+10 4.740139756455011621e+00
1.391399999982028198e+10 5.016049428555895418e+00
1.391399999959371376e+10 5.212164948457750135e+00
1.391399999984721565e+10 5.052382275938942513e+00
1.391399999979897499e+10 5.348130371279432360e+00
1.391399999950544548e+10 5.408415107098204722e+00
1.391399999957327652e+10 5.116536705226597093e+00
1.391399999939851379e+10 5.359953731219609274e+00
1.391399999929876518e+10 5.642521014767348575e+00
1.391399999911583138e+10 5.879858878951655043e+00
1.391399999897862434e+10 6.146257731415571079e+00
1.391399999910224152e+10 6.419228583988934922e+00
1.391399999935302353e+10 6.255209857690714692e+00
1.391399999955126190e+10 6.030496769054222383e+00
1.391399999957250786e+10 5.731594200087638313e+00
1.391399999977308273e+10 5.508964409737830081e+00
1.391399999975997353e+10 5.808334174183273468e+00
1.391399999960417938e+10 5.552360927100497889e+00
1.391399999931198502e+10 5.618821675651315850e+00
1.391399999936101723e+10 5.323203707166355159e+00
1.391399999955747414e+10 5.096932950757873115e+00
1.391399999931635857e+10 4.919007760806850982e+00
1.391399999915435600e+10 4.666918453596940353e+00
1.391399999885860062e+10 4.715120091120525991e+00
1.391399999901423454e+10 4.459049128578321586e+00
1.391399999901722908e+10 4.758690804091203042e+00
1.391399999927036285e+10 4.919057767911459322e+00
1.391399999950367165e+10 5.107103986232422344e+00
1.391399999968890953e+10 4.871559253224883257e+00
1.391399999943511200e+10 4.712244845972562324e+00
1.391399999973473549e+10 4.716683446192074136e+00
1.391400000001138878e+10 4.831822914013124581e+00
1.391400000026416397e+10 4.670892638153946841e+00
