2.087100000000000000e+10 0.000000000000000000e+00
2.087099999996239853e+10 -3.138771596289246513e-01
2.087099999965768814e+10 -2.297161099084072400e-01
2.087099999952506256e+10 -5.166714744469482756e-01
2.087099999979954529e+10 -6.734903853440589172e-01
2.087099999959918976e+10 -9.180096444260847921e-01
2.087099999991310120e+10 -9.553300857214868103e-01
2.087099999997447968e+10 -6.452244697938646079e-01
2.087099999999923325e+10 -9.603749988348192490e-01
2.087100000000383759e+10 -1.276462722240025327e+00
2.087100000028619385e+10 -1.134310251097732980e+00
