6.261300000000000000e+10 0.000000000000000000e+00
6.261299999868547821e+10 -7.510296155904498949e-01
6.261299999825641632e+10 -2.202896489725340690e+00
6.261299999721020508e+10 -1.108610485298574977e+00
6.261299999572502899e+10 -1.402321653799859069e+00
6.261299999723536682e+10 -1.297898397748619592e+00
6.261299999617909241e+10 -2.133274199737307253e-01
6.261299999571814728e+10 -1.655389675036752051e+00
6.261299999662190247e+10 -4.407922122116902930e-01
6.261299999545840454e+10 5.278611302962620266e-01
6.261299999686570740e+10 -3.027836823468188499e-02
6.261299999799463654e+10 9.784538105972773181e-01
6.261299999778263092e+10 2.477476233771255920e+00
6.261299999661433411e+10 3.440339089264704775e+00
6.261299999693232727e+10 4.920505808121085067e+00
6.261299999541939545e+10 4.975804875805295069e+00
6.261299999393391418e+10 5.267971187575923864e+00
6.261299999277125549e+10 6.237625658109331006e+00
6.261299999142934418e+10 6.938539127035534548e+00
6.261299999257232666e+10 5.945767176886855410e+00
6.261299999111295319e+10 6.348557060264194973e+00
6.261299999156075287e+10 7.794755226363939471e+00
6.261299999150301361e+10 9.307593586840813060e+00
6.261299999153730011e+10 7.794042141197348172e+00
6.261299999176458740e+10 6.297261226578044990e+00
6.261299999202050781e+10 7.789412958293429057e+00
6.261299999330311584e+10 8.593728339313575049e+00
6.261299999226236725e+10 7.494250815939651034e+00
6.261299999363806152e+10 8.126297728848268065e+00
6.261299999407929230e+10 9.574513963799944349e+00
6.261299999419029999e+10 8.064649414961166940e+00
6.261299999303527069e+10 9.043385931068776529e+00
6.261299999445005798e+10 9.582261979368469795e+00
6.261299999306961060e+10 8.960675636796381127e+00
6.261299999437000275e+10 9.735911385744538293e+00
6.261299999291247559e+10 1.014534935865510334e+01
6.261299999243572998e+10 8.708433970315264006e+00
6.261299999170330811e+10 7.383455999285928328e+00
6.261299999319683075e+10 7.135659434301193649e+00
6.261299999177024078e+10 6.628858074969468106e+00
6.261299999098374176e+10 7.922468882133559376e+00
6.261299999019769287e+10 6.628581415731599868e+00
6.261299999162535858e+10 7.132357020633804723e+00
6.261299999081839752e+10 5.851409713717303340e+00
6.261299999231954956e+10 6.047784836143551779e+00
6.261299999106781006e+10 6.899349641056454097e+00
6.261299999243014526e+10 6.239002785794101058e+00
6.261299999284009552e+10 4.781624159911311622e+00
6.261299999393313599e+10 5.829135721530429137e+00
6.261299999405078888e+10 7.338496794991767658e+00
6.261299999325491333e+10 8.626363613650285700e+00
6.261299999281610870e+10 1.007531683684387502e+01
6.261299999404111481e+10 9.185722115070079852e+00
6.261299999314113617e+10 1.040311683020461508e+01
6.261299999184468842e+10 1.118493874567947088e+01
6.261299999084143829e+10 1.231874223537261592e+01
6.261299999210041809e+10 1.315956828583405880e+01
6.261299999186091614e+10 1.465444331552850699e+01
6.261299999040781403e+10 1.422957244461801274e+01
6.261299999190982056e+10 1.441927271061804028e+01
6.261299999222963715e+10 1.293949893775812754e+01
6.261299999107454681e+10 1.391816134715233311e+01
6.261299998956134033e+10 1.396520732901215034e+01
6.261299998809277344e+10 1.359733236769668707e+01
6.261299998666107941e+10 1.408954358753483760e+01
6.261299998596884155e+10 1.274313164985354341e+01
6.261299998748101044e+10 1.281627542654704399e+01
6.261299998713571930e+10 1.134223734084863366e+01
6.261299998826749420e+10 1.234777461696771006e+01
6.261299998849312592e+10 1.085074299970468381e+01
6.261299998745026398e+10 1.194821796356604970e+01
6.261299998896420288e+10 1.194905372352378414e+01
6.261299999036925507e+10 1.251282413407637328e+01
6.261299999034044647e+10 1.402648985701906703e+01
6.261299999149662018e+10 1.500387134209913143e+01
6.261299999176944733e+10 1.649302507958114106e+01
6.261299999121517181e+10 1.508419827554055814e+01
6.261299999234120178e+10 1.407223291110869035e+01
6.261299999083201599e+10 1.419211839879126558e+01
6.261299999033669281e+10 1.276149921541921017e+01
6.261299999112445068e+10 1.405434325077525415e+01
6.261299999161049652e+10 1.262054525213684641e+01
6.261299999242736816e+10 1.134589611627902173e+01
6.261299999100885010e+10 1.081690858562567925e+01
6.261299999211881256e+10 9.787350533146096154e+00
6.261299999083152771e+10 1.058416280045973146e+01
6.261299999200121307e+10 1.154533234019506338e+01
6.261299999066094208e+10 1.084128861979418268e+01
6.261299999178802490e+10 9.830494747739814798e+00
6.261299999324503326e+10 9.419219723919477261e+00
6.261299999319377899e+10 7.906147853628740840e+00
6.261299999175720978e+10 8.383931443674811135e+00
6.261299999035779572e+10 8.961567493321268785e+00
6.261299998925634766e+10 7.922898276840216525e+00
6.261299998780777740e+10 8.362956212471946316e+00
6.261299998909047699e+10 9.167128011838478585e+00
6.261299998758070374e+10 9.054870276429141995e+00
6.261299998609857178e+10 8.746155829934323833e+00
6.261299998459593201e+10 8.930787225793480388e+00
6.261299998515084839e+10 7.522214330351313372e+00
6.261299998539606476e+10 6.028266251899960793e+00
6.261299998388227081e+10 6.049219619256658298e+00
6.261299998502626038e+10 5.057606082377705370e+00
6.261299998640989685e+10 4.443148936706126761e+00
6.261299998723423767e+10 5.712984292411996456e+00
6.261299998870906067e+10 5.371078090473117683e+00
6.261299998954019165e+10 6.636476437175030441e+00
6.261299998952990723e+10 8.150381320708127930e+00
6.261299999051410675e+10 9.300757822969391242e+00
6.261299999190463257e+10 9.899470738847046647e+00
6.261299999047248077e+10 1.039034089659904758e+01
6.261299998930883026e+10 9.421876095697443887e+00
6.261299998969641113e+10 7.958388168296666620e+00
6.261299999119673920e+10 7.755813763810825101e+00
6.261299998991568756e+10 6.949023287566751250e+00
6.261299999123311615e+10 6.203106121088295843e+00
6.261299999225024414e+10 7.324475058614732248e+00
6.261299999153956604e+10 8.661241803141594531e+00
6.261299999109691620e+10 1.010902365357454613e+01
6.261299999237621307e+10 9.299444097947601406e+00
6.261299999373251343e+10 9.972090292748097440e+00
6.261299999413031006e+10 8.511347214725953236e+00
6.261299999523038483e+10 7.471226054417806850e+00
6.261299999674124146e+10 7.374604832553514733e+00
6.261299999688614655e+10 8.881594126394965372e+00
6.261299999837177277e+10 8.590163303486848534e+00
6.261299999706081390e+10 9.347391406745854781e+00
6.261299999640648651e+10 1.071262905131020382e+01
6.261299999790850830e+10 1.090219494243722664e+01
6.261299999928713989e+10 1.152780512270220825e+01
6.261299999842144012e+10 1.028579835896924877e+01
6.261299999701677704e+10 1.085053344090352034e+01
6.261299999552844238e+10 1.057329164759871531e+01
6.261299999415044403e+10 9.946293597360117644e+00
6.261299999286916351e+10 9.139859363319303043e+00
6.261299999260581207e+10 1.063071851479077878e+01
6.261299999200596619e+10 1.202075532651837975e+01
6.261299999063639832e+10 1.137554765252053102e+01
6.261299998975290680e+10 1.014613524898435237e+01
6.261299998905711365e+10 8.801560367307180499e+00
6.261299999057084656e+10 8.826436703433694575e+00
6.261299999193494415e+10 9.483131951700888962e+00
6.261299999066635132e+10 1.030937778596024579e+01
6.261299998933003235e+10 1.102090270703044439e+01
6.261299998870745087e+10 9.640900669479886886e+00
6.261299998938507080e+10 8.287074796365876850e+00
6.261299998794255066e+10 7.827561283296710748e+00
6.261299998811234283e+10 9.331949373621492683e+00
6.261299998793167877e+10 1.083507062044363600e+01
6.261299998736111450e+10 1.223737872138410765e+01
6.261299998846959686e+10 1.120622482960907895e+01
6.261299998960119629e+10 1.020049447249502705e+01
6.261299998918463898e+10 1.165599870232457569e+01
6.261299998809718323e+10 1.060269564731398617e+01
6.261299998852315521e+10 1.205547393344921758e+01
6.261299998968524933e+10 1.108513404769830046e+01
6.261299998833468628e+10 1.040103947275370544e+01
6.261299998682080078e+10 1.038792515782146886e+01
6.261299998579505920e+10 9.274431450095020679e+00
6.261299998489765930e+10 8.055136395891549839e+00
6.261299998640307617e+10 7.894733469697884587e+00
6.261299998514368439e+10 7.054526545215714428e+00
6.261299998425395203e+10 8.279429444650890701e+00
6.261299998276751709e+10 8.566710310441633780e+00
6.261299998421147156e+10 9.021685367201090600e+00
6.261299998271192169e+10 9.229936126214518310e+00
6.261299998329427338e+10 7.832481483459192262e+00
6.261299998223439789e+10 8.913535500268441325e+00
6.261299998362146759e+10 9.520208003002419872e+00
6.261299998326167297e+10 1.099077243593411346e+01
6.261299998281719208e+10 9.543550654810040612e+00
6.261299998347689819e+10 8.180903782781383526e+00
6.261299998455684662e+10 9.241906286054099695e+00
6.261299998582483673e+10 1.006908445762998738e+01
6.261299998431096649e+10 1.008394381189323852e+01
6.261299998402639008e+10 8.596991058304762845e+00
6.261299998369841003e+10 7.119004237694949389e+00
6.261299998502169800e+10 7.854481581716981076e+00
6.261299998628636932e+10 8.686718184350098682e+00
6.261299998779194641e+10 8.527786827361644839e+00
6.261299998650900269e+10 7.724000325193221883e+00
6.261299998720592499e+10 9.067992657384833066e+00
6.261299998613243866e+10 1.013553338295471384e+01
6.261299998696918488e+10 8.873839867003846749e+00
6.261299998845079041e+10 8.562620243871510439e+00
6.261299998816295624e+10 1.004894629127352701e+01
6.261299998872966003e+10 8.645073202066505758e+00
6.261299998909742737e+10 1.011366506975336677e+01
6.261299998789875031e+10 1.103842714625324462e+01
6.261299998709031677e+10 1.231844861464059449e+01
6.261299998557652283e+10 1.233933774641163339e+01
6.261299998678246307e+10 1.142406859126943708e+01
6.261299998809287262e+10 1.218225285811445957e+01
6.261299998804213715e+10 1.369534233796156641e+01
6.261299998930141449e+10 1.453571717782774364e+01
6.261299999061473083e+10 1.378258721691145894e+01
6.261299998968273163e+10 1.258952936024595282e+01
6.261299999076502228e+10 1.364814463977816139e+01
6.261299998926137543e+10 1.382440524218617917e+01
6.261299998936746979e+10 1.231418765943831239e+01
6.261299998856798553e+10 1.359981721359072182e+01
6.261299998803844452e+10 1.501812736825918826e+01
6.261299998813818359e+10 1.652877798296332656e+01
6.261299998917799377e+10 1.542841144037041445e+01
6.261299998843255615e+10 1.411070914012341682e+01
6.261299998744888306e+10 1.295988323287657451e+01
6.261299998606716156e+10 1.357863717185835561e+01
6.261299998757021332e+10 1.375986817159611242e+01
6.261299998908267975e+10 1.369306455031030012e+01
6.261299998770708466e+10 1.306079833996461481e+01
6.261299998909117126e+10 1.367423779427956454e+01
6.261299998882265472e+10 1.516417460037310150e+01
6.261299998936267853e+10 1.657852489240493554e+01
6.261299998801019287e+10 1.589823271461763454e+01
6.261299998771896362e+10 1.441256801930056497e+01
6.261299998829695129e+10 1.301330150846112410e+01
6.261299998747514343e+10 1.174182554077152929e+01
6.261299998898853302e+10 1.170110849428721878e+01
6.261299998956623077e+10 1.030172366782812787e+01
6.261299998823806000e+10 1.102833731788846627e+01
6.261299998746746063e+10 1.233148551569341400e+01
6.261299998806685638e+10 1.094125606060597100e+01
6.261299998899330902e+10 1.213862828023725271e+01
6.261299999033525848e+10 1.143778166357234660e+01
6.261299999032018280e+10 1.295164644752467353e+01
6.261299999038370514e+10 1.446425320122750868e+01
6.261299999127372742e+10 1.323955745259573469e+01
6.261299999056226349e+10 1.190320601284170898e+01
6.261299998941996765e+10 1.090964224077942291e+01
6.261299999023673248e+10 1.218436024025216824e+01
6.261299998895038605e+10 1.138603334395368627e+01
6.261299998744489288e+10 1.154574112423692611e+01
6.261299998880290985e+10 1.221491943943086156e+01
6.261299998862622070e+10 1.371851355196879929e+01
6.261299998813661194e+10 1.228593074046846212e+01
6.261299998663188934e+10 1.211910490180862610e+01
6.261299998633623505e+10 1.063431416778652938e+01
6.261299998534964752e+10 9.485986394835528301e+00
6.261299998517734528e+10 7.981883152765320233e+00
6.261299998640892029e+10 8.862354679492513654e+00
6.261299998494861603e+10 8.462952382055194178e+00
6.261299998624349213e+10 7.678534212242419166e+00
6.261299998680147552e+10 9.085895826239363871e+00
6.261299998722402954e+10 1.053967011862123115e+01
6.261299998598446655e+10 1.140886586967272720e+01
6.261299998449281311e+10 1.115006711345237456e+01
6.261299998449376678e+10 1.266400663712122920e+01
6.261299998581585693e+10 1.192638383407697411e+01
6.261299998539773560e+10 1.047132785640781449e+01
6.261299998468774414e+10 9.134193861677436743e+00
6.261299998618211365e+10 8.891575351316221898e+00
6.261299998769591522e+10 8.911889505809002188e+00
6.261299998920338440e+10 9.051679285673399633e+00
6.261299998807116699e+10 8.046646337782599190e+00
6.261299998657257843e+10 8.261679037636868728e+00
6.261299998790360260e+10 8.983061109743800898e+00
6.261299998902087402e+10 7.961435143260333192e+00
6.261299998979219055e+10 6.658712503249692105e+00
6.261299998828115845e+10 6.564933149838051207e+00
6.261299998964171600e+10 7.228928645510778850e+00
6.261299998817704010e+10 7.611993874267278137e+00
6.261299998866735840e+10 9.044335019230796746e+00
6.261299998715799713e+10 8.926714303238583170e+00
6.261299998663216400e+10 7.507027400583536902e+00
6.261299998646697235e+10 9.011928301991405377e+00
6.261299998525406647e+10 8.105909610836752321e+00
6.261299998378868103e+10 7.725569158888344390e+00
6.261299998393787384e+10 9.232139884751303427e+00
6.261299998516046143e+10 8.339223039605061061e+00
6.261299998366255951e+10 8.559021320561543078e+00
6.261299998380672455e+10 7.051960887825754476e+00
6.261299998450257111e+10 5.707412956238852253e+00
6.261299998302212524e+10 5.390704394393603494e+00
6.261299998161112213e+10 5.939411360006011442e+00
6.261299998050545502e+10 6.973587087210619373e+00
6.261299998199696350e+10 7.233240691464080108e+00
6.261299998077740479e+10 6.336198244439460225e+00
6.261299998209395599e+10 7.083666494104138067e+00
6.261299998186799622e+10 8.580648713478835177e+00
6.261299998184548187e+10 7.066876307429245330e+00
6.261299998155272675e+10 5.581511426740835446e+00
6.261299998259494781e+10 4.483430108762365585e+00
6.261299998173565674e+10 5.729878069116475459e+00
6.261299998318528748e+10 6.166432595412336681e+00
6.261299998202684784e+10 5.191738077379539185e+00
6.261299998297773743e+10 6.369797107799429092e+00
6.261299998161054230e+10 7.020020530880615617e+00
6.261299998252093506e+10 5.810393166401370380e+00
6.261299998183774567e+10 7.161416816954931264e+00
6.261299998326012421e+10 6.642901865640884473e+00
6.261299998477275848e+10 6.705682548667585507e+00
6.261299998607402039e+10 5.931904585407799857e+00
6.261299998502562714e+10 4.839714291411929104e+00
6.261299998628654480e+10 4.001802628027901321e+00
6.261299998757534027e+10 4.796167670955743922e+00
6.261299998609725189e+10 4.468664142895512725e+00
6.261299998654961395e+10 3.023887413471641139e+00
6.261299998753585052e+10 4.172517265272257525e+00
6.261299998693392944e+10 5.561654791559220712e+00
6.261299998782710266e+10 4.339254834406273353e+00
6.261299998871334076e+10 5.566687016418349288e+00
6.261299998952774048e+10 4.290456221947962945e+00
6.261299999013234711e+10 2.902486446841320067e+00
6.261299999002355957e+10 4.412512788556441024e+00
6.261299999046501160e+10 5.860660868807333834e+00
6.261299999153353119e+10 6.933169092925401955e+00
6.261299999196301270e+10 8.384911936055106096e+00
6.261299999127485657e+10 7.036412152415568499e+00
6.261299999241145325e+10 6.036333071703797515e+00
6.261299999334271240e+10 7.229968163121395897e+00
6.261299999485652161e+10 7.250013381059669193e+00
6.261299999596753693e+10 6.221590088250794182e+00
6.261299999712445068e+10 7.198099492716963255e+00
6.261299999793077850e+10 8.479447842873167218e+00
6.261299999935543060e+10 7.967220645658787959e+00
6.261299999788002014e+10 8.306611394751762134e+00
6.261299999637348938e+10 8.156978651654508639e+00
6.261299999517810059e+10 9.085984456018657340e+00
6.261299999651760864e+10 8.380482619627237284e+00
6.261299999621939087e+10 6.896204581825983837e+00
6.261299999499120331e+10 6.011007860141434733e+00
6.261299999470126343e+10 7.496924457746836801e+00
6.261299999502388000e+10 6.017759083598006598e+00
6.261299999392133331e+10 4.980261004090722032e+00
6.261299999542337799e+10 4.790872247981235788e+00
6.261299999402180481e+10 4.218500303004777408e+00
6.261299999477121735e+10 2.903054326987439371e+00
6.261299999563849640e+10 4.143957294724542884e+00
6.261299999578125000e+10 5.651151589759177973e+00
6.261299999526396179e+10 7.073974624552768375e+00
6.261299999612115479e+10 5.826085257557288344e+00
6.261299999732034302e+10 6.750189150194380261e+00
6.261299999669170380e+10 5.372937556560165362e+00
6.261299999810897827e+10 4.840626940963472791e+00
6.261299999943454742e+10 5.571978023078189679e+00
6.261300000077820587e+10 4.874418759122973732e+00
