3.478500000000000000e+10 0.000000000000000000e+00
3.478499999978071594e+10 3.146949321454033388e-01
3.478499999969595337e+10 -5.938302573282067121e-02
3.478499999991376495e+10 -3.751014009552312012e-01
3.478499999968906403e+10 -6.424847032351427289e-02
3.478499999940990448e+10 1.987864116562850225e-01
3.478499999968710327e+10 4.638911408872972153e-01
3.478499999946055603e+10 1.543812012864194116e-01
3.478499999908037567e+10 1.035566664740068532e-01
3.478499999871665192e+10 2.253096135237876996e-01
3.478499999901226807e+10 4.697026763228281387e-01
3.478499999931661224e+10 7.031377610508890985e-01
3.478499999896489716e+10 8.561578321803360314e-01
3.478499999907341003e+10 4.882666520389706832e-01
3.478499999901435852e+10 8.672541725269576895e-01
3.478499999882305145e+10 5.348099391438236871e-01
3.478499999902122498e+10 2.064105430198825974e-01
3.478499999880149841e+10 -1.079776770607248082e-01
3.478499999866629028e+10 2.509604223561760494e-01
3.478499999899166870e+10 4.540502318226144474e-01
3.478499999937004089e+10 5.169236365073572870e-01
3.478499999959945679e+10 8.243128773264836173e-01
3.478499999993054962e+10 6.306756646695521606e-01
3.478499999976248932e+10 9.754557449029291893e-01
3.478499999963840485e+10 1.338391412341098263e+00
3.478499999938717651e+10 1.628225527528265326e+00
3.478499999976527405e+10 1.692732439102579534e+00
3.478500000002359772e+10 1.409202273924528459e+00
3.478499999984246826e+10 1.747302271306325538e+00
3.478499999969245911e+10 2.100312601322532391e+00
3.478499999939137268e+10 1.862685819682822208e+00
3.478499999948939514e+10 2.233510357066546881e+00
3.478499999937166595e+10 2.598556938460356402e+00
3.478499999957089996e+10 2.270800315502015998e+00
3.478499999971668243e+10 2.625577878606128568e+00
3.478500000009594727e+10 2.568348913361628405e+00
3.478500000005801392e+10 2.950029122184981034e+00
3.478499999970780945e+10 3.106482418965772485e+00
3.478499999978931427e+10 3.481283447179392532e+00
3.478500000017266083e+10 3.494051597434550960e+00
