5.565600000000009918e+10 0.000000000000000000e+00
5.565599999966486359e+10 -7.253545752188141904e-01
5.565599999901136780e+10 -1.185205494105892488e+00
5.565599999840075684e+10 -1.700645877244478132e+00
5.565599999814925385e+10 -2.459111966673951155e+00
5.565599999877569580e+10 -2.955190641283959252e+00
5.565599999953770447e+10 -2.714628336088753091e+00
5.565599999893261719e+10 -3.236540976832161132e+00
5.565599999912756348e+10 -4.011472763414146492e+00
5.565599999968811798e+10 -4.580948202186743146e+00
5.565599999963771820e+10 -3.783462394312784305e+00
5.565600000022454071e+10 -3.241096900668652747e+00
