4.869900000000000000e+10 0.000000000000000000e+00
4.869899999965130615e+10 4.433668068585643329e-01
4.869899999942560577e+10 9.602995852023877843e-01
4.869899999945458221e+10 1.523613104886196723e+00
4.869899999987884521e+10 1.151913022000048192e+00
4.869900000003975677e+10 6.112935160191786954e-01
4.869900000000743866e+10 1.174424887979256038e+00
4.869899999944788361e+10 1.103321997080983552e+00
4.869899999921768951e+10 1.618271265106568713e+00
4.869899999977935028e+10 1.670208093589164333e+00
4.869899999981622314e+10 1.107356659357100925e+00
4.869899999931361389e+10 8.513332703408825752e-01
4.869899999943514252e+10 1.402144476592050326e+00
4.869899999963300323e+10 8.739292728292855639e-01
4.869900000015681458e+10 1.083179925396440701e+00
