2.087100000000009918e+10 0.000000000000000000e+00
2.087100000007633209e+10 -3.067917104402923534e-01
2.087099999977983093e+10 -4.164222209889476556e-01
2.087099999994051361e+10 -6.886596924532089048e-01
2.087099999970786667e+10 -9.026865461400876978e-01
2.087099999945928192e+10 -1.097974882871725510e+00
2.087099999939386749e+10 -7.886956166216505526e-01
2.087099999941152573e+10 -4.730678881235397260e-01
2.087099999940986633e+10 -1.569509709142366538e-01
2.087099999972567368e+10 -1.428397448662841462e-01
2.087099999975129700e+10 1.722415157815845865e-01
2.087099999947492981e+10 1.876781548897313301e-02
2.087099999978904724e+10 -1.676683893797967229e-02
2.087099999951657486e+10 1.435179996680756576e-01
2.087099999941749191e+10 -1.566738913096055175e-01
2.087099999910343170e+10 -1.206314008502430424e-01
2.087099999905461884e+10 -4.329613299655456493e-01
2.087099999908966064e+10 -1.187883634952432432e-01
2.087099999927284241e+10 -3.764249940128348015e-01
2.087099999897673416e+10 -2.657331521270961949e-01
2.087099999895907593e+10 -5.813609325848361209e-01
2.087099999886017609e+10 -2.811089547150841250e-01
2.087099999854930115e+10 -2.237505458691423643e-01
2.087099999833494568e+10 -4.560958252742041141e-01
2.087099999810765076e+10 -2.363933974761701085e-01
2.087099999807908630e+10 -5.512214588312269736e-01
2.087099999811162949e+10 -2.367797856551576707e-01
2.087099999836062241e+10 -4.201112503492238082e-02
2.087099999820550919e+10 2.334381727569195264e-01
2.087099999837935638e+10 -3.058921555953908467e-02
2.087099999856005478e+10 2.287954310971652139e-01
2.087099999867210007e+10 -6.680369608235614542e-02
2.087099999836837006e+10 -1.544425033314778539e-01
2.087099999868344879e+10 -1.800806311471871424e-01
2.087099999865986252e+10 1.351594072126778290e-01
2.087099999865919495e+10 4.512799807770609406e-01
2.087099999893003464e+10 6.143083946864263956e-01
2.087099999923731995e+10 6.885247435024389739e-01
2.087099999925558090e+10 3.729313665290435731e-01
2.087099999957044220e+10 4.011187903321281611e-01
2.087099999986344147e+10 2.824432458881738217e-01
2.087099999987083054e+10 5.984781324093459975e-01
2.087099999960819244e+10 4.225436640982587755e-01
2.087099999945484543e+10 1.461058749200840889e-01
2.087099999971716690e+10 -3.030165930755157611e-02
2.087099999951888657e+10 2.159032178085860953e-01
2.087099999948089600e+10 5.297332540351870067e-01
2.087099999933335876e+10 2.501517009011227644e-01
2.087099999931916809e+10 5.659543593027874797e-01
2.087099999948741913e+10 8.335810983683376030e-01
2.087099999925490952e+10 6.194030646613606361e-01
2.087099999935066223e+10 3.181323831820299652e-01
2.087099999904823303e+10 2.261052814747342432e-01
2.087099999881708527e+10 1.045708339316087088e-02
2.087099999852455521e+10 -1.093733796773829064e-01
2.087099999876776886e+10 -3.113122829081496623e-01
2.087099999864352036e+10 -6.019928822876372543e-01
2.087099999838597870e+10 -7.853109351594960152e-01
2.087099999865021515e+10 -6.117821222815028603e-01
2.087099999835038757e+10 -7.119582035383428265e-01
2.087099999866593552e+10 -6.929317171033519962e-01
2.087099999886054230e+10 -9.420521883874610758e-01
2.087099999907658386e+10 -7.112746151900321001e-01
2.087099999907799911e+10 -3.951565085508727537e-01
2.087099999893095398e+10 -6.749967658936792958e-01
2.087099999865414047e+10 -5.223312814045050212e-01
2.087099999834103394e+10 -4.787723821406666413e-01
2.087099999828466797e+10 -1.677165981346635526e-01
2.087099999798585892e+10 -6.453500489414421004e-02
2.087099999813302231e+10 2.152428236965551744e-01
2.087099999823404312e+10 5.147884809939011763e-01
2.087099999831799316e+10 2.100181315780913494e-01
2.087099999811320877e+10 4.508424973421386595e-01
2.087099999783929825e+10 6.086595024253822483e-01
2.087099999810125732e+10 7.856037348831462763e-01
2.087099999827400208e+10 1.050351919625667652e+00
2.087099999850792313e+10 8.377188186282050752e-01
2.087099999838111115e+10 5.481470926740753535e-01
2.087099999813838577e+10 3.456217324215223319e-01
2.087099999793151093e+10 1.065903194817617305e-01
2.087099999788467026e+10 4.192222501281575586e-01
2.087099999819955063e+10 4.472163952569713219e-01
2.087099999838713837e+10 1.927691048272637264e-01
2.087099999807662201e+10 1.335014176643586625e-01
2.087099999839269638e+10 1.279519211144118929e-01
2.087099999853618622e+10 4.096306077522205435e-01
2.087099999837022018e+10 6.786816719296380196e-01
2.087099999858011627e+10 9.150622601850534332e-01
2.087099999832925415e+10 7.227038553913707197e-01
2.087099999864017868e+10 6.656229023789188570e-01
2.087099999867461777e+10 3.513830568408120025e-01
2.087099999852455139e+10 7.315235708595591024e-02
2.087099999881694794e+10 -4.699709964750968527e-02
2.087099999850925446e+10 -1.195002384882104807e-01
2.087099999868716812e+10 -3.808039389690546228e-01
2.087099999893709946e+10 -1.872419829276749659e-01
2.087099999873070145e+10 5.220132040767547221e-02
2.087099999874349594e+10 -2.636609045566837839e-01
2.087099999900025940e+10 -7.925721600186369509e-02
2.087099999923692322e+10 1.303202345538389817e-01
2.087099999940129089e+10 -1.397093346158378158e-01
2.087099999908924484e+10 -8.912462859293210360e-02
2.087099999939338303e+10 -1.753437163738476579e-01
2.087099999908649826e+10 -9.948745116676657729e-02
2.087099999883026886e+10 -2.846322295978733763e-01
2.087099999914402390e+10 -2.460287552669184752e-01
2.087099999924964142e+10 5.192710634781755319e-02
2.087099999922496033e+10 -2.632290742948404372e-01
2.087099999891417694e+10 -3.210842481922493996e-01
2.087099999912707901e+10 -5.547623163289635562e-01
2.087099999886675262e+10 -7.341023733107628901e-01
2.087099999884453964e+10 -4.187626051372654312e-01
2.087099999915598679e+10 -3.645955761836328080e-01
2.087099999928968811e+10 -7.814095744670990218e-02
2.087099999959823227e+10 -9.344756239478724247e-03
2.087099999981367111e+10 2.219979514904452111e-01
2.087100000010243607e+10 9.336005042941755705e-02
