1.391400000000009918e+10 0.000000000000000000e+00
1.391399999972421455e+10 -1.169691223386417761e-01
1.391399999974403954e+10 -4.159692667844809844e-01
1.391399999952314758e+10 -6.184558156449894151e-01
1.391399999925341606e+10 -4.879231747808171482e-01
1.391399999955306435e+10 -4.901352868628879311e-01
1.391399999976297951e+10 -7.039796532784986516e-01
1.391400000000094223e+10 -8.860990306998194344e-01
1.391399999970192719e+10 -9.056946022201777247e-01
1.391399999995187759e+10 -1.070977699956187523e+00
1.391399999966782188e+10 -9.755494682619159086e-01
1.391399999953111839e+10 -1.242206708174454555e+00
1.391399999934626961e+10 -1.006356700020028638e+00
1.391399999964591980e+10 -1.008462408056086890e+00
1.391399999950475311e+10 -7.441401162556057214e-01
1.391399999922186661e+10 -8.429792422931255969e-01
1.391399999929699516e+10 -1.133064949311659131e+00
1.391399999932350349e+10 -1.431546776663621179e+00
1.391399999924937439e+10 -1.141204105103646782e+00
1.391399999952941513e+10 -1.034567634970671612e+00
1.391399999945227814e+10 -1.324126115963669692e+00
1.391399999970179176e+10 -1.490069239420652725e+00
1.391399999998896790e+10 -1.404490680398208458e+00
1.391400000002965164e+10 -1.701372715844964523e+00
1.391400000028788567e+10 -1.853390052217641859e+00
