3.478500000000000000e+10 0.000000000000000000e+00
3.478499999962943268e+10 9.898249558084835920e-02
3.478499999925327301e+10 2.400462006887479904e-02
3.478499999962631226e+10 1.132366103936747054e-01
3.478499999929462433e+10 3.058561720686491237e-01
3.478499999918840790e+10 6.744158213729396500e-01
3.478499999950391388e+10 8.925269313203914034e-01
3.478499999912035370e+10 8.935359788296907135e-01
3.478499999950338745e+10 8.733762163270070156e-01
3.478499999921869659e+10 6.163370664468532656e-01
3.478499999959937286e+10 6.632615562906438722e-01
3.478499999942765045e+10 3.202895953499223514e-01
3.478499999937476349e+10 7.001866711834152657e-01
3.478499999948994446e+10 3.343288050702344361e-01
3.478499999970079803e+10 1.392192117920060257e-02
3.478500000003225708e+10 -1.790948643456828082e-01
3.478500000039860535e+10 -2.927130325534794131e-01
