5.565600000000009918e+10 0.000000000000000000e+00
5.565599999926665497e+10 3.171429235380103795e-01
5.565599999879996490e+10 -3.314903563419440702e-01
5.565599999950017548e+10 -7.164941500238093397e-01
5.565599999878083801e+10 -1.064453379946696199e+00
5.565599999951658630e+10 -7.526910252375589305e-01
5.565599999947417450e+10 4.525959938903234558e-02
5.565599999909238434e+10 7.472273159242912577e-01
5.565599999937751007e+10 7.498766796485423214e-04
5.565600000003149414e+10 -4.584072556248394159e-01
5.565599999973310089e+10 -1.199680251095954997e+00
5.565600000038464355e+10 -1.662299215191539226e+00
