3.478500000000000000e+10 0.000000000000000000e+00
3.478500000000978088e+10 3.834356160697102722e-01
3.478499999968996429e+10 5.951858891611525593e-01
3.478499999941938019e+10 3.233374649426120073e-01
3.478499999926142120e+10 -2.618869183220540187e-02
3.478499999936618042e+10 3.427872733637325475e-01
3.478499999916465759e+10 6.691435307056736725e-01
3.478499999929444122e+10 3.082066444561165075e-01
3.478499999947428894e+10 -3.057384254869405238e-02
3.478499999969649506e+10 -3.432141201234106820e-01
3.478499999983798218e+10 -6.997259116574223725e-01
3.478499999981801605e+10 -1.082766189103129939e+00
3.478500000013363647e+10 -1.300721625554087657e+00
