2.782800000000000000e+10 0.000000000000000000e+00
2.782799999967481232e+10 -1.074014552205303646e-01
2.782799999997315216e+10 6.074808353284390228e-02
2.782799999963252258e+10 9.614239451543674098e-02
2.782799999989411163e+10 -1.248844424734726066e-01
2.782799999972531128e+10 -4.228580893181119738e-01
2.782799999945092773e+10 -6.277846606793392459e-01
2.782799999964804840e+10 -3.477402700938485025e-01
2.782799999952172089e+10 -2.942653589283222848e-02
2.782799999982309341e+10 -1.920809565854890710e-01
2.782800000014965057e+10 -8.891730475386143417e-02
