6.957000000000000000e+09 0.000000000000000000e+00
6.956999999722751617e+09 -8.699280264321378187e-02
6.957000000007946968e+09 -1.426535601580053436e-01
6.956999999979031563e+09 -4.317874469690539674e-01
6.956999999705795288e+09 -5.306641715823192662e-01
6.956999999714724541e+09 -2.402252413956693644e-01
6.956999999428401947e+09 -2.897608838517057306e-01
6.956999999672692299e+09 -1.324176760147814103e-01
6.956999999957622528e+09 -7.541577603621119064e-02
6.957000000207257271e+09 7.330143761158960936e-02
