2.782800000000009918e+10 0.000000000000000000e+00
2.782799999973761368e+10 -2.199644231298567565e-01
2.782799999955061340e+10 -5.068669916022179311e-01
2.782799999987736511e+10 -4.043269419429352807e-01
2.782799999954093170e+10 -3.403438374824052648e-01
2.782799999942938995e+10 -6.641349903091424700e-01
2.782799999936755371e+10 -1.000970457754696952e+00
2.782799999916437531e+10 -1.276651410505983630e+00
2.782799999933348846e+10 -9.788553619658816318e-01
2.782799999918958664e+10 -6.680916673311583232e-01
2.782799999946180344e+10 -4.602917697919046702e-01
2.782799999927444458e+10 -1.736230380128011008e-01
2.782799999893696976e+10 -2.318687032204403142e-01
2.782799999918585587e+10 3.369774802689934345e-03
2.782799999942437363e+10 2.491152742254438557e-01
2.782799999975289154e+10 3.458493925515133127e-01
2.782799999953861618e+10 6.129988753921404854e-01
2.782799999930208588e+10 8.606579183514235787e-01
2.782799999956422424e+10 1.081035605566377011e+00
2.782799999989688110e+10 9.996560581551701130e-01
2.782799999976823807e+10 6.822713989777882126e-01
2.782799999999925613e+10 4.294603582405114861e-01
2.782799999981010437e+10 1.439708872234789494e-01
2.782800000010192490e+10 3.232007895514324436e-01
