4.869900000000009918e+10 0.000000000000000000e+00
4.869899999945352936e+10 1.393682986930562806e-01
4.869899999942424774e+10 -4.239292847971871114e-01
4.869899999933451843e+10 -9.808045015665425304e-01
4.869899999981535339e+10 -1.275693531292331429e+00
4.869899999954628754e+10 -7.799464541840157583e-01
4.869899999973634338e+10 -2.488704151023491962e-01
4.869899999921158600e+10 -4.557230586960864249e-01
4.869899999899108124e+10 6.344920371122453329e-02
4.869899999849826813e+10 3.378480411290553653e-01
4.869899999825775909e+10 8.480619556292168237e-01
4.869899999784725189e+10 4.612181494296445083e-01
4.869899999736800385e+10 1.637515163788548778e-01
4.869899999787490845e+10 -8.365975280367937694e-02
4.869899999795220184e+10 4.750779748121909951e-01
4.869899999738924408e+10 5.102722543255021614e-01
4.869899999790848541e+10 2.899291129777415432e-01
4.869899999842190552e+10 5.635335434734231597e-02
4.869899999856513977e+10 -4.892162746438204479e-01
4.869899999868657684e+10 -1.040046503352055174e+00
4.869899999900896454e+10 -1.502894716494081129e+00
4.869899999941756439e+10 -1.891745620161471297e+00
4.869899999967122650e+10 -1.387941340699202719e+00
4.869899999921389771e+10 -1.718107217995317626e+00
4.869899999871797943e+10 -1.986859974037159082e+00
4.869899999875160980e+10 -2.549914751500233390e+00
4.869899999852024841e+10 -3.064338536684799053e+00
4.869899999849079895e+10 -2.501049702126477925e+00
4.869899999807789612e+10 -2.885327829804136268e+00
4.869899999760060883e+10 -2.584726185085668426e+00
4.869899999705683899e+10 -2.734652324864552675e+00
4.869899999749919128e+10 -2.384671792478580521e+00
4.869899999803486633e+10 -2.561340482650895201e+00
4.869899999779832458e+10 -3.073404058368683689e+00
4.869899999735917664e+10 -2.719412992621169423e+00
4.869899999792016602e+10 -2.778175045381207298e+00
4.869899999737815857e+10 -2.934348333345729642e+00
4.869899999751374054e+10 -3.481869932927827982e+00
4.869899999745484924e+10 -4.042845707986187698e+00
4.869899999694532013e+10 -3.800898308988113428e+00
4.869899999749682617e+10 -3.682561011202207801e+00
4.869899999806040192e+10 -3.659211257903325354e+00
4.869899999754331970e+10 -3.884567657013286990e+00
4.869899999697976685e+10 -3.908405441901909416e+00
4.869899999753507233e+10 -3.809411768369778795e+00
4.869899999788625336e+10 -3.368011088987528101e+00
4.869899999773988342e+10 -2.823275944416178795e+00
4.869899999721837616e+10 -2.608357313554131363e+00
4.869899999769311523e+10 -2.303756350276591647e+00
4.869899999797141266e+10 -2.794379620402382525e+00
4.869899999746576691e+10 -3.044348998693192421e+00
4.869899999802863312e+10 -3.007697103493841340e+00
4.869899999752532959e+10 -2.753049578278485843e+00
4.869899999797270966e+10 -3.096578459306927655e+00
4.869899999783591461e+10 -3.643797851323022918e+00
4.869899999727474213e+10 -3.586779561108995207e+00
4.869899999719725037e+10 -4.145489219656880664e+00
4.869899999754820251e+10 -4.587068642037269939e+00
4.869899999737779236e+10 -5.124768789057934093e+00
4.869899999765067291e+10 -4.631112394054056836e+00
4.869899999769064331e+10 -5.193752749680873748e+00
4.869899999749214935e+10 -4.665773084794433423e+00
4.869899999804461670e+10 -4.552021423435570036e+00
4.869899999857601166e+10 -4.741188855069834673e+00
4.869899999897041321e+10 -5.144433298947674871e+00
4.869899999953061676e+10 -5.210243395621036555e+00
4.869899999998471069e+10 -5.544843720484108118e+00
4.869900000007984924e+10 -6.100821065958372813e+00
4.869899999952484131e+10 -6.000168383378485792e+00
4.869899999906098175e+10 -5.679243976480549350e+00
4.869899999913625336e+10 -6.238257330614945140e+00
4.869899999858521271e+10 -6.117785770262823775e+00
4.869899999840178680e+10 -5.584384466186822493e+00
4.869899999886699677e+10 -5.903349744853898962e+00
4.869899999939605713e+10 -6.098935509154895129e+00
4.869899999897120667e+10 -5.727907337777697450e+00
4.869899999853962708e+10 -5.364723499894759051e+00
4.869899999893919373e+10 -5.762850975737040748e+00
4.869899999912464142e+10 -5.230149729614235632e+00
4.869899999885462189e+10 -4.734922229393333737e+00
4.869899999834543610e+10 -4.977602179271277905e+00
4.869899999887014008e+10 -4.770613746639542185e+00
4.869899999919215393e+10 -4.307504642930314986e+00
4.869899999879448700e+10 -4.707529104562388156e+00
4.869899999907579803e+10 -5.196432501334456333e+00
4.869899999889299011e+10 -4.662820435812286668e+00
4.869899999945658112e+10 -4.639889485587255002e+00
4.869899999911285400e+10 -5.087115168741546789e+00
4.869899999855214691e+10 -5.148498885889761567e+00
4.869899999849805450e+10 -5.709957368082528184e+00
4.869899999896603394e+10 -6.024850074112348075e+00
4.869899999951841736e+10 -5.910682044642674882e+00
4.869899999957319641e+10 -6.472074147959736123e+00
4.869900000010659027e+10 -6.655515939104213352e+00
