1.391400000000000000e+10 0.000000000000000000e+00
1.391399999982118034e+10 2.404529118123553966e-01
1.391399999970343590e+10 5.160072981022882921e-01
1.391399999940394783e+10 5.059414799062457169e-01
1.391399999931304741e+10 2.204050014553625148e-01
1.391399999950741768e+10 4.484718079037615102e-01
1.391399999980706596e+10 4.506181122940939865e-01
1.391399999970604515e+10 1.685033926198743481e-01
1.391399999944271278e+10 3.115058469446100320e-01
1.391399999918390083e+10 1.604759809266617931e-01
1.391399999923879242e+10 -1.341102964103915440e-01
1.391399999921657753e+10 1.647217756879304218e-01
1.391399999951302528e+10 1.209841370559545937e-01
1.391399999921338272e+10 1.239055441991983864e-01
1.391399999940225410e+10 -1.087354467169502070e-01
1.391399999912134933e+10 -2.130763836108144904e-01
1.391399999940652657e+10 -1.210548142112835568e-01
1.391399999968921471e+10 -2.165024714805492689e-02
1.391399999975711441e+10 -3.135126056691933671e-01
1.391399999994329453e+10 -7.871204454145944163e-02
1.391400000009147835e+10 1.817408683812364589e-01
1.391399999983018494e+10 3.504516090215459290e-02
1.391399999970718956e+10 3.082967423959815934e-01
1.391399999942932510e+10 4.204794156198396471e-01
1.391399999923658943e+10 1.910295687953626198e-01
1.391399999939509773e+10 -6.327172835879443791e-02
1.391399999965152550e+10 -2.183166965393215364e-01
1.391399999951090431e+10 -4.829295886167080942e-01
1.391399999922470665e+10 -5.717289041074055111e-01
1.391399999951608276e+10 -6.416903597074661292e-01
1.391399999940152168e+10 -9.185834161537596021e-01
1.391399999914859772e+10 -1.079281100139329208e+00
1.391399999886849213e+10 -9.728136915204870228e-01
1.391399999872078323e+10 -1.233536371514580177e+00
1.391399999845405006e+10 -1.370091266953121112e+00
1.391399999831569290e+10 -1.635894610350800971e+00
1.391399999854657936e+10 -1.826905758643102784e+00
1.391399999855159378e+10 -2.126520452157600438e+00
1.391399999883564568e+10 -2.031080570887595194e+00
1.391399999871362877e+10 -1.757390969630145960e+00
1.391399999867408180e+10 -1.460355336551516059e+00
1.391399999874538422e+10 -1.751405409085611931e+00
1.391399999903710556e+10 -1.682903682263022338e+00
1.391399999900604057e+10 -1.980945754036289586e+00
1.391399999912854576e+10 -1.707474128217003839e+00
1.391399999885618973e+10 -1.832438709569300883e+00
1.391399999900626373e+10 -2.091807164354516413e+00
1.391399999903651428e+10 -2.389933080626928330e+00
1.391399999875259590e+10 -2.485766788873342570e+00
1.391399999904758263e+10 -2.433066153979712265e+00
1.391399999931796455e+10 -2.303884313413514295e+00
1.391399999929565239e+10 -2.602709086847659670e+00
1.391399999919437981e+10 -2.320684162253734417e+00
1.391399999935884285e+10 -2.070192713675214513e+00
1.391399999912955093e+10 -1.877270501947309267e+00
1.391399999899624062e+10 -1.608900473753544613e+00
1.391399999929421616e+10 -1.577205562618458901e+00
1.391399999958327866e+10 -1.498234117642953001e+00
1.391399999928482246e+10 -1.471443165333848002e+00
1.391399999957075882e+10 -1.561080342749610717e+00
1.391399999969237518e+10 -1.287212552386691744e+00
1.391399999939523506e+10 -1.325965902237724592e+00
1.391399999925170898e+10 -1.062917642964504639e+00
1.391399999955003357e+10 -1.034689009517988589e+00
1.391399999928585243e+10 -8.932597476929673430e-01
1.391399999920173264e+10 -6.056524742018221108e-01
1.391399999950073814e+10 -5.859128198918509556e-01
1.391399999938290405e+10 -3.103961740833900973e-01
1.391399999928915596e+10 -2.578179399939151129e-02
1.391399999933802605e+10 2.698630990429011223e-01
1.391399999909275055e+10 4.420095306484310704e-01
1.391399999879527473e+10 4.059219804179066693e-01
1.391399999857065964e+10 2.075728566043210654e-01
1.391399999865356255e+10 -8.038735135061297887e-02
1.391399999894837952e+10 -1.340234590478082410e-01
1.391399999923982811e+10 -2.036754183185786327e-01
1.391399999952414703e+10 -2.983163206220496022e-01
1.391399999957435417e+10 -2.895717584813883860e-03
1.391399999963505554e+10 -2.963397224007489061e-01
1.391399999991226768e+10 -1.825501816608167682e-01
1.391399999994041824e+10 1.157812713381578540e-01
1.391399999988452911e+10 -1.786174220858561257e-01
1.391400000002911186e+10 -4.410864453549468434e-01
1.391400000030138397e+10 -5.662330076762669417e-01
