6.957000000000100136e+09 0.000000000000000000e+00
6.956999999820940971e+09 2.287713321666532684e-01
6.956999999787615776e+09 -5.988754363818868387e-02
6.956999999573369980e+09 1.364113656808327857e-01
6.956999999309321404e+09 1.511554080551152923e-02
6.956999999232119560e+09 -2.650172135353413561e-01
6.956999999275522232e+09 -5.523336436783545800e-01
6.956999999564678192e+09 -5.810298467547290180e-01
6.956999999577502251e+09 -8.713228838514027741e-01
6.956999999649520874e+09 -1.152832748630698845e+00
6.956999999799277306e+09 -9.038196363672648115e-01
6.956999999891234398e+09 -1.179461379909835461e+00
6.957000000116472244e+09 -9.958790286989953611e-01
