4.174200000000009918e+10 0.000000000000000000e+00
4.174199999955410004e+10 5.585521155703718210e-02
4.174199999934787750e+10 -3.435310652275438414e-01
4.174199999899539948e+10 -6.224478046294317224e-01
4.174199999859348297e+10 -4.212094389953160434e-01
4.174199999861981201e+10 2.750330143523449511e-02
4.174199999884595490e+10 4.159543371579720872e-01
4.174199999884641266e+10 8.654386390459800626e-01
4.174199999897295380e+10 4.341340388941011819e-01
4.174199999857165527e+10 6.366088068018116441e-01
4.174199999899351501e+10 7.917519114072816278e-01
4.174199999877849579e+10 3.970342675147667255e-01
4.174199999873493195e+10 -5.033453251990321897e-02
4.174199999876982880e+10 3.977932812737737245e-01
4.174199999878019714e+10 8.471581516445703119e-01
4.174199999833110809e+10 8.660822016612105267e-01
4.174199999852613068e+10 4.611112313689806896e-01
4.174199999886152649e+10 1.618727383151251642e-01
4.174199999927585602e+10 -1.239271721103576973e-02
4.174199999969935608e+10 -1.630010383500819504e-01
4.174199999944440460e+10 2.071802249691477305e-01
4.174199999906488800e+10 -3.365456198834637647e-02
4.174199999861613464e+10 -8.093869541224058689e-03
4.174199999818564606e+10 -1.373873985726705715e-01
4.174199999849079895e+10 1.926366256678659905e-01
4.174199999891236115e+10 3.667813496323149569e-02
4.174199999895948792e+10 -4.103287486871520784e-01
4.174199999913490295e+10 -8.241730737940203833e-01
4.174199999872248077e+10 -1.002895801641729090e+00
4.174199999877283478e+10 -1.449551324315567324e+00
4.174199999835031128e+10 -1.602874709653163920e+00
4.174199999879386902e+10 -1.530136550544017426e+00
4.174199999834657288e+10 -1.485830848524332781e+00
4.174199999819607544e+10 -1.909373045728326002e+00
4.174199999828944397e+10 -1.469692722327199830e+00
4.174199999854718781e+10 -1.837940483862178009e+00
4.174199999828884888e+10 -1.470114147275807692e+00
4.174199999843910217e+10 -1.046485630298543246e+00
4.174199999804819489e+10 -1.268357322961173539e+00
4.174199999843539429e+10 -1.040075780119136262e+00
4.174199999839784241e+10 -1.487989110464772002e+00
4.174199999857926178e+10 -1.076742386211019697e+00
4.174199999826993561e+10 -7.506254998531066702e-01
4.174199999788305664e+10 -9.794458990548366994e-01
4.174199999762796021e+10 -1.349528750663288257e+00
4.174199999776255798e+10 -9.206701746846006618e-01
4.174199999747360992e+10 -5.763687952968994388e-01
4.174199999784870148e+10 -3.286959205035799858e-01
4.174199999818412018e+10 -2.948001122650412142e-02
4.174199999775560760e+10 -1.651731802145243733e-01
4.174199999808609772e+10 -4.698232096756886911e-01
4.174199999846824646e+10 -7.064675895212157997e-01
4.174199999875391388e+10 -3.594374789524449332e-01
4.174199999910918427e+10 -6.347892349238541954e-01
4.174199999954550934e+10 -5.268311611263123417e-01
4.174199999984812927e+10 -8.591844113111969383e-01
4.174200000023234558e+10 -6.259154642963248305e-01
