6.261300000000000000e+10 0.000000000000000000e+00
6.261299999907955933e+10 -1.201999281026282951e+00
6.261299999882171631e+10 2.898216470497054775e-01
6.261299999941668701e+10 -1.102306480164154889e+00
6.261299999790370941e+10 -1.156252763154225205e+00
6.261299999812480164e+10 3.414566014283479944e-01
6.261299999942945862e+10 -4.265867265422117471e-01
6.261299999940887451e+10 -1.940386574565546418e+00
6.261299999906165314e+10 -3.413970160641407237e+00
6.261300000019859314e+10 -4.413657728611113384e+00
