6.957000000000000000e+09 0.000000000000000000e+00
6.956999999793406487e+09 -2.043368342104174284e-01
6.956999999895376205e+09 6.776009258771742427e-02
6.956999999700612068e+09 -1.478820355723769742e-01
6.956999999773228645e+09 1.334742948691564901e-01
6.956999999570338249e+09 3.414884531745748797e-01
6.956999999858241081e+09 3.808119831812026845e-01
6.956999999825399399e+09 6.695262530664547462e-01
6.956999999594936371e+09 4.925482087408441512e-01
6.956999999872607231e+09 4.069128649646878149e-01
6.956999999674585342e+09 1.942589653183112164e-01
6.956999999515088081e+09 4.371480995485957366e-01
6.956999999668599129e+09 6.838639691131669363e-01
6.956999999631772995e+09 3.956308753424795377e-01
6.956999999920622826e+09 3.640003194215898352e-01
6.956999999706752777e+09 1.672917400302348923e-01
6.956999999533017159e+09 4.002092454860147752e-01
6.956999999706694603e+09 1.672485549146337236e-01
6.956999999546009064e+09 4.093533049101416577e-01
6.956999999311752319e+09 2.374285177278815939e-01
6.956999999595917702e+09 1.767273913367923832e-01
6.956999999745611191e+09 -7.232362126888475240e-02
6.956999999920085907e+09 -3.046877217045181885e-01
6.957000000011742592e+09 -5.804296891120667157e-01
6.956999999852643967e+09 -8.235802122675668357e-01
6.956999999922358513e+09 -5.414908178150570350e-01
6.957000000119636536e+09 -3.281465016349401909e-01
