5.565600000000000000e+10 0.000000000000000000e+00
5.565599999936757660e+10 4.884272194520796195e-01
5.565599999860740662e+10 7.347408625367302104e-01
5.565599999780839539e+10 7.246928349834824701e-01
5.565599999709678650e+10 1.088200450061593383e+00
5.565599999656053925e+10 4.957815235749216676e-01
5.565599999619650269e+10 -2.155577912300860044e-01
5.565599999645201874e+10 5.415660522886672767e-01
5.565599999710790253e+10 9.980113908668123424e-01
5.565599999656353760e+10 1.582980027244467847e+00
5.565599999576537323e+10 1.544753680587279243e+00
5.565599999523111725e+10 9.505391104626809140e-01
5.565599999569715118e+10 3.014341070705781611e-01
5.565599999648695374e+10 4.228495724442013493e-01
5.565599999656692505e+10 -3.722156602555996563e-01
5.565599999578598785e+10 -5.414977957531419417e-01
5.565599999545428467e+10 -1.268476202947083964e+00
5.565599999588178253e+10 -1.943583812596509031e+00
5.565599999652255249e+10 -2.421006980845677781e+00
5.565599999731647491e+10 -2.511615824734421576e+00
5.565599999652053070e+10 -2.440933604181060979e+00
5.565599999691089630e+10 -1.743696328381870941e+00
5.565599999628327179e+10 -1.249109694333987886e+00
5.565599999703875732e+10 -1.509422562444654892e+00
5.565599999739218903e+10 -7.927563141235337563e-01
5.565599999773541260e+10 -1.514365942381265651e+00
5.565599999694860077e+10 -1.653842518423237706e+00
5.565599999700733185e+10 -2.450758067855223210e+00
5.565599999710296631e+10 -1.657425023331441150e+00
5.565599999703192902e+10 -2.453338033538593699e+00
5.565599999642247772e+10 -2.970151056837603942e+00
5.565599999576745605e+10 -2.512474754959797885e+00
5.565599999524644470e+10 -1.906610676721780528e+00
5.565599999581930542e+10 -2.463707631441675261e+00
5.565599999571510315e+10 -1.671454352141854560e+00
5.565599999626490784e+10 -2.251312501602274807e+00
5.565599999569367981e+10 -1.692543980702953199e+00
5.565599999496717072e+10 -1.359818577232488224e+00
5.565599999497796631e+10 -5.608146457490269521e-01
5.565599999575624847e+10 -3.797051275468907860e-01
5.565599999531475067e+10 -1.045739938998584195e+00
5.565599999451669312e+10 -1.086040349282477946e+00
5.565599999497516632e+10 -4.315726470123474323e-01
5.565599999427302551e+10 -5.009393851141163978e-02
5.565599999360456848e+10 3.877306025626144903e-01
5.565599999438132477e+10 5.752704920329323457e-01
5.565599999370558167e+10 1.001762598792155901e+00
5.565599999291488647e+10 8.863365161786185276e-01
5.565599999323227692e+10 1.529955116298384876e-01
5.565599999307992554e+10 9.374150581183312569e-01
5.565599999329898834e+10 1.689515125957083974e-01
5.565599999262866974e+10 6.039193590899409880e-01
5.565599999237049866e+10 1.360141076459710607e+00
5.565599999217701721e+10 2.135439564226659037e+00
5.565599999193456268e+10 2.896847113523346007e+00
5.565599999155165100e+10 2.195489791051956630e+00
5.565599999223062134e+10 2.616819599540653130e+00
5.565599999302006531e+10 2.740507487889713989e+00
5.565599999231342316e+10 2.367440568535799539e+00
5.565599999294795990e+10 1.881759453947778438e+00
5.565599999285291290e+10 2.675163592355633391e+00
5.565599999283504486e+10 3.474040708497047270e+00
5.565599999216630554e+10 3.911437865139422598e+00
5.565599999257371521e+10 4.598855675035709467e+00
5.565599999192336273e+10 5.063149865496155755e+00
5.565599999271444702e+10 4.950412867662568495e+00
5.565599999191738892e+10 4.893686835310370853e+00
5.565599999208003235e+10 4.111337212800819430e+00
5.565599999253161621e+10 3.452100815529472566e+00
5.565599999317419434e+10 3.927088715342300418e+00
5.565599999255416107e+10 3.423019677604153266e+00
5.565599999335308838e+10 3.438399118969679424e+00
5.565599999306529236e+10 2.692948601745686066e+00
5.565599999238977051e+10 3.119788735282371661e+00
5.565599999261582947e+10 3.886222698050799895e+00
5.565599999311752319e+10 4.508178170159003351e+00
5.565599999379881287e+10 4.925746716696224325e+00
5.565599999388632965e+10 4.131477116481624634e+00
5.565599999378437805e+10 3.338930746685727868e+00
5.565599999352565002e+10 4.094961873979261924e+00
5.565599999278739929e+10 4.400753551569936306e+00
5.565599999207541656e+10 4.763532651460631762e+00
5.565599999143421936e+10 5.240389268645371246e+00
5.565599999124107361e+10 6.015772976416396745e+00
5.565599999203650665e+10 6.092003323285259064e+00
5.565599999274001312e+10 6.470949225628396029e+00
5.565599999353847504e+10 6.439529067367345760e+00
5.565599999293746948e+10 5.912920581807110665e+00
5.565599999372952271e+10 6.018653379109606405e+00
5.565599999294202423e+10 6.154171526871383691e+00
5.565599999373204041e+10 6.274187694717691777e+00
5.565599999323414612e+10 6.899185095193372419e+00
5.565599999248250580e+10 6.627956749959685645e+00
5.565599999183737183e+10 6.156438646788646274e+00
5.565599999263561249e+10 6.193003222109703998e+00
5.565599999285099792e+10 5.423501066465577836e+00
5.565599999363851929e+10 5.288114479328126727e+00
5.565599999419522858e+10 4.714879108481925485e+00
5.565599999486161041e+10 5.155854877737610309e+00
5.565599999555133057e+10 4.752364091275816271e+00
5.565599999599088287e+10 4.085045034687440513e+00
5.565599999536553192e+10 4.582498534364121134e+00
5.565599999615529633e+10 4.460866305339118654e+00
5.565599999695272064e+10 4.512214375717771730e+00
5.565599999775119781e+10 4.543126553461227068e+00
5.565599999854473114e+10 4.637071402625749350e+00
5.565599999929381561e+10 4.915271275193765277e+00
5.565599999945248413e+10 5.698436691688517186e+00
5.565599999941156006e+10 6.496464796417531495e+00
5.565600000011761475e+10 6.122283042918885698e+00
