6.957000000000100136e+09 0.000000000000000000e+00
6.956999999718570709e+09 7.194373375891593980e-02
6.956999999982724190e+09 1.930120249290598888e-01
6.956999999692257881e+09 2.010086383628598705e-01
6.956999999440760612e+09 5.546222043187218342e-02
6.956999999585524559e+09 -1.964859560340236067e-01
6.956999999443452835e+09 5.699026260314135617e-02
6.956999999280091286e+09 -1.833168546676904320e-01
6.956999999137848854e+09 -4.366973339653997255e-01
6.956999999267045021e+09 -6.969720508109574775e-01
6.956999999552596092e+09 -6.431666387614104474e-01
6.956999999750774384e+09 -8.556753637951088898e-01
6.956999999761429787e+09 -1.146056082334798498e+00
6.956999999987003326e+09 -9.628869230720605854e-01
6.957000000125589371e+09 -1.218285477447309972e+00
