6.957000000000100136e+09 0.000000000000000000e+00
6.956999999913430214e+09 -2.773497668331796340e-01
6.956999999655622482e+09 -1.432986138500154383e-01
6.956999999557639122e+09 1.302589629996007969e-01
6.956999999658971786e+09 -1.420756606442990233e-01
6.956999999434700012e+09 4.268568698322194876e-02
6.956999999172583580e+09 1.681026889620107212e-01
6.956999999324835777e+09 -7.939205480619956901e-02
6.956999999594143867e+09 -1.885149839500362967e-01
6.956999999334049225e+09 -5.895661710855351623e-02
6.956999999428333282e+09 2.158977637820449769e-01
6.956999999535502434e+09 4.859889292230870073e-01
6.956999999319417953e+09 2.917164382594791827e-01
6.956999999609620094e+09 2.769691562305265364e-01
6.956999999445508003e+09 3.717405878729304614e-02
6.956999999206618309e+09 -1.282528621506509592e-01
6.956999999101539612e+09 1.426586513645450860e-01
6.956999999290796280e+09 3.631498347951535033e-01
6.956999999105151176e+09 5.866903864632087018e-01
6.956999999275059700e+09 8.224142007850754332e-01
6.956999998984488487e+09 8.240939265240068146e-01
6.956999999255868912e+09 9.279548062760806237e-01
6.956999999031551361e+09 7.432487272749506158e-01
6.956999999272377968e+09 5.806536855901014427e-01
6.956999999084029198e+09 3.593866954716985473e-01
6.956999999306232452e+09 1.721427662355621280e-01
6.956999999556889534e+09 2.515473403053467005e-02
6.956999999688026428e+09 2.844566991706432013e-01
6.956999999438687325e+09 4.336695053839553227e-01
6.956999999334136009e+09 1.625543628267253071e-01
6.956999999145504951e+09 -5.847269262285645364e-02
6.956999999153124809e+09 -3.489489042422302401e-01
6.956999999429583549e+09 -4.384190224063004848e-01
6.956999999605857849e+09 -6.694211386643493800e-01
6.956999999418457985e+09 -8.914925347037069292e-01
6.956999999147499084e+09 -7.865376912052388647e-01
6.956999998892570496e+09 -9.259869884159993569e-01
6.956999998647029877e+09 -7.706028277814216398e-01
6.956999998405343056e+09 -6.092891197784597868e-01
6.956999998659738541e+09 -4.688697425327508772e-01
6.956999998862582207e+09 -6.769294442455825456e-01
6.956999998831354141e+09 -3.880361984291857413e-01
6.956999998781215668e+09 -6.742539981987808462e-01
6.956999998729540825e+09 -9.601983422034954252e-01
6.956999998937300682e+09 -7.570475749664868914e-01
6.956999999227833748e+09 -7.520565222746711243e-01
6.956999998987815857e+09 -9.158432063291054304e-01
6.956999998821128845e+09 -6.778308307261515786e-01
6.956999998760631561e+09 -9.620394807058236797e-01
6.956999998803611755e+09 -1.249419333551561540e+00
6.956999998644819260e+09 -1.006068619758192506e+00
6.956999998607805252e+09 -7.178595027256572392e-01
6.956999998528844833e+09 -9.975017219394546331e-01
6.956999998626877785e+09 -1.271041712306588911e+00
6.956999998881402016e+09 -1.130856294227564174e+00
6.956999999143267632e+09 -1.004915998743015848e+00
6.956999998989847183e+09 -1.251688446053709436e+00
6.956999999237252235e+09 -1.099289679030333033e+00
6.956999998954648018e+09 -1.031694604600079668e+00
6.956999999172332764e+09 -1.224172596296490889e+00
6.956999999343873978e+09 -1.458710976788818892e+00
6.956999999594807625e+09 -1.312195063080320079e+00
6.956999999363041878e+09 -1.136925935290311163e+00
6.956999999101003647e+09 -1.262506371076191236e+00
6.956999999389837265e+09 -1.294278096494276387e+00
6.956999999622801781e+09 -1.120605881096575995e+00
6.956999999610795975e+09 -1.410933891250743422e+00
6.956999999828100204e+09 -1.603841179555116847e+00
6.956999999644931793e+09 -1.829415904430255813e+00
6.956999999687209129e+09 -1.541931785986381698e+00
6.956999999975090027e+09 -1.581416469669027824e+00
6.957000000093574524e+09 -1.316094002519968775e+00
6.956999999906347275e+09 -1.538311228564469557e+00
6.956999999622850418e+09 -1.602059245335589743e+00
6.956999999459001541e+09 -1.362084322256643665e+00
6.956999999566796303e+09 -1.092242299650559190e+00
6.956999999360507011e+09 -1.296886099183217400e+00
6.956999999206126213e+09 -1.050713131537580614e+00
6.956999999374103546e+09 -8.136098022280632280e-01
6.956999999658867836e+09 -8.714356967692542533e-01
6.956999999941980362e+09 -8.060000011954882027e-01
6.956999999689265251e+09 -9.494213908880640984e-01
6.956999999435855865e+09 -8.072308876382525700e-01
6.956999999398728371e+09 -1.095425310108289363e+00
6.956999999135356903e+09 -9.726646214238615640e-01
6.956999999404519081e+09 -8.631818947971061640e-01
6.956999999273510933e+09 -6.038145667008461004e-01
6.956999999074109077e+09 -3.924536612669712321e-01
6.956999998977349281e+09 -1.184608053299240349e-01
6.956999999002182961e+09 -4.079738296091932614e-01
6.956999998729844093e+09 -3.066535229456274214e-01
6.956999998595895767e+09 -5.645146665633387073e-01
6.956999998878577232e+09 -6.317870983836085808e-01
6.956999998828464508e+09 -9.180093572095386900e-01
6.956999998538289070e+09 -9.332638473496448484e-01
6.956999998371362686e+09 -1.171108753511505007e+00
6.956999998099114418e+09 -1.272673152233193994e+00
6.956999998373186111e+09 -1.176136010259287712e+00
6.956999998661909103e+09 -1.208904816615070876e+00
6.956999998846511841e+09 -1.433307072091562828e+00
6.956999999081457138e+09 -1.604290542509407169e+00
6.956999999362540245e+09 -1.677958435026116524e+00
6.956999999082278252e+09 -1.601228455996532407e+00
6.956999998832523346e+09 -1.749744612404686928e+00
6.956999998640886307e+09 -1.531319386103997982e+00
6.956999998716865540e+09 -1.811786224372352816e+00
6.956999998991854668e+09 -1.717895223552821760e+00
6.956999999282404900e+09 -1.714015714181612804e+00
6.956999999307693481e+09 -2.003489355787829052e+00
6.956999999017894745e+09 -2.024725849209557005e+00
6.956999998875244141e+09 -1.771575289668060327e+00
6.956999998718270302e+09 -2.016102600602463379e+00
6.956999998931443214e+09 -1.818639562620647077e+00
6.956999998947482109e+09 -1.528506423893443378e+00
6.956999999167725563e+09 -1.718051562141680755e+00
6.956999999421424866e+09 -1.859724162963450667e+00
6.956999999565105438e+09 -1.607156789983017919e+00
6.956999999313389778e+09 -1.752324710964285881e+00
6.956999999078135490e+09 -1.922882537934262892e+00
6.956999998824028969e+09 -2.063823695504751754e+00
6.956999999114031792e+09 -2.082068773557875563e+00
6.956999999303744316e+09 -2.302168050407019884e+00
6.956999999245426178e+09 -2.586831814789384953e+00
6.956999999509619713e+09 -2.707813112720205861e+00
6.956999999668360710e+09 -2.464429267504228971e+00
6.956999999478597641e+09 -2.684485119841058420e+00
6.956999999399106026e+09 -2.404993479113316734e+00
6.956999999190981865e+09 -2.202215370096682001e+00
6.956999998900416374e+09 -2.199702471604634724e+00
6.956999998742896080e+09 -1.955526442033450607e+00
6.956999998949767113e+09 -2.159582249104853524e+00
6.956999998959188461e+09 -1.869158865900218069e+00
6.956999999120015144e+09 -2.111169567564370464e+00
6.956999999184756279e+09 -1.827897451093678516e+00
6.956999999294114113e+09 -1.558684904939323879e+00
6.956999999392826080e+09 -1.285389421787924924e+00
6.956999999394097328e+09 -9.948160557232121892e-01
6.956999999238733292e+09 -7.492623221913246034e-01
6.956999999237549782e+09 -1.039836061091560904e+00
6.956999999044057846e+09 -8.230515544471872502e-01
6.956999999159870148e+09 -5.565522122264419114e-01
6.956999998870550156e+09 -5.835410966627672114e-01
6.956999998980323792e+09 -8.525841518692138798e-01
6.956999998823857307e+09 -1.097436930287804868e+00
6.956999998536014557e+09 -1.137202083862278945e+00
6.956999998613578796e+09 -1.417234756538411578e+00
6.956999998366100311e+09 -1.569513679163612840e+00
6.956999998312045097e+09 -1.284009724447525258e+00
6.956999998056228638e+09 -1.146196910425171023e+00
6.956999998346797943e+09 -1.144244255547802736e+00
6.956999998278701782e+09 -1.426728600509870715e+00
6.956999998102077484e+09 -1.195994179547887670e+00
6.956999997812441826e+09 -1.219353012931507996e+00
6.956999997557600021e+09 -1.079745338995274251e+00
6.956999997267643929e+09 -1.098720698538791396e+00
6.956999997443288803e+09 -1.330201870227723404e+00
6.956999997536589622e+09 -1.055012077652760283e+00
6.956999997736811638e+09 -8.444283998055415186e-01
6.956999997493809700e+09 -1.003754039821831201e+00
6.956999997661389351e+09 -7.663694796071951476e-01
6.956999997432622910e+09 -9.455357124453414031e-01
6.956999997502016068e+09 -1.227704315873544116e+00
6.956999997447347641e+09 -9.423170493354098287e-01
6.956999997737201691e+09 -9.627831971784399645e-01
6.956999997802410126e+09 -1.245948081810790642e+00
6.956999998085521698e+09 -1.180510428890698460e+00
6.956999998301471710e+09 -9.860881422451234224e-01
6.956999998177310944e+09 -7.233742860025021981e-01
6.956999997896014214e+09 -7.962202505157591759e-01
6.956999998185626984e+09 -8.198668408394068630e-01
6.956999998338077545e+09 -5.724942594009680974e-01
6.956999998060543060e+09 -6.585718457676551507e-01
6.956999998111587524e+09 -3.725141698486433839e-01
6.956999997880969048e+09 -1.957383545665383473e-01
6.956999998091169357e+09 4.886744833393491527e-03
6.956999998065330505e+09 2.943117997514533846e-01
6.956999998094536781e+09 5.834164096801758292e-01
6.956999997949161530e+09 3.318202769306727862e-01
6.956999998035698891e+09 6.092113146368589582e-01
6.956999997957117081e+09 8.889601267402122975e-01
6.956999997767796516e+09 1.109396270323780742e+00
6.956999998053515434e+09 1.162304537486448908e+00
6.956999997931219101e+09 1.425891354665036248e+00
6.956999998027048111e+09 1.151571655809712880e+00
6.956999998132727623e+09 1.422249187800362913e+00
6.956999998255228996e+09 1.158757285561013095e+00
6.956999998181553841e+09 8.776764945466415391e-01
6.956999998310286522e+09 1.138180836213852354e+00
6.956999998510758400e+09 1.348526825756712011e+00
6.956999998791387558e+09 1.273148141085814977e+00
6.956999999021813393e+09 1.096121117824298219e+00
6.956999998743162155e+09 1.178510974099170827e+00
6.956999998812759399e+09 1.460629252840119241e+00
6.956999999101987839e+09 1.432675702214474933e+00
6.956999998894474030e+09 1.636077644777616413e+00
6.956999999177297592e+09 1.702751998073779083e+00
6.956999998966064453e+09 1.503215273784951567e+00
6.956999999219979286e+09 1.361928736981418808e+00
6.956999999243872643e+09 1.072336617869900977e+00
6.956999999411537170e+09 1.309661442163385647e+00
6.956999999154898643e+09 1.445937508759155721e+00
6.956999998864941597e+09 1.464900163960475288e+00
6.956999998715684891e+09 1.215587360751975377e+00
6.956999998426803589e+09 1.184250126713676243e+00
6.956999998139781952e+09 1.138937299220362354e+00
6.956999998402419090e+09 1.263260115284789542e+00
6.956999998349596977e+09 1.548994824675814064e+00
6.956999998125221252e+09 1.733629339588825591e+00
6.956999997882579803e+09 1.573755779452724823e+00
6.956999997835533142e+09 1.287013555390580155e+00
6.956999997661649704e+09 1.054206973762588317e+00
6.956999997794396400e+09 7.957251587607496734e-01
6.956999997651980400e+09 1.049008219401476705e+00
6.956999997831194878e+09 1.277736809558283282e+00
6.956999997630385399e+09 1.487760529733287207e+00
6.956999997340293884e+09 1.504533570765676176e+00
6.956999997327777863e+09 1.214227119478222594e+00
6.956999997187827110e+09 1.468880430559649675e+00
6.956999997113903046e+09 1.187864800361823292e+00
6.956999997331106186e+09 1.380886485329487545e+00
6.956999997234101295e+09 1.654792494763225541e+00
6.956999997509936333e+09 1.563416398656854778e+00
6.956999997461894989e+09 1.849993736350815654e+00
6.956999997185273170e+09 1.938959744284731279e+00
6.956999997303650856e+09 2.204329544640283522e+00
6.956999997122834206e+09 1.976865841678072888e+00
6.956999996940700531e+09 2.203276734236820911e+00
6.956999997165673256e+09 2.387183138632332557e+00
6.956999997448147774e+09 2.319047758121283387e+00
6.956999997256737709e+09 2.537672048971323147e+00
6.956999997257671356e+09 2.247097401749932111e+00
6.956999997079431534e+09 2.476585956152635770e+00
6.956999996811780930e+09 2.363459703983421978e+00
6.956999996971539497e+09 2.606176974953227532e+00
6.956999997250837326e+09 2.526006299723465798e+00
6.956999997147155762e+09 2.254556994621385257e+00
6.956999997409385681e+09 2.379736261932888119e+00
6.956999997165959358e+09 2.221060324678234110e+00
6.956999997084756851e+09 1.942060954207992962e+00
6.956999997119017601e+09 1.653511604087072318e+00
6.956999997344782829e+09 1.470577959805797752e+00
6.956999997057365417e+09 1.513304937893026114e+00
6.956999997347928047e+09 1.510478939671247467e+00
6.956999997359891891e+09 1.220149178351409125e+00
6.956999997079423904e+09 1.296124782780363471e+00
6.956999997311211586e+09 1.120884683068884557e+00
6.956999997387602806e+09 8.405298370737457336e-01
6.956999997613352776e+09 6.575779560122998468e-01
6.956999997658497810e+09 9.446257797774977316e-01
6.956999997375948906e+09 8.767978347219812507e-01
6.956999997625271797e+09 1.026038313765517129e+00
6.956999997858244896e+09 8.523780768680296882e-01
6.956999998147853851e+09 8.286846536906319338e-01
6.956999997857427597e+09 8.193613233666849904e-01
6.956999998040325165e+09 5.935671289172184117e-01
6.956999998226019859e+09 3.700677890752128163e-01
6.956999998309786797e+09 6.483081055669586146e-01
6.956999998094375610e+09 8.433269544733551504e-01
6.956999997854838371e+09 6.788388953088522193e-01
6.956999997911036491e+09 9.639287974461616670e-01
6.956999997685438156e+09 7.807895132592717058e-01
6.956999997970997810e+09 7.270288313171445749e-01
6.956999998223504066e+09 5.832408333774197207e-01
6.956999998472320557e+09 7.333231298279853094e-01
6.956999998752776146e+09 8.093453900545289903e-01
6.956999998982674599e+09 9.870560321378147872e-01
6.956999998913556099e+09 7.048200632351947492e-01
6.956999998623975754e+09 6.807785199187693648e-01
6.956999998473624229e+09 4.321244308122780264e-01
6.956999998359101295e+09 1.650684647609455546e-01
6.956999998545312881e+09 3.881375932393134054e-01
6.956999998388925552e+09 6.330408218458059011e-01
6.956999998660826683e+09 7.355303021151282650e-01
6.956999998863101006e+09 9.441438347617133742e-01
6.956999998572944641e+09 9.285293260029425788e-01
6.956999998283975601e+09 9.590486363249205448e-01
6.956999998160858154e+09 6.958443371735014704e-01
6.956999998123763084e+09 4.076456473280057891e-01
6.956999997860304832e+09 5.302195780356478982e-01
6.956999997705661774e+09 7.762275002459351203e-01
6.956999997858487129e+09 1.023369154629887756e+00
6.956999997575458527e+09 1.089165759064482986e+00
6.956999997286301613e+09 1.117849744215648311e+00
6.956999997345629692e+09 8.333947059264077417e-01
6.956999997605066299e+09 9.642644948380247882e-01
6.956999997326914787e+09 8.802050819448031804e-01
6.956999997136143684e+09 1.099387666818612441e+00
6.956999997094850540e+09 8.117605164199739320e-01
6.956999997339073181e+09 9.692076524453547837e-01
6.956999997191394806e+09 7.189567174959468066e-01
6.956999997220719337e+09 1.008049410456224315e+00
6.956999997494136810e+09 1.106423814441441111e+00
6.956999997750504494e+09 9.696386387057404077e-01
6.956999997770547867e+09 6.797545766677879353e-01
6.956999997500605583e+09 7.872973492568090537e-01
6.956999997790162086e+09 7.629732164063828259e-01
6.956999998078668594e+09 7.975938726075793017e-01
6.956999997933370590e+09 1.049234502914862199e+00
6.956999998107853889e+09 8.168768893326108227e-01
6.956999997919663429e+09 1.038278902178532137e+00
6.956999998178280830e+09 9.057969808458038452e-01
6.956999997968091011e+09 7.051607933943976336e-01
6.956999998130082130e+09 4.639276262735028133e-01
6.956999998037073135e+09 7.392162635691856831e-01
6.956999997963713646e+09 1.020379623095108990e+00
6.956999997846735954e+09 1.286369856566054404e+00
6.956999998130187988e+09 1.350319427121861260e+00
6.956999997996709824e+09 1.092214689225908364e+00
6.956999997936518669e+09 8.079409562526647104e-01
6.956999998182107925e+09 6.526331480699638643e-01
6.956999997891848564e+09 6.662075238458590176e-01
6.956999997632928848e+09 5.343172947693027863e-01
6.956999997429875374e+09 7.421720486748993872e-01
6.956999997715804100e+09 7.939323929258027546e-01
6.956999997560875893e+09 1.039761068426008128e+00
6.956999997755391121e+09 1.255627540594039804e+00
6.956999997648537636e+09 9.854114003871865535e-01
6.956999997939005852e+09 9.933314396866096407e-01
6.956999998148739815e+09 7.922193661144624199e-01
6.956999998013515472e+09 5.350250381504015884e-01
6.956999997928825378e+09 8.129855486657477925e-01
6.956999997683054924e+09 9.680057541413433775e-01
6.956999997468205452e+09 7.723675690897151558e-01
6.956999997361424446e+09 5.021225481443734040e-01
6.956999997434705734e+09 7.833063723799911227e-01
6.956999997627934456e+09 1.000325340261330131e+00
6.956999997915783882e+09 1.040042414569045892e+00
6.956999997632725716e+09 1.105711031366755082e+00
6.956999997604924202e+09 8.164679127782294987e-01
6.956999997481479645e+09 5.534167849847180243e-01
6.956999997771302223e+09 5.325028227070656150e-01
6.956999997835622787e+09 8.158707019811769490e-01
6.956999997901157379e+09 5.327811320901323366e-01
6.956999997612122536e+09 5.626677902687904353e-01
6.956999997748681068e+09 3.061792949366453631e-01
6.956999998030056000e+09 2.336363256668113064e-01
6.956999997763513565e+09 3.493503998514762010e-01
6.956999998016303062e+09 4.926410403045830000e-01
6.956999998131383896e+09 7.594571824997400356e-01
6.956999998409296989e+09 8.443024175116113916e-01
6.956999998691918373e+09 9.118267797459376212e-01
6.956999998546210289e+09 1.163229980966486998e+00
6.956999998396262169e+09 1.412127496267618243e+00
6.956999998621699333e+09 1.595464507673604038e+00
6.956999998547452927e+09 1.876395122078777788e+00
6.956999998660828590e+09 2.143940381818937979e+00
6.956999998431229591e+09 1.965842383923443792e+00
6.956999998719614983e+09 2.001456003985241594e+00
6.956999998980750084e+09 2.128904379459997553e+00
6.956999998825450897e+09 2.374498931166135307e+00
6.956999998582806587e+09 2.534367741476173386e+00
6.956999998292582512e+09 2.520059857481097954e+00
6.956999998005109787e+09 2.477702552857365514e+00
6.956999998262842178e+09 2.611898606165729664e+00
6.956999998546732903e+09 2.673869756407859732e+00
6.956999998258356094e+09 2.638184945735177145e+00
6.956999998021677017e+09 2.806759367029139973e+00
6.956999998224735260e+09 3.014610252914568633e+00
6.956999998514090538e+09 2.987999944788689799e+00
6.956999998560737610e+09 3.274807521788590581e+00
6.956999998844821930e+09 3.335884656485490485e+00
6.956999998883206367e+09 3.623914382245333687e+00
6.956999998904568672e+09 3.334124513070411577e+00
6.956999999193407059e+09 3.365853267806286020e+00
6.956999999261623383e+09 3.083397809323887628e+00
6.956999999011431694e+09 2.935619278975960533e+00
6.956999999298157692e+09 2.888475090294559067e+00
6.956999999146783829e+09 3.136507991191694877e+00
6.956999998861954689e+09 3.079004886523992734e+00
6.956999999108464241e+09 3.232847171019661126e+00
6.956999999334713936e+09 3.415180771446908459e+00
6.956999999142889023e+09 3.633441538211879429e+00
6.956999999278733253e+09 3.890308780526045673e+00
6.956999999002367020e+09 3.800553357274090160e+00
6.956999998761259079e+09 3.962730172926652195e+00
6.956999998598987579e+09 3.721685370795941417e+00
6.956999998586704254e+09 4.012001795477276644e+00
6.956999998315313339e+09 4.115836070973243110e+00
6.956999998067816734e+09 3.963585756415953565e+00
6.956999997850399971e+09 4.156366403603190207e+00
6.956999998132567406e+09 4.086970404302797455e+00
6.956999998343349457e+09 3.886956554101267614e+00
6.956999998574069977e+09 4.063599452135687073e+00
6.956999998347846031e+09 4.245965254047296966e+00
6.956999998370725632e+09 3.956291238659993770e+00
6.956999998081255913e+09 3.930960719117089219e+00
6.956999997791128159e+09 3.914819117120553749e+00
6.956999998051996231e+09 3.786825937124826957e+00
6.956999997842618942e+09 3.585342790010893399e+00
6.956999997583390236e+09 3.716624870031952188e+00
6.956999997637560844e+09 4.002107082062472898e+00
6.956999997830438614e+09 3.784776617777114716e+00
6.956999997839413643e+09 4.075214124206834931e+00
6.956999997594636917e+09 4.231799389280336499e+00
6.956999997817323685e+09 4.418468319670454392e+00
6.956999998099502563e+09 4.487819460493986945e+00
6.956999998024380684e+09 4.207121718598658688e+00
6.956999997737027168e+09 4.163964573672375380e+00
6.956999998024089813e+09 4.209012392251019641e+00
6.956999998282579422e+09 4.076281175193000372e+00
6.956999998532108307e+09 4.225175857886339870e+00
6.956999998822670937e+09 4.222345541161394600e+00
6.956999998653935432e+09 3.985781134817550253e+00
6.956999998377204895e+09 4.074408370226728415e+00
6.956999998151512146e+09 3.891385413731384357e+00
6.956999998408548355e+09 3.755860060343703122e+00
6.956999998697483063e+09 3.725021284777541908e+00
6.956999998761240005e+09 3.441525974555652567e+00
6.956999998472278595e+09 3.410938981814512605e+00
6.956999998759618759e+09 3.367696691812618326e+00
6.956999999043463707e+09 3.305516303517483045e+00
6.956999998800631523e+09 3.145932927386843936e+00
6.956999998993499756e+09 3.363272442203636192e+00
6.956999998876114845e+09 3.097461667325385193e+00
6.956999998812237740e+09 2.813993515924218425e+00
6.956999999100087166e+09 2.853708881702173628e+00
6.956999999389318466e+09 2.881633515368384302e+00
6.956999999146843910e+09 3.041759869663383409e+00
6.956999999064770699e+09 2.763015284467988497e+00
6.956999999355270386e+09 2.756362191775964199e+00
6.956999999445141792e+09 3.032691072330031545e+00
6.956999999311544418e+09 3.290734278888831188e+00
6.956999999283787727e+09 3.001486911550395931e+00
6.956999999522831917e+09 2.836282391721777874e+00
6.956999999375106812e+09 2.586058835708672010e+00
6.956999999440249443e+09 2.869238774501450262e+00
6.956999999384893417e+09 2.583984109381527450e+00
6.956999999416047096e+09 2.295082829870492169e+00
6.956999999195063591e+09 2.483764724552298908e+00
6.956999999426519394e+09 2.659442720113518011e+00
6.956999999391613007e+09 2.370970794367345924e+00
6.956999999655042648e+09 2.493605396353999026e+00
6.956999999364916801e+09 2.509767604917604533e+00
6.956999999355129242e+09 2.800178868200021487e+00
6.956999999625581741e+09 2.693924980696336569e+00
6.956999999379353523e+09 2.848216830279348688e+00
6.956999999669673920e+09 2.860395719819129212e+00
6.956999999525623322e+09 2.608039236674527750e+00
6.956999999473502159e+09 2.322175787747998044e+00
6.956999999256587982e+09 2.515522411684347315e+00
6.956999999196825981e+09 2.799886607917354553e+00
6.956999998966352463e+09 2.622922138093934485e+00
6.956999998706864357e+09 2.492154401088145121e+00
6.956999998974780083e+09 2.604651057770680289e+00
6.956999998738446236e+09 2.773709225279750612e+00
6.956999998453573227e+09 2.716421795056966459e+00
6.956999998564124107e+09 2.985146452210461820e+00
6.956999998513554573e+09 3.271288461054329133e+00
6.956999998422617912e+09 3.547268689013513665e+00
6.956999998345016479e+09 3.267246246599676329e+00
6.956999998207019806e+09 3.011528715551662128e+00
6.956999998167320251e+09 2.723677242084201922e+00
6.956999997907163620e+09 2.853110684763802585e+00
6.956999998115656853e+09 3.055508797161457402e+00
6.956999997994057655e+09 3.319418112277521260e+00
6.956999998114903450e+09 3.583673438440500902e+00
6.956999998118627548e+09 3.293121151402220281e+00
6.956999997898598671e+09 3.103326617454424952e+00
6.956999997924882889e+09 3.392711586505356536e+00
6.956999998207669258e+09 3.325881404871913194e+00
6.956999998429721832e+09 3.513303710881341413e+00
6.956999998475722313e+09 3.226391815983508327e+00
6.956999998363166809e+09 2.958500497602885471e+00
6.956999998450518608e+09 3.235636129926700466e+00
6.956999998726124763e+09 3.143572070640540783e+00
6.956999998465395927e+09 3.271849766178007268e+00
6.956999998277665138e+09 3.493641797202571730e+00
6.956999997993049622e+09 3.552194663950327236e+00
6.956999997725304604e+09 3.665098558615296653e+00
6.956999997863142014e+09 3.409295462594350568e+00
6.956999998143235207e+09 3.486639365494700993e+00
6.956999998433516502e+09 3.473546554818320420e+00
6.956999998518780708e+09 3.751331702572137328e+00
6.956999998611570358e+09 4.026694196357547106e+00
6.956999998602619171e+09 4.317132429479004330e+00
6.956999998892073631e+09 4.291621240800687964e+00
6.956999998782867432e+09 4.022347139470524802e+00
6.956999998601314545e+09 4.249223747414423435e+00
6.956999998527244568e+09 3.968246569540370139e+00
6.956999998440656662e+09 4.245621961165710445e+00
6.956999998398648262e+09 4.533145551665292317e+00
6.956999998145878792e+09 4.676471349860469751e+00
6.956999997915078163e+09 4.853009235722844039e+00
6.956999997909854889e+09 5.143538435561290534e+00
6.956999998195279121e+09 5.089064503555773555e+00
6.956999998069361687e+09 4.827187913428885757e+00
6.956999998221563339e+09 4.579661749860634679e+00
6.956999998511532784e+09 4.598430561314333254e+00
6.956999998253435135e+09 4.731923002618906970e+00
6.956999998266510010e+09 5.022204820702839356e+00
6.956999998138386726e+09 4.761400404430194300e+00
6.956999997866662025e+09 4.658444143429860240e+00
6.956999997804864883e+09 4.942373034108625163e+00
6.956999997540963173e+09 4.820756806790486237e+00
6.956999997748493195e+09 5.024143019573102720e+00
6.956999997459917068e+09 4.990112304433016455e+00
6.956999997548469543e+09 5.266866523687310675e+00
6.956999997677166939e+09 5.527387892512352074e+00
6.956999997447303772e+09 5.705144178394555787e+00
6.956999997157004356e+09 5.692472984123688740e+00
6.956999996912452698e+09 5.849409271407853161e+00
6.956999996621887207e+09 5.846876937716637634e+00
6.956999996490607262e+09 6.106106819007354858e+00
6.956999996265007973e+09 5.922969476296315428e+00
6.956999996174220085e+09 5.646940518120079133e+00
6.956999995964333534e+09 5.847893826595712774e+00
6.956999995867604256e+09 5.573890359367341674e+00
6.956999996064623833e+09 5.787473751715355164e+00
6.956999995829167366e+09 5.957751735822057526e+00
6.956999995684638977e+09 6.209834943041305344e+00
6.956999995933410645e+09 6.059677488334967776e+00
6.956999996167632103e+09 5.887704141196628882e+00
6.956999996025101662e+09 5.634485845770501378e+00
6.956999995912827492e+09 5.902495095005296122e+00
6.956999995922330856e+09 5.612074399117409129e+00
6.956999995834436417e+09 5.889038504445175626e+00
6.956999996054318428e+09 5.699074762525084381e+00
6.956999995782650948e+09 5.802182814653564336e+00
6.956999995948373795e+09 5.563498045202257103e+00
6.956999995961998940e+09 5.853754589860903579e+00
6.956999995796515465e+09 5.614903684409761730e+00
6.956999995729368210e+09 5.897615132647795022e+00
6.956999995653848648e+09 6.178206054093029032e+00
6.956999995770488739e+09 5.912067894184382055e+00
6.956999995664411545e+09 6.182589765670019943e+00
6.956999995525459290e+09 5.927390098589604861e+00
6.956999995392434120e+09 5.669051375652785829e+00
6.956999995169480324e+09 5.855400631665429678e+00
6.956999995189088821e+09 5.565486870029371147e+00
6.956999995027330399e+09 5.324097548460542839e+00
6.956999995256694794e+09 5.502497301947530950e+00
6.956999995024175644e+09 5.676764957130826517e+00
6.956999994763105392e+09 5.549184744102742428e+00
6.956999994763885498e+09 5.258609643709723613e+00
6.956999995050041199e+09 5.208117197675446342e+00
6.956999995022972107e+09 5.497429744179522793e+00
6.956999995053314209e+09 5.786417384423057975e+00
6.956999994875551224e+09 6.016275914663627766e+00
6.956999995153983116e+09 6.099403117368362715e+00
6.956999995227012634e+09 5.818153690122512600e+00
6.956999994938051224e+09 5.848744088453867285e+00
6.956999994961535454e+09 6.138369698059086055e+00
6.956999994969385147e+09 6.428839799554670442e+00
6.956999995248626709e+09 6.348472509442356859e+00
6.956999995315324783e+09 6.065654747841559669e+00
6.956999995053021431e+09 5.940629659276507546e+00
6.956999995334658623e+09 6.012148030894986839e+00
6.956999995621566772e+09 5.966125936778595040e+00
6.956999995449881554e+09 5.731692916103149571e+00
6.956999995575716972e+09 5.469776919467467913e+00
6.956999995581111908e+09 5.760302984529983128e+00
6.956999995867093086e+09 5.811773769164370051e+00
6.956999996024761200e+09 6.055854281594735156e+00
6.956999995849526405e+09 6.287646066036749026e+00
6.956999995680480957e+09 6.051302508336731556e+00
6.956999995439645767e+09 5.888720333399417584e+00
6.956999995151433945e+09 5.851728651836247685e+00
6.956999994977910042e+09 5.618653582713347028e+00
6.956999994952713013e+09 5.908135175114552773e+00
6.956999994832531929e+09 6.172693297870231355e+00
6.956999995112046242e+09 6.252104688810144140e+00
6.956999995099263191e+09 5.961809843048053281e+00
6.956999995370774269e+09 6.065329984043245304e+00
6.956999995654927254e+09 6.004570173263311439e+00
6.956999995944006920e+09 6.034021977274438342e+00
6.956999995654733658e+09 6.061512136016308894e+00
6.956999995862723351e+09 5.858596863672832278e+00
6.956999995674246788e+09 5.637438081459731798e+00
6.956999995505903244e+09 5.400594395324363362e+00
6.956999995328230858e+09 5.170665923436151168e+00
6.956999995481651306e+09 5.417438245629806026e+00
6.956999995563901901e+09 5.138745918126757850e+00
6.956999995845396042e+09 5.066667374646296906e+00
6.956999996132918358e+09 5.108683051639899553e+00
6.956999996368811607e+09 4.939010613028503194e+00
6.956999996165032387e+09 4.731866680579758011e+00
6.956999995902978897e+09 4.857414816644909372e+00
6.956999996135571480e+09 5.031584185014847499e+00
6.956999996057128906e+09 4.751796259705452385e+00
6.956999996190035820e+09 5.010195638181420108e+00
6.956999996475252151e+09 5.065749794447732768e+00
6.956999996309212685e+09 5.304214662238532441e+00
6.956999996338122368e+09 5.593349098561214205e+00
6.956999996289566994e+09 5.879839765339369251e+00
6.956999996117487907e+09 5.645696314045398623e+00
6.956999996167769432e+09 5.359503570745045131e+00
6.956999996177976608e+09 5.069106749437989556e+00
6.956999996458601952e+09 5.144498261847258114e+00
6.956999996545694351e+09 4.867280873098601468e+00
6.956999996818252563e+09 4.766550458133077761e+00
6.956999996931462288e+09 4.498935112073063181e+00
6.956999997057806969e+09 4.760605947125209347e+00
6.956999997142175674e+09 4.482547506109067825e+00
6.956999997055645943e+09 4.205154200365328165e+00
6.956999996781902313e+09 4.302617385047189380e+00
6.956999996713852882e+09 4.585112963981115897e+00
6.956999996512084961e+09 4.376009793796193925e+00
6.956999996316357613e+09 4.161241595743311983e+00
6.956999996324281693e+09 3.870773502967501223e+00
6.956999996227741241e+09 3.596703422964825592e+00
6.956999995942070007e+09 3.543540818010521232e+00
6.956999995905473709e+09 3.831803253109269392e+00
6.956999995620399475e+09 3.775524208293582262e+00
6.956999995436446190e+09 3.550589503958568649e+00
6.956999995637089729e+09 3.340406800280587785e+00
6.956999995927377701e+09 3.327476623390537736e+00
6.956999995680665970e+09 3.480994535316080274e+00
6.956999995780389786e+09 3.753922403234973171e+00
6.956999995930431366e+09 4.002763649873611662e+00
6.956999995684544563e+09 3.847926977777723856e+00
6.956999995524353027e+09 4.090358789245181370e+00
6.956999995786252022e+09 4.216228793341041836e+00
6.956999995500631332e+09 4.269664514108912456e+00
6.956999995427046776e+09 3.988559975215320019e+00
6.956999995541350365e+09 4.255709950579546152e+00
6.956999995401908875e+09 4.000777481415896730e+00
6.956999995576553345e+09 4.233014320596286240e+00
6.956999995513164520e+09 3.949436619099869983e+00
6.956999995709221840e+09 4.163903036395504742e+00
6.956999995997675896e+09 4.198959843436063544e+00
6.956999995727874756e+09 4.091062742080489478e+00
6.956999996013812065e+09 4.142777915931511679e+00
6.956999996125523567e+09 3.874533377523725619e+00
6.956999996348342896e+09 3.688022777657178786e+00
6.956999996556982040e+09 3.890270239857791967e+00
6.956999996757987976e+09 4.100106308360319751e+00
6.956999996608694077e+09 4.349396699436083757e+00
6.956999996379611969e+09 4.528158510496407274e+00
6.956999996251534462e+09 4.267331740974285026e+00
6.956999996273711205e+09 3.977603085322285459e+00
6.956999996540525436e+09 3.862518434682792545e+00
6.956999996283958435e+09 3.726107772471956903e+00
6.956999996284581184e+09 4.016683252437953655e+00
6.956999996142622948e+09 4.270222776970158840e+00
6.956999995924263000e+09 4.078511333385538506e+00
6.956999995937148094e+09 4.368801672156961580e+00
6.956999996111467361e+09 4.601282204703111667e+00
6.956999995951931000e+09 4.844145557414762493e+00
6.956999996027729988e+09 5.124661288719748242e+00
6.956999996281231880e+09 5.266686270535808845e+00
6.956999996253340721e+09 5.555920745884002088e+00
6.956999996245479584e+09 5.846390547331185239e+00
6.956999996016921997e+09 6.025822450056458557e+00
6.956999995927101135e+09 5.749477285979534003e+00
6.956999996126719475e+09 5.960634008460775846e+00
6.956999995885262489e+09 5.798976504451395009e+00
6.956999996136899948e+09 5.944280356886928907e+00
6.956999996136559486e+09 6.234856304764267776e+00
6.956999995990021706e+09 5.983935682308943349e+00
6.956999996050210953e+09 6.268209670175752812e+00
6.956999995925166130e+09 6.530503813810991431e+00
6.956999995991311073e+09 6.247556200710707941e+00
6.956999995957674026e+09 6.536178858578387540e+00
6.956999996066677094e+09 6.805535304954416276e+00
6.956999996356799126e+09 6.821767162462401224e+00
6.956999996504862785e+09 6.571744029208697491e+00
6.956999996779713631e+09 6.477448543308747197e+00
6.956999996490359306e+09 6.450827640711727540e+00
6.956999996447841644e+09 6.738276312697875525e+00
6.956999996736065865e+09 6.775169389846252166e+00
6.956999997024555206e+09 6.740403828935715325e+00
6.956999996734248161e+09 6.727895412024444077e+00
6.956999996455349922e+09 6.809445703192976040e+00
6.956999996557519913e+09 7.081467544389070667e+00
6.956999996352747917e+09 7.287629620583553347e+00
6.956999996555548668e+09 7.079527489962266884e+00
6.956999996518789291e+09 6.791285842068885970e+00
6.956999996399868965e+09 6.526158719906287153e+00
6.956999996642979622e+09 6.685318614110851598e+00
6.956999996671622276e+09 6.396157618844860338e+00
6.956999996774925232e+09 6.667751165606647490e+00
6.956999996900343895e+09 6.929866897638776280e+00
6.956999997174664497e+09 6.834040734441035880e+00
6.956999997007914543e+09 7.072009051396029200e+00
6.956999997278465271e+09 6.966004214170948394e+00
6.956999996991385460e+09 7.010946982256883508e+00
6.956999996768511772e+09 7.197392645175820114e+00
6.956999996637067795e+09 6.938246196356335993e+00
6.956999996395387650e+09 7.099569540715654270e+00
6.956999996358208656e+09 7.387757347597327495e+00
6.956999996542139053e+09 7.612710971392179005e+00
6.956999996822917938e+09 7.537893041757854462e+00
6.956999996565493584e+09 7.672677933412473728e+00
6.956999996592389107e+09 7.962006710962119094e+00
6.956999996645860672e+09 7.676392790490016438e+00
6.956999996411269188e+09 7.847860514344680460e+00
6.956999996120746613e+09 7.842292471112503272e+00
6.956999996186910629e+09 7.559349403195813721e+00
6.956999996216260910e+09 7.270259312604527402e+00
6.956999996505496979e+09 7.298134553224809196e+00
6.956999996629606247e+09 7.560872948233644308e+00
6.956999996339103699e+09 7.554351615543856369e+00
6.956999996066877365e+09 7.655974750819038555e+00
6.956999995959765434e+09 7.385860772950924691e+00
6.956999995676974297e+09 7.452671475101426246e+00
6.956999995704506874e+09 7.741940306576712949e+00
6.956999995988099098e+09 7.678616766835247631e+00
6.956999995738509178e+09 7.529823481027173138e+00
6.956999995467036247e+09 7.426203084896140894e+00
6.956999995391020775e+09 7.145746058196820627e+00
6.956999995210405350e+09 7.373369678530999671e+00
6.956999995331910133e+09 7.109416764234689268e+00
6.956999995570140839e+09 6.943042439116063669e+00
6.956999995473470688e+09 7.217066723684078866e+00
6.956999995555174828e+09 7.495919560385194025e+00
6.956999995844497681e+09 7.522876034547179458e+00
6.956999995557451248e+09 7.477723914805269878e+00
6.956999995444612503e+09 7.745496052029556822e+00
6.956999995165438652e+09 7.826096562788288580e+00
6.956999995302577019e+09 8.082275312148679447e+00
6.956999995071516991e+09 8.258473004055225886e+00
6.956999994791434288e+09 8.181090363811833299e+00
6.956999994504189491e+09 8.137218839813602500e+00
6.956999994791435242e+09 8.181084167054493150e+00
6.956999994687349319e+09 7.909789753016692515e+00
6.956999994940448761e+09 8.052531333838727434e+00
6.956999995106945038e+09 7.814385647182404249e+00
6.956999995367320061e+09 7.685392359906723314e+00
6.956999995594369888e+09 7.504056095703242057e+00
6.956999995411422729e+09 7.278302127291926382e+00
6.956999995528352737e+09 7.012291054571653248e+00
6.956999995606863976e+09 6.732522479142719618e+00
6.956999995861812592e+09 6.593110325417592676e+00
6.956999995594249725e+09 6.706443925608607692e+00
6.956999995552159309e+09 6.418932332895871617e+00
6.956999995813787460e+09 6.545364899520152768e+00
6.956999995539567947e+09 6.449250345475903146e+00
6.956999995830134392e+09 6.446822820798979059e+00
6.956999996055073738e+09 6.630770942658531730e+00
6.956999996095915794e+09 6.343079359068507728e+00
6.956999996383264542e+09 6.386266724714690923e+00
6.956999996216067314e+09 6.148612615665819625e+00
6.956999996417545319e+09 5.939229998988005299e+00
6.956999996703296661e+09 5.886495522285032145e+00
6.956999996742889404e+09 5.598629384547304966e+00
6.956999997027894974e+09 5.542005012674810160e+00
6.956999996925133705e+09 5.270206303194219011e+00
6.956999997010738373e+09 5.547886448088984679e+00
6.956999996941882133e+09 5.830186530002533729e+00
6.956999996796567917e+09 6.081817490357132705e+00
6.956999996753923416e+09 6.369247374344309875e+00
6.956999996941250801e+09 6.591380447683294896e+00
6.956999997001666069e+09 6.875606638180987495e+00
6.956999996712323189e+09 6.902347005237926325e+00
6.956999996502640724e+09 6.701180748932929809e+00
6.956999996789304733e+09 6.653658553203550596e+00
6.956999996499779701e+09 6.628961285442366957e+00
6.956999996247851372e+09 6.773760350013294129e+00
6.956999996438240051e+09 6.993274809195971997e+00
6.956999996169088364e+09 6.883767346914057228e+00
6.956999995920849800e+09 7.034803871895161542e+00
6.956999996078454971e+09 7.278924899246174363e+00
6.956999995803684235e+09 7.373452938275530499e+00
6.956999995513672829e+09 7.391554916935052510e+00
6.956999995614407539e+09 7.664111537798090623e+00
6.956999995474243164e+09 7.409575903213967862e+00
6.956999995706830025e+09 7.583754114071238561e+00
6.956999995807685852e+09 7.311242566996090098e+00
6.956999995913301468e+09 7.040540198471775923e+00
6.956999996094424248e+09 6.813319780765315414e+00
6.956999996131673813e+09 6.525141096230786530e+00
6.956999996384387016e+09 6.668565897596894665e+00
6.956999996454664230e+09 6.950515510346408909e+00
6.956999996469385147e+09 6.660312512725442780e+00
6.956999996185628891e+09 6.597727804548259911e+00
6.956999996135058403e+09 6.883869509900607753e+00
6.956999996410019875e+09 6.789897873266687256e+00
6.956999996656398773e+09 6.943948843628151124e+00
6.956999996706204414e+09 6.657672929588125399e+00
6.956999996692372322e+09 6.367426199543959164e+00
6.956999996578019142e+09 6.634555036196329247e+00
6.956999996862306595e+09 6.574430376329853942e+00
6.956999996915276527e+09 6.860137740948362151e+00
6.956999997190365791e+09 6.766539551193117674e+00
6.956999997236104012e+09 7.053493376978815732e+00
6.956999996949213028e+09 7.007362451272849846e+00
6.956999996949635506e+09 7.297938291462254590e+00
6.956999996993383408e+09 7.010674327117107474e+00
6.956999997283281326e+09 6.990831626611273109e+00
6.956999996996311188e+09 7.036469676143460639e+00
6.956999996749644279e+09 6.882880127933277414e+00
6.956999996649146080e+09 7.155523846603949245e+00
6.956999996847565651e+09 7.367806709456202974e+00
6.956999996729890823e+09 7.102124145758193841e+00
6.956999996780879021e+09 7.388191815678151642e+00
6.956999996863266945e+09 7.666843478816111279e+00
6.956999996604292870e+09 7.535059109437420410e+00
6.956999996736137390e+09 7.276116083268348689e+00
6.956999997026685715e+09 7.272126375709843771e+00
6.956999996758150101e+09 7.161116361834045208e+00
6.956999996737648964e+09 7.450968375486677786e+00
6.956999997022974014e+09 7.505962379298961373e+00
6.956999996925175667e+09 7.232338654707045400e+00
6.956999996648240089e+09 7.320321623227402874e+00
6.956999996426734924e+09 7.132253044707046463e+00
6.956999996707567215e+09 7.206869231596021663e+00
6.956999996560964584e+09 7.457751991468168029e+00
6.956999996722824097e+09 7.699073224028246010e+00
6.956999996645523071e+09 7.418967706379291371e+00
6.956999996673958778e+09 7.708149117994555155e+00
6.956999996428324699e+09 7.863385691152474877e+00
6.956999996474720955e+09 7.576537484279507240e+00
6.956999996199474335e+09 7.483403864881958079e+00
6.956999996141757965e+09 7.768190238394356406e+00
6.956999996408773422e+09 7.653572933214317864e+00
6.956999996327566147e+09 7.374574849510545427e+00
6.956999996043738365e+09 7.436836371032976345e+00
6.956999995970966339e+09 7.155520360366740107e+00
6.956999996178131104e+09 6.951762254081287118e+00
6.956999996166099548e+09 7.242089195041750749e+00
6.956999996213401794e+09 6.955388940388823826e+00
6.956999996459084511e+09 7.110547842582890965e+00
6.956999996196868896e+09 6.985337966796855369e+00
6.956999995957321167e+09 7.149810572861484914e+00
6.956999995911558151e+09 6.862860650100754079e+00
6.956999995820556641e+09 7.138819325968115415e+00
6.956999995643344879e+09 7.369103180890233418e+00
6.956999995363607407e+09 7.447726170215037911e+00
6.956999995123693466e+09 7.611665062304168394e+00
6.956999995086668968e+09 7.899872821874904361e+00
6.956999995352704048e+09 7.782998266880500893e+00
6.956999995603018761e+09 7.635427665917981166e+00
6.956999995407890320e+09 7.420115104446412424e+00
6.956999995504836082e+09 7.146188117832170228e+00
6.956999995446994781e+09 7.430949271103138187e+00
6.956999995195078850e+09 7.575769294842492840e+00
6.956999995173862457e+09 7.285968745766397525e+00
6.956999995407562256e+09 7.113287563938276215e+00
6.956999995697630882e+09 7.096117350678066593e+00
6.956999995407207489e+09 7.105545051780646659e+00
6.956999995250660896e+09 7.350346179591836560e+00
6.956999995105999947e+09 7.602353501349075948e+00
6.956999995186002731e+09 7.881699381362753165e+00
6.956999995308490753e+09 7.618201519984530101e+00
6.956999995067997932e+09 7.455113501452959923e+00
6.956999994815096855e+09 7.598206333955890734e+00
6.956999994755366325e+09 7.882577150223316842e+00
6.956999994959566116e+09 8.089306196106484492e+00
6.956999994842741966e+09 7.823248722423600476e+00
6.956999995127172470e+09 7.763800871498643730e+00
6.956999995379293442e+09 7.908264034308887247e+00
6.956999995543477058e+09 8.148009967257529240e+00
6.956999995260703087e+09 8.081126214748527659e+00
6.956999995550937653e+09 8.095210163725084840e+00
6.956999995598436356e+09 7.808542491146776676e+00
6.956999995862715721e+09 7.687750118388906095e+00
6.956999995642813683e+09 7.497809174147702649e+00
6.956999995874688148e+09 7.322684708492139372e+00
6.956999995602981567e+09 7.425689424354120050e+00
6.956999995889320374e+09 7.475132174062995460e+00
6.956999995830806732e+09 7.759755857937170376e+00
6.956999995851238251e+09 7.469898921670221625e+00
6.956999996054764748e+09 7.677291056360979304e+00
6.956999995851792336e+09 7.885225812847421523e+00
6.956999995816213608e+09 7.596835999921253801e+00
6.956999995675679207e+09 7.851167864558935783e+00
6.956999995943289757e+09 7.737945881256351299e+00
6.956999996191006660e+09 7.889837004150616728e+00
6.956999996262823105e+09 7.608275483672994888e+00
6.956999996069451332e+09 7.825166772134734217e+00
6.956999995942556381e+09 8.086570879862660988e+00
6.956999996013164520e+09 8.368437957517780745e+00
6.956999996064871788e+09 8.082499468783765906e+00
6.956999996107270241e+09 7.795033156028559951e+00
6.956999995885766029e+09 7.606963355639473789e+00
6.956999995692706108e+09 7.824132147415554961e+00
6.956999995839234352e+09 7.573205981226989181e+00
6.956999995753996849e+09 7.295412791914191786e+00
6.956999996029941559e+09 7.204367400788592057e+00
6.956999995807516098e+09 7.391346641876271661e+00
6.956999996098092079e+09 7.391038924280064926e+00
6.956999996387891769e+09 7.412262350294239077e+00
6.956999996243895531e+09 7.159874725379992810e+00
6.956999996012176514e+09 6.984543710858093668e+00
6.956999996284832001e+09 6.884077872298146161e+00
6.956999996034475327e+09 6.736578714813650670e+00
6.956999996230422974e+09 6.951145817554074569e+00
6.956999996175125122e+09 7.236411761668192888e+00
6.956999996458087921e+09 7.170330008213265494e+00
6.956999996180685043e+09 7.256829729564515219e+00
6.956999996437162399e+09 7.393409436379684507e+00
6.956999996208917618e+09 7.573239932108521089e+00
6.956999996192253113e+09 7.283142024909487589e+00
6.956999996035751343e+09 7.038312145116787377e+00
6.956999995818056107e+09 6.845846026040896426e+00
6.956999995533922195e+09 6.906694666583764963e+00
6.956999995822992325e+09 6.936236354507449242e+00
6.956999996105380058e+09 7.004731833038495559e+00
6.956999995862472534e+09 7.164201056467774720e+00
6.956999996147225380e+09 7.222084224450502354e+00
6.956999996289351463e+09 7.475530095011277965e+00
6.956999996510448456e+09 7.286981209218037492e+00
6.956999996788977623e+09 7.204178737110958686e+00
6.956999996993494034e+09 7.410594721679800045e+00
6.956999997148510933e+09 7.656367338688990998e+00
6.956999997150794983e+09 7.946934506164022416e+00
6.956999996920707703e+09 7.769468383099081166e+00
6.956999996754798889e+09 7.530912914892372356e+00
6.956999997028619766e+09 7.433668131689741720e+00
6.956999997162395477e+09 7.175717451429586724e+00
6.956999997324223518e+09 7.417059818009268390e+00
6.956999997413145065e+09 7.693695775186817798e+00
6.956999997703087807e+09 7.674527241930529264e+00
6.956999997572247505e+09 7.933979088468695373e+00
6.956999997600509644e+09 8.223177551525409967e+00
6.956999997862238884e+09 8.096955048241373021e+00
6.956999997991082191e+09 8.357404504001804568e+00
6.956999998234766006e+09 8.515684225826419151e+00
6.956999997944861412e+09 8.495933390304978516e+00
6.956999998230021477e+09 8.440092033688131323e+00
6.956999997945204735e+09 8.382523032512704475e+00
6.956999998120830536e+09 8.151027679263858516e+00
6.956999997830255508e+09 8.150187073376780944e+00
6.956999997685050011e+09 8.401881133743119179e+00
6.956999997938278198e+09 8.259368820567793534e+00
6.956999997777402878e+09 8.501347513251372945e+00
6.956999997969694138e+09 8.719197582261518420e+00
6.956999997910502434e+09 8.434714214596363391e+00
6.956999997981120110e+09 8.152849617872421462e+00
6.956999997968912125e+09 8.443169197299427609e+00
6.956999998116543770e+09 8.693447877352829423e+00
6.956999997827682495e+09 8.724971135743583517e+00
6.956999998040987968e+09 8.922291093512104254e+00
6.956999998188765526e+09 9.172483333623754120e+00
6.956999997900274277e+09 9.137738967644809307e+00
6.956999997747522354e+09 8.890552245545974230e+00
6.956999997554859161e+09 8.673030878918435604e+00
6.956999997688027382e+09 8.414765907285989499e+00
6.956999997425311089e+09 8.538920689426239719e+00
6.956999997162648201e+09 8.414651463343835402e+00
6.956999996873933792e+09 8.381814212922048313e+00
6.956999997147395134e+09 8.283562519237266386e+00
6.956999997371816635e+09 8.468141465626572995e+00
6.956999997221350670e+09 8.219556432474545815e+00
6.956999997454659462e+09 8.392765440578141778e+00
6.956999997744236946e+09 8.416837695679253883e+00
6.956999998030920982e+09 8.464238324016731596e+00
6.956999998124161720e+09 8.739448498042380109e+00
6.956999997971160889e+09 8.986481550587978262e+00
6.956999998194977760e+09 9.171793515347220094e+00
6.956999997969525337e+09 9.355112154205734498e+00
6.956999998088101387e+09 9.089830731343353065e+00
6.956999997931149483e+09 9.334372597179124043e+00
6.956999997769001961e+09 9.093244645496037393e+00
6.956999997968529701e+09 9.304486274129189383e+00
6.956999997871869087e+09 9.578513889534004733e+00
6.956999998046652794e+09 9.346382269104591245e+00
6.956999998267518997e+09 9.535201046054131879e+00
6.956999998554615974e+09 9.580033959718084802e+00
6.956999998270689964e+09 9.641845945187084155e+00
6.956999998034054756e+09 9.810481919614076673e+00
6.956999997859433174e+09 1.004273566332144974e+01
6.956999997797637939e+09 1.032666488501826940e+01
6.956999997898981094e+09 1.059899552079056129e+01
6.956999997743509293e+09 1.084448099752455974e+01
6.956999997492808342e+09 1.069756749042294253e+01
6.956999997503792763e+09 1.098793593156200110e+01
6.956999997433633804e+09 1.070595685889720450e+01
6.956999997377830505e+09 1.099112439829835530e+01
6.956999997559527397e+09 1.121788570298965659e+01
6.956999997427083969e+09 1.147652312715058898e+01
6.956999997647157669e+09 1.166626548236274985e+01
6.956999997720532417e+09 1.194742487793134700e+01
6.956999997476979256e+09 1.178894344146647200e+01
6.956999997294636726e+09 1.201518632064828473e+01
6.956999997108325005e+09 1.179220074618284109e+01
6.956999997370388985e+09 1.166667349090446137e+01
6.956999997627302170e+09 1.180243135999043957e+01
6.956999997343544006e+09 1.186500822420241086e+01
6.956999997474006653e+09 1.160536615707418839e+01
6.956999997409792900e+09 1.188875818889932745e+01
6.956999997205493927e+09 1.209538975149670037e+01
6.956999996918006897e+09 1.213764569268644244e+01
6.956999996627572060e+09 1.214670108081045008e+01
6.956999996773488045e+09 1.239798381000238869e+01
6.956999996808591843e+09 1.210953585207446181e+01
6.956999996548431396e+09 1.223896101967991079e+01
6.956999996567369461e+09 1.252891940087238254e+01
6.956999996821571350e+09 1.266968762096427881e+01
6.956999996543912888e+09 1.258401260170369973e+01
6.956999996730344772e+09 1.280689709028043843e+01
6.956999997004878998e+09 1.290210842578630590e+01
6.956999996836025238e+09 1.266562823413218020e+01
6.956999997073093414e+09 1.283365604168526097e+01
6.956999996788487434e+09 1.277505703804123272e+01
6.956999997001338005e+09 1.257724666996046459e+01
6.956999996776842117e+09 1.239275846560683725e+01
6.956999996812197685e+09 1.210434123118396421e+01
6.956999997036962509e+09 1.192018025211747556e+01
6.956999996890651703e+09 1.217123359920430303e+01
6.956999996745153427e+09 1.242275856808881862e+01
6.956999997033836365e+09 1.238964309411464448e+01
6.956999997266730309e+09 1.221587690657463021e+01
6.956999997542027473e+09 1.230885922842027114e+01
6.956999997814227104e+09 1.220716330816169304e+01
6.956999997537499428e+09 1.229579964870568887e+01
6.956999997457210541e+09 1.201653587053334959e+01
6.956999997746107101e+09 1.204773290129709906e+01
6.956999997684002876e+09 1.176387112999297635e+01
6.956999997811085701e+09 1.202518424896934413e+01
6.956999997917729378e+09 1.175488524920814370e+01
6.956999997857464790e+09 1.147062714512617276e+01
6.956999998146702766e+09 1.149848306319855418e+01
6.956999998214726448e+09 1.121598121025988348e+01
6.956999998502896309e+09 1.117866389862589571e+01
6.956999998476160049e+09 1.146800744686714957e+01
6.956999998186110497e+09 1.145051393540373397e+01
6.956999997898780823e+09 1.140720147574660182e+01
6.956999998054094315e+09 1.165278669218242769e+01
6.956999998114581108e+09 1.136857576292170258e+01
6.956999997899182320e+09 1.156360848834987110e+01
6.956999997931416512e+09 1.127482576079808041e+01
6.956999997643011093e+09 1.131027575685511799e+01
6.956999997377997398e+09 1.142944870570378768e+01
6.956999997307920456e+09 1.114744914415866539e+01
6.956999997557223320e+09 1.129672279363278875e+01
6.956999997277992249e+09 1.137712489163782870e+01
6.956999997190277100e+09 1.110010413767186144e+01
6.956999996945347786e+09 1.125644980857783928e+01
6.956999997215385437e+09 1.136375451288331462e+01
6.956999997021990776e+09 1.158062520648551263e+01
6.956999996984732628e+09 1.129244758193797438e+01
6.956999996949179649e+09 1.158084050575147650e+01
6.956999997085703850e+09 1.183734698291947218e+01
6.956999997068826675e+09 1.212743261368390080e+01
6.956999997090654373e+09 1.241718774688664162e+01
6.956999996939373016e+09 1.216909787756985750e+01
6.956999996729814529e+09 1.237039311651184370e+01
6.956999996827808380e+09 1.209683939186543533e+01
6.956999997031265259e+09 1.188937872683009545e+01
6.956999996953378677e+09 1.216932181859174911e+01
6.956999996669981956e+09 1.223351465457301401e+01
6.956999996917762756e+09 1.208172804501315412e+01
6.956999996679503441e+09 1.191539454407443976e+01
6.956999996399128914e+09 1.183907684356496226e+01
6.956999996456399918e+09 1.212395319016944484e+01
6.956999996411793709e+09 1.183682113893046584e+01
6.956999996126877785e+09 1.189389254007113372e+01
6.956999996207265854e+09 1.217312754552011000e+01
6.956999996037083626e+09 1.240865349062547374e+01
6.956999996053236961e+09 1.211852670093290740e+01
6.956999996323710442e+09 1.201232530407785859e+01
6.956999996397137642e+09 1.229347111540282356e+01
6.956999996375214577e+09 1.200372315893880959e+01
6.956999996155994415e+09 1.219445058855144381e+01
6.956999995883913040e+09 1.229646138048108739e+01
6.956999995824636459e+09 1.201199552577400986e+01
6.956999995993093491e+09 1.177523231916739377e+01
6.956999995957295418e+09 1.148686969893425136e+01
6.956999995820457458e+09 1.174320904127635501e+01
6.956999995874689102e+09 1.202867959073669724e+01
6.956999995682905197e+09 1.224697652244655544e+01
6.956999995816221237e+09 1.198878779235457159e+01
6.956999995986847878e+09 1.175358360027029647e+01
6.956999995848589897e+09 1.149800711434464695e+01
6.956999996039163589e+09 1.127865274712048382e+01
6.956999996158341408e+09 1.154366442383881619e+01
6.956999995915622711e+09 1.138390764793327214e+01
6.956999996074948311e+09 1.114090580231753869e+01
6.956999996278444290e+09 1.093348376370740205e+01
6.956999996468779564e+09 1.071392271149299802e+01
6.956999996544498444e+09 1.099446002097197983e+01
6.956999996753156662e+09 1.079223148648930142e+01
6.956999996866525650e+09 1.052468344631548902e+01
6.956999997068632126e+09 1.073346002313723169e+01
6.956999996781877518e+09 1.068648698198662927e+01
6.956999996556966782e+09 1.087046999676799253e+01
6.956999996681338310e+09 1.060785594018238953e+01
6.956999996417583466e+09 1.072979033346324762e+01
6.956999996358064651e+09 1.044537510353917931e+01
6.956999996213328362e+09 1.019341120245492149e+01
6.956999996209255219e+09 1.048395879471665815e+01
6.956999995929339409e+09 1.056194237288158888e+01
6.956999995738419533e+09 1.078099479693709029e+01
6.956999995978452682e+09 1.061723094651515709e+01
6.956999996264897346e+09 1.056840455773473764e+01
6.956999996498718262e+09 1.039588731115712150e+01
6.956999996770974159e+09 1.049743267798912250e+01
6.956999997024219513e+09 1.063991482449743664e+01
6.956999997010408401e+09 1.034966709732322876e+01
6.956999997276230812e+09 1.046702527457382281e+01
6.956999997081660271e+09 1.068284149722854792e+01
6.956999997129756927e+09 1.039627356370136191e+01
6.956999997370018005e+09 1.023284450937878276e+01
6.956999997125674248e+09 1.007558434462920083e+01
6.956999996942889214e+09 9.849699028959946645e+00
6.956999997231251717e+09 9.885495659734981899e+00
6.956999997432581902e+09 9.675970927080435047e+00
6.956999997721165657e+09 9.709941070202141589e+00
6.956999997873101234e+09 9.462251596803151088e+00
6.956999998100601196e+09 9.281480779982176799e+00
6.956999998240813255e+09 9.535990452260367789e+00
6.956999998106702805e+09 9.278213849317332063e+00
6.956999997816292763e+09 9.268380081557152650e+00
6.956999997851408005e+09 8.979933552476390801e+00
6.956999998128559113e+09 9.067236664195158724e+00
6.956999998130822182e+09 9.357803995668851016e+00
6.956999997885449409e+09 9.513453825019139387e+00
6.956999997614895821e+09 9.407458111562954528e+00
6.956999997646107674e+09 9.118563140939757616e+00
6.956999997672513008e+09 8.829189251383965598e+00
6.956999997751719475e+09 9.108761712612210459e+00
6.956999997734102249e+09 8.818720129346509395e+00
6.956999997483319283e+09 8.671947071977452737e+00
6.956999997291947365e+09 8.890605263765934296e+00
6.956999997311253548e+09 8.600671171611145027e+00
6.956999997175054550e+09 8.857350790000323215e+00
6.956999997256301880e+09 9.136337102997856618e+00
6.956999997545676231e+09 9.162742173074684970e+00
6.956999997617466927e+09 9.444310245797371550e+00
6.956999997328608513e+09 9.412758779391193542e+00
6.956999997042278290e+09 9.363268225701792957e+00
6.956999996775491714e+09 9.478417450726626114e+00
6.956999997057923317e+09 9.546733646441524002e+00
6.956999996826020241e+09 9.721820852451676487e+00
6.956999997112735748e+09 9.674610333765093273e+00
6.956999997080043793e+09 9.963341615952808539e+00
6.956999997311280251e+09 1.013930863816372252e+01
6.956999997574121475e+09 1.001541718108230050e+01
6.956999997284777641e+09 9.988681030810454331e+00
6.956999996995909691e+09 9.957218055082991626e+00
6.956999996938982964e+09 9.672272639880024059e+00
6.956999997192719460e+09 9.530666438535062568e+00
6.956999996917869568e+09 9.624963076263291839e+00
6.956999996993175507e+09 9.344314698614942571e+00
6.956999996747670174e+09 9.188875008244558273e+00
6.956999996799828529e+09 8.903018465751003419e+00
6.956999996509295464e+09 8.908013247851213734e+00
6.956999996643329620e+09 8.650196988417743427e+00
6.956999996530446053e+09 8.382443930647113461e+00
6.956999996404878616e+09 8.120399454968110220e+00
6.956999996482818604e+09 8.400327872030633358e+00
6.956999996603042603e+09 8.664866481832445899e+00
6.956999996732913017e+09 8.924805304150948970e+00
6.956999996916982651e+09 9.149644905204400658e+00
6.956999997060205460e+09 8.896817489621744457e+00
6.956999996871133804e+09 8.676167541308222653e+00
6.956999996789332390e+09 8.954991943792657949e+00
6.956999996939626694e+09 9.203681018969302130e+00
6.956999997228604317e+09 9.173242633636654375e+00
6.956999996948723793e+09 9.095130536376515806e+00
6.956999996730366707e+09 8.903415556858172764e+00
6.956999996825074196e+09 8.628706638285905228e+00
6.956999996646688461e+09 8.399331519768196586e+00
6.956999996414854050e+09 8.574509058054459842e+00
6.956999996703564644e+09 8.607382953654051150e+00
6.956999996586020470e+09 8.341642572724428106e+00
6.956999996876409531e+09 8.331226324448554266e+00
6.956999996616448402e+09 8.461052048059187314e+00
6.956999996750586510e+09 8.718814579938518605e+00
6.956999996806620598e+09 9.003936761558414048e+00
6.956999996598563194e+09 8.801090738305738626e+00
6.956999996549781799e+09 9.087542902396975819e+00
6.956999996817249298e+09 8.973983257552404780e+00
6.956999997100520134e+09 8.909236957137308011e+00
6.956999997390058517e+09 8.933775402053301562e+00
6.956999997345268250e+09 9.220878809031384904e+00
6.956999997424971581e+09 9.500310240654677330e+00
6.956999997354949951e+09 9.218297006106157099e+00
6.956999997066349030e+09 9.252117547058572811e+00
6.956999997034908295e+09 9.540987716530320739e+00
6.956999997072886467e+09 9.829071293445730717e+00
6.956999997174698830e+09 9.556915671923746913e+00
6.956999996936759949e+09 9.723707562781047642e+00
6.956999997211873055e+09 9.630181324314055047e+00
6.956999997230595589e+09 9.920153671509195803e+00
6.956999996997726440e+09 1.009395406096285441e+01
6.956999997241588593e+09 9.935948214585984317e+00
6.956999997406591415e+09 9.696765039942533804e+00
6.956999997569698334e+09 9.456285087354409313e+00
6.956999997856306076e+09 9.504145153303030114e+00
6.956999998030465126e+09 9.736745689962891248e+00
6.956999997763147354e+09 9.622835382068874566e+00
6.956999997677997589e+09 9.900655461576652883e+00
6.956999997643225670e+09 1.018914361557932935e+01
6.956999997516971588e+09 1.045085814606914276e+01
6.956999997785272598e+09 1.033928379370937201e+01
6.956999997508614540e+09 1.025042960642758594e+01
6.956999997372585297e+09 1.050719927631605088e+01
6.956999997655927658e+09 1.057163349465028546e+01
6.956999997646863937e+09 1.028119875006030348e+01
6.956999997588683128e+09 1.056589065685734141e+01
6.956999997298942566e+09 1.058790520788466516e+01
6.956999997270911217e+09 1.087712610874296004e+01
6.956999996980337143e+09 1.087816122160406707e+01
6.956999996884011269e+09 1.115230680393547402e+01
6.956999997114255905e+09 1.097504429308630947e+01
6.956999997122470856e+09 1.126550430089002219e+01
6.956999997410876274e+09 1.130095793279973471e+01
6.956999997506728172e+09 1.102664628392000168e+01
6.956999997488464355e+09 1.073664465351397901e+01
6.956999997526206017e+09 1.102475931391957253e+01
6.956999997246886253e+09 1.094466701024428446e+01
6.956999996970339775e+09 1.103386600451715971e+01
6.956999997260709763e+09 1.102291469444300986e+01
6.956999997531388283e+09 1.091723811112366604e+01
6.956999997378985405e+09 1.066983576048579785e+01
6.956999997095476151e+09 1.073352887778005282e+01
6.956999997020884514e+09 1.101436792389174890e+01
6.956999996888582230e+09 1.075565821808532618e+01
6.956999996696352959e+09 1.097356271493286606e+01
6.956999996464590073e+09 1.079829054404072863e+01
6.956999996683760643e+09 1.060750615472979952e+01
6.956999996974310875e+09 1.061138062594492837e+01
6.956999997181716919e+09 1.081489288244162594e+01
6.956999996914000511e+09 1.070192295557016315e+01
6.956999996624582291e+09 1.072783707067493353e+01
6.956999996649736404e+09 1.043835171242141158e+01
6.956999996774333000e+09 1.017584410261571293e+01
6.956999996985368729e+09 1.037559019950424855e+01
6.956999996858384132e+09 1.063695072875177061e+01
6.956999996713979721e+09 1.088910508385603748e+01
6.956999996592790604e+09 1.115320293260898943e+01
6.956999996882978439e+09 1.113817647916556552e+01
6.956999997063681602e+09 1.136573051307381022e+01
6.956999996895273209e+09 1.112893279344435982e+01
6.956999996604699135e+09 1.112771722637485894e+01
6.956999996853746414e+09 1.097801774712181810e+01
6.956999996695062637e+09 1.073459643890836901e+01
6.956999996906017303e+09 1.053476447361101087e+01
6.956999997162078857e+09 1.067212093945402174e+01
6.956999997393978119e+09 1.084721250781759849e+01
6.956999997380600929e+09 1.055694446076590864e+01
6.956999997151068687e+09 1.037876046872824176e+01
6.956999996871697426e+09 1.045867561839970428e+01
6.956999996658827782e+09 1.026088520498081991e+01
6.956999996910644531e+09 1.011589212467703192e+01
6.956999996871788979e+09 9.827925601280801615e+00
6.956999997071309090e+09 9.616676483015130117e+00
6.956999997029936790e+09 9.904292213934532185e+00
6.956999997287322998e+09 9.769433546404593827e+00
6.956999997391840935e+09 9.498305454781228008e+00
6.956999997476898193e+09 9.776153830877372997e+00
6.956999997311718941e+09 9.537092619731661003e+00
6.956999997354808807e+09 9.824456076937638116e+00
6.956999997298915863e+09 9.539306243168612198e+00
6.956999997222450256e+09 9.819640946467094622e+00
6.956999996939605713e+09 9.886227050531447347e+00
6.956999997218885422e+09 9.966458745505144989e+00
6.956999997482244492e+09 1.008924538961321460e+01
6.956999997762170792e+09 1.001129826905569686e+01
6.956999998017906189e+09 1.014926194865420150e+01
6.956999997990634918e+09 9.859968376336691875e+00
6.956999997700883865e+09 9.838080618858153770e+00
6.956999997971401215e+09 9.944169437411030543e+00
6.956999997779240608e+09 1.016213491804817970e+01
6.956999997782358170e+09 9.871575494409867702e+00
6.956999998072875977e+09 9.877388069200863541e+00
6.956999998207782745e+09 1.013474906297342670e+01
6.956999998247758865e+09 9.846935873769625758e+00
6.956999998067560196e+09 9.618981987375306630e+00
6.956999997838455200e+09 9.440249623303234472e+00
6.956999998128265381e+09 9.419162028590315927e+00
6.956999997837844849e+09 9.428659660332353809e+00
6.956999997662279129e+09 9.660200320614961811e+00
6.956999997454297066e+09 9.863124245502080001e+00
6.956999997178903580e+09 9.770425096285746847e+00
6.956999997460677147e+09 9.841404474801601410e+00
6.956999997252268791e+09 9.638918604602425333e+00
6.956999997542510986e+09 9.652843663162839150e+00
6.956999997690602303e+09 9.902850668845870175e+00
6.956999997976439476e+09 9.850586065679495462e+00
6.956999997992481232e+09 1.014071905416979469e+01
6.956999997723216057e+09 1.024994593403695120e+01
6.956999997768952370e+09 9.962991801454048613e+00
6.956999997954414368e+09 9.739299652157711762e+00
6.956999997665892601e+09 9.704805695172423086e+00
6.956999997672969818e+09 9.414315748679847218e+00
6.956999997929064751e+09 9.277020351413439059e+00
6.956999997647083282e+09 9.347171158797586088e+00
6.956999997856619835e+09 9.548489351382036361e+00
6.956999997566117287e+09 9.541942580065681412e+00
6.956999997554805756e+09 9.832298483471339168e+00
6.956999997732740402e+09 9.602572841867626607e+00
6.956999997873056412e+09 9.857025176772509667e+00
6.956999998079368591e+09 1.006164638740512629e+01
6.956999997907909393e+09 9.827048111664259622e+00
6.956999997649643898e+09 9.960215377572021467e+00
6.956999997634358406e+09 9.670041526211875293e+00
6.956999997882747650e+09 9.519252827247075999e+00
6.956999997612270355e+09 9.625443006397363277e+00
6.956999997830899239e+09 9.434037654348832902e+00
6.956999997572557449e+09 9.567056646958079114e+00
6.956999997692819595e+09 9.831577912587466272e+00
6.956999997548129082e+09 1.008356816459192018e+01
6.956999997829230309e+09 1.015716690187897875e+01
6.956999997754083633e+09 1.043785805947688949e+01
6.956999997982293129e+09 1.025798385804763413e+01
6.956999998266963959e+09 1.031626547303445918e+01
6.956999998537308693e+09 1.042279401518728754e+01
6.956999998634938240e+09 1.069647811536120585e+01
6.956999998638607025e+09 1.098703109763672359e+01
6.956999998447813988e+09 1.120619428985363975e+01
6.956999998390280724e+09 1.149101784234331980e+01
6.956999998108226776e+09 1.156087477154528109e+01
6.956999998247972488e+09 1.181564065650904993e+01
6.956999998318619728e+09 1.153378346309425417e+01
6.956999998160536766e+09 1.177759521452474090e+01
6.956999997932447433e+09 1.195762283801043679e+01
6.956999997757849693e+09 1.218989448804689602e+01
6.956999997618538857e+09 1.193489084546118839e+01
6.956999997435770988e+09 1.170899163767458973e+01
6.956999997690660477e+09 1.156947146198958976e+01
6.956999997718598366e+09 1.185870147034761679e+01
6.956999997443784714e+09 1.176429759501325378e+01
6.956999997212150574e+09 1.193974015929204846e+01
6.956999997026790619e+09 1.171596337209279426e+01
6.956999996747088432e+09 1.163721491500364635e+01
6.956999996462203979e+09 1.169444602038146641e+01
6.956999996750362396e+09 1.165703988174405303e+01
6.956999996995235443e+09 1.150060535454024269e+01
6.956999996723147392e+09 1.139861131729671051e+01
6.956999996936780930e+09 1.159557634620328415e+01
6.956999996979067802e+09 1.130809357275130367e+01
6.956999996883393288e+09 1.103371980574187639e+01
6.956999996979029655e+09 1.130810687226800937e+01
6.956999996858863831e+09 1.104354187695690648e+01
6.956999996660180092e+09 1.125557803153827408e+01
6.956999996408948898e+09 1.140158347829325436e+01
6.956999996665367126e+09 1.153827421879814352e+01
6.956999996844676971e+09 1.130962077934300325e+01
6.956999996572498322e+09 1.120786866195808429e+01
6.956999996594224930e+09 1.091810591536281549e+01
6.956999996748580933e+09 1.116429430713860071e+01
6.956999996977172852e+09 1.098490549821815421e+01
6.956999996690522194e+09 1.093730224580976618e+01
6.956999996797246933e+09 1.066703522244356783e+01
6.956999996541925430e+09 1.052830779481582013e+01
6.956999996507132530e+09 1.081679345023770900e+01
6.956999996776543617e+09 1.070792512166993937e+01
6.956999996560914040e+09 1.051314723297481457e+01
6.956999996279662132e+09 1.058616752602577549e+01
6.956999996453233719e+09 1.035312809243364818e+01
6.956999996179126740e+09 1.025669269920555848e+01
6.956999996112676620e+09 9.973816528980364637e+00
6.956999996394897461e+09 1.004299616311116239e+01
6.956999996178610802e+09 9.848948011106852363e+00
6.956999996466048241e+09 9.891544562960090659e+00
6.956999996250300407e+09 1.008619104447665649e+01
6.956999996082817078e+09 1.032364382337872222e+01
6.956999995888370514e+09 1.010771526836630407e+01
6.956999996174413681e+09 1.005659043775539097e+01
6.956999996195514679e+09 9.766781453458682094e+00
6.956999996480852127e+09 9.821708032832816571e+00
6.956999996674245834e+09 1.003858010211303586e+01
6.956999996454078674e+09 9.848946988894681454e+00
6.956999996163921356e+09 9.864546310754553460e+00
6.956999996094978333e+09 1.014682528411823270e+01
6.956999996228412628e+09 1.040495259841285502e+01
6.956999996518909454e+09 1.039818027712682458e+01
6.956999996687283516e+09 1.063500219695995241e+01
6.956999996410139084e+09 1.072232463959726800e+01
6.956999996301385880e+09 1.045286722880432606e+01
6.956999996355374336e+09 1.016735065524568604e+01
6.956999996279643059e+09 9.886816840314546440e+00
6.956999996019409180e+09 1.001609520198302228e+01
6.956999996204052925e+09 1.024046395700569612e+01
6.956999995962543488e+09 1.040204324807573499e+01
6.956999995715450287e+09 1.055494728922127656e+01
6.956999996005122185e+09 1.053204502017929833e+01
6.956999995721235275e+09 1.059403484096125503e+01
6.956999996010118484e+09 1.062535706205417441e+01
6.956999996064947128e+09 1.034000051409136312e+01
6.956999996343640327e+09 1.042224620301450067e+01
6.956999996498475075e+09 1.066813386874636649e+01
6.956999996635847092e+09 1.041208051347196317e+01
6.956999996926394463e+09 1.041613801001813222e+01
6.956999997003787041e+09 1.069621815524173591e+01
6.956999997268031120e+09 1.057534718024972697e+01
6.956999997218564987e+09 1.028901241396819444e+01
6.956999997001408577e+09 1.048208680721286257e+01
6.956999997289350510e+09 1.044304918501018520e+01
6.956999997225637436e+09 1.015954419181345791e+01
6.956999996944323540e+09 1.023232298724001410e+01
6.956999996654019356e+09 1.021974559440192465e+01
6.956999996831325531e+09 1.044995674025813770e+01
6.956999996976826668e+09 1.070147998250237187e+01
6.956999996686350822e+09 1.070911248261965021e+01
6.956999996971292496e+09 1.076605776434459649e+01
6.956999997256302834e+09 1.070945871011259065e+01
6.956999997537944794e+09 1.078095797893634611e+01
6.956999997665114403e+09 1.104222876364043060e+01
6.956999997936439514e+09 1.093822230787190009e+01
6.956999997659298897e+09 1.102555729626982561e+01
6.956999997455903053e+09 1.081803700017396430e+01
6.956999997165534973e+09 1.080703346728003211e+01
6.956999997421339035e+09 1.094486949730321257e+01
6.956999997248247147e+09 1.117826562714800254e+01
6.956999997538792610e+09 1.117407309792392489e+01
6.956999997252598763e+09 1.122434771048184565e+01
6.956999997333097458e+09 1.150355095037441622e+01
6.956999997131097794e+09 1.129467172320232748e+01
6.956999997162987709e+09 1.158349262263750923e+01
6.956999997401144981e+09 1.141701310727136054e+01
6.956999997532204628e+09 1.167635452244610583e+01
6.956999997807725906e+09 1.176867318234408977e+01
6.956999997917973518e+09 1.203752237240239253e+01
6.956999998075172424e+09 1.179313940970184049e+01
6.956999997876518250e+09 1.200520338903186968e+01
6.956999998153964043e+09 1.191884138895825629e+01
6.956999997866195679e+09 1.187854367410897360e+01
6.956999998125868797e+09 1.200894435052623166e+01
6.956999998411856651e+09 1.195750961813659252e+01
6.956999998397168159e+09 1.224771425991392171e+01
6.956999998488510132e+09 1.252356035385528976e+01
6.956999998753735542e+09 1.264226216748250486e+01
6.956999998949861526e+09 1.242785800473497382e+01
6.956999998659314156e+09 1.243194168207822692e+01
6.956999998949665070e+09 1.244337621220853940e+01
6.956999998792284012e+09 1.219911057440381441e+01
6.956999998556653976e+09 1.236914865147555709e+01
6.956999998363939285e+09 1.258662410723768588e+01
6.956999998651793480e+09 1.254694560591217289e+01
6.956999998437465668e+09 1.235073590084095940e+01
6.956999998643125534e+09 1.214545894323655340e+01
6.956999998917696953e+09 1.205035306342861112e+01
6.956999999207503319e+09 1.207149223674857019e+01
6.956999999473164558e+09 1.195376965885972353e+01
6.956999999186882019e+09 1.190400340884361796e+01
6.956999998981972694e+09 1.169797788061936394e+01
6.956999999003295898e+09 1.140818517021953049e+01
6.956999999043962479e+09 1.169590151647495091e+01
6.956999999160346031e+09 1.142965087205329766e+01
6.956999998962627411e+09 1.121671431190085499e+01
6.956999998828273773e+09 1.095906435895990683e+01
6.956999999004135132e+09 1.072774790491978436e+01
6.956999999110817909e+09 1.099803162053888173e+01
6.956999999305300713e+09 1.078213556388039862e+01
6.956999999392768860e+09 1.105923437958090183e+01
6.956999999674240112e+09 1.098706310601698632e+01
6.956999999895333290e+09 1.117561588237474801e+01
6.956999999769671440e+09 1.143761505426241065e+01
6.956999999716961861e+09 1.115185948266410776e+01
6.956999999429160118e+09 1.119191870353701113e+01
6.956999999561453819e+09 1.093320499785130195e+01
6.956999999550388336e+09 1.064283960223903946e+01
6.956999999603913307e+09 1.092844350896720584e+01
6.956999999524280548e+09 1.120789505217622839e+01
6.956999999245559692e+09 1.129004783508525911e+01
6.956999999485706329e+09 1.145364471966524889e+01
6.956999999363706589e+09 1.171736929706800545e+01
6.956999999131967545e+09 1.189267325892797977e+01
6.956999998903935432e+09 1.207277262029845133e+01
6.956999998692282677e+09 1.227186448958619458e+01
6.956999998777493477e+09 1.254966598017174739e+01
6.956999998699756622e+09 1.226968108939550284e+01
6.956999998835009575e+09 1.252686048812566355e+01
6.956999998638647079e+09 1.274104792270491693e+01
6.956999998426530838e+09 1.254244972751690135e+01
6.956999998398946762e+09 1.225318579383539941e+01
6.956999998610016823e+09 1.245289537328163121e+01
6.956999998379510880e+09 1.262981801783232960e+01
6.956999998654354095e+09 1.272413383067725690e+01
6.956999998846590042e+09 1.250623486388441741e+01
6.956999998626842499e+09 1.269635502194365806e+01
6.956999998358565331e+09 1.280798830832534563e+01
6.956999998076531410e+09 1.273804895128903603e+01
6.956999998151414871e+09 1.245728745912639290e+01
6.956999998379373550e+09 1.263747998852580068e+01
6.956999998110816002e+09 1.252652398347905738e+01
6.956999998323342323e+09 1.272468285638557184e+01
6.956999998594845772e+09 1.282822106220910996e+01
6.956999998595365524e+09 1.311879674472291590e+01
6.956999998716378212e+09 1.285461802261750286e+01
6.956999998798810959e+09 1.313325626983602668e+01
6.956999998638292313e+09 1.337547150895901638e+01
6.956999998420517921e+09 1.356784805218591927e+01
6.956999998160995483e+09 1.369854901878337294e+01
6.956999998451466560e+09 1.370634828461936117e+01
6.956999998161183357e+09 1.371939659526822020e+01
6.956999997906789780e+09 1.385981819249547620e+01
6.956999998190246582e+09 1.392374617893894673e+01
6.956999998292100906e+09 1.365160619336423231e+01
6.956999998524474144e+09 1.382606892315315861e+01
6.956999998782510757e+09 1.369245859913521279e+01
6.956999998570416451e+09 1.389108026003072816e+01
6.956999998395654678e+09 1.412322851902700016e+01
6.956999998676027298e+09 1.404690197840590216e+01
6.956999998553352356e+09 1.431031292916581243e+01
6.956999998446329117e+09 1.404016386671425032e+01
6.956999998718230247e+09 1.393767276694092239e+01
6.956999998628585815e+09 1.366127006142391309e+01
6.956999998387776375e+09 1.349865001062991077e+01
6.956999998198873520e+09 1.327785587359012887e+01
6.956999997915268898e+09 1.334112409830612656e+01
6.956999998203206062e+09 1.338019641890266520e+01
6.956999998291346550e+09 1.365708231700577890e+01
6.956999998200308800e+09 1.393302903335461984e+01
6.956999997943919182e+09 1.406977229019620523e+01
6.956999998209201813e+09 1.418834492740236009e+01
6.956999998365985870e+09 1.394369566519287851e+01
6.956999998216544151e+09 1.369449347834927622e+01
6.956999998245787621e+09 1.398359437843288688e+01
6.956999998341012001e+09 1.370906432707712774e+01
6.956999998277167320e+09 1.342558873940794228e+01
6.956999998081700325e+09 1.321058360706328294e+01
6.956999998327403069e+09 1.305545545714226385e+01
6.956999998067068100e+09 1.292638115621129380e+01
6.956999997817458153e+09 1.307514014255813350e+01
6.956999997564270973e+09 1.293255386232657145e+01
6.956999997850828171e+09 1.288439207358717198e+01
6.956999997560404778e+09 1.287497248098399538e+01
6.956999997519564629e+09 1.316266429645429703e+01
6.956999997228991508e+09 1.316135298355735372e+01
6.956999997414748192e+09 1.293790472036232231e+01
6.956999997705290794e+09 1.294230297278082453e+01
6.956999997639243126e+09 1.265933272628928208e+01
6.956999997573348045e+09 1.294233872411068553e+01
6.956999997424703598e+09 1.319201731124072197e+01
6.956999997712764740e+09 1.315386585032126554e+01
6.956999997885569572e+09 1.292025691604600368e+01
6.956999998041045189e+09 1.316573989033891579e+01
6.956999998321501732e+09 1.308972383633002146e+01
6.956999998509254456e+09 1.286795068693877653e+01
6.956999998266909599e+09 1.270762838225314795e+01
6.956999998008024216e+09 1.283958695839927877e+01
6.956999997893978119e+09 1.257232697632508689e+01
6.956999997933057785e+09 1.286026327697857852e+01
6.956999997763418198e+09 1.262434645472313122e+01
6.956999997964015961e+09 1.283457216837679304e+01
6.956999998007455826e+09 1.254726140807780688e+01
6.956999998064983368e+09 1.226243678186634156e+01
6.956999998327018738e+09 1.238802408342278483e+01
6.956999998457237244e+09 1.212825926416423172e+01
6.956999998729161263e+09 1.223068765605263586e+01
6.956999999019478798e+09 1.221843612896845777e+01
6.956999999301249504e+09 1.228942930227028008e+01
6.956999999380061150e+09 1.256911352211156974e+01
6.956999999670550346e+09 1.256201835847147663e+01
6.956999999958263397e+09 1.252133140325117822e+01
6.956999999732320786e+09 1.270404494629744185e+01
6.956999999947762489e+09 1.250905917868873374e+01
6.957000000096649170e+09 1.225952523727303323e+01
6.957000000346434593e+09 1.211106036500166105e+01
