6.261300000000000000e+10 0.000000000000000000e+00
6.261299999856523895e+10 -4.831842129212231551e-01
6.261300000001195526e+10 -9.293088894916694542e-01
6.261299999863224792e+10 -1.552545321388237642e+00
6.261299999793891907e+10 -2.066969664281663732e-01
6.261299999644316864e+10 -4.406579008397873976e-01
6.261299999687513733e+10 -1.891662404869105529e+00
6.261299999837864685e+10 -1.714282277140618982e+00
6.261299999956998444e+10 -7.800848999559012453e-01
6.261300000108087921e+10 -6.840558406441253902e-01
