3.478500000000009918e+10 0.000000000000000000e+00
3.478499999965671539e+10 -1.709032616335017796e-01
3.478499999982416534e+10 -5.159832879599912658e-01
3.478499999944680023e+10 -4.473246031961917724e-01
3.478499999908179474e+10 -3.294595678694456908e-01
3.478499999922174835e+10 2.765517664721933722e-02
3.478499999939413452e+10 3.702952392688337313e-01
3.478499999955222321e+10 7.197598507865778927e-01
3.478499999944904327e+10 1.089182297486264162e+00
3.478499999960394287e+10 1.440072542822742996e+00
3.478499999926273346e+10 1.264879816869716622e+00
3.478499999905426788e+10 9.429156010629293760e-01
3.478499999889333344e+10 1.291081847318882758e+00
3.478499999927681732e+10 1.283275066487010285e+00
3.478499999892663574e+10 1.126780938584577729e+00
3.478499999856058502e+10 1.241358049873237945e+00
3.478499999885253906e+10 1.490120752689181760e+00
3.478499999921562958e+10 1.613755635776170205e+00
3.478499999946314240e+10 1.906768912297230667e+00
3.478499999959400177e+10 2.267316379909320556e+00
3.478499999931787109e+10 2.533529390007712045e+00
3.478499999948580933e+10 2.878371550990432848e+00
3.478499999943592072e+10 3.258673698275432074e+00
3.478499999978553772e+10 3.416426744881542632e+00
3.478499999995059204e+10 3.070197391907093287e+00
3.478499999968608856e+10 3.347967860606752222e+00
3.478500000006543732e+10 3.404659964786872717e+00
3.478499999968190765e+10 3.400008487258521672e+00
3.478499999959732819e+10 3.774127113706194692e+00
3.478499999967098236e+10 3.397704634114807387e+00
3.478499999941944885e+10 3.108137429639538318e+00
3.478499999905115509e+10 3.215267430829841899e+00
3.478499999941511536e+10 3.094232697309049929e+00
3.478499999977652740e+10 2.965784771327488301e+00
3.478499999950034332e+10 3.231941343759295204e+00
3.478499999922229767e+10 2.967723764335164383e+00
3.478499999918759155e+10 3.349710634122115227e+00
3.478499999955307007e+10 3.466096402032316171e+00
3.478499999992688751e+10 3.551996832119926228e+00
3.478499999973239899e+10 3.221403821708817894e+00
3.478499999936134338e+10 3.318538318858755609e+00
3.478499999930020142e+10 3.697194169141905018e+00
3.478499999904512024e+10 3.983640162016936603e+00
3.478499999911865997e+10 3.607195368044006312e+00
3.478499999915501404e+10 3.989028946031589307e+00
3.478499999877988434e+10 4.069001606572269836e+00
3.478499999916284180e+10 4.090431247012199734e+00
3.478499999895854950e+10 3.765805802114410294e+00
3.478499999894139099e+10 4.148982254186869056e+00
3.478499999897064209e+10 4.531425604501509774e+00
3.478499999906296539e+10 4.903709001074132878e+00
3.478499999909525299e+10 4.521509909361621560e+00
3.478499999891669464e+10 4.860971803680762982e+00
3.478499999926898193e+10 5.012675593420084397e+00
3.478499999908293915e+10 4.677256969313919654e+00
3.478499999926434326e+10 5.015206542067735640e+00
3.478499999889273834e+10 4.920199105430990372e+00
3.478499999862928009e+10 5.198962673398798806e+00
3.478499999839094543e+10 5.499489874608437745e+00
3.478499999875492859e+10 5.620467935794851932e+00
3.478499999906314850e+10 5.848767508977188889e+00
3.478499999884107208e+10 6.161499490995639761e+00
3.478499999868849945e+10 6.513407664080784976e+00
3.478499999907137299e+10 6.536294199047286924e+00
3.478499999929510498e+10 6.224743189796388521e+00
3.478499999912615967e+10 5.880395088107092327e+00
3.478499999930323792e+10 6.220632095209706058e+00
3.478499999939351654e+10 5.847846839765454163e+00
3.478499999903895569e+10 5.994159935996126620e+00
3.478499999942110443e+10 5.961289191699663981e+00
3.478499999908408356e+10 6.144413792559183740e+00
3.478499999931582642e+10 6.450050792060552318e+00
3.478499999969731903e+10 6.489808216249045358e+00
3.478499999984899139e+10 6.842107489740147486e+00
3.478499999947772980e+10 6.745770827374291123e+00
3.478499999967375183e+10 7.075460305226188851e+00
3.478499999977700043e+10 7.444863047174396620e+00
3.478499999962311554e+10 7.796199910688223156e+00
3.478500000000247192e+10 7.852856160341928238e+00
3.478499999983386230e+10 8.197368295055918352e+00
3.478500000021278381e+10 8.256855041643744286e+00
