1.391400000000000000e+10 0.000000000000000000e+00
1.391399999995121956e+10 -2.956594613212890077e-01
1.391399999993599892e+10 3.610352863361809828e-03
1.391399999973402405e+10 -2.177492817110290579e-01
1.391399999959445190e+10 4.741780326260783274e-02
1.391399999975111389e+10 -2.080252826624471585e-01
1.391399999945439148e+10 -1.661956577444594629e-01
1.391399999973943710e+10 -2.586221085362688243e-01
1.391400000001192474e+10 -3.832996865936151298e-01
1.391399999972404671e+10 -3.001140074711827199e-01
1.391399999973507500e+10 -6.603419322726566953e-04
1.391399999999696732e+10 1.449654983127162677e-01
1.391399999969766235e+10 1.304589283256336052e-01
1.391399999986414146e+10 -1.186977614169518469e-01
1.391399999997215271e+10 1.608152227838115789e-01
1.391399999975318146e+10 3.653779984987478024e-01
1.391399999947680855e+10 4.811873227119234375e-01
1.391399999941577721e+10 1.878116645179278010e-01
1.391399999955702782e+10 -7.646572627374470521e-02
1.391399999977976036e+10 -2.769254495618727052e-01
1.391399999979335976e+10 2.242247852691520160e-02
1.391400000007703781e+10 -7.412220774801006606e-02
1.391400000013052940e+10 -3.689658039406539247e-01
