6.957000000000000000e+09 0.000000000000000000e+00
6.956999999719029427e+09 -7.409419329363381435e-02
6.956999999871059418e+09 1.735375977760079402e-01
6.956999999599918365e+09 2.780233771604301296e-01
6.956999999607262611e+09 -1.245994530007865642e-02
6.956999999317846298e+09 1.348084782380504568e-02
6.956999999206473351e+09 2.818658359196224983e-01
6.956999999343399048e+09 5.381584765257012570e-01
6.956999999071464539e+09 4.357564622175953417e-01
6.956999998797921181e+09 3.377341441322568860e-01
6.956999999080049515e+09 2.681786415014554281e-01
6.956999998791049957e+09 2.379491632420168146e-01
6.956999998603684425e+09 4.600495638215568728e-01
6.956999998347521782e+09 5.972188101128335092e-01
6.956999998636981964e+09 5.717806486830128154e-01
6.956999998540432930e+09 2.977134299108773474e-01
6.956999998802284241e+09 4.236831324577177149e-01
6.956999998722601891e+09 7.031204421402099669e-01
6.956999998660601616e+09 4.192357802293488755e-01
6.956999998373634338e+09 3.735815299316536109e-01
6.956999998609724045e+09 5.429815548585912310e-01
6.956999998891916275e+09 6.122790574899072968e-01
6.956999998841423988e+09 3.261234861035707810e-01
6.956999999087589264e+09 1.717299050964298246e-01
6.956999999354710579e+09 5.735793983949058483e-02
6.956999999093729973e+09 1.851212531538111439e-01
6.956999998960945129e+09 -7.334086249367680055e-02
6.956999999225450516e+09 -1.936389978277585078e-01
6.956999999105170250e+09 7.087412700553052947e-02
6.956999998924079895e+09 2.981205399441927972e-01
6.956999999199694633e+09 2.060816526001800209e-01
6.956999999486134529e+09 2.549345244131459576e-01
6.956999999655197144e+09 4.912652205639547742e-01
6.956999999375665665e+09 4.119124771389841011e-01
6.956999999311130524e+09 1.285933352867079660e-01
6.956999999061411858e+09 -1.998407817917993712e-02
6.956999999194960594e+09 2.380840260545355191e-01
6.956999999132256508e+09 -4.564604071910285943e-02
6.956999999033403397e+09 -3.188904425593973579e-01
6.956999999314517975e+09 -2.453445283316464387e-01
6.956999999046148300e+09 -3.567554060388317128e-01
6.956999998761444092e+09 -4.148748664116861939e-01
6.956999998470973015e+09 -4.070743552821058375e-01
6.956999998192162514e+09 -3.252271213637392688e-01
6.956999998318428040e+09 -6.351838593276204481e-02
6.956999998534685135e+09 -2.575993687581128455e-01
6.956999998558300972e+09 -5.472142656643161907e-01
6.956999998270030022e+09 -5.837408315477010667e-01
6.956999998449435234e+09 -8.123196902830118749e-01
6.956999998205890656e+09 -9.708145121321393178e-01
6.956999997923591614e+09 -9.019555406087982341e-01
6.956999997636653900e+09 -8.561155618924081168e-01
6.956999997418068886e+09 -1.047570862615327725e+00
6.956999997353953362e+09 -7.641564370141382678e-01
6.956999997601251602e+09 -6.115845941138239317e-01
6.956999997746178627e+09 -8.634388919431833509e-01
6.956999997988191605e+09 -1.024261819950359698e+00
6.956999998135837555e+09 -1.274532240317337584e+00
6.956999998405650139e+09 -1.382399828215702842e+00
6.956999998648760796e+09 -1.223240395025191107e+00
6.956999998364669800e+09 -1.284289145395620224e+00
6.956999998129563332e+09 -1.113527567734646562e+00
6.956999998278981209e+09 -1.362743978429922453e+00
6.956999998560585976e+09 -1.434389387160555973e+00
6.956999998346099854e+09 -1.238352809484103645e+00
6.956999998628362656e+09 -1.169343946051886851e+00
6.956999998639072418e+09 -8.789652297712433615e-01
6.956999998688312531e+09 -1.165338931640536702e+00
6.956999998399834633e+09 -1.130482000542585963e+00
6.956999998109380722e+09 -1.138894055162402719e+00
6.956999997855152130e+09 -9.981731062905809804e-01
6.956999997835031509e+09 -7.082944124982704093e-01
6.956999998119861603e+09 -7.657926325859607530e-01
6.956999998300493240e+09 -5.381818803478002344e-01
6.956999998410995483e+09 -8.069265974683819120e-01
6.956999998699815750e+09 -8.388203263188105385e-01
6.956999998985043526e+09 -7.833245972440192606e-01
6.956999998757606506e+09 -9.641753783903572739e-01
6.956999999023321152e+09 -8.465726430857021256e-01
6.956999999286665916e+09 -7.237551026677467858e-01
6.956999999036690712e+09 -5.756102796247655196e-01
6.956999999195674896e+09 -3.323851846943551847e-01
6.956999999141349792e+09 -6.178380053864472865e-01
6.956999998876154900e+09 -4.990692472602688001e-01
6.956999998891018867e+09 -2.088735029518566377e-01
6.956999998732213974e+09 3.446874833051868925e-02
6.956999998737673759e+09 3.249935935389519637e-01
6.956999998971464157e+09 1.524342196475133304e-01
6.956999998871756554e+09 4.253682356878204507e-01
6.956999998997812271e+09 1.635582668804997919e-01
6.956999999262214661e+09 2.840811183843668930e-01
6.956999998987115860e+09 3.776495839181648329e-01
6.956999998845015526e+09 6.311095072711447873e-01
6.956999999107461929e+09 5.063844984967369456e-01
6.956999999006424904e+09 7.788289513356418947e-01
6.956999999063832283e+09 1.063677760333642475e+00
6.956999999129291534e+09 7.805707593686221912e-01
6.956999999214779854e+09 1.058286738202985910e+00
6.956999999505352974e+09 1.059560305015022408e+00
6.956999999217644691e+09 1.018836311902484582e+00
6.956999998935702324e+09 1.089141392781450168e+00
6.956999998659169197e+09 9.999015044797633367e-01
6.956999998946797371e+09 9.586182293291745093e-01
6.956999998719055176e+09 1.139083883707167066e+00
6.956999998982611656e+09 1.016720946206428389e+00
6.956999998766452789e+09 8.225307896941727037e-01
6.956999998985766411e+09 1.013151192456248406e+00
6.956999998696079254e+09 1.035857896278177259e+00
6.956999998724309921e+09 1.325059452943841087e+00
6.956999998782446861e+09 1.609760321744798883e+00
6.956999998528683662e+09 1.751318881172774899e+00
6.956999998312963486e+09 1.945996751028693739e+00
6.956999998427539825e+09 1.678963438294600596e+00
6.956999998314185143e+09 1.946517476420694059e+00
6.956999998066400528e+09 2.098297385925035119e+00
6.956999997878739357e+09 2.320148579375500120e+00
6.956999997589607239e+09 2.291212470778016819e+00
6.956999997631927490e+09 2.003734675055585779e+00
6.956999997792366028e+09 1.761466222271837578e+00
6.956999997717454910e+09 1.480712255349827089e+00
6.956999997440257072e+09 1.393557551984664133e+00
6.956999997718955994e+09 1.475785973783017235e+00
6.956999997515537262e+09 1.268288453025653739e+00
6.956999997695778847e+09 1.040368594467586671e+00
6.956999997986293793e+09 1.046353909566003271e+00
6.956999998196135521e+09 8.453542841259197305e-01
6.956999998050154686e+09 5.941090763338937597e-01
6.956999998165960312e+09 8.606116031911511532e-01
6.956999998453222275e+09 8.168528260592284873e-01
6.956999998511372566e+09 5.321546484630217400e-01
6.956999998294301987e+09 3.389841574424030668e-01
6.956999998473039627e+09 5.680849793648798940e-01
6.956999998457839966e+09 8.582633174088367678e-01
6.956999998324473381e+09 6.001010353701743405e-01
6.956999998048321724e+09 5.096875011765832353e-01
6.956999998323595047e+09 4.166343655170504645e-01
6.956999998293165207e+09 1.276559088081282156e-01
6.956999998561596870e+09 1.639607575756237001e-02
6.956999998618222237e+09 3.014014242375310793e-01
6.956999998608708382e+09 5.918217788915431932e-01
6.956999998749293327e+09 3.375178746559936438e-01
6.956999999011560440e+09 4.626197528497354439e-01
6.956999998805942535e+09 6.679386780608135288e-01
6.956999998552195549e+09 8.095255211160511388e-01
6.956999998659008980e+09 5.392935717276061691e-01
6.956999998793266296e+09 7.969939731635120594e-01
6.956999998613955498e+09 5.683410473951069353e-01
6.956999998841495514e+09 7.490618487256293090e-01
6.956999999125617027e+09 6.881549748653800203e-01
6.956999999369507790e+09 8.461156904521121014e-01
6.956999999082292557e+09 8.020477780095041087e-01
6.956999999158997536e+09 5.217785436447750502e-01
6.956999998875461578e+09 4.582016732054785546e-01
6.956999998600151062e+09 5.511455579529118687e-01
6.956999998889207840e+09 5.808226838069421305e-01
6.956999998871336937e+09 8.708487495263909084e-01
6.956999998850153923e+09 1.160651728270193361e+00
6.956999999128205299e+09 1.076259171127532888e+00
6.956999999253560066e+09 8.141130621597146844e-01
6.956999999530758858e+09 7.269614749843988921e-01
6.956999999265101433e+09 6.092311587394860783e-01
6.956999999294619560e+09 8.983040967154403145e-01
6.956999999008922577e+09 8.452783437133749578e-01
6.956999998861835480e+09 5.946794919866689177e-01
6.956999999072004318e+09 3.940216057973005004e-01
6.956999999031200409e+09 1.063247058913762144e-01
6.956999999161712646e+09 -1.532923952194755191e-01
6.956999998871326447e+09 -1.638002257378535775e-01
6.956999998626670837e+09 -3.205737667509498401e-01
6.956999998360311508e+09 -4.367080833123222483e-01
6.956999998645755768e+09 -3.823392401960791775e-01
6.956999998381204605e+09 -5.025363286035043897e-01
6.956999998259828568e+09 -7.665483324688111555e-01
6.956999998149420738e+09 -1.035332016686059120e+00
6.956999998391907692e+09 -1.195439614526702998e+00
6.956999998340878487e+09 -9.093793436515427153e-01
6.956999998118769646e+09 -1.096735513148825225e+00
6.956999998208149910e+09 -1.373223680132535041e+00
6.956999997926372528e+09 -1.302257062749644367e+00
6.956999997915929794e+09 -1.011868617308690821e+00
6.956999997778873444e+09 -1.268091199150322534e+00
6.956999997558545113e+09 -1.457537040348436008e+00
6.956999997797570229e+09 -1.622768624330225729e+00
6.956999998081086159e+09 -1.559102761153482897e+00
6.956999998355230331e+09 -1.462771406392521234e+00
6.956999998077175140e+09 -1.547150463164916889e+00
6.956999998314866066e+09 -1.714295008855745595e+00
6.956999998393285751e+09 -1.434500626913725929e+00
6.956999998658622742e+09 -1.316048518743007989e+00
6.956999998854462624e+09 -1.530713607813098953e+00
6.956999999039849281e+09 -1.306958800055853631e+00
6.956999999211723328e+09 -1.072664487166537395e+00
6.956999999110083580e+09 -1.344884669668007682e+00
6.956999999357759476e+09 -1.496842618925570800e+00
6.956999999480315208e+09 -1.760309223600480699e+00
6.956999999739378929e+09 -1.628702122553760123e+00
6.956999999891192436e+09 -1.876466450712824585e+00
6.957000000152197838e+09 -1.748753374565912289e+00
