5.565600000000000000e+10 0.000000000000000000e+00
5.565599999962611389e+10 -7.062099209305032765e-01
5.565599999903488922e+10 -1.686476460488015583e-01
5.565599999958123016e+10 4.144800715854332074e-01
5.565599999920898438e+10 1.121557189960452838e+00
5.565599999985275269e+10 1.594933549587787880e+00
5.565599999960199738e+10 2.353645719234732425e+00
5.565599999899198151e+10 2.869793588458612543e+00
5.565599999857848358e+10 3.553565818003419530e+00
5.565599999783267212e+10 3.266706282670923667e+00
5.565599999813774872e+10 4.005255041383774639e+00
5.565599999875134277e+10 4.517137436559442776e+00
5.565599999926765442e+10 5.127009978769526910e+00
5.565599999869755554e+10 5.686927007069525253e+00
5.565599999863220215e+10 4.890527177910124479e+00
5.565599999785079956e+10 5.057651091402269650e+00
5.565599999842698669e+10 5.611303354136481403e+00
5.565599999919688416e+10 5.825274757006412507e+00
5.565599999953326416e+10 5.100449249577585498e+00
5.565599999883482361e+10 4.712247640676757499e+00
5.565599999847938538e+10 5.427922028055025550e+00
5.565599999798348999e+10 4.801335576797308491e+00
5.565599999850780487e+10 4.198326615517540716e+00
5.565599999930082703e+10 4.100154215967968696e+00
5.565600000008282471e+10 4.264475322572383043e+00
5.565600000088182831e+10 4.275433345677311259e+00
