2.087100000000009918e+10 0.000000000000000000e+00
2.087099999993042755e+10 3.083483400193483548e-01
2.087099999993177795e+10 6.244667330159283658e-01
2.087099999963808823e+10 5.075103780463653402e-01
2.087099999932281113e+10 5.305911284396455097e-01
2.087099999902471924e+10 6.358218213739527114e-01
2.087099999926578903e+10 8.403183290041691400e-01
2.087099999955463409e+10 9.687760580489879203e-01
2.087099999986458206e+10 1.030950679236152911e+00
2.087100000018041992e+10 1.044351489160087354e+00
