1.391400000000000000e+10 0.000000000000000000e+00
1.391399999973549080e+10 -1.408149561538885042e-01
1.391399999976488304e+10 -4.390267198683074357e-01
1.391400000002055550e+10 -5.953134502235862824e-01
1.391399999974744797e+10 -4.720012809554625099e-01
1.391400000001837730e+10 -6.000293251183890231e-01
1.391399999987280083e+10 -3.381107787773129925e-01
1.391399999964723015e+10 -1.408500603843052812e-01
1.391399999941796875e+10 5.210971467016789482e-02
1.391399999969595718e+10 -5.976675221357288792e-02
1.391399999953787041e+10 -3.143300222978576697e-01
1.391399999946181488e+10 -6.041741678477182687e-01
1.391399999961707687e+10 -3.478778940179791390e-01
1.391399999935310936e+10 -2.060512569902434588e-01
1.391399999921786118e+10 -4.734503345058966861e-01
1.391399999951370049e+10 -5.211280117352310448e-01
1.391399999922077942e+10 -5.843058480547348443e-01
1.391399999917058563e+10 -8.797289061483294370e-01
1.391399999917086601e+10 -5.800723925864451624e-01
1.391399999906546402e+10 -2.995650808509656704e-01
1.391399999920192909e+10 -3.278520891742120469e-02
1.391399999891370392e+10 4.919575178230455037e-02
1.391399999887230682e+10 -2.475875708261278119e-01
1.391399999879499054e+10 -5.370979443738490566e-01
1.391399999858048630e+10 -3.278565103624596078e-01
1.391399999837527466e+10 -5.462185224277898987e-01
1.391399999865995789e+10 -4.526776316591760718e-01
1.391399999877873421e+10 -1.775664411754730998e-01
1.391399999882671356e+10 1.182242049264546901e-01
1.391399999891713142e+10 -1.674657782676371998e-01
1.391399999917152596e+10 -9.107562134876401316e-03
1.391399999895981789e+10 2.029635419780645988e-01
1.391399999902043343e+10 -9.049832834584198293e-02
1.391399999877429581e+10 -2.614076130410908361e-01
1.391399999857075882e+10 -4.813326455160596984e-01
1.391399999880529022e+10 -6.678511234747614989e-01
1.391399999892213631e+10 -3.919144137411992301e-01
1.391399999882113838e+10 -1.097912457470043845e-01
1.391399999880122185e+10 -4.087852400228961236e-01
1.391399999852087784e+10 -3.029505620183938763e-01
1.391399999835761261e+10 -5.167718271091209514e-02
1.391399999864684105e+10 2.668834105162352921e-02
1.391399999835604668e+10 -4.565051868174545280e-02
1.391399999841053581e+10 -3.403114856820808054e-01
1.391399999871000290e+10 -3.509577082591368025e-01
1.391399999841319466e+10 -3.921729903676975382e-01
1.391399999850728035e+10 -6.766759526858324714e-01
1.391399999867953491e+10 -4.314767237272891798e-01
1.391399999895890999e+10 -5.398465078815068985e-01
1.391399999868663597e+10 -6.649906141226197276e-01
1.391399999898423195e+10 -7.000799672696658149e-01
1.391399999927825356e+10 -7.579182442607131920e-01
1.391399999937257767e+10 -1.042342068788534082e+00
1.391399999915645409e+10 -1.249911598892405218e+00
1.391399999930145073e+10 -1.512152241870961866e+00
1.391399999911985970e+10 -1.273785553461845188e+00
1.391399999941830063e+10 -1.246813468850411555e+00
1.391399999938324738e+10 -9.492141636479294320e-01
1.391399999963122749e+10 -1.117439378196924071e+00
1.391399999950939369e+10 -1.391210139056403339e+00
1.391399999943750000e+10 -1.100305503816336294e+00
1.391399999931058693e+10 -8.288514804363125155e-01
1.391399999941896248e+10 -5.494789288065444754e-01
1.391399999913396645e+10 -4.569000876290596480e-01
1.391399999904990959e+10 -7.445256525061714203e-01
1.391399999932251930e+10 -8.689384370019894721e-01
1.391399999916729164e+10 -1.125255710025592659e+00
1.391399999944504547e+10 -1.237712892193943981e+00
1.391399999967810249e+10 -1.426069829619800888e+00
1.391399999959019089e+10 -1.712540822144448249e+00
1.391399999982476044e+10 -1.899010140230709576e+00
1.391399999982924843e+10 -2.198633184098105264e+00
1.391399999961841202e+10 -2.411570599059020381e+00
1.391399999991414070e+10 -2.459924371567044243e+00
1.391400000019052124e+10 -2.344133509178281560e+00
