1.391400000000000000e+10 0.000000000000000000e+00
1.391399999990819359e+10 2.852467767072313087e-01
1.391399999998933601e+10 -3.214481923237921812e-03
1.391399999970627213e+10 -1.015445775631506203e-01
1.391399999941454506e+10 -1.700236621565984207e-01
1.391399999964846611e+10 -3.573061474224248357e-01
1.391399999944040871e+10 -5.729585594425168349e-01
1.391399999919965172e+10 -7.513698303051142835e-01
1.391399999941124344e+10 -5.391825361421003215e-01
1.391399999911211967e+10 -5.213322547982279787e-01
1.391399999895060349e+10 -7.737333875109698722e-01
1.391399999877496910e+10 -5.309443444750688856e-01
1.391399999886669922e+10 -8.162155513671169871e-01
1.391399999915300369e+10 -7.277642216330640901e-01
1.391399999908664703e+10 -1.019981262498222074e+00
1.391399999921513367e+10 -1.290693594777088782e+00
1.391399999919798088e+10 -9.915282371538829409e-01
1.391399999938642311e+10 -1.224516926455711419e+00
1.391399999936409760e+10 -1.523340745435569854e+00
1.391399999965200424e+10 -1.440250769668949937e+00
1.391399999972470474e+10 -1.149546845728849576e+00
1.391400000001942062e+10 -1.095360002280464373e+00
1.391399999974500656e+10 -9.749799614145183702e-01
1.391400000001751900e+10 -1.099601630195763624e+00
1.391399999979360008e+10 -1.298736461421592825e+00
1.391399999951724052e+10 -1.414579932385217509e+00
1.391399999927248383e+10 -1.587462785926972098e+00
1.391399999934583855e+10 -1.296923432419577527e+00
1.391399999904651260e+10 -1.282857483018673195e+00
1.391399999874785042e+10 -1.307258502637035580e+00
1.391399999902381134e+10 -1.190470435029331808e+00
1.391399999892910957e+10 -1.474768700354038176e+00
1.391399999862985420e+10 -1.490284925037685282e+00
1.391399999863088608e+10 -1.190630058089988896e+00
1.391399999833467484e+10 -1.145320151688946853e+00
1.391399999806562424e+10 -1.013389620619315146e+00
1.391399999819597626e+10 -1.283208611809393496e+00
1.391399999798406410e+10 -1.495074919099602662e+00
1.391399999789042473e+10 -1.779725278613015327e+00
1.391399999783017921e+10 -2.073263330062787180e+00
1.391399999808991432e+10 -1.923825323255488495e+00
1.391399999826725006e+10 -2.165374137150644973e+00
1.391399999806601906e+10 -2.387410777402681816e+00
1.391399999793584442e+10 -2.657316040030609283e+00
1.391399999770403671e+10 -2.847208713370511735e+00
1.391399999783195114e+10 -3.118191961250978306e+00
1.391399999754483414e+10 -3.203969647003801491e+00
1.391399999727699280e+10 -3.069602056871941986e+00
1.391399999748302650e+10 -3.287189330443922142e+00
1.391399999727663040e+10 -3.069944892592816110e+00
1.391399999754678535e+10 -3.199599545924282751e+00
1.391399999767786407e+10 -3.469066524198548773e+00
1.391399999746208954e+10 -3.676998218832501220e+00
1.391399999775978088e+10 -3.711254839688608698e+00
1.391399999783643532e+10 -3.421568400366424623e+00
1.391399999759987831e+10 -3.605511696923703102e+00
1.391399999789891434e+10 -3.586233033954194571e+00
1.391399999760213280e+10 -3.544828628645817492e+00
1.391399999775537872e+10 -3.802335401589385544e+00
1.391399999756459618e+10 -4.033411424070587614e+00
1.391399999734329987e+10 -4.235455389089935352e+00
1.391399999727158356e+10 -3.944507047787490173e+00
1.391399999724346733e+10 -3.646172278686492518e+00
1.391399999699651527e+10 -3.476439754448452213e+00
1.391399999707831955e+10 -3.764714158717024528e+00
1.391399999696219063e+10 -3.488475127581516233e+00
1.391399999683148193e+10 -3.758121991862015232e+00
1.391399999682332039e+10 -4.057667444187071482e+00
1.391399999653777313e+10 -3.966799537082322580e+00
1.391399999681492996e+10 -4.080719371527734118e+00
1.391399999707459259e+10 -4.230282186975107273e+00
1.391399999683563995e+10 -4.049462818868842184e+00
1.391399999655929756e+10 -4.165347480430548366e+00
1.391399999678854942e+10 -3.972376875232052740e+00
1.391399999694894028e+10 -3.719258716163114986e+00
1.391399999666580963e+10 -3.817398309953917046e+00
1.391399999671085548e+10 -3.521146884434076085e+00
1.391399999699022293e+10 -3.629536580970357029e+00
1.391399999717919350e+10 -3.862097433778543643e+00
1.391399999688714218e+10 -3.929179740611001392e+00
1.391399999661369514e+10 -4.051737458305152195e+00
1.391399999639360428e+10 -3.848380390714690957e+00
1.391399999662724495e+10 -4.036012710701881723e+00
1.391399999641230392e+10 -4.244805640913372535e+00
1.391399999630208206e+10 -3.966156960890396377e+00
1.391399999644852448e+10 -3.704720968777059031e+00
1.391399999616628838e+10 -3.805402500907329344e+00
1.391399999637841606e+10 -3.593752594587340532e+00
1.391399999620045662e+10 -3.352662813413002318e+00
1.391399999590728188e+10 -3.290675990053392841e+00
1.391399999578401756e+10 -3.017546144515924844e+00
1.391399999549289894e+10 -3.088568713345742456e+00
1.391399999573085403e+10 -2.906439077123234238e+00
1.391399999602370453e+10 -2.842939457308732987e+00
1.391399999595132446e+10 -3.133723463286615996e+00
1.391399999623012924e+10 -3.243548217637808317e+00
1.391399999628261948e+10 -2.948524597566457128e+00
1.391399999598314476e+10 -2.958967448502895170e+00
1.391399999572963333e+10 -2.799199162279390141e+00
1.391399999578529549e+10 -2.504757728618429269e+00
1.391399999548592567e+10 -2.517864460269802596e+00
1.391399999560906601e+10 -2.244678723866618153e+00
1.391399999540380669e+10 -2.026361696681072910e+00
1.391399999555537415e+10 -2.284859694441833344e+00
1.391399999535833740e+10 -2.510626296779088662e+00
1.391399999513507271e+10 -2.710492784029212121e+00
1.391399999539163589e+10 -2.865313978460926059e+00
1.391399999564191818e+10 -2.700531553392704343e+00
1.391399999543557167e+10 -2.917822379557243107e+00
1.391399999541098213e+10 -3.216468484571562758e+00
1.391399999544893074e+10 -2.919224549815659486e+00
1.391399999564479256e+10 -3.146012117320933665e+00
1.391399999539477921e+10 -2.980822210826136409e+00
1.391399999517703629e+10 -2.774953784729052852e+00
1.391399999518542480e+10 -3.074493002210721748e+00
1.391399999505102539e+10 -3.342318791003936251e+00
1.391399999476960373e+10 -3.445254635908302721e+00
1.391399999471196747e+10 -3.739316161735104949e+00
1.391399999497511101e+10 -3.595963357522390602e+00
1.391399999467611313e+10 -3.576111590068792090e+00
1.391399999494417191e+10 -3.710048418973295181e+00
1.391399999464608574e+10 -3.740692798297774235e+00
1.391399999484924126e+10 -3.960969604165847535e+00
1.391399999509082985e+10 -3.783687374703271544e+00
1.391399999480813599e+10 -3.883078946836063583e+00
1.391399999507258224e+10 -3.742145550370607143e+00
1.391399999484096909e+10 -3.552015006271258102e+00
1.391399999510921288e+10 -3.418452124508250201e+00
1.391399999498657608e+10 -3.691864748258607776e+00
1.391399999501504707e+10 -3.990165697890664998e+00
1.391399999497102356e+10 -3.693760410956511198e+00
1.391399999480982018e+10 -3.441159273937683061e+00
1.391399999491405869e+10 -3.722101012685003596e+00
1.391399999501674271e+10 -3.440586894191633327e+00
1.391399999522194672e+10 -3.222217612446039325e+00
1.391399999549392319e+10 -3.096428751656338019e+00
1.391399999535180664e+10 -2.832616747337831420e+00
1.391399999537739563e+10 -3.131178869637158968e+00
1.391399999545731926e+10 -3.419980590633638684e+00
1.391399999557587814e+10 -3.695185807895223107e+00
1.391399999552309799e+10 -3.400213852333159981e+00
1.391399999565904999e+10 -3.133172179142787339e+00
1.391399999541673660e+10 -3.309463643337725358e+00
1.391399999548906898e+10 -3.600259312710823334e+00
1.391399999565710449e+10 -3.848368053484788387e+00
1.391399999590354919e+10 -4.018835440468809139e+00
1.391399999563307381e+10 -3.889848990418124153e+00
1.391399999588021851e+10 -3.720397692808393497e+00
1.391399999607214165e+10 -3.950527369980493031e+00
1.391399999631293488e+10 -3.772165023977446463e+00
1.391399999639958000e+10 -3.485308265073464362e+00
1.391399999666985512e+10 -3.614711910907177472e+00
1.391399999664588356e+10 -3.316015693545404819e+00
1.391399999692668152e+10 -3.211388183761979320e+00
1.391399999663216972e+10 -3.156093964829795873e+00
1.391399999660535431e+10 -3.454548386629181955e+00
1.391399999662891197e+10 -3.753277616965538410e+00
1.391399999672055054e+10 -3.467976880422241948e+00
1.391399999668510246e+10 -3.765529541504378575e+00
1.391399999646162987e+10 -3.965164532070976300e+00
1.391399999652363205e+10 -3.671992527080434776e+00
1.391399999679039764e+10 -3.535500226471605334e+00
1.391399999688570595e+10 -3.819596173668957650e+00
1.391399999717401505e+10 -3.901277636610336330e+00
1.391399999687439728e+10 -3.896467937086764977e+00
1.391399999666287231e+10 -4.108720207433812277e+00
1.391399999694623184e+10 -4.206194219521562694e+00
1.391399999665188980e+10 -4.262381159749880410e+00
1.391399999679805374e+10 -4.000789565883241750e+00
1.391399999654011917e+10 -4.153314009277130125e+00
1.391399999678192139e+10 -3.976322640678505049e+00
1.391399999705586052e+10 -3.854868667973451402e+00
1.391399999705921364e+10 -4.154506546847713366e+00
1.391399999714391136e+10 -3.867068834122213250e+00
1.391399999684446907e+10 -3.878379366173400733e+00
1.391399999701959801e+10 -4.121533435239461696e+00
1.391399999681336021e+10 -3.904140192322495206e+00
1.391399999658461189e+10 -4.097707124679134338e+00
1.391399999686193848e+10 -3.984197149141733618e+00
1.391399999711410522e+10 -3.822313223400250148e+00
1.391399999682667732e+10 -3.737585484636861910e+00
1.391399999708568382e+10 -3.586886593368802334e+00
1.391399999738179779e+10 -3.540948627403547100e+00
1.391399999719048882e+10 -3.771588293323306917e+00
1.391399999704554939e+10 -3.509316346665199760e+00
1.391399999699564171e+10 -3.213844851103896616e+00
1.391399999708321190e+10 -2.927269509112778945e+00
1.391399999737000465e+10 -3.014124256144639968e+00
1.391399999707034874e+10 -3.013229749748358000e+00
1.391399999698603439e+10 -2.725679694088430693e+00
1.391399999716581726e+10 -2.965413654900736162e+00
1.391399999700598526e+10 -2.711941609708425460e+00
1.391399999721754074e+10 -2.499718802388201322e+00
1.391399999750357437e+10 -2.589040668018021130e+00
1.391399999722286797e+10 -2.484169513414632657e+00
1.391399999734983826e+10 -2.755596463048792799e+00
1.391399999763614273e+10 -2.844049895557836827e+00
1.391399999788722801e+10 -2.680495332900883376e+00
1.391399999770339394e+10 -2.917136335143290626e+00
1.391399999794238663e+10 -3.097901884484661306e+00
1.391399999821940041e+10 -2.983632974715642927e+00
1.391399999793192482e+10 -2.899064348152973647e+00
1.391399999773905563e+10 -3.128401960035244844e+00
1.391399999759981728e+10 -3.393744228425553011e+00
1.391399999740056038e+10 -3.169935000668734570e+00
1.391399999736814880e+10 -2.872036333917330708e+00
1.391399999755830956e+10 -2.640448891485376759e+00
1.391399999764046478e+10 -2.352274003099824373e+00
1.391399999790733528e+10 -2.488559984891405730e+00
1.391399999812805748e+10 -2.285887462428981109e+00
1.391399999783073807e+10 -2.323246565950605191e+00
1.391399999803488159e+10 -2.542607490269073622e+00
1.391399999833106804e+10 -2.497130525988310978e+00
1.391399999803675079e+10 -2.440812673464570093e+00
1.391399999776822853e+10 -2.573816630079921897e+00
1.391399999752115059e+10 -2.743364252618702981e+00
1.391399999772004890e+10 -2.967491910286102819e+00
1.391399999742087364e+10 -2.950516933278669374e+00
1.391399999728555489e+10 -3.217879464692094071e+00
1.391399999721178436e+10 -2.927445352014638846e+00
1.391399999747457123e+10 -2.783442407392186624e+00
1.391399999771169472e+10 -2.600230774276595103e+00
1.391399999790753937e+10 -2.373428831412180084e+00
1.391399999817387581e+10 -2.510756128264810982e+00
1.391399999816334915e+10 -2.211284450070213570e+00
1.391399999840120888e+10 -2.393539702314022133e+00
1.391399999814601326e+10 -2.550605364217316318e+00
1.391399999826007080e+10 -2.827706583303139620e+00
1.391399999850938225e+10 -2.661459220807245618e+00
1.391399999858081818e+10 -2.370441829228317587e+00
1.391399999862034035e+10 -2.073402933285587668e+00
1.391399999859875488e+10 -1.774524720897845409e+00
1.391399999834006500e+10 -1.925765028141560142e+00
1.391399999807537460e+10 -1.785291009674826013e+00
1.391399999837488556e+10 -1.794664123172801329e+00
1.391399999846354294e+10 -1.508423166696565065e+00
1.391399999859863091e+10 -1.775902417368725450e+00
1.391399999869660759e+10 -2.059088970119594908e+00
1.391399999891592026e+10 -2.263285357283927990e+00
1.391399999920584869e+10 -2.339016337952121383e+00
1.391399999902251244e+10 -2.101989299766612973e+00
1.391399999907164955e+10 -1.806388808146101699e+00
1.391399999926185036e+10 -2.037943442220730539e+00
1.391399999902544212e+10 -1.853810681512798819e+00
1.391399999931882858e+10 -1.792830938071170888e+00
1.391399999923048592e+10 -1.506492688187505369e+00
1.391399999950832367e+10 -1.394239470119247315e+00
1.391399999942883110e+10 -1.105318962312490605e+00
1.391399999916454697e+10 -1.246555996628881946e+00
1.391399999945739746e+10 -1.310061291637083514e+00
1.391399999916890526e+10 -1.229030133971974470e+00
1.391399999924148750e+10 -9.382967172943328382e-01
1.391399999910866356e+10 -1.206907953375282672e+00
1.391399999934484673e+10 -1.391329836890006000e+00
1.391399999925834274e+10 -1.678229101839130433e+00
1.391399999931318092e+10 -1.972825352930742682e+00
1.391399999940990257e+10 -2.256443062824152523e+00
1.391399999911091805e+10 -2.276511667116059900e+00
1.391399999897074890e+10 -2.011659566405763044e+00
1.391399999881168365e+10 -1.757706325467704778e+00
1.391399999880941963e+10 -1.458058236809040009e+00
1.391399999898768616e+10 -1.217195290013278530e+00
1.391399999898355103e+10 -1.516823410674241757e+00
1.391399999918451691e+10 -1.294546335919813718e+00
1.391399999932302284e+10 -1.560271734032757873e+00
1.391399999956445885e+10 -1.737762341968000168e+00
1.391399999977974510e+10 -1.946199717544656371e+00
1.391399999948781776e+10 -2.013816453685683960e+00
1.391399999966943359e+10 -1.775468222913934246e+00
1.391399999995048141e+10 -1.671513045770833594e+00
1.391399999972327805e+10 -1.476134296842835703e+00
1.391399999998989868e+10 -1.612910102338759755e+00
1.391399999977721024e+10 -1.823997145300664702e+00
1.391399999990725327e+10 -2.093965193484509157e+00
1.391400000008872986e+10 -2.332418905833723688e+00
1.391399999980017090e+10 -2.251622496896347858e+00
1.391399999997192955e+10 -2.497168432034169605e+00
1.391399999981682587e+10 -2.240775754062262592e+00
1.391399999965914536e+10 -2.495591883335574135e+00
1.391399999968166924e+10 -2.794400783798395960e+00
1.391399999942624664e+10 -2.637706682173177164e+00
1.391399999954685974e+10 -2.363395415441474690e+00
1.391399999981933022e+10 -2.488110693814256535e+00
1.391400000011307335e+10 -2.547348423014141439e+00
