3.478500000000000000e+10 0.000000000000000000e+00
3.478499999985846710e+10 -3.564911675320778239e-01
3.478500000005891418e+10 -6.835052126924878735e-01
3.478499999980417633e+10 -9.702575383754185046e-01
3.478499999963519287e+10 -1.314588551025208218e+00
3.478499999931064606e+10 -1.519013792284721776e+00
3.478499999909815979e+10 -1.199687049199741118e+00
3.478499999872143555e+10 -1.127578395495334007e+00
3.478499999836702728e+10 -1.274245367382111027e+00
3.478499999875021362e+10 -1.291195470815694524e+00
3.478499999889937592e+10 -1.644563906890696980e+00
3.478499999902303314e+10 -2.007645507633934567e+00
3.478499999915901184e+10 -1.648998019330356168e+00
3.478499999946611023e+10 -1.878803433502300946e+00
3.478499999914358521e+10 -1.671210206650864727e+00
3.478499999952712250e+10 -1.667134527907441877e+00
3.478499999964305878e+10 -2.032752886155098526e+00
3.478499999949340820e+10 -2.385915397037644325e+00
3.478499999914988708e+10 -2.215293064473242701e+00
3.478499999940805817e+10 -2.498958639108583846e+00
3.478499999921432495e+10 -2.829996999810769687e+00
3.478499999892661285e+10 -3.083651116196322040e+00
3.478499999930360413e+10 -3.012982663018816343e+00
3.478499999930179596e+10 -2.629426587070102794e+00
3.478499999909658813e+10 -2.953475860088989435e+00
3.478499999945073700e+10 -3.100778735462463853e+00
3.478499999961084747e+10 -3.449324149077978241e+00
3.478499999995735931e+10 -3.613784946019741984e+00
3.478499999957503510e+10 -3.644592823046586716e+00
3.478499999940811920e+10 -3.299257002230265634e+00
3.478499999942587280e+10 -3.682406089008480876e+00
3.478499999941060638e+10 -3.299149531174985661e+00
3.478499999966730499e+10 -3.014151085191266510e+00
3.478499999974190521e+10 -3.390386380879179651e+00
3.478500000012297821e+10 -3.433979039224470231e+00
