2.782800000000009918e+10 0.000000000000000000e+00
2.782799999988069534e+10 -3.209741512124915097e-01
2.782799999987450409e+10 -6.633828671520261011e-01
2.782799999970918655e+10 -9.633028726243065831e-01
2.782799999959783936e+10 -1.287161274517873100e+00
2.782799999973986435e+10 -1.598787292963592677e+00
2.782799999999514771e+10 -1.827068080334484979e+00
2.782800000000717163e+10 -2.169321558466631661e+00
2.782800000004391861e+10 -1.828834045408157305e+00
2.782799999970317459e+10 -1.863134184051308706e+00
2.782799999997866440e+10 -2.066574695781816740e+00
2.782799999963901138e+10 -2.110355810564198631e+00
2.782799999933694839e+10 -2.271722763568977399e+00
2.782799999910486984e+10 -2.523559047814588840e+00
2.782799999878259277e+10 -2.639397595328491164e+00
2.782799999864742279e+10 -2.324737279042293103e+00
2.782799999898359680e+10 -2.390076908206328898e+00
2.782799999875650024e+10 -2.133739208041872448e+00
2.782799999880031586e+10 -2.473389559322026976e+00
2.782799999907085037e+10 -2.263405141372288210e+00
2.782799999899824524e+10 -2.598084544426478626e+00
2.782799999932088470e+10 -2.712911952624444289e+00
2.782799999951921082e+10 -2.992103858942051886e+00
2.782799999953604126e+10 -2.650052927943888026e+00
2.782799999938247299e+10 -2.956155966882989539e+00
2.782799999968848419e+10 -3.109902818835479810e+00
2.782799999944455338e+10 -2.869527292392019646e+00
2.782799999974608612e+10 -3.031887379078949785e+00
2.782799999988206863e+10 -2.717577346930744930e+00
2.782800000022262192e+10 -2.681440506132807045e+00
