6.261300000000009918e+10 0.000000000000000000e+00
6.261299999982501221e+10 1.503781049799735481e+00
6.261299999875938416e+10 2.579161898581808998e+00
6.261299999729850006e+10 2.976450969557693949e+00
6.261299999658250427e+10 4.310378089078733765e+00
6.261299999685678864e+10 2.821492196760491566e+00
6.261299999684638214e+10 4.335396273650658827e+00
6.261299999562844849e+10 5.234644719175751248e+00
6.261299999453915405e+10 6.286052247399730675e+00
6.261299999336730957e+10 5.327514900426114863e+00
6.261299999419534302e+10 4.060088217175428227e+00
6.261299999541278076e+10 3.160169904975532962e+00
6.261299999632312775e+10 1.950510486391052956e+00
6.261299999760799408e+10 1.149807376770925593e+00
6.261299999667942047e+10 2.345532998599590524e+00
6.261299999789442444e+10 3.248742541881342039e+00
6.261299999707177734e+10 4.519671427724995638e+00
6.261299999587529755e+10 3.592066407857545940e+00
6.261299999495991516e+10 4.797922842434847901e+00
6.261299999576557159e+10 3.516152065397661008e+00
6.261299999434027100e+10 4.026572468206040867e+00
6.261299999474044800e+10 5.486665858652926886e+00
6.261299999335126495e+10 4.884854553137861544e+00
6.261299999484492493e+10 4.637886719642544620e+00
6.261299999485562134e+10 3.123984656414617422e+00
6.261299999624661255e+10 2.526360418441687017e+00
6.261299999693619537e+10 3.874132719602839448e+00
6.261299999670807648e+10 5.370788094341909513e+00
6.261299999771692657e+10 6.499607692618412536e+00
6.261299999922739410e+10 6.602132456393267290e+00
6.261299999805642700e+10 7.561737373189591160e+00
6.261299999730667114e+10 6.246489881957455914e+00
6.261299999806068420e+10 4.933676422338928447e+00
6.261299999947342682e+10 4.389452122689474045e+00
6.261299999796064758e+10 4.330220812364635741e+00
6.261299999835666656e+10 2.868994839062615654e+00
6.261299999692323303e+10 2.381883569685950164e+00
6.261299999835697937e+10 2.868076096597332647e+00
6.261299999758374023e+10 1.566494941320656809e+00
6.261299999612094879e+10 1.956681495883598965e+00
6.261299999762940979e+10 2.085345903362274544e+00
6.261299999635575867e+10 1.266922042217147659e+00
6.261299999728252411e+10 2.464049374431840356e+00
6.261299999687909698e+10 1.004850236305461442e+00
6.261299999611169434e+10 2.309881765980163593e+00
6.261299999657241821e+10 8.677493846605219829e-01
6.261299999647764587e+10 2.378720056801943095e+00
6.261299999758986664e+10 1.351597846063896213e+00
6.261299999842957306e+10 2.611323395714820528e+00
6.261299999994114685e+10 2.526667902180252945e+00
6.261300000113594055e+10 1.596893100436328261e+00
