4.174200000000009918e+10 0.000000000000000000e+00
4.174200000025799561e+10 -3.681388470235792965e-01
4.174199999982653809e+10 -4.941693383156126052e-01
4.174199999953549194e+10 -1.516366290218711388e-01
4.174199999911672974e+10 -3.149556223738856908e-01
4.174199999874250031e+10 -6.598130132563398420e-02
4.174199999838394928e+10 -3.370446320011849517e-01
4.174199999836548615e+10 1.120604282832559084e-01
4.174199999880626678e+10 2.000959698930309116e-01
4.174199999835678864e+10 2.029417992463199150e-01
4.174199999844834900e+10 6.430020167804562092e-01
4.174199999889485931e+10 5.914118073952088217e-01
4.174199999929425812e+10 3.852145334017557654e-01
4.174199999911210632e+10 -2.570923565695404367e-02
4.174199999953639984e+10 1.226536857139601533e-01
4.174199999995276642e+10 -4.669044908069114319e-02
4.174200000039216614e+10 -1.413743027702509814e-01
