6.957000000000000000e+09 0.000000000000000000e+00
6.956999999711256027e+09 -3.258228907688301423e-02
6.956999999818370819e+09 -3.026950208528100816e-01
6.956999999527829170e+09 -2.982064286345809112e-01
6.956999999799794197e+09 -1.958861272746758309e-01
6.956999999514827728e+09 -2.527072246404471478e-01
6.956999999711179733e+09 -3.851002247151150137e-02
6.956999999728244781e+09 -3.285846237791293367e-01
6.956999999502275467e+09 -5.112652413045285504e-01
6.956999999653329849e+09 -7.594929849203483352e-01
6.956999999905076027e+09 -9.046076261891375925e-01
6.956999999684505463e+09 -7.154432985361971475e-01
6.956999999933633804e+09 -8.650077931099853235e-01
6.956999999879776001e+09 -1.150549127642898295e+00
6.957000000084070206e+09 -1.357185319273048307e+00
6.957000000213563919e+09 -1.097058509933669157e+00
