6.261300000000000000e+10 0.000000000000000000e+00
6.261300000007821655e+10 1.511917845388605075e+00
6.261299999861249542e+10 1.890955042947792375e+00
6.261299999717613220e+10 2.369357298595303085e+00
6.261299999860129547e+10 1.858547139343305066e+00
6.261299999906953430e+10 4.188359165080619562e-01
6.261299999756574249e+10 5.938423688833929237e-01
6.261299999833644104e+10 -7.092440567672242402e-01
6.261299999698494720e+10 -1.391501955174624161e+00
6.261299999655877686e+10 6.121610618767014955e-02
6.261299999709065247e+10 -1.356219012807412749e+00
6.261299999791488647e+10 -8.631421888621426675e-02
6.261299999730583191e+10 1.299712546198029006e+00
6.261299999876548767e+10 8.979497038319235180e-01
6.261299999865623474e+10 -6.120431389906970665e-01
6.261299999822106934e+10 8.380078779097281938e-01
6.261299999715425873e+10 -2.361994399829898672e-01
6.261299999793261719e+10 1.062328302996713880e+00
6.261299999646254730e+10 1.424154063256945824e+00
6.261299999508204651e+10 2.045632383990747982e+00
6.261299999506628418e+10 3.559490183705978694e+00
6.261299999461071777e+10 2.115719674846511911e+00
6.261299999391468811e+10 3.460175034012623385e+00
6.261299999538018799e+10 3.080265724806456440e+00
6.261299999606830597e+10 1.731744116716781967e+00
6.261299999455561829e+10 1.670245451581215956e+00
6.261299999582935333e+10 2.488538818241457395e+00
6.261299999433045959e+10 2.275637898815959126e+00
6.261299999572428131e+10 2.866634371164032302e+00
6.261299999595454407e+10 1.370307755941646333e+00
6.261299999668029022e+10 2.698957697093249841e+00
6.261299999668424225e+10 4.212892374099017623e+00
6.261299999691851044e+10 2.717187615018636038e+00
6.261299999801967621e+10 3.756148585724606193e+00
6.261299999930727386e+10 2.959838959884645515e+00
6.261299999832332611e+10 1.809246229002949402e+00
6.261299999973755646e+10 1.268913623789248213e+00
6.261299999944444275e+10 2.754207985860536390e+00
6.261300000003290558e+10 1.359315051660874074e+00
6.261300000141561127e+10 1.975873234014022373e+00
