3.478500000000000000e+10 0.000000000000000000e+00
3.478499999962780762e+10 -9.269533526806901513e-02
3.478499999975395203e+10 2.695290732935120559e-01
3.478499999974832916e+10 6.530482143785049098e-01
3.478499999971464539e+10 1.035126815935212941e+00
3.478499999973703003e+10 1.418033450717996802e+00
3.478499999935646057e+10 1.465814370697246627e+00
3.478499999897496033e+10 1.426116909871797622e+00
3.478499999935611725e+10 1.468966311798626911e+00
3.478499999901464081e+10 1.294287021348850653e+00
3.478499999873656464e+10 1.558465442741034046e+00
3.478499999884158325e+10 1.189562678759649827e+00
3.478499999913488770e+10 1.436726684658347297e+00
3.478499999892528534e+10 1.757952192559761651e+00
3.478499999869370270e+10 1.452192942173583967e+00
3.478499999865621948e+10 1.070468158849705365e+00
3.478499999828126526e+10 9.896703854614946616e-01
3.478499999864613342e+10 1.107948860935875635e+00
3.478499999901444244e+10 1.000865076399285458e+00
3.478499999939788818e+10 1.010300708691095783e+00
3.478499999903308868e+10 8.918216024311924617e-01
3.478499999866045380e+10 9.827014624716244873e-01
3.478499999904357147e+10 1.001198305314135562e+00
3.478499999866024017e+10 9.880107599369571947e-01
3.478499999903139496e+10 8.912606404746840072e-01
3.478499999895043945e+10 1.266180355989133144e+00
3.478499999931393433e+10 1.388606317238973986e+00
3.478499999930261230e+10 1.005213161681629330e+00
3.478499999896129608e+10 1.180209063518197876e+00
3.478499999892642212e+10 7.982375094614773126e-01
3.478499999905389404e+10 1.159995193961880666e+00
3.478499999867134857e+10 1.187886050606869803e+00
3.478499999844671631e+10 8.769873516730970486e-01
3.478499999882355499e+10 9.484753114251390782e-01
3.478499999893664551e+10 1.314984614735908997e+00
3.478499999897018433e+10 1.697075610560710546e+00
3.478499999922557068e+10 1.983251620104576007e+00
3.478499999936870575e+10 1.627398394986649066e+00
3.478499999899016571e+10 1.689265106135209971e+00
3.478499999937361908e+10 1.698407120757807975e+00
3.478499999933557129e+10 1.316738649563819585e+00
3.478499999930293274e+10 1.698907828292273825e+00
3.478499999917691040e+10 2.061174856340150185e+00
3.478499999949266052e+10 2.278939649013987268e+00
3.478499999920247650e+10 2.529765462406162513e+00
3.478499999930753326e+10 2.898657664549153079e+00
3.478499999907894135e+10 3.206656102156613120e+00
3.478499999877601624e+10 3.441931664294448634e+00
3.478499999891072083e+10 3.801061054933857708e+00
3.478499999871749878e+10 4.132395829539022181e+00
3.478499999900286102e+10 3.876103124481787621e+00
3.478499999931400299e+10 3.651810876478952750e+00
3.478499999899819183e+10 3.869483639354295512e+00
3.478499999934981537e+10 3.716253487645800213e+00
3.478499999897220612e+10 3.783539504918147944e+00
3.478499999932386017e+10 3.936691246701407909e+00
3.478499999970375824e+10 3.989590276972033500e+00
3.478500000007576752e+10 4.083013741219303938e+00
3.478499999988502502e+10 4.415781912285318356e+00
3.478500000015878296e+10 4.684439342996958189e+00
