1.391400000000000000e+10 0.000000000000000000e+00
1.391399999973127556e+10 -1.325937111899709031e-01
1.391399999994352913e+10 -3.441185940724597048e-01
1.391399999991611481e+10 -6.425185199723864038e-01
1.391399999961807442e+10 -6.735927015574058041e-01
1.391399999932006645e+10 -6.422041016533722724e-01
1.391399999912266541e+10 -4.167555161189011037e-01
1.391399999893832779e+10 -1.805066564914265259e-01
1.391399999923627663e+10 -1.485670208167310380e-01
1.391399999943153954e+10 7.873568258819546584e-02
1.391399999962122345e+10 -1.532430989921785280e-01
1.391399999967499352e+10 1.415499338309632038e-01
1.391399999983899117e+10 -1.092467174018866283e-01
1.391399999998674393e+10 1.514503329325798675e-01
1.391400000021471786e+10 -4.302813409273092971e-02
