6.957000000000000000e+09 0.000000000000000000e+00
6.956999999773497581e+09 -1.820198777967083903e-01
6.957000000053964615e+09 -1.060411872607512351e-01
6.956999999852654457e+09 1.035029204477040665e-01
6.956999999619968414e+09 2.775484067695229706e-01
6.956999999878844261e+09 1.455716824714848034e-01
6.956999999599918365e+09 2.270266279444393964e-01
6.956999999379869461e+09 3.725569146846630098e-02
6.956999999551990509e+09 2.713687373170419748e-01
6.956999999290794373e+09 3.986917086548206202e-01
6.956999999122781754e+09 6.357701693338826399e-01
6.956999998925885201e+09 4.220733820772232248e-01
6.956999998730869293e+09 2.066590839189775264e-01
6.956999998873799324e+09 4.596522607294732388e-01
6.956999999064094543e+09 2.400564612575056267e-01
6.956999999171045303e+09 5.102343043137254064e-01
6.956999999272478104e+09 2.379369430719465717e-01
6.956999999096826553e+09 4.694130183192071759e-01
6.956999998853535652e+09 6.282966885971679183e-01
6.956999998964982033e+09 8.966511569992233754e-01
6.956999999143257141e+09 1.126112796835446517e+00
6.956999999302240372e+09 8.828870732712813529e-01
6.956999999444737434e+09 1.136124372242675040e+00
6.956999999640220642e+09 9.211342188772028150e-01
6.956999999532391548e+09 6.513058860326840227e-01
6.956999999567172050e+09 3.628188234262412770e-01
6.956999999834134102e+09 4.775619847761339298e-01
6.956999999851414680e+09 1.875001539656429017e-01
6.956999999605681419e+09 3.425804143049291928e-01
6.956999999798744202e+09 5.597466190838703559e-01
6.956999999508606911e+09 5.757038185501116567e-01
6.956999999218030930e+09 5.751802774946221941e-01
6.956999999104077339e+09 3.078808308741018407e-01
6.956999998831645012e+09 2.068107480856022917e-01
6.956999999095926285e+09 8.602273314022039485e-02
6.956999999037168503e+09 3.705960559302530766e-01
6.956999998762988091e+09 4.668225359531384400e-01
6.956999998586956024e+09 6.980089037121861573e-01
6.956999998585135460e+09 4.074384620092633136e-01
6.956999998822649956e+09 5.748344577966777447e-01
6.956999999105141640e+09 6.428992938280213565e-01
6.956999998820683479e+09 7.022140306611075466e-01
6.956999998811394691e+09 4.117863952694786334e-01
6.956999998939997673e+09 6.723543831760379064e-01
6.956999998816033363e+09 9.351608418318685390e-01
6.956999998535796165e+09 1.011983461703559461e+00
6.956999998807812691e+09 1.114166014355511214e+00
6.956999999079605103e+09 1.011388477885308168e+00
6.956999999002126694e+09 7.313320304444441700e-01
6.956999998721286774e+09 6.567445092613031221e-01
6.956999998943625450e+09 4.696619405637845190e-01
6.956999999162117958e+09 2.781007694183379453e-01
6.956999999041783333e+09 1.361245975199304459e-02
6.956999998773653030e+09 -9.837153638185698601e-02
6.956999998791104317e+09 -3.884231808729720625e-01
6.956999998550236702e+09 -2.258897761048580533e-01
6.956999998259662628e+09 -2.248336124062437769e-01
6.956999998490541458e+09 -4.839791240473712008e-02
6.956999998555901527e+09 -3.315278322766797570e-01
6.956999998292097092e+09 -2.097003795810871984e-01
6.956999998098797798e+09 7.255528933168053918e-03
6.956999998339757919e+09 1.696526484868438600e-01
6.956999998080443382e+09 3.007656646662153488e-01
6.956999997803718567e+09 2.121217018250899644e-01
6.956999998069677353e+09 3.291698494801822972e-01
6.956999997926066399e+09 5.817768429101635164e-01
6.956999997673494339e+09 4.381047408381502084e-01
6.956999997692687988e+09 7.280462775613725235e-01
6.956999997792671204e+09 4.552131394499548955e-01
6.956999997748274803e+09 7.423776274080813309e-01
6.956999998038803101e+09 7.476507811230019840e-01
6.956999998098773956e+09 4.633305169174682381e-01
6.956999997841138840e+09 5.977128285984438794e-01
6.956999998131629944e+09 5.906902043473492014e-01
6.956999998123682976e+09 8.811576670150623736e-01
6.956999998003992081e+09 1.145937930274194327e+00
6.956999998265837669e+09 1.271919247496054783e+00
6.956999998555312157e+09 1.297197199334592321e+00
6.956999998359030724e+09 1.511458880590012432e+00
6.956999998629630089e+09 1.617339225643407152e+00
6.956999998784651756e+09 1.863108933448184956e+00
6.956999998528787613e+09 1.725383718407731415e+00
6.956999998663611412e+09 1.467979521583991032e+00
6.956999998950066566e+09 1.419214410273188731e+00
6.956999999192996979e+09 1.259780496005798334e+00
6.956999998964945793e+09 1.079705501201638329e+00
6.956999999232937813e+09 9.673890754480307663e-01
6.956999999313333511e+09 1.246622067647798371e+00
6.956999999593393326e+09 1.324089616692017746e+00
6.956999999724944115e+09 1.064997075891049860e+00
6.956999999850492477e+09 1.327050616326787669e+00
6.956999999871571541e+09 1.037240058576093027e+00
6.956999999727945328e+09 1.289838435536516892e+00
6.957000000001750946e+09 1.387127047321214501e+00
6.957000000279817581e+09 1.302786653743928103e+00
