1.391400000000000000e+10 0.000000000000000000e+00
1.391399999999939728e+10 -2.996560382652669330e-01
1.391399999972609711e+10 -1.767703388877323589e-01
1.391399999973326492e+10 1.228005746546940169e-01
1.391399999947349548e+10 2.721794775181487491e-01
1.391399999947859001e+10 -2.743386600206104697e-02
1.391399999947602272e+10 2.722117838297420933e-01
1.391399999926977730e+10 4.895975686898076384e-01
1.391399999942089653e+10 2.308374251167562563e-01
1.391399999912853813e+10 1.651064481414003526e-01
1.391399999883587837e+10 1.007256664204461277e-01
1.391399999886200333e+10 3.992412468688966709e-01
1.391399999857293892e+10 3.202762857315762379e-01
1.391399999832043076e+10 1.589265125188275563e-01
1.391399999826686287e+10 -1.359031658849578772e-01
1.391399999800521278e+10 1.015690102027749786e-02
1.391399999777854538e+10 -1.858421886792540889e-01
1.391399999748360443e+10 -2.387950277118168207e-01
1.391399999758559990e+10 4.296914645431415547e-02
1.391399999739874458e+10 -1.912944517072417139e-01
1.391399999722922897e+10 -4.383944491417485212e-01
1.391399999725187111e+10 -1.395944277589319937e-01
1.391399999726206398e+10 -4.390776906365829180e-01
1.391399999724806213e+10 -1.397483094467570908e-01
1.391399999746553230e+10 6.640923325424197277e-02
1.391399999767945290e+10 -1.434288336005625497e-01
1.391399999737983131e+10 -1.388335342664372973e-01
1.391399999723179054e+10 -3.993671716943854588e-01
1.391399999710638618e+10 -6.715211515690697741e-01
1.391399999705016899e+10 -3.771852410966514135e-01
1.391399999678716660e+10 -5.207947441070140959e-01
1.391399999660776329e+10 -2.807774137143419502e-01
1.391399999672084618e+10 -3.277539437319287874e-03
1.391399999679611206e+10 -2.933276323004906372e-01
1.391399999650860786e+10 -3.777979441983596587e-01
1.391399999623832893e+10 -2.484014386011876852e-01
1.391399999607768440e+10 -5.013585453925575308e-01
1.391399999637664795e+10 -5.217259032620495951e-01
1.391399999612999725e+10 -6.918950399005394658e-01
1.391399999627963257e+10 -4.322730311140162707e-01
1.391399999613220024e+10 -1.713939134125844199e-01
1.391399999626338959e+10 9.801958378956282525e-02
1.391399999642658806e+10 3.493367618714846579e-01
1.391399999663780022e+10 5.619006284677032781e-01
1.391399999653352737e+10 8.428302467912577312e-01
1.391399999624377060e+10 7.664395909895308501e-01
1.391399999653364372e+10 6.904909629858274611e-01
1.391399999671334839e+10 9.302828462249977948e-01
1.391399999674599075e+10 1.228156375298961267e+00
1.391399999644688225e+10 1.246259705837182707e+00
1.391399999669924164e+10 1.407842776822872288e+00
1.391399999697109413e+10 1.533901643728741826e+00
1.391399999672653008e+10 1.707057541394695788e+00
1.391399999673277092e+10 1.407465889194849717e+00
1.391399999700765419e+10 1.526769933719118510e+00
1.391399999696701431e+10 1.229881983355334496e+00
1.391399999668451500e+10 1.129938173452958994e+00
1.391399999675330734e+10 8.382845859879822781e-01
1.391399999685799408e+10 5.575091214921104044e-01
1.391399999708505630e+10 7.530518307743563344e-01
1.391399999713995743e+10 1.047636215804185644e+00
1.391399999722882271e+10 7.614596355986122944e-01
1.391399999735022545e+10 4.874966743454192675e-01
1.391399999713116837e+10 2.830265245207331803e-01
1.391399999699762917e+10 1.477038168932753859e-02
1.391399999725681686e+10 -1.356149331897311683e-01
1.391399999751197624e+10 2.150787800984216291e-02
1.391399999778240967e+10 1.505799723681507662e-01
1.391399999774874878e+10 4.483400365478138472e-01
1.391399999793676949e+10 6.816692434872732020e-01
1.391399999791034698e+10 9.801586243061104486e-01
1.391399999805231094e+10 1.244053507405302739e+00
1.391399999781492233e+10 1.426920752947332893e+00
1.391399999756006813e+10 1.584539384208647705e+00
1.391399999726420021e+10 1.537043477575539496e+00
1.391399999723617554e+10 1.238700098264671201e+00
1.391399999720779228e+10 1.537009459469043993e+00
1.391399999690908813e+10 1.560883223135691722e+00
1.391399999680335808e+10 1.841267025087200748e+00
1.391399999656912422e+10 2.028159977269809122e+00
1.391399999656014442e+10 1.728637901578418568e+00
1.391399999627433205e+10 1.638604964934075703e+00
1.391399999619302940e+10 1.927021480185163060e+00
1.391399999649053001e+10 1.891135552552769328e+00
1.391399999619193840e+10 1.865882542188592286e+00
1.391399999629117012e+10 2.148631679018634166e+00
1.391399999637646103e+10 2.435894136258951015e+00
1.391399999611802673e+10 2.284216282551205346e+00
1.391399999597107887e+10 2.545368291343620637e+00
1.391399999574538231e+10 2.742485627868713305e+00
1.391399999587651634e+10 2.473045963736873798e+00
1.391399999561281204e+10 2.615363302737977236e+00
1.391399999589889908e+10 2.526209322810860858e+00
1.391399999562134743e+10 2.639164790796960869e+00
1.391399999547027779e+10 2.897954275142440306e+00
1.391399999572971916e+10 3.047900323568860870e+00
1.391399999554582214e+10 2.811308353482938838e+00
1.391399999540751648e+10 3.077138575645776974e+00
1.391399999570639420e+10 3.055548351764332704e+00
1.391399999555920982e+10 3.316566990933152770e+00
1.391399999563870049e+10 3.027646180130330933e+00
1.391399999538610077e+10 3.188853255964035682e+00
1.391399999517390823e+10 2.977268594527062273e+00
1.391399999522627449e+10 3.272314293752168535e+00
1.391399999524825668e+10 3.571163553968429660e+00
1.391399999497723389e+10 3.443330783589125144e+00
1.391399999503871918e+10 3.736611451731113753e+00
1.391399999533635139e+10 3.771383774830317392e+00
1.391399999505282402e+10 3.868368141214989731e+00
1.391399999504176331e+10 4.167820568188436603e+00
1.391399999533025932e+10 4.248839221267816768e+00
1.391399999528306961e+10 4.544756915958873655e+00
1.391399999539128113e+10 4.265321289423704698e+00
1.391399999509303856e+10 4.294400477199653565e+00
1.391399999535469627e+10 4.148354042955418208e+00
1.391399999555114365e+10 4.374634060761213306e+00
1.391399999534362793e+10 4.590808785020375815e+00
1.391399999530268669e+10 4.887655539548102723e+00
1.391399999554540825e+10 4.711927758326309501e+00
1.391399999555599785e+10 5.011397243828774606e+00
1.391399999577261925e+10 5.218446500357302398e+00
1.391399999602480125e+10 5.056586181888701681e+00
1.391399999611882210e+10 4.772061643044986035e+00
1.391399999641522980e+10 4.816073019602402638e+00
1.391399999623242188e+10 4.578637327750951336e+00
1.391399999618924141e+10 4.282108291266029987e+00
1.391399999645872307e+10 4.151061344522118723e+00
1.391399999637372971e+10 4.438411602935642186e+00
1.391399999641179466e+10 4.141182363790531618e+00
1.391399999641098213e+10 3.841526821211759479e+00
1.391399999642226219e+10 3.542082531171563797e+00
1.391399999660798645e+10 3.306921684961992458e+00
1.391399999690763283e+10 3.309313869665846397e+00
1.391399999701506996e+10 3.589048140266863030e+00
1.391399999679293442e+10 3.387925523897332702e+00
1.391399999703633118e+10 3.213135088225561820e+00
1.391399999676718521e+10 3.081398496195302705e+00
1.391399999705858612e+10 3.151251132869256288e+00
1.391399999678865242e+10 3.021134860835144043e+00
1.391399999685216904e+10 2.728287297505276765e+00
1.391399999683501053e+10 2.429122350112358664e+00
1.391399999679072189e+10 2.725488069938663216e+00
1.391399999654341698e+10 2.556271485240223740e+00
1.391399999654643059e+10 2.855912984116980802e+00
1.391399999626088905e+10 2.946795598123671756e+00
1.391399999596353722e+10 2.909697741171229701e+00
1.391399999608544540e+10 2.635960015900293829e+00
1.391399999603063583e+10 2.341358396584576784e+00
1.391399999632971191e+10 2.322710258510313874e+00
1.391399999630588722e+10 2.621418293549830913e+00
1.391399999659675026e+10 2.693477174867332735e+00
1.391399999662407112e+10 2.991885799873438945e+00
1.391399999668211365e+10 3.285867540350529303e+00
1.391399999668080902e+10 2.986213733496557499e+00
1.391399999655322647e+10 3.257353742262528495e+00
1.391399999629739380e+10 3.101327669439087664e+00
1.391399999601471710e+10 3.200765950588199349e+00
1.391399999624226379e+10 3.005787148929686126e+00
1.391399999616456985e+10 2.716377873637923823e+00
1.391399999630557060e+10 2.980787913194096639e+00
1.391399999646524048e+10 3.234361591726497842e+00
1.391399999616614914e+10 3.252774056354595267e+00
1.391399999602046585e+10 3.514633901586543985e+00
1.391399999604516792e+10 3.215997068083457755e+00
1.391399999589020920e+10 3.472476409114503948e+00
1.391399999595701790e+10 3.180362402851397707e+00
1.391399999612397957e+10 3.429194995674792246e+00
1.391399999589489174e+10 3.236030688098959551e+00
1.391399999606063461e+10 2.986384436880106019e+00
1.391399999580042458e+10 3.134992938482386027e+00
1.391399999557247734e+10 3.329502798257121032e+00
1.391399999562305450e+10 3.624860231795458798e+00
1.391399999546773529e+10 3.881121880636285493e+00
1.391399999523668480e+10 4.071936138202710609e+00
1.391399999537670135e+10 4.336869361640466991e+00
1.391399999550180054e+10 4.064575160309941815e+00
1.391399999538423538e+10 3.788944290200396914e+00
1.391399999509566689e+10 3.708182874082075031e+00
1.391399999479777527e+10 3.740659018800420732e+00
1.391399999507876015e+10 3.844780994175725830e+00
1.391399999532341003e+10 3.671746806269080121e+00
1.391399999527328682e+10 3.376312034653430771e+00
1.391399999557191658e+10 3.351533455775636217e+00
1.391399999574081039e+10 3.599059403574248694e+00
1.391399999602465820e+10 3.503016531912176657e+00
1.391399999627757454e+10 3.663726452162156644e+00
1.391399999656183434e+10 3.758544358245067940e+00
1.391399999626729965e+10 3.813710332286138982e+00
1.391399999596914482e+10 3.783751430894950918e+00
1.391399999570492172e+10 3.642399208416076117e+00
1.391399999547091866e+10 3.829580253436232429e+00
1.391399999563426399e+10 3.578358928335974909e+00
1.391399999589828110e+10 3.436623883816809499e+00
1.391399999581175041e+10 3.723515188996480596e+00
1.391399999573033714e+10 3.435130031590275301e+00
1.391399999589261246e+10 3.687044303197745343e+00
1.391399999580872536e+10 3.399369203368991066e+00
1.391399999607320786e+10 3.258503897814116090e+00
1.391399999627516365e+10 3.479882136440981988e+00
1.391399999640142822e+10 3.208126021079918733e+00
1.391399999643161964e+10 3.506257924820566085e+00
1.391399999666497803e+10 3.694242660637290676e+00
1.391399999636948204e+10 3.743998780488658529e+00
1.391399999629443359e+10 3.453892426871020493e+00
1.391399999647620583e+10 3.692121083170966767e+00
1.391399999677439117e+10 3.721774860442658373e+00
1.391399999707374763e+10 3.708363181451169499e+00
1.391399999734523773e+10 3.835196977013473063e+00
1.391399999758611488e+10 3.656949691535034130e+00
1.391399999737694740e+10 3.871526234896067731e+00
1.391399999731722832e+10 4.165171744247301966e+00
1.391399999707152176e+10 3.993643388947222927e+00
1.391399999679764557e+10 4.115241242070270644e+00
1.391399999686252022e+10 4.407790898424249981e+00
1.391399999714912033e+10 4.320301723483222389e+00
1.391399999704146957e+10 4.040649726934324448e+00
1.391399999687635422e+10 3.790587163268662074e+00
1.391399999694817543e+10 3.499664698473676339e+00
1.391399999696618652e+10 3.200549864897257901e+00
1.391399999666930389e+10 3.241233308492630805e+00
1.391399999691381073e+10 3.414469297945144532e+00
1.391399999716173172e+10 3.582780965494998249e+00
1.391399999709758186e+10 3.875490694533398006e+00
1.391399999712787628e+10 3.577369391946398025e+00
1.391399999710129738e+10 3.875844957952866210e+00
1.391399999688257027e+10 3.671021623720776006e+00
1.391399999685984993e+10 3.372227531439071058e+00
1.391399999677597618e+10 3.659906549077553972e+00
1.391399999687911797e+10 3.378560182256260980e+00
1.391399999658032990e+10 3.401369042835804990e+00
1.391399999662570190e+10 3.697570920668037608e+00
1.391399999661307144e+10 3.398180619961920446e+00
1.391399999631362534e+10 3.409414891791697766e+00
1.391399999653825188e+10 3.211078802216817074e+00
1.391399999655167198e+10 3.510434767077661000e+00
1.391399999630558777e+10 3.339448148622075951e+00
1.391399999606718636e+10 3.520993488922756320e+00
1.391399999635076141e+10 3.617838688004891168e+00
1.391399999647528076e+10 3.345278817800195981e+00
1.391399999633016014e+10 3.083106435938687273e+00
1.391399999661286926e+10 2.983758940562202699e+00
1.391399999675176430e+10 2.718236259153609780e+00
1.391399999705014420e+10 2.745873125750986965e+00
1.391399999675187111e+10 2.717117818954871922e+00
1.391399999670958519e+10 3.013775777440187653e+00
1.391399999645386696e+10 2.857563931154035064e+00
1.391399999675340271e+10 2.866088785904140401e+00
1.391399999671622467e+10 3.163430067803193246e+00
1.391399999683223152e+10 2.887139433743336259e+00
1.391399999710231018e+10 3.016952963782265407e+00
1.391399999739727402e+10 2.964123523840592522e+00
1.391399999764599419e+10 2.796994662224633554e+00
1.391399999770345688e+10 3.091090168759861978e+00
1.391399999775570107e+10 3.386157479531476167e+00
1.391399999776521492e+10 3.086651928833330505e+00
1.391399999786069107e+10 3.370691304246762332e+00
1.391399999756106377e+10 3.374897525552847721e+00
1.391399999730674553e+10 3.216414674326910195e+00
1.391399999709615135e+10 3.429590740857773934e+00
1.391399999692434883e+10 3.675107178858172841e+00
1.391399999679356384e+10 3.944716772292330642e+00
1.391399999709296799e+10 3.957030434689936094e+00
1.391399999708425140e+10 4.256560294295593572e+00
1.391399999736670876e+10 4.356622691615766207e+00
1.391399999729321098e+10 4.066119497515161996e+00
1.391399999706334496e+10 3.873881662378209523e+00
1.391399999680899048e+10 3.715458263857513099e+00
1.391399999670606041e+10 3.434034434865405050e+00
1.391399999682851601e+10 3.707528084470210317e+00
1.391399999653124428e+10 3.669792520197759256e+00
1.391399999623162460e+10 3.674481771764349869e+00
1.391399999627694321e+10 3.970691833178701557e+00
1.391399999598047066e+10 3.927127109750816025e+00
1.391399999627758408e+10 3.888167639395300856e+00
1.391399999643342018e+10 3.632219757733931242e+00
1.391399999627451706e+10 3.886274680706005125e+00
1.391399999601233673e+10 3.741167651020612883e+00
1.391399999622833633e+10 3.948864660728781839e+00
1.391399999599861145e+10 3.756457449584684305e+00
1.391399999593166161e+10 4.048539289081411141e+00
1.391399999572046089e+10 4.261115294770826623e+00
1.391399999562686920e+10 4.545781496751332362e+00
1.391399999536962128e+10 4.699460853630461621e+00
1.391399999531015205e+10 4.405764394203201206e+00
1.391399999527959824e+10 4.703859280173061208e+00
1.391399999502788734e+10 4.541268204927451535e+00
1.391399999506471062e+10 4.243882666433965056e+00
1.391399999519798470e+10 3.975494782135367888e+00
1.391399999493112946e+10 4.111812844771087327e+00
1.391399999491019058e+10 3.812888666698277973e+00
1.391399999515031052e+10 3.633622465948483704e+00
1.391399999500366783e+10 3.894945614454928595e+00
1.391399999492125511e+10 4.183046567677561889e+00
1.391399999508624649e+10 4.433190793564806498e+00
1.391399999491767120e+10 4.680933330605002496e+00
1.391399999467743301e+10 4.860041183490190875e+00
1.391399999442834854e+10 4.693455540088742772e+00
1.391399999423549080e+10 4.464109158369077512e+00
1.391399999406270409e+10 4.219285427405294442e+00
1.391399999404790115e+10 4.518576184037187637e+00
1.391399999430682945e+10 4.367743237091851860e+00
1.391399999430025101e+10 4.068158795309408937e+00
1.391399999456026840e+10 3.919212345536176034e+00
1.391399999438458252e+10 3.676459570455417492e+00
1.391399999446204567e+10 3.965930736000755186e+00
1.391399999475934601e+10 3.928418414303564976e+00
1.391399999496714592e+10 3.712518164173713497e+00
1.391399999494321823e+10 3.413818408055446785e+00
1.391399999490379524e+10 3.710870473539233938e+00
1.391399999476573944e+10 3.444910341104773011e+00
1.391399999505657005e+10 3.372716916598956338e+00
1.391399999522581291e+10 3.125429426727552418e+00
1.391399999552541351e+10 3.119600768442551519e+00
1.391399999522682953e+10 3.094258294655164221e+00
1.391399999546367073e+10 3.277835870252062023e+00
1.391399999539865112e+10 3.570353495222224893e+00
1.391399999528576088e+10 3.292775059474612576e+00
1.391399999499531555e+10 3.219045904819820780e+00
1.391399999527290154e+10 3.331919437069587264e+00
1.391399999501249123e+10 3.480177583767329441e+00
1.391399999499678612e+10 3.779422380879375876e+00
1.391399999526759529e+10 3.651139072173383848e+00
1.391399999541182518e+10 3.913801700723667398e+00
1.391399999571140289e+10 3.920645748060440638e+00
1.391399999541303635e+10 3.948415012067248320e+00
1.391399999570820427e+10 4.000081742155363607e+00
1.391399999580016136e+10 4.285280102046555406e+00
1.391399999586071014e+10 4.578755815965298126e+00
1.391399999616028976e+10 4.585522337553936900e+00
1.391399999594500542e+10 4.377084027779499564e+00
1.391399999571353149e+10 4.567382546492678053e+00
1.391399999573532104e+10 4.866245957515829446e+00
1.391399999587416267e+10 4.600694999784971984e+00
1.391399999610888863e+10 4.786968694567831584e+00
1.391399999593898582e+10 4.540133994085031155e+00
1.391399999585478020e+10 4.252551748879842997e+00
1.391399999567416382e+10 4.013445450095271205e+00
1.391399999591791344e+10 4.187745739060081185e+00
1.391399999593541718e+10 3.888600720882021466e+00
1.391399999597298431e+10 3.591308237682033777e+00
1.391399999620084000e+10 3.396691766530109291e+00
1.391399999592120552e+10 3.504387446571096465e+00
1.391399999608917427e+10 3.752541886000810401e+00
1.391399999587627220e+10 3.541670904086179128e+00
1.391399999559331131e+10 3.443043981803826536e+00
1.391399999581362152e+10 3.239924897055808994e+00
1.391399999609094620e+10 3.353439770908202888e+00
1.391399999581259918e+10 3.464424069822849006e+00
1.391399999569407845e+10 3.189202401063034653e+00
1.391399999582978439e+10 3.456368576443318741e+00
1.391399999568548584e+10 3.718993717844962354e+00
1.391399999549318123e+10 3.489183536577999956e+00
1.391399999549561691e+10 3.189536793790296088e+00
1.391399999520702744e+10 3.108851008245731684e+00
1.391399999505220985e+10 2.852286481933817175e+00
1.391399999507997513e+10 2.553919008311456462e+00
1.391399999517152786e+10 2.268590715759317700e+00
1.391399999545512390e+10 2.171803251078940455e+00
1.391399999529044724e+10 2.422154315529676083e+00
1.391399999534198761e+10 2.717345378285450863e+00
1.391399999561018944e+10 2.583698494551121883e+00
1.391399999570132256e+10 2.298236083177669808e+00
1.391399999545361900e+10 2.129601880941051295e+00
1.391399999549860954e+10 1.833341832456545806e+00
1.391399999579660225e+10 1.864885124708674624e+00
1.391399999587069130e+10 1.574531945983251413e+00
1.391399999616963196e+10 1.595231858945348247e+00
1.391399999586998177e+10 1.597250787646559367e+00
1.391399999583803177e+10 1.299302274034866755e+00
1.391399999578919411e+10 1.003652066237206375e+00
1.391399999576456642e+10 7.050091432119058865e-01
1.391399999594560432e+10 9.437963472093865436e-01
1.391399999590926170e+10 1.241240888220707106e+00
1.391399999588126183e+10 1.539586538848537023e+00
1.391399999608978462e+10 1.754789954344977865e+00
1.391399999608030891e+10 1.455283180717837244e+00
1.391399999633713531e+10 1.300899981898661739e+00
1.391399999603759193e+10 1.292682736385783793e+00
1.391399999586272621e+10 1.049339633313969955e+00
1.391399999616060448e+10 1.016735461641812721e+00
1.391399999636826134e+10 8.006961609757782261e-01
1.391399999631287193e+10 5.062030240063403186e-01
1.391399999623417664e+10 2.170644208493011096e-01
1.391399999627662277e+10 -7.957080322791609817e-02
1.391399999648143768e+10 1.391648332380825137e-01
1.391399999658911514e+10 4.188070714839224884e-01
1.391399999678099632e+10 6.489708701638486898e-01
1.391399999680960464e+10 9.472587140750907686e-01
1.391399999686562347e+10 1.241632763797840822e+00
1.391399999700391388e+10 1.507470803952127625e+00
1.391399999729256058e+10 1.587952696377358031e+00
1.391399999722915268e+10 1.880823988030293936e+00
1.391399999719820213e+10 2.178877986749087725e+00
1.391399999749439812e+10 2.224282654712446128e+00
1.391399999779404449e+10 2.221790210944110555e+00
1.391399999771348953e+10 2.510416129195975010e+00
1.391399999742423820e+10 2.432139543264198345e+00
1.391399999712464523e+10 2.438296320831895070e+00
1.391399999730286980e+10 2.679191288048782482e+00
1.391399999701008987e+10 2.615362286782980217e+00
1.391399999720513916e+10 2.387876202808564940e+00
1.391399999698382950e+10 2.589906782156778053e+00
1.391399999726179886e+10 2.701830052023631801e+00
1.391399999709684563e+10 2.451661553277175276e+00
1.391399999739194679e+10 2.503716157798099307e+00
1.391399999754366302e+10 2.245304575235801625e+00
1.391399999730081940e+10 2.069745243445619387e+00
1.391399999704587746e+10 1.912270340382159706e+00
1.391399999710556030e+10 2.205923414913351532e+00
1.391399999726166725e+10 2.461705588752520768e+00
1.391399999745548058e+10 2.233165406975724299e+00
1.391399999730385017e+10 1.974703510818165864e+00
1.391399999719553566e+10 1.695307288494394715e+00
1.391399999745750999e+10 1.549831369293559025e+00
1.391399999731447029e+10 1.813144703233668054e+00
1.391399999705040741e+10 1.671495471461195370e+00
1.391399999704766846e+10 1.371851346503878188e+00
1.391399999734619904e+10 1.345902601675895482e+00
1.391399999726021194e+10 1.632956961136756924e+00
1.391399999696437645e+10 1.585255972309792760e+00
1.391399999709247017e+10 1.314357018847321701e+00
1.391399999719312477e+10 1.596602994083717642e+00
1.391399999744414520e+10 1.760257826287680905e+00
1.391399999737695885e+10 2.052285447125480111e+00
1.391399999707730675e+10 2.054068418261369100e+00
1.391399999696641159e+10 2.332450247293987644e+00
1.391399999711645508e+10 2.591836648035422463e+00
1.391399999703418732e+10 2.879979206445277828e+00
1.391399999700102997e+10 2.582162626348985857e+00
1.391399999720828056e+10 2.365734776636561509e+00
1.391399999749530029e+10 2.451839610419060733e+00
1.391399999721206093e+10 2.354017082745692324e+00
1.391399999695800781e+10 2.195111698706218029e+00
1.391399999718686104e+10 2.388554230571769299e+00
1.391399999745251846e+10 2.527192836720734359e+00
1.391399999770505905e+10 2.688491997374092168e+00
1.391399999786968231e+10 2.938878652304645289e+00
1.391399999775734901e+10 3.216682917611353609e+00
1.391399999795689011e+10 2.993125845410313346e+00
1.391399999779871368e+10 3.247633817072790308e+00
1.391399999799504280e+10 3.474016055319549157e+00
1.391399999783583450e+10 3.727879909260427560e+00
1.391399999754660225e+10 3.806230920151163932e+00
1.391399999735380554e+10 4.035628940287266708e+00
1.391399999727826309e+10 4.325607377880097637e+00
1.391399999697884560e+10 4.337561526320509842e+00
1.391399999708873177e+10 4.058780363145432446e+00
1.391399999679452705e+10 4.115678219083116929e+00
1.391399999708819389e+10 4.175295194810414223e+00
1.391399999712900925e+10 4.472159040553001397e+00
1.391399999687876701e+10 4.637002501521402920e+00
1.391399999712234116e+10 4.811545599297324394e+00
1.391399999698353004e+10 4.545979527681371479e+00
1.391399999707804680e+10 4.830339762191924180e+00
1.391399999722587013e+10 4.569682576914786409e+00
1.391399999722843933e+10 4.869328200793639816e+00
1.391399999719692612e+10 5.167323118393330361e+00
1.391399999747175789e+10 5.047899008990679448e+00
1.391399999741859436e+10 5.342801882149549542e+00
1.391399999769651222e+10 5.454853441080109278e+00
1.391399999749433899e+10 5.233674172435911487e+00
1.391399999775884438e+10 5.374495476286793583e+00
1.391399999746417999e+10 5.428965843306794881e+00
1.391399999717288780e+10 5.499275015318223936e+00
1.391399999720620346e+10 5.797073934346120616e+00
1.391399999748573875e+10 5.905028666902185641e+00
1.391399999756646538e+10 6.193606498236820634e+00
1.391399999786279297e+10 6.238143917709368935e+00
1.391399999783333397e+10 5.939938826884718637e+00
1.391399999807441711e+10 6.117907517316791832e+00
1.391399999837403679e+10 6.122653419867170932e+00
1.391399999821340370e+10 5.869688858385880614e+00
1.391399999845024300e+10 6.053267948353718175e+00
1.391399999822634888e+10 6.252430174936071339e+00
1.391399999843794060e+10 6.040244670119992776e+00
1.391399999825856781e+10 6.280285208479756243e+00
1.391399999837833214e+10 6.005602501290455031e+00
1.391399999813523674e+10 6.180811717387824977e+00
1.391399999794327736e+10 5.950712794242779324e+00
1.391399999823419189e+10 6.022567306183785441e+00
1.391399999832793808e+10 5.737951961481581264e+00
1.391399999859162140e+10 5.595597259832915782e+00
1.391399999886396027e+10 5.720599240501035965e+00
1.391399999856997299e+10 5.778614532605728549e+00
1.391399999886871338e+10 5.802033947752744503e+00
1.391399999915872192e+10 5.726610784627044204e+00
1.391399999886408806e+10 5.781245248714722784e+00
1.391399999882902527e+10 5.483647023380875396e+00
1.391399999853204346e+10 5.523596002114115500e+00
1.391399999841148949e+10 5.797933255940147745e+00
1.391399999817273712e+10 5.616850265333305892e+00
1.391399999822000313e+10 5.912755723599588897e+00
1.391399999828111076e+10 6.206115312915798654e+00
1.391399999857128334e+10 6.131323235884835299e+00
1.391399999856570816e+10 6.430927997848431055e+00
1.391399999873906136e+10 6.675351742680752487e+00
1.391399999884348869e+10 6.394479660569204249e+00
1.391399999902253723e+10 6.154196754238225431e+00
1.391399999875255013e+10 6.024191750556037839e+00
1.391399999879192734e+10 6.321249856692626956e+00
1.391399999902696991e+10 6.135376005344686412e+00
1.391399999909472847e+10 5.843480517311493649e+00
1.391399999890057564e+10 6.071732877416738283e+00
1.391399999878917503e+10 5.793553046867293332e+00
1.391399999908245850e+10 5.732080331612101176e+00
1.391399999903109550e+10 5.436858306746183978e+00
1.391399999932761383e+10 5.393607196856246233e+00
1.391399999959589767e+10 5.260122258897146352e+00
1.391399999965150642e+10 5.554573882243948546e+00
1.391399999986507988e+10 5.344382607806948293e+00
1.391400000016185188e+10 5.302898512285691091e+00
