5.565600000000000000e+10 0.000000000000000000e+00
5.565599999925186920e+10 2.807579894759868466e-01
5.565600000000666809e+10 5.430551246276085209e-01
5.565599999920759583e+10 5.441737008638420914e-01
5.565599999977282715e+10 1.109005382908080595e+00
5.565599999939309692e+10 1.812089461722245387e+00
5.565599999988075256e+10 1.179066571519963524e+00
5.565599999909115601e+10 1.301784184295498914e+00
5.565599999920519257e+10 2.092681899609563967e+00
5.565599999955086517e+10 1.372240661605401257e+00
5.565599999928941345e+10 2.127335892427968389e+00
5.565599999957632446e+10 2.873127403947806968e+00
5.565599999955739594e+10 3.671980091768128673e+00
5.565599999996331787e+10 2.983686427021717158e+00
5.565599999976931763e+10 2.208516985220879025e+00
5.565599999972264862e+10 1.410804248813849027e+00
5.565600000005400848e+10 6.836701271129839164e-01
5.565599999984513092e+10 1.454964654025595383e+00
5.565599999978803253e+10 6.579306622816117889e-01
5.565600000038880920e+10 1.184799297939458818e+00
