1.391400000000000000e+10 0.000000000000000000e+00
1.391399999976382065e+10 1.844262521054160497e-01
1.391399999982064247e+10 -1.097935678927461634e-01
1.391399999981268883e+10 -4.093446244920658783e-01
1.391399999966393852e+10 -1.492144305724907305e-01
1.391399999938188362e+10 -4.802446065478852000e-02
1.391399999946148872e+10 -3.369140946368287537e-01
1.391399999973085213e+10 -2.056239833707316222e-01
1.391399999988551521e+10 5.103447209542427698e-02
1.391400000010448837e+10 2.555944094328786997e-01
