3.478500000000000000e+10 0.000000000000000000e+00
3.478499999971442413e+10 2.560524920262555737e-01
3.478499999972627258e+10 -1.273247687777654402e-01
3.478499999992453766e+10 2.010198900451981574e-01
3.478499999954383850e+10 1.542752904911094403e-01
3.478499999947016907e+10 5.306939254899222247e-01
3.478499999913009644e+10 3.532986443056993497e-01
3.478499999921884918e+10 -1.985175641877556796e-02
3.478499999883540344e+10 -2.935378601257242898e-02
3.478499999916635132e+10 -2.232421964591799479e-01
3.478499999884432220e+10 -4.316072043317767393e-01
3.478499999907771301e+10 -1.272242066791223758e-01
3.478499999915909576e+10 -5.020521757635779680e-01
3.478499999913605499e+10 -1.191844181973436556e-01
3.478499999948490906e+10 4.025079400183706468e-02
3.478499999917151642e+10 2.613918038944046396e-01
3.478499999889410400e+10 -3.490675425526112985e-03
3.478499999867711639e+10 3.127935297700496498e-01
3.478499999901993561e+10 1.407671309040357255e-01
3.478499999892414856e+10 -2.306399962511138935e-01
3.478499999904421234e+10 -5.949237280410334394e-01
3.478499999928489685e+10 -8.935677448890365637e-01
3.478499999959466553e+10 -6.673737078486685625e-01
3.478499999957759094e+10 -1.050553941947429903e+00
3.478499999975858307e+10 -1.388726341173281087e+00
3.478499999982828522e+10 -1.011552329653061300e+00
3.478499999969488525e+10 -6.519376066010748039e-01
3.478499999964846039e+10 -1.032677598720032508e+00
3.478499999975620270e+10 -1.400793557732545658e+00
3.478500000005129242e+10 -1.645824029104859365e+00
3.478499999972801971e+10 -1.439391953156177628e+00
3.478500000010707855e+10 -1.497966479533516582e+00
