3.478500000000000000e+10 0.000000000000000000e+00
3.478499999994228363e+10 -3.791935274193842798e-01
3.478500000001714325e+10 -7.553782088118026206e-01
3.478499999984098816e+10 -4.146614997778657052e-01
3.478499999957373810e+10 -1.395327964725980863e-01
3.478499999995329285e+10 -1.948069696638046189e-01
3.478499999957021332e+10 -2.140534120574204557e-01
3.478499999993173981e+10 -3.421924325782853549e-01
3.478499999995904541e+10 -7.247794694785506531e-01
3.478500000033395386e+10 -8.057918836507256266e-01
