4.869900000000000000e+10 0.000000000000000000e+00
4.869899999956660461e+10 3.610159524411353793e-01
4.869899999908721161e+10 6.379112507532347376e-02
4.869899999940521240e+10 -4.020829299185789685e-01
4.869899999895616913e+10 -7.434361867411163338e-01
4.869899999926986694e+10 -2.746559413129488481e-01
4.869899999872129059e+10 -4.058902251534066696e-01
4.869899999926493835e+10 -2.555291170433559023e-01
4.869899999965855408e+10 1.484883218988272691e-01
4.869899999914365387e+10 -8.181992632718948499e-02
4.869899999955769348e+10 3.012374958097720490e-01
4.869899999901349640e+10 4.495930525984287440e-01
4.869899999883885956e+10 -8.674883972086500084e-02
4.869899999920762634e+10 3.400654322414168873e-01
4.869899999865077209e+10 2.501962188874198856e-01
4.869899999917672729e+10 4.539887474126267364e-01
4.869899999972135162e+10 6.007731566114825617e-01
4.869899999992455292e+10 7.458823808533676658e-02
4.869899999938056183e+10 2.237067238043247697e-01
4.869899999922121429e+10 -3.173765647618885799e-01
4.869899999959640503e+10 -7.385553466985148585e-01
4.869899999935877228e+10 -1.250112748853689837e+00
4.869899999983999634e+10 -1.544370125821565853e+00
4.869899999965679932e+10 -1.010890257883092724e+00
4.869900000006781006e+10 -1.397194321306145071e+00
4.869899999950524139e+10 -1.356222696922582793e+00
4.869900000006908417e+10 -1.340539036589216249e+00
4.869900000062933350e+10 -1.405996094128709739e+00
