6.261300000000009918e+10 0.000000000000000000e+00
6.261299999950797272e+10 1.431720789637485503e+00
6.261299999992525482e+10 2.887017434768813118e+00
6.261299999855609131e+10 3.533091562119143436e+00
6.261299999712889099e+10 3.028012572501693978e+00
6.261299999819784546e+10 4.100092288979368504e+00
6.261299999683976746e+10 4.769150314144054548e+00
6.261299999534053040e+10 4.979655634783407336e+00
6.261299999482981110e+10 6.404849173642708671e+00
6.261299999429141998e+10 7.819822583671721006e+00
6.261299999277892303e+10 7.753811937113782804e+00
6.261299999140142822e+10 7.125694797663743252e+00
6.261299999135163116e+10 8.638815521876614056e+00
6.261299999280073547e+10 8.200510850642913852e+00
6.261299999228295135e+10 9.623155234373303557e+00
6.261299999379068756e+10 9.486211775085203968e+00
6.261299999369928741e+10 1.099739012321195020e+01
6.261299999516402435e+10 1.061455900442677347e+01
6.261299999463172913e+10 9.197280956094566307e+00
6.261299999612136841e+10 8.927100195672412752e+00
6.261299999763071442e+10 8.809231769289372238e+00
6.261299999711830139e+10 7.384644375485653001e+00
6.261299999616429138e+10 6.209110156375246881e+00
6.261299999752368927e+10 5.542736904460505265e+00
6.261299999684572601e+10 6.896391787414023256e+00
6.261299999611484528e+10 5.570561041797513546e+00
6.261299999671578979e+10 4.181001646300474661e+00
6.261299999524182129e+10 3.835403216930637349e+00
6.261299999670552063e+10 4.222171841031331141e+00
6.261299999808493805e+10 3.598290729779270780e+00
6.261299999815148926e+10 2.085814482832666794e+00
6.261299999688444519e+10 1.257192835885894144e+00
6.261299999837950897e+10 1.495530908251898827e+00
6.261299999844913483e+10 -1.680691764921360409e-02
6.261299999814984894e+10 -1.500870260048037252e+00
6.261299999846961212e+10 -2.108398831726243650e-02
6.261299999717990875e+10 7.718092126266995479e-01
6.261299999585353851e+10 1.501714344353462849e+00
6.261299999732222748e+10 1.869107096563075610e+00
6.261299999581332397e+10 1.745765251637935611e+00
6.261299999700537872e+10 2.679047773003605748e+00
6.261299999827680969e+10 1.857169912983015481e+00
6.261299999819699860e+10 3.369004746229339986e+00
6.261299999702906036e+10 4.332302102520774412e+00
6.261299999560069275e+10 4.834068444218714511e+00
6.261299999488505554e+10 3.499946812253434736e+00
6.261299999395612335e+10 4.695393984511150975e+00
6.261299999540653992e+10 4.261458677515799209e+00
6.261299999540602112e+10 5.775398417360247727e+00
6.261299999689824677e+10 5.519912865752425013e+00
6.261299999841130066e+10 5.571615210358235259e+00
6.261299999992072296e+10 5.688479574032405672e+00
6.261299999847923279e+10 6.151214409342252054e+00
6.261299999881173706e+10 4.674238741997574387e+00
6.261299999854499054e+10 6.164493188883447772e+00
6.261299999720920563e+10 6.877014869145554599e+00
6.261299999603590393e+10 7.833768046456605738e+00
6.261299999568665314e+10 9.306872808189751822e+00
6.261299999542376709e+10 7.815932198245078233e+00
6.261299999575728607e+10 9.292678863173449599e+00
6.261299999445059967e+10 8.528093249915160712e+00
6.261299999584211731e+10 9.124497546524361624e+00
6.261299999534132385e+10 1.055321014532280444e+01
6.261299999387821960e+10 1.016419581080301704e+01
6.261299999522136688e+10 1.086275094558944154e+01
6.261299999647991180e+10 1.002127453550013136e+01
6.261299999586885071e+10 8.636132983393814300e+00
6.261299999469032288e+10 7.685823378356064772e+00
6.261299999503863525e+10 9.159150356483234390e+00
6.261299999654553986e+10 9.304922920553188703e+00
6.261299999775868988e+10 8.399227143631227577e+00
6.261299999744880676e+10 9.881113883118681329e+00
6.261299999629566193e+10 8.900156606472101828e+00
6.261299999758954620e+10 8.114102074073988646e+00
6.261299999766450500e+10 9.626185143813398071e+00
6.261299999617105103e+10 9.377990758444836317e+00
6.261299999767894745e+10 9.242858765471510196e+00
6.261299999804221344e+10 1.071257070331169281e+01
6.261299999733814240e+10 9.372311850426822133e+00
6.261299999584502411e+10 9.122095334676172840e+00
6.261299999514991760e+10 7.777165684593188466e+00
6.261299999576278687e+10 6.392821754283655622e+00
6.261299999465941620e+10 5.356196458338355448e+00
6.261299999406855774e+10 3.962316721978093259e+00
6.261299999260701752e+10 3.567450108024198041e+00
6.261299999122167969e+10 4.178073780220154632e+00
6.261299999066622162e+10 5.586434427101976574e+00
6.261299998921070099e+10 6.002932551733098698e+00
6.261299999001063538e+10 4.717583212771160106e+00
6.261299999118466949e+10 3.761725259800119403e+00
6.261299999263993073e+10 3.344310500223804272e+00
6.261299999344647980e+10 2.063101335399109448e+00
6.261299999478342438e+10 1.352749790116743123e+00
6.261299999326948547e+10 1.354759683623190103e+00
6.261299999380494690e+10 -6.132374806434759407e-02
6.261299999531238556e+10 -2.014501083383516133e-01
6.261299999566819763e+10 -1.672983282879554334e+00
6.261299999415976715e+10 -1.802000085623461700e+00
6.261299999359302521e+10 -3.205858960573016780e+00
6.261299999259435272e+10 -2.068026080350901630e+00
6.261299999317983246e+10 -6.718796430459852420e-01
6.261299999466460419e+10 -3.761143811567257411e-01
6.261299999316764069e+10 -1.500330816058311201e-01
6.261299999458866882e+10 -6.722319402507630492e-01
6.261299999557653809e+10 4.749932167235857428e-01
6.261299999677036285e+10 1.406015316430426765e+00
6.261299999574011230e+10 2.966910007940573024e-01
6.261299999520039368e+10 -1.117774901179391822e+00
6.261299999602551270e+10 -2.387101207395174285e+00
6.261299999639056396e+10 -9.178322685310127405e-01
6.261299999502443695e+10 -2.653631249354975186e-01
6.261299999363561249e+10 3.372785325424386693e-01
6.261299999212418365e+10 2.500767404532072136e-01
6.261299999063663483e+10 -3.135058482630537213e-02
6.261299999210248566e+10 3.471895682643982295e-01
6.261299999210282135e+10 1.861129359329243949e+00
6.261299999089402771e+10 2.772629085792044368e+00
6.261299998982696533e+10 3.846593260228767797e+00
6.261299999126925659e+10 4.306809944263370937e+00
6.261299999152695465e+10 5.798656754159408955e+00
6.261299999297728729e+10 5.364425513683372060e+00
6.261299999448494720e+10 5.226663679758958736e+00
6.261299999464133453e+10 3.720822611552659254e+00
6.261299999607785797e+10 3.242906527280787987e+00
6.261299999541807556e+10 4.605513239046686635e+00
6.261299999528163910e+10 6.113292874034856439e+00
6.261299999666564941e+10 5.499672984193425762e+00
6.261299999721566772e+10 6.910168327714046654e+00
6.261299999593129730e+10 6.108664755474733532e+00
6.261299999452341461e+10 6.665332581209046481e+00
6.261299999543454742e+10 7.874401238762484212e+00
6.261299999600633240e+10 9.276213922770182307e+00
6.261299999752014160e+10 9.256519968679844723e+00
6.261299999878783417e+10 1.008414374303076677e+01
6.261299999962843323e+10 1.134327333483423317e+01
6.261299999844818115e+10 1.229143615817210566e+01
6.261299999933749390e+10 1.106622565949025194e+01
6.261299999874185181e+10 9.674382577368367819e+00
6.261300000000072479e+10 1.051536756348879464e+01
6.261300000102840424e+10 9.403659333125785835e+00
