2.782800000000009918e+10 0.000000000000000000e+00
2.782799999965771484e+10 7.464758982274426018e-03
2.782799999935855865e+10 -1.592287277830181647e-01
2.782799999962609863e+10 -3.730158484141973263e-01
2.782799999930299377e+10 -2.595013361365944848e-01
2.782799999935588455e+10 7.885443903962047196e-02
2.782799999934273529e+10 4.210666131752695551e-01
2.782799999933664322e+10 7.634771113928695563e-01
2.782799999905247498e+10 9.546091421426211587e-01
2.782799999899949646e+10 6.162671824871359672e-01
2.782799999931639862e+10 7.460917162370178657e-01
2.782799999918143845e+10 4.313412297679207752e-01
2.782799999898644257e+10 1.498126030720174917e-01
2.782799999881982803e+10 -1.493881560170852718e-01
2.782799999856683731e+10 -3.802065270635519578e-01
2.782799999845729828e+10 -7.046803168049632360e-01
2.782799999873131943e+10 -9.100930893782303022e-01
2.782799999847455978e+10 -1.136714396835726060e+00
2.782799999881647110e+10 -1.156164055470124019e+00
2.782799999906443405e+10 -1.392377557664165044e+00
2.782799999889582062e+10 -1.690456507329374913e+00
2.782799999861836624e+10 -1.489705580002154806e+00
2.782799999887308121e+10 -1.260791611923634870e+00
2.782799999921540070e+10 -1.270699574523723063e+00
2.782799999896271896e+10 -1.501856419044092394e+00
2.782799999907818222e+10 -1.179443089907760589e+00
2.782799999881044006e+10 -9.659089184613733892e-01
2.782799999903765869e+10 -7.096774928683586836e-01
2.782799999937764740e+10 -6.685631199956239001e-01
2.782799999965940475e+10 -8.632292574854688594e-01
2.782799999965486908e+10 -1.205663889988975113e+00
2.782799999994546890e+10 -1.386862136651861643e+00
2.782800000028060532e+10 -1.457328199119781731e+00
