5.565600000000000000e+10 0.000000000000000000e+00
5.565599999952219391e+10 -6.404901588539289037e-01
5.565599999956428528e+10 -1.438457676567020505e+00
5.565599999915789032e+10 -7.504426897377467487e-01
5.565599999913574982e+10 4.832743520222482214e-02
5.565599999833869171e+10 1.051027879092292505e-01
5.565599999897567749e+10 5.875697570957593152e-01
5.565599999942565155e+10 -7.276644026905398910e-02
5.565599999864095306e+10 -2.236595993315025066e-01
5.565599999829474640e+10 -9.438435820934588660e-01
5.565599999890864563e+10 -1.455361093906526904e+00
5.565599999905371857e+10 -2.241158461035925420e+00
5.565599999917581177e+10 -1.451463669358461495e+00
5.565599999943331909e+10 -2.207910870031597028e+00
5.565600000004016113e+10 -1.688036618953838941e+00
5.565600000070703888e+10 -2.128257853526390964e+00
