2.782800000000009918e+10 0.000000000000000000e+00
2.782799999987886047e+10 -3.202860827837469282e-01
2.782799999957986450e+10 -4.872727638575520270e-01
2.782799999985155869e+10 -6.957543856137647920e-01
2.782799999952288055e+10 -7.919393624621621219e-01
2.782799999940296936e+10 -1.112724716944489378e+00
2.782799999917186356e+10 -8.599936733015607349e-01
2.782799999902973175e+10 -1.171571526087949344e+00
2.782799999905427933e+10 -8.299878692479145670e-01
2.782799999902294922e+10 -1.171016382693838009e+00
2.782799999930468369e+10 -9.763181558225666468e-01
2.782799999961892700e+10 -1.112451438686521188e+00
2.782799999937877274e+10 -8.683044394129674215e-01
2.782799999954246521e+10 -5.674949958177243348e-01
2.782799999929332733e+10 -8.024677720969105588e-01
2.782799999895941162e+10 -8.785152687354268464e-01
2.782799999891442871e+10 -1.218013016673697546e+00
2.782799999889653015e+10 -1.560009626478315425e+00
2.782799999915899658e+10 -1.340025741103711310e+00
2.782799999910182953e+10 -1.677685023260595987e+00
2.782799999928698349e+10 -1.965782805114212328e+00
2.782799999901613617e+10 -2.175362929406381873e+00
2.782799999896657944e+10 -1.836502681404555082e+00
2.782799999907279205e+10 -2.162080465242481431e+00
2.782799999926139069e+10 -1.876227276249194054e+00
2.782799999892934036e+10 -1.792408927617425096e+00
2.782799999881008911e+10 -2.113440383994649618e+00
2.782799999911876297e+10 -2.261776127582335150e+00
2.782799999944001389e+10 -2.380434503325146167e+00
2.782799999936569595e+10 -2.714737909120383375e+00
2.782799999950578308e+10 -2.402236002844211349e+00
2.782799999944471741e+10 -2.739211976989619046e+00
2.782799999954500961e+10 -3.066661654083506328e+00
2.782799999950696182e+10 -3.407006069905657686e+00
2.782799999924364090e+10 -3.625966537838124726e+00
2.782799999944535446e+10 -3.349211544361258674e+00
2.782799999970217896e+10 -3.575757184917079723e+00
2.782799999973571014e+10 -3.916576456783464000e+00
2.782799999944973373e+10 -4.104988240520891729e+00
2.782799999946042252e+10 -4.447286107311210657e+00
2.782799999929273605e+10 -4.745888165058087083e+00
2.782799999907835007e+10 -5.012948348069606652e+00
2.782799999932803345e+10 -5.247343268890485746e+00
2.782799999961825562e+10 -5.065536732311152868e+00
2.782799999986384964e+10 -5.304212132036770555e+00
2.782799999991044998e+10 -5.643491353310391645e+00
2.782800000004324722e+10 -5.959160169312848865e+00
2.782799999977099228e+10 -6.166907830617798680e+00
2.782799999956783295e+10 -5.891212865694612333e+00
2.782799999979352570e+10 -5.633639609217994781e+00
2.782799999951814651e+10 -5.430053017676891969e+00
2.782799999981198883e+10 -5.254159624601046907e+00
2.782800000012895966e+10 -5.124499281065205025e+00
