1.391400000000000000e+10 0.000000000000000000e+00
1.391399999990452194e+10 2.840390367000441563e-01
1.391399999975338936e+10 5.427922944495744417e-01
1.391399999981098938e+10 2.487237602806419146e-01
1.391399999999289703e+10 1.059873374819636505e-02
1.391399999977646446e+10 2.178451502591115807e-01
1.391399999982035637e+10 5.142698727769147160e-01
1.391400000005807495e+10 3.318312751526742987e-01
1.391399999986340904e+10 5.596450602833568100e-01
1.391400000016060448e+10 5.213149338155002033e-01
