4.869900000000000000e+10 0.000000000000000000e+00
4.869899999955471802e+10 -3.462411414719577252e-01
4.869899999901315308e+10 -5.039306562091667718e-01
4.869899999853404236e+10 -2.062455184805808139e-01
4.869899999826610565e+10 2.901133537194054979e-01
4.869899999828639984e+10 8.538064050586118281e-01
4.869899999811857605e+10 1.392320516717737267e+00
4.869899999755847931e+10 1.459027757948867077e+00
4.869899999799819183e+10 1.812321586901841641e+00
4.869899999856224823e+10 1.810559527896959064e+00
4.869899999869228363e+10 1.261694811856703513e+00
4.869899999888218689e+10 1.792825371649407362e+00
4.869899999930455780e+10 2.166671921938873258e+00
4.869899999984481049e+10 2.328799037478704648e+00
4.869899999977910614e+10 1.768580772158810266e+00
4.869899999966126251e+10 2.320191725302764851e+00
4.869900000005522919e+10 1.916521439670287430e+00
4.869900000029193115e+10 2.428511410045470331e+00
