5.565600000000000000e+10 0.000000000000000000e+00
5.565599999981774139e+10 -7.780138102783853427e-01
5.565599999986601257e+10 1.960363639690398951e-02
5.565599999928160858e+10 5.645792244851863817e-01
5.565599999857619476e+10 1.891987933560594914e-01
5.565599999856919861e+10 -6.098474348759649333e-01
5.565599999848063660e+10 1.843066967377146037e-01
5.565599999910567474e+10 -3.135407651434948262e-01
5.565599999830718231e+10 -2.829504929364932142e-01
5.565599999908974457e+10 -4.445793326964787573e-01
5.565599999836451721e+10 -1.090671532324554160e-01
5.565599999855651855e+10 6.665997973368120721e-01
5.565599999918283081e+10 1.162841699028120956e+00
5.565599999978237915e+10 6.345734773031487252e-01
5.565599999978720856e+10 1.433635723804788764e+00
5.565599999901979828e+10 1.656370531660465772e+00
5.565599999981327820e+10 1.561947378068776482e+00
5.565599999962886047e+10 7.844425075068365283e-01
5.565600000011093140e+10 1.471585491671936197e-01
