1.391400000000000000e+10 0.000000000000000000e+00
1.391399999982545471e+10 -2.435741305929337575e-01
1.391399999996592903e+10 2.111685941004837197e-02
1.391399999984114265e+10 -2.513207438227165191e-01
1.391399999954159164e+10 -2.433858411341535133e-01
1.391399999974983215e+10 -2.790888892178106095e-02
1.391399999947759247e+10 9.730860286323930741e-02
1.391399999968946648e+10 3.092130326496360659e-01
1.391399999993458557e+10 1.368461298819947380e-01
1.391400000013402748e+10 -8.679939261592736766e-02
