2.782800000000000000e+10 0.000000000000000000e+00
2.782800000002705765e+10 -3.413940096317308881e-01
2.782799999980185699e+10 -8.338959244483673539e-02
2.782799999973802948e+10 -4.198539954784245576e-01
2.782799999977263260e+10 -7.914194246851879999e-02
2.782799999983059311e+10 -4.166663346997315776e-01
2.782799999955553436e+10 -2.126449296043625425e-01
2.782799999950461960e+10 -5.513034204468285626e-01
2.782799999916822815e+10 -6.155215444945315584e-01
2.782799999950848770e+10 -6.543168734041285850e-01
2.782799999922952271e+10 -4.556684469781049351e-01
2.782799999930657959e+10 -7.893512608295245592e-01
2.782799999898984528e+10 -9.195845463227986238e-01
2.782799999866225433e+10 -8.197510097731948164e-01
2.782799999861870575e+10 -1.159435340657150260e+00
2.782799999892659378e+10 -1.009481931939122834e+00
2.782799999904449463e+10 -6.879526124015473698e-01
2.782799999902661514e+10 -1.029950268633830657e+00
2.782799999934149551e+10 -1.164608358104949781e+00
2.782799999966571426e+10 -1.274894651450154459e+00
2.782799999937089539e+10 -1.449148019408134314e+00
2.782799999954649353e+10 -1.155127929151220423e+00
2.782799999942383194e+10 -1.474871545135841844e+00
2.782799999908142853e+10 -1.468385618996352227e+00
2.782799999909391785e+10 -1.810622553999689632e+00
2.782799999904453659e+10 -1.471736661706862792e+00
2.782799999871518707e+10 -1.377871910430202851e+00
2.782799999853697968e+10 -1.670316900582155206e+00
2.782799999880553055e+10 -1.882831999309932725e+00
2.782799999896359634e+10 -1.579028012657859747e+00
2.782799999889377213e+10 -1.243757130184243387e+00
2.782799999898406219e+10 -9.134090701470241047e-01
2.782799999879396057e+10 -1.198266913230922048e+00
2.782799999846688080e+10 -1.096776166271399955e+00
2.782799999858080292e+10 -1.419737181924143332e+00
2.782799999845118332e+10 -1.736723710162590972e+00
2.782799999853451538e+10 -1.404551945857819284e+00
2.782799999825568008e+10 -1.603380193762222738e+00
2.782799999820410919e+10 -1.941939499799729241e+00
2.782799999854598236e+10 -1.921836252625888308e+00
2.782799999845939636e+10 -1.590497883935215295e+00
2.782799999878260040e+10 -1.477263482403367023e+00
2.782799999893322372e+10 -1.169700127953921864e+00
2.782799999898046875e+10 -1.508890486827483723e+00
2.782799999887645721e+10 -1.835177790498949912e+00
2.782799999908793259e+10 -1.565808942971457673e+00
2.782799999937736511e+10 -1.748868170516684639e+00
2.782799999903765106e+10 -1.792185170694110763e+00
2.782799999931632614e+10 -1.593130733007108280e+00
2.782799999965153503e+10 -1.663248914031151937e+00
2.782799999996682739e+10 -1.529560866482099657e+00
2.782800000020481110e+10 -1.283298633669966327e+00
