5.565600000000009918e+10 0.000000000000000000e+00
5.565599999925493622e+10 -2.885506149005826471e-01
5.565599999883293915e+10 -9.671101573771245796e-01
5.565599999826015472e+10 -1.524279866256804006e+00
5.565599999765468597e+10 -2.045749913853962099e+00
5.565599999768587494e+10 -2.844217750782569443e+00
5.565599999710572052e+10 -3.393715172816114567e+00
5.565599999706633759e+10 -2.595609217496148258e+00
5.565599999660501099e+10 -1.943152398619544030e+00
5.565599999627220154e+10 -1.216681795093377483e+00
5.565599999702717590e+10 -1.478472039066750510e+00
5.565599999627172089e+10 -1.738874604959157466e+00
5.565599999704721069e+10 -1.931603888891919363e+00
5.565599999636462402e+10 -1.516152996204690240e+00
5.565599999607345581e+10 -7.720126010394372518e-01
5.565599999686542511e+10 -6.656549053313051134e-01
5.565599999608441162e+10 -4.967286091064277986e-01
5.565599999675424957e+10 -6.101946226999060974e-02
5.565599999596097565e+10 3.512972067915727525e-02
5.565599999665830231e+10 -3.550809012169417467e-01
5.565599999590467072e+10 -6.207220593076030468e-01
5.565599999650950623e+10 -9.851428382260751793e-02
5.565599999728959656e+10 -2.716760833505552086e-01
5.565599999649757385e+10 -1.657140056368004433e-01
5.565599999613817596e+10 -8.794047167943701560e-01
5.565599999685710907e+10 -5.306051028214229248e-01
5.565599999714047241e+10 -1.277752905534830674e+00
5.565599999777678680e+10 -7.944071094841395064e-01
5.565599999699085236e+10 -9.387228675775082243e-01
5.565599999715825653e+10 -1.720067544643496316e+00
5.565599999795594788e+10 -1.767078203115325596e+00
5.565599999716108704e+10 -1.685124305248500987e+00
5.565599999777635193e+10 -2.195003794238978401e+00
5.565599999839371490e+10 -2.702333116620595721e+00
5.565599999774738312e+10 -3.172207785721460116e+00
5.565599999716886139e+10 -3.723422643483938810e+00
5.565599999658042908e+10 -3.182800912746748700e+00
5.565599999735794830e+10 -3.367143477582946076e+00
5.565599999680310822e+10 -3.942186903205930015e+00
5.565599999610527802e+10 -4.331493060729628475e+00
5.565599999536450958e+10 -4.631141822874686120e+00
5.565599999462345123e+10 -4.332224920706798876e+00
5.565599999385514069e+10 -4.112618423555087332e+00
5.565599999333480072e+10 -3.506174878356950408e+00
5.565599999382361603e+10 -2.874047898816432856e+00
5.565599999380299377e+10 -2.075237142185785366e+00
5.565599999409274292e+10 -1.330542044983940908e+00
5.565599999471616364e+10 -1.830416128502728945e+00
5.565599999551079559e+10 -1.914549241823471526e+00
5.565599999629724121e+10 -2.056061667891767364e+00
5.565599999550754547e+10 -1.933955957178698615e+00
5.565599999523626709e+10 -2.685576443252892354e+00
5.565599999579630280e+10 -2.115589652478711891e+00
5.565599999655371094e+10 -1.860918713474179143e+00
5.565599999595727539e+10 -1.329137429548262084e+00
5.565599999517712402e+10 -1.156244569721964544e+00
5.565599999456328583e+10 -1.667838269925580263e+00
5.565599999416141510e+10 -9.771689715063266446e-01
5.565599999432328796e+10 -1.946588569390129697e-01
5.565599999392425537e+10 4.976556839001932131e-01
5.565599999455641937e+10 9.864171312536673675e-01
5.565599999484097290e+10 1.733111670745079103e+00
5.565599999535586548e+10 1.122040701772704097e+00
5.565599999479054260e+10 1.686785706220495840e+00
5.565599999556720734e+10 1.498870112055970205e+00
5.565599999633813477e+10 1.709094356225003608e+00
5.565599999667620850e+10 2.433131237085162990e+00
5.565599999693903351e+10 1.678512974110033529e+00
5.565599999654388428e+10 9.839743513221588245e-01
5.565599999711255646e+10 1.545341016108859655e+00
5.565599999639893341e+10 1.904878972447777707e+00
5.565599999717327881e+10 1.707602119915190952e+00
5.565599999644230652e+10 2.030411820055485705e+00
5.565599999669664764e+10 1.272893640367060097e+00
5.565599999710832214e+10 1.957764723700865517e+00
5.565599999674411011e+10 1.246517518978615513e+00
5.565599999690826416e+10 2.028551335190813099e+00
5.565599999621222687e+10 2.421056141630547387e+00
5.565599999694786835e+10 2.109038195291612183e+00
5.565599999642058563e+10 2.709453781243909454e+00
5.565599999574875641e+10 3.142079719349843536e+00
5.565599999611544037e+10 3.852055641138671938e+00
5.565599999688265228e+10 4.075452539634477844e+00
5.565599999635761261e+10 4.677829687735973074e+00
5.565599999641864014e+10 3.881086805624793357e+00
5.565599999580249786e+10 4.389897532175703887e+00
5.565599999659975433e+10 4.443789220200360823e+00
5.565599999739682770e+10 4.387258954483391982e+00
5.565599999686492157e+10 3.790939074012031895e+00
5.565599999695489502e+10 4.584934242844343366e+00
5.565599999640638733e+10 5.166020347181934369e+00
5.565599999568907928e+10 4.813889254945024732e+00
5.565599999607027435e+10 5.516182807135777466e+00
5.565599999531769562e+10 5.784779827702793753e+00
5.565599999453086090e+10 5.645436307771151796e+00
5.565599999373208618e+10 5.623385980763304204e+00
5.565599999334929657e+10 4.921963048332376189e+00
5.565599999274398041e+10 5.443613410346957338e+00
5.565599999213638306e+10 5.962605777721333489e+00
5.565599999137311554e+10 5.726077248800443442e+00
5.565599999120446014e+10 4.945002105182413565e+00
5.565599999195905304e+10 4.682104023005691396e+00
5.565599999204734802e+10 5.476287929378483632e+00
5.565599999271079254e+10 5.921666410897839405e+00
5.565599999299964142e+10 5.176623592434141941e+00
5.565599999369817352e+10 4.788576170077564420e+00
5.565599999309178162e+10 5.308976197784704532e+00
5.565599999250299072e+10 5.849210474473911958e+00
5.565599999328238678e+10 6.025470273308955349e+00
5.565599999376815033e+10 5.390996616139275055e+00
5.565599999337968445e+10 6.089293541730258497e+00
5.565599999375746918e+10 5.385159108436069708e+00
5.565599999419458008e+10 6.054080926191519829e+00
5.565599999491883087e+10 6.391691924668557512e+00
5.565599999570163727e+10 6.231267776962430283e+00
5.565599999649825287e+10 6.168612598083935694e+00
5.565599999706150818e+10 5.601805005775094770e+00
5.565599999739494324e+10 6.327988961162004600e+00
5.565599999813765717e+10 6.033197361250008939e+00
5.565599999860130310e+10 6.684008785790553020e+00
5.565599999916406250e+10 6.116713579681780644e+00
5.565599999890885162e+10 6.873938869277945507e+00
5.565599999950794220e+10 6.345155486516763865e+00
5.565600000024494934e+10 6.036374849277226673e+00
