1.391400000000000000e+10 0.000000000000000000e+00
1.391399999970394707e+10 -4.633235038563990327e-02
1.391399999943383789e+10 -1.760843310075198009e-01
1.391399999937494278e+10 -4.698964835934893447e-01
1.391399999952001572e+10 -7.320951310283239089e-01
1.391399999962246513e+10 -1.013694868073303557e+00
1.391399999981087112e+10 -7.806771104068668254e-01
1.391399999984265900e+10 -1.078642897640948117e+00
1.391400000002390289e+10 -1.317273771504969160e+00
1.391399999985531235e+10 -1.069541527334100683e+00
1.391399999996225357e+10 -1.349466001296675266e+00
1.391399999967481422e+10 -1.434160380998874995e+00
1.391399999953136635e+10 -1.697251260378999760e+00
1.391399999961901093e+10 -1.983804278519745390e+00
1.391399999955660248e+10 -2.276890082739011945e+00
1.391399999927494049e+10 -2.379168333673116642e+00
1.391399999934260941e+10 -2.671084472931704923e+00
1.391399999952126503e+10 -2.911659069477038120e+00
1.391399999953437996e+10 -3.211028576009532287e+00
1.391399999975475502e+10 -3.414077768721848649e+00
1.391399999969617653e+10 -3.120202573405845392e+00
1.391399999998898506e+10 -3.183903128004629046e+00
1.391399999992407990e+10 -2.891359954087224793e+00
1.391400000015526962e+10 -2.700714306600168868e+00
