4.869900000000000000e+10 0.000000000000000000e+00
4.869899999943669128e+10 2.902776983758310891e-02
4.869899999887363434e+10 6.256593510558036697e-02
4.869899999861412048e+10 -4.382463942310518279e-01
4.869899999915158844e+10 -2.671009703532510882e-01
4.869899999897133636e+10 -8.015835325598920091e-01
4.869899999844974518e+10 -5.868658095261379826e-01
4.869899999841735077e+10 -2.373848711882220464e-02
4.869899999807382202e+10 -4.711218520569890322e-01
4.869899999773116302e+10 -9.191690397134592017e-01
4.869899999823231506e+10 -1.178031942250156394e+00
4.869899999833724213e+10 -6.238190577876600029e-01
4.869899999859417725e+10 -1.216785463206134787e-01
4.869899999876352692e+10 -6.597133530558116910e-01
4.869899999833216858e+10 -1.023154710157188507e+00
4.869899999803133392e+10 -1.500290325350658982e+00
4.869899999854067230e+10 -1.257928814649950766e+00
4.869899999910372162e+10 -1.291608988999316088e+00
4.869899999963288879e+10 -1.096305758622315274e+00
4.869899999941930389e+10 -1.618363246836661107e+00
4.869899999973307800e+10 -2.087093120055843798e+00
4.869899999943492889e+10 -2.565912052579816471e+00
4.869899999936384583e+10 -2.006350960192766930e+00
4.869899999898393250e+10 -2.423275490995792758e+00
4.869899999867825317e+10 -1.949228589929512534e+00
4.869899999896450806e+10 -2.435254079282102246e+00
4.869899999853993225e+10 -2.806599066841587664e+00
4.869899999884333038e+10 -3.282112507944264568e+00
4.869899999888878632e+10 -2.719889177352056819e+00
4.869899999910591125e+10 -2.199293594193197254e+00
4.869899999946627045e+10 -2.633230177362974711e+00
4.869899999934235382e+10 -3.183508020667134897e+00
4.869899999949890900e+10 -3.725404229414754909e+00
4.869899999973119354e+10 -3.211395977041850536e+00
4.869899999918602753e+10 -3.066636104195386903e+00
4.869899999934210205e+10 -2.524600597829619097e+00
4.869899999980572510e+10 -2.203330622528059557e+00
4.869899999924511719e+10 -2.265610035117399335e+00
4.869899999868135834e+10 -2.283886278898163091e+00
4.869899999859875488e+10 -1.725909299024553256e+00
4.869899999886550140e+10 -2.222910122692570489e+00
4.869899999892610168e+10 -1.662116595662244567e+00
4.869899999911402893e+10 -2.193947742629569930e+00
4.869899999946179962e+10 -2.638036636636865939e+00
4.869899999927510834e+10 -2.105769855779808797e+00
4.869899999983318329e+10 -2.023836180649649652e+00
4.869899999931837463e+10 -2.254348685607348912e+00
4.869899999985477448e+10 -2.079893802764259281e+00
4.869900000017696381e+10 -1.616906676432475543e+00
