5.565600000000000000e+10 0.000000000000000000e+00
5.565599999989975739e+10 -7.927639908134883617e-01
5.565599999919181061e+10 -4.221767348642276874e-01
5.565599999890325928e+10 -1.167336521627794887e+00
5.565599999970011139e+10 -1.107708808809290790e+00
5.565599999992081451e+10 -1.875701889620986718e+00
5.565599999919213104e+10 -2.203647408146431452e+00
5.565599999852310181e+10 -2.640590491793155969e+00
5.565599999800389862e+10 -2.033178679517767762e+00
5.565599999817324066e+10 -1.252251832592020442e+00
5.565599999827268982e+10 -4.593877692931374046e-01
5.565599999863969421e+10 2.504242683234747524e-01
5.565599999929994965e+10 7.005175548824587040e-01
5.565599999977139282e+10 5.533291041286514389e-02
5.565599999965498352e+10 -7.352194085330793216e-01
5.565599999897238159e+10 -3.197972760257662417e-01
5.565599999843377686e+10 2.704793866294179505e-01
5.565599999905360413e+10 7.747964465332469741e-01
5.565599999897943878e+10 -2.083116932281292577e-02
5.565599999956971741e+10 5.177696301149348201e-01
5.565599999887609100e+10 9.145180215422797909e-01
5.565599999869510651e+10 1.692829475788290239e+00
5.565599999862103271e+10 8.971931263015078262e-01
5.565599999870642090e+10 1.691694659155054126e+00
5.565599999798681641e+10 2.039097906425571427e+00
5.565599999878251648e+10 1.965741795676507753e+00
5.565599999821442413e+10 2.527694451595536851e+00
5.565599999746290588e+10 2.799250121472323549e+00
5.565599999717906189e+10 3.546214369968961222e+00
5.565599999797326660e+10 3.634308562729989589e+00
5.565599999749776459e+10 2.992107263089101465e+00
5.565599999795938110e+10 2.339852922638657517e+00
5.565599999795759583e+10 3.138927784706798896e+00
5.565599999820233917e+10 3.899600473137184053e+00
5.565599999856359863e+10 4.612352982959513348e+00
5.565599999858382416e+10 3.813532123371188298e+00
5.565599999899848938e+10 3.130467720475925919e+00
5.565599999838706970e+10 3.644951749498962279e+00
5.565599999799384308e+10 4.340576740870036865e+00
5.565599999719659424e+10 4.286587095632547140e+00
5.565599999659755707e+10 4.815433399175685025e+00
5.565599999735173035e+10 4.551337857422807609e+00
5.565599999730395508e+10 3.753690452450525239e+00
5.565599999808734894e+10 3.596166513635739914e+00
5.565599999729123688e+10 3.664909063415080048e+00
5.565599999662449646e+10 4.105345371395586973e+00
5.565599999652455139e+10 4.898147196959200755e+00
5.565599999599420166e+10 5.495856404554444907e+00
5.565599999674455261e+10 5.221094865358927528e+00
5.565599999714289856e+10 4.528386305664172440e+00
5.565599999634606934e+10 4.588293015657214369e+00
5.565599999713703156e+10 4.701870844318102094e+00
5.565599999653219604e+10 4.179669826992251203e+00
5.565599999708496857e+10 3.602637154821514365e+00
5.565599999759504700e+10 4.217733901137416197e+00
5.565599999794747925e+10 4.934893484558733334e+00
5.565599999859557343e+10 4.467456507543598576e+00
5.565599999938099670e+10 4.614554380249032306e+00
5.565599999858290100e+10 4.654081266452696930e+00
5.565599999855348969e+10 3.855545841502475479e+00
5.565599999894190979e+10 4.553869015946043319e+00
5.565599999915851593e+10 5.323027394631408171e+00
5.565599999986542511e+10 5.695587927162589992e+00
5.565599999916276550e+10 6.076110977223212473e+00
5.565599999864038849e+10 5.471425606201254510e+00
5.565599999875449371e+10 4.680538034811959847e+00
5.565599999924437714e+10 5.311836408150486299e+00
5.565599999886700439e+10 4.607481072770399422e+00
5.565599999963188934e+10 4.376244674841918147e+00
5.565599999883282471e+10 4.372012120932208923e+00
5.565599999805329895e+10 4.547708838329671543e+00
5.565599999885157013e+10 4.511770131491747549e+00
5.565599999930463409e+10 5.169994707463438033e+00
5.565599999867666626e+10 4.675845323844534107e+00
5.565599999809704590e+10 5.225901153604383786e+00
5.565599999880973816e+10 4.864524281699240227e+00
5.565599999814837646e+10 4.416058290802832964e+00
5.565599999888271332e+10 4.100987930343523935e+00
5.565599999829124451e+10 3.563690324900913531e+00
5.565599999868845367e+10 2.870329675290491878e+00
5.565599999791114807e+10 3.055593609267952981e+00
5.565599999865872192e+10 3.337822305044571003e+00
5.565599999890552521e+10 2.577814648452485535e+00
5.565599999814389801e+10 2.336055315340097582e+00
5.565599999737171936e+10 2.541626555182338265e+00
5.565599999721381378e+10 3.324946872064134418e+00
5.565599999670577240e+10 3.941726151537846334e+00
5.565599999669588470e+10 3.142710426763960285e+00
5.565599999744990540e+10 3.407249937570070220e+00
5.565599999731716919e+10 2.619275169020700123e+00
5.565599999652768707e+10 2.742708668783655046e+00
5.565599999630609894e+10 1.974969999431248180e+00
5.565599999705206299e+10 2.261423793859138165e+00
5.565599999690280914e+10 3.046437162375403851e+00
5.565599999666484833e+10 3.809259835300078834e+00
5.565599999742900848e+10 4.042890996546343096e+00
5.565599999663678741e+10 4.147336799832332943e+00
5.565599999743450165e+10 4.193938741878520560e+00
5.565599999812679291e+10 4.593002149179228333e+00
5.565599999751596069e+10 5.108183001114050548e+00
5.565599999744690704e+10 5.904270297613337881e+00
5.565599999763755798e+10 6.680271008794409049e+00
5.565599999802526093e+10 5.981548883783441184e+00
5.565599999874446869e+10 5.633325087796023922e+00
5.565599999855687714e+10 4.856579474456745871e+00
5.565599999776362610e+10 4.760255025882019098e+00
5.565599999853323364e+10 4.545250016093309142e+00
5.565599999869783020e+10 3.763309227912666977e+00
5.565599999841977692e+10 4.512450245176984787e+00
5.565599999840515137e+10 3.713507245850206751e+00
5.565599999835565186e+10 4.511049452964865480e+00
5.565599999802912140e+10 3.781732968893106506e+00
5.565599999861056519e+10 3.233604321418650063e+00
5.565599999894967651e+10 2.510053952718932280e+00
5.565599999827120972e+10 2.932202376848102254e+00
5.565599999893867493e+10 2.492863563925737047e+00
5.565599999971866608e+10 2.666477989219109723e+00
5.565599999892075348e+10 2.623325250562712707e+00
5.565599999887567139e+10 1.825521123680756475e+00
5.565599999963902283e+10 2.061773262932735662e+00
5.565600000026608276e+10 1.566479660018184283e+00
