4.174200000000000000e+10 0.000000000000000000e+00
4.174199999970155334e+10 3.361008942625284823e-01
4.174200000001979828e+10 6.535226270238981838e-01
4.174199999961701202e+10 4.540200391717937878e-01
4.174199999931722260e+10 1.191107448431076299e-01
4.174199999902191162e+10 4.579718345913959543e-01
4.174199999946004486e+10 3.575837042102967267e-01
4.174199999953448486e+10 8.008610758712537692e-01
4.174199999990130615e+10 5.410929070675407626e-01
4.174199999987825775e+10 9.899859353599946843e-01
4.174199999945343018e+10 8.431507673141799275e-01
4.174199999977175903e+10 1.160491112063663399e+00
4.174199999933626556e+10 1.271766842202359360e+00
4.174199999889176178e+10 1.205036491557694101e+00
4.174199999857596588e+10 8.851772810750653253e-01
4.174199999860298157e+10 1.333849198297818006e+00
4.174199999815371704e+10 1.319713257945561713e+00
4.174199999856211853e+10 1.131980411108183704e+00
4.174199999900733185e+10 1.193808957673549553e+00
4.174199999904219055e+10 1.641939524855505539e+00
4.174199999872771454e+10 1.320785205291040709e+00
4.174199999828814697e+10 1.226893262720798017e+00
4.174199999815888214e+10 7.963960532868208375e-01
4.174199999809436798e+10 3.515650963002773799e-01
4.174199999795205688e+10 -7.479486587422878863e-02
4.174199999750927734e+10 -1.521582669383703679e-01
4.174199999716866302e+10 1.411322627650887784e-01
4.174199999672048950e+10 1.067876717862315805e-01
4.174199999690547180e+10 -3.028682809909587492e-01
4.174199999723426056e+10 -6.093562982026563546e-01
4.174199999766407776e+10 -7.408665065053491317e-01
4.174199999773389435e+10 -2.968368629908245127e-01
4.174199999771902466e+10 -7.460753850803465426e-01
4.174199999801617432e+10 -1.083324917343001736e+00
4.174199999763012695e+10 -1.313553844499067536e+00
4.174199999725213623e+10 -1.556776843140354361e+00
4.174199999770009613e+10 -1.519764667676278602e+00
4.174199999738208008e+10 -1.837418146374239392e+00
4.174199999766049194e+10 -1.484542702558110383e+00
4.174199999767350769e+10 -1.035246567152462438e+00
4.174199999801292419e+10 -1.329921294437273804e+00
4.174199999765094757e+10 -1.596396594569586380e+00
4.174199999725787354e+10 -1.814413146435100765e+00
4.174199999766734314e+10 -1.999812801618658265e+00
4.174199999811627960e+10 -1.977567917125697017e+00
4.174199999854904175e+10 -2.099038273214081318e+00
4.174199999837099457e+10 -2.511756459763578864e+00
4.174199999844158173e+10 -2.067849468934589208e+00
4.174199999827171326e+10 -2.483999090325466952e+00
4.174199999862909698e+10 -2.211394065132441966e+00
4.174199999888685608e+10 -1.843157330728434795e+00
4.174199999845601654e+10 -1.971264654359489610e+00
4.174199999882198334e+10 -1.710297837688182554e+00
4.174199999840062714e+10 -1.553787652488339832e+00
4.174199999836660767e+10 -1.105592626168558468e+00
4.174199999848337555e+10 -1.539644287230798714e+00
4.174199999803729248e+10 -1.484456802529346531e+00
4.174199999848650360e+10 -1.500136783535737539e+00
4.174199999885840607e+10 -1.752573485102861373e+00
4.174199999842131805e+10 -1.647744719777758160e+00
4.174199999811851501e+10 -1.315558190476683320e+00
4.174199999845708466e+10 -1.019907850931429882e+00
4.174199999852538300e+10 -1.464173606493055058e+00
4.174199999889726257e+10 -1.211704145221450979e+00
4.174199999927249908e+10 -9.642504066424490983e-01
4.174199999962473297e+10 -1.243480778670833731e+00
4.174199999972403717e+10 -1.681859122551931041e+00
4.174199999961893463e+10 -1.244835210521658020e+00
4.174199999957678986e+10 -7.973306194716442974e-01
4.174199999913272858e+10 -8.669445574407798061e-01
4.174199999871799469e+10 -6.936441226270689819e-01
4.174199999832009888e+10 -9.027266458200611243e-01
4.174199999789437103e+10 -7.585283438933905220e-01
4.174199999819921875e+10 -1.088836566291834673e+00
4.174199999853684235e+10 -7.921079580800073350e-01
4.174199999834599304e+10 -3.851527256855035719e-01
4.174199999832755280e+10 -8.342588458813575691e-01
4.174199999875842285e+10 -7.062329783296605878e-01
4.174199999854584503e+10 -3.101920712073254482e-01
4.174199999898862457e+10 -2.328630495129608291e-01
4.174199999939694977e+10 -4.495554299244783336e-02
4.174199999911838531e+10 -3.977119425055111179e-01
4.174199999881723785e+10 -7.313993045199104204e-01
4.174199999869132233e+10 -1.162887019973925185e+00
4.174199999912600708e+10 -1.277290091414552631e+00
4.174199999935415649e+10 -1.664566606543365079e+00
4.174199999912736511e+10 -2.052642562935922843e+00
4.174199999920303345e+10 -1.609572823711131528e+00
4.174199999961171722e+10 -1.422447259809617393e+00
4.174200000006097412e+10 -1.408048050594496337e+00
4.174200000048873901e+10 -1.546083604557342728e+00
