1.391400000000000000e+10 0.000000000000000000e+00
1.391399999992574883e+10 2.903117413483685683e-01
1.391399999972854996e+10 6.468725374883615986e-02
1.391399999961150932e+10 3.405415655729407964e-01
1.391399999934342384e+10 2.066590569164596103e-01
1.391399999954047585e+10 4.324126447793733563e-01
1.391399999962388611e+10 1.445985551987351014e-01
1.391399999988060188e+10 2.991657068148331766e-01
1.391400000004267311e+10 5.512116213047446589e-01
1.391400000033869171e+10 5.977651725567832974e-01
