4.869900000000000000e+10 0.000000000000000000e+00
4.869899999945568848e+10 1.479374939178198234e-01
4.869899999889262390e+10 1.814143213797527188e-01
4.869899999836897278e+10 3.910516887568730171e-01
4.869899999874639893e+10 8.102306775643473014e-01
4.869899999833725739e+10 1.198517417885768932e+00
4.869899999888880920e+10 1.080406652921690247e+00
4.869899999944283295e+10 1.186331072506187967e+00
4.869899999990368652e+10 8.611025524567467171e-01
4.869899999951445770e+10 1.269348904691929736e+00
4.869899999962025452e+10 1.823396554152787008e+00
4.869899999915757751e+10 2.146028349097237609e+00
4.869899999969261932e+10 2.324607078724439280e+00
4.869899999952095795e+10 2.861909861925614251e+00
4.869899999896893311e+10 2.977799905869570107e+00
4.869899999841457367e+10 2.873668295643155179e+00
4.869899999880860138e+10 3.277283676927555955e+00
4.869899999824699402e+10 3.329823790392935301e+00
4.869899999871657562e+10 3.017328713340906798e+00
4.869899999821530914e+10 2.758692722947438281e+00
4.869899999784255981e+10 3.182032655483809869e+00
4.869899999738808441e+10 3.516118364097784443e+00
4.869899999688770294e+10 3.776462839060440224e+00
4.869899999642194366e+10 3.458298604898319972e+00
4.869899999591991425e+10 3.201138512057588592e+00
4.869899999631257629e+10 2.796195700666734396e+00
4.869899999643406677e+10 2.245375978386498605e+00
4.869899999699491119e+10 2.185273394100680555e+00
4.869899999656741333e+10 2.553247466499235507e+00
4.869899999711320496e+10 2.410870753746831685e+00
4.869899999689123535e+10 2.929417756723889266e+00
4.869899999741943359e+10 3.127336709410247551e+00
4.869899999778878021e+10 2.701024279651691895e+00
4.869899999741195679e+10 3.120746635447575468e+00
4.869899999691011047e+10 2.863237735202818435e+00
4.869899999704108429e+10 2.314596821665969806e+00
4.869899999687882233e+10 2.854813017686944843e+00
4.869899999631556702e+10 2.884830536263570444e+00
4.869899999677699280e+10 3.209251481222894942e+00
4.869899999730614471e+10 3.404607032959666935e+00
4.869899999710195160e+10 3.930408465282537733e+00
4.869899999685517883e+10 3.423194356787320647e+00
4.869899999714620972e+10 2.940014142615618997e+00
4.869899999763070679e+10 3.228845844734349324e+00
4.869899999812047577e+10 3.508645695917546270e+00
4.869899999785296631e+10 3.012057599059908330e+00
4.869899999798188019e+10 2.462928648281632604e+00
4.869899999831073761e+10 2.921203041226042796e+00
4.869899999821189117e+10 3.476532402545521983e+00
4.869899999812628937e+10 2.919007083931766111e+00
4.869899999763779449e+10 3.201028467969323721e+00
4.869899999707492828e+10 3.237673558489120307e+00
4.869899999753740692e+10 3.560592513858662045e+00
4.869899999746495056e+10 4.119978006320195618e+00
4.869899999764714813e+10 3.586155866300591910e+00
4.869899999797460175e+10 3.126877208851036816e+00
4.869899999852908325e+10 3.023365557556289662e+00
4.869899999885603333e+10 2.563728755476903043e+00
4.869899999920806122e+10 2.123001698258408343e+00
4.869899999917497253e+10 1.559914758180084515e+00
4.869899999867376709e+10 1.818672113617985087e+00
4.869899999838190460e+10 1.335993879174044663e+00
4.869899999793747711e+10 1.683332048616704046e+00
4.869899999755278015e+10 1.270817689434974973e+00
4.869899999715431213e+10 8.715901564946046953e-01
4.869899999660509491e+10 7.430667291021326726e-01
4.869899999687555695e+10 2.480795020353495084e-01
4.869899999643261719e+10 -1.011576679054078665e-01
4.869899999694742584e+10 -3.316604978505305890e-01
4.869899999745867920e+10 -9.337475744590043036e-02
4.869899999727219391e+10 -6.257148697277694627e-01
4.869899999735929108e+10 -1.183007588907615260e+00
4.869899999712290192e+10 -1.695142236021609516e+00
4.869899999768060303e+10 -1.779594189896644307e+00
4.869899999712181091e+10 -1.702717140492390424e+00
4.869899999766400146e+10 -1.858242908516364533e+00
4.869899999710015106e+10 -1.843005930645926327e+00
4.869899999680358887e+10 -2.322811693017809986e+00
4.869899999736595154e+10 -2.366545737016920281e+00
4.869899999790334320e+10 -2.195169323028073549e+00
4.869899999735197449e+10 -2.076191560439017536e+00
4.869899999776396942e+10 -2.461443496093957517e+00
4.869899999794631958e+10 -2.995214256717546597e+00
4.869899999797123718e+10 -2.431706629451291235e+00
4.869899999792630768e+10 -2.993972516456593347e+00
4.869899999736424255e+10 -3.041381178866477075e+00
4.869899999770292664e+10 -2.590322885458169022e+00
4.869899999735738373e+10 -3.036150667965960004e+00
4.869899999762816620e+10 -3.530964163231201880e+00
4.869899999796389771e+10 -3.077702231481942885e+00
4.869899999799584961e+10 -3.640854647254883503e+00
4.869899999774096680e+10 -3.137670104650061020e+00
4.869899999801309204e+10 -2.643596036393204951e+00
4.869899999847051239e+10 -2.313555489894389972e+00
4.869899999808074188e+10 -2.721279573168615240e+00
4.869899999791112518e+10 -3.259231706356838565e+00
4.869899999845413971e+10 -3.106591686965883614e+00
4.869899999790199280e+10 -2.991291970425536739e+00
4.869899999733793640e+10 -2.988856328233029824e+00
4.869899999755112457e+10 -3.511075983081042740e+00
4.869899999710479736e+10 -3.855972536469972844e+00
4.869899999660969543e+10 -4.126217824373656029e+00
4.869899999709247589e+10 -3.834526979482077991e+00
4.869899999655670929e+10 -3.658119843732125620e+00
4.869899999661633301e+10 -4.219017632033920329e+00
4.869899999633662415e+10 -4.708836431042370485e+00
4.869899999689328003e+10 -4.617772892049268663e+00
4.869899999726490784e+10 -5.042098868461967420e+00
4.869899999782788086e+10 -5.077092674778860726e+00
4.869899999751209259e+10 -4.609719544150993720e+00
4.869899999774350739e+10 -4.095317374110448050e+00
4.869899999830746460e+10 -4.084675743233234790e+00
4.869899999883539581e+10 -3.886061735327536848e+00
4.869899999881908417e+10 -4.449883956179538913e+00
4.869899999857405090e+10 -4.957939899876874890e+00
4.869899999904885101e+10 -5.262452655726288064e+00
4.869899999914780426e+10 -5.817762683476502161e+00
4.869899999893841553e+10 -6.341514894320595452e+00
4.869899999875777435e+10 -5.807164580070678817e+00
4.869899999892391205e+10 -6.346201192768334387e+00
4.869899999945539093e+10 -6.535129934712707644e+00
4.869900000001943970e+10 -6.537683333661176377e+00
4.869900000017564392e+10 -5.995685592737336478e+00
