4.869900000000000000e+10 0.000000000000000000e+00
4.869900000000463867e+10 -5.640390616593889961e-01
4.869899999965451813e+10 -1.218005811226019475e-01
4.869899999909393311e+10 -5.928124102544952978e-02
4.869899999942666626e+10 3.961867694713262500e-01
4.869899999886274719e+10 4.087373685590531269e-01
4.869899999829909515e+10 4.302292736903720050e-01
4.869899999847898865e+10 -1.043739980074077645e-01
4.869899999827365112e+10 4.209825056602880533e-01
4.869899999786606598e+10 3.106587944676458823e-02
4.869899999824869537e+10 4.455007791372377901e-01
4.869899999880729675e+10 5.237892257393128581e-01
4.869899999936077881e+10 4.150925204503617683e-01
4.869899999953795624e+10 -1.204160366458056353e-01
4.869899999996578979e+10 2.471680291112124395e-01
4.869899999980030823e+10 -2.920701015969153214e-01
4.869900000035659027e+10 -1.987126459367274389e-01
