1.391400000000000000e+10 0.000000000000000000e+00
1.391399999983828926e+10 2.522773842152241097e-01
1.391399999956860733e+10 3.829141926230660298e-01
1.391399999971057510e+10 1.190215518019049901e-01
1.391399999953374290e+10 3.609395134649957537e-01
1.391399999948983765e+10 6.451683231631277771e-02
1.391399999947234535e+10 -2.346288386567937367e-01
1.391399999933701515e+10 3.272792335735807967e-02
1.391399999951048851e+10 2.770660923793940023e-01
1.391399999931790924e+10 4.748546872860287538e-02
1.391399999904301834e+10 1.667713146648878708e-01
1.391399999902077293e+10 -1.320584518056523993e-01
1.391399999930408669e+10 -2.296681785529244291e-01
1.391399999912706757e+10 1.211287292439433561e-02
1.391399999938017082e+10 -1.483017202162295600e-01
1.391399999967936707e+10 -1.649218695976341909e-01
1.391399999996745682e+10 -8.246990708734693032e-02
1.391400000001864433e+10 -3.777221449564552302e-01
1.391400000001031494e+10 -6.772630110769799483e-01
1.391400000021459007e+10 -8.965026557771086368e-01
