4.174200000000000000e+10 0.000000000000000000e+00
4.174199999956137085e+10 9.818725071443536179e-02
4.174199999930115509e+10 -2.683169527132649446e-01
4.174199999919046783e+10 -7.039590174453580484e-01
4.174199999877754211e+10 -5.264011866990057076e-01
4.174199999905134583e+10 -8.828698193141334416e-01
4.174199999910231781e+10 -4.362845140633863084e-01
4.174199999896954346e+10 -6.858201890678150559e-03
4.174199999860980988e+10 -2.763552044578295175e-01
4.174199999861003876e+10 -7.258396824981705464e-01
4.174199999880776215e+10 -3.221808793490722467e-01
4.174199999878498840e+10 -7.710882115502503131e-01
4.174199999835637665e+10 -6.356982375154150988e-01
4.174199999815266418e+10 -2.350284838472644355e-01
4.174199999775040436e+10 -4.355860514001402839e-01
4.174199999818066406e+10 -5.656433630508825861e-01
4.174199999773270416e+10 -6.026619692812018592e-01
4.174199999772200012e+10 -1.533049453078233482e-01
4.174199999810990143e+10 -3.803976487131827122e-01
4.174199999768675995e+10 -5.320172990954861181e-01
4.174199999746076965e+10 -1.434746583244739804e-01
4.174199999753161621e+10 3.003914234871113975e-01
4.174199999796727753e+10 1.897769856217302042e-01
4.174199999752043915e+10 2.384927378357189487e-01
4.174199999715772247e+10 -2.697093972493497249e-02
4.174199999684730530e+10 -3.520530416301955179e-01
4.174199999700222015e+10 -7.739989197658612152e-01
4.174199999658728790e+10 -9.468213714456308328e-01
4.174199999686928558e+10 -5.968015534380852749e-01
4.174199999719515991e+10 -9.063835648887648144e-01
4.174199999763283539e+10 -1.008726101026577116e+00
4.174199999762108612e+10 -5.593951583472116518e-01
4.174199999737840271e+10 -9.377336070476808283e-01
4.174199999781385040e+10 -1.049183792023840933e+00
4.174199999806955719e+10 -1.418845533582842489e+00
4.174199999819497681e+10 -1.850478013172162761e+00
4.174199999774763489e+10 -1.806619864244860763e+00
4.174199999742912292e+10 -1.489467567293195405e+00
4.174199999700644684e+10 -1.642385903185082707e+00
4.174199999718605042e+10 -2.054427738702280681e+00
4.174199999739096069e+10 -2.454487454290119608e+00
4.174199999694229889e+10 -2.481680200118506541e+00
4.174199999735255432e+10 -2.665327046843380732e+00
4.174199999736865234e+10 -3.114523289579560039e+00
4.174199999775401306e+10 -3.345900878052850302e+00
4.174199999796638489e+10 -2.949750596185192197e+00
4.174199999811477661e+10 -2.525466432418244533e+00
4.174199999830893707e+10 -2.120081232801992677e+00
4.174199999856330872e+10 -2.490664106633634134e+00
4.174199999888355255e+10 -2.175261801897805825e+00
4.174199999908846283e+10 -1.775199966069428426e+00
4.174199999923667908e+10 -1.350854105749447864e+00
4.174199999951908112e+10 -1.700545485396930623e+00
4.174199999984420776e+10 -2.010914651409840381e+00
4.174199999939646912e+10 -1.971342388928033706e+00
4.174199999947001648e+10 -1.527915841477959003e+00
4.174199999930784607e+10 -1.108705720621869339e+00
4.174199999927396393e+10 -6.604999301376490717e-01
4.174199999914285278e+10 -1.090436726200975093e+00
4.174199999932320404e+10 -6.787196741253377352e-01
4.174199999891271210e+10 -4.955964241188299257e-01
4.174199999864707184e+10 -1.330042334612605570e-01
4.174199999909654999e+10 -1.311844690474095187e-01
4.174199999865449524e+10 -4.978741324471183671e-02
4.174199999898298645e+10 2.570217050887498855e-01
4.174199999939721680e+10 8.251721849341969728e-02
4.174199999898295593e+10 2.569441311058071609e-01
4.174199999938623047e+10 4.554460892407927730e-01
4.174199999956444550e+10 4.279983530991843255e-02
4.174199999912488556e+10 -5.113635184977348425e-02
4.174199999947251129e+10 -3.360770811159488058e-01
4.174199999902349091e+10 -3.156206443040721621e-01
4.174199999859390259e+10 -1.833656693051605724e-01
4.174199999883597565e+10 -5.620947496954014078e-01
4.174199999853147125e+10 -8.927231318618162881e-01
4.174199999894667816e+10 -7.205704094293277073e-01
4.174199999852298737e+10 -8.706454987271103896e-01
4.174199999884300232e+10 -1.186281464498215810e+00
4.174199999850426483e+10 -8.908236325624231400e-01
4.174199999833824921e+10 -1.308526746352015824e+00
4.174199999791771698e+10 -1.149819439909625762e+00
4.174199999825040436e+10 -1.452070385759658633e+00
4.174199999786114502e+10 -1.676827794577711250e+00
4.174199999755364227e+10 -1.348986208912415607e+00
4.174199999750066376e+10 -9.026348265517920577e-01
4.174199999708476257e+10 -7.321635845191925007e-01
4.174199999694947815e+10 -1.160806818250158745e+00
4.174199999652178955e+10 -1.299067208820686714e+00
4.174199999675837708e+10 -1.681248365213711793e+00
4.174199999657660675e+10 -2.092340447061526998e+00
4.174199999621349335e+10 -1.827419811310975195e+00
4.174199999665287781e+10 -1.732680389221717965e+00
4.174199999698564148e+10 -2.034848924711877505e+00
4.174199999653631592e+10 -2.046917966667849864e+00
4.174199999664705658e+10 -2.482547741641841998e+00
4.174199999708526611e+10 -2.382495632084509651e+00
4.174199999669503784e+10 -2.605566088883621845e+00
4.174199999640070343e+10 -2.265852824896055662e+00
4.174199999616293335e+10 -2.647301693949638324e+00
4.174199999626956940e+10 -2.210649314177289604e+00
4.174199999612860107e+10 -2.637456816699843110e+00
4.174199999568286133e+10 -2.579536555209929194e+00
4.174199999590110779e+10 -2.972478525191355025e+00
4.174199999634497833e+10 -3.043289813904157093e+00
4.174199999652720642e+10 -3.454179652802285450e+00
4.174199999670207214e+10 -3.868254545760076102e+00
4.174199999700325012e+10 -3.534592394003805982e+00
4.174199999659111786e+10 -3.713990517940557901e+00
4.174199999698338318e+10 -3.494523770193096013e+00
4.174199999741094208e+10 -3.355858346856451568e+00
4.174199999782673645e+10 -3.526595823502830740e+00
4.174199999773272705e+10 -3.087052988484786376e+00
4.174199999817386627e+10 -3.173265929628164450e+00
4.174199999774596405e+10 -3.035657056523199948e+00
4.174199999756389618e+10 -2.624699225811658820e+00
4.174199999739282990e+10 -3.040357848128052431e+00
4.174199999745495605e+10 -2.595186954156812664e+00
4.174199999777121735e+10 -2.275786969517507252e+00
4.174199999779116821e+10 -2.724828492151481374e+00
4.174199999744788361e+10 -3.014984869269593304e+00
4.174199999787256622e+10 -3.162237732272625390e+00
4.174199999754399872e+10 -2.855514565540323346e+00
4.174199999714254761e+10 -3.057692963583031442e+00
4.174199999757874298e+10 -3.166193994521536492e+00
4.174199999723880768e+10 -3.460266365705086944e+00
4.174199999730238342e+10 -3.905231663328689429e+00
4.174199999698017883e+10 -4.218629942958336265e+00
4.174199999658422852e+10 -4.005879772524695959e+00
4.174199999702531433e+10 -4.092381117201743024e+00
4.174199999669120789e+10 -4.393062381006281214e+00
4.174199999674790955e+10 -3.947168388129437044e+00
4.174199999633280945e+10 -3.774757892323722164e+00
4.174199999589227295e+10 -3.864006312263721821e+00
4.174199999544285583e+10 -3.856358042167656652e+00
4.174199999585876465e+10 -4.026815150132388332e+00
4.174199999542955017e+10 -4.160264036116213759e+00
4.174199999587881470e+10 -4.146083487570904502e+00
4.174199999632235718e+10 -4.218934313921935519e+00
4.174199999677102661e+10 -4.246018147316736879e+00
4.174199999716294098e+10 -4.466105104024782335e+00
4.174199999756883240e+10 -4.659209532622862859e+00
4.174199999734046936e+10 -4.272056715303601315e+00
4.174199999743990326e+10 -3.833709212561781321e+00
4.174199999699926758e+10 -3.744958539387484464e+00
4.174199999720727539e+10 -4.143418720204052441e+00
4.174199999713040924e+10 -4.586281471269970211e+00
4.174199999681174469e+10 -4.269284511870640841e+00
4.174199999716212463e+10 -3.987730960854735773e+00
4.174199999680216980e+10 -3.718528419125241236e+00
4.174199999659344482e+10 -3.320446359178526041e+00
4.174199999614453888e+10 -3.343183716745576906e+00
4.174199999576795197e+10 -3.588584385416289546e+00
4.174199999595980072e+10 -3.995071245715039687e+00
4.174199999565417480e+10 -4.324660140515507400e+00
4.174199999595334625e+10 -4.660119113459362694e+00
4.174199999576979828e+10 -4.249818544441011703e+00
4.174199999621914673e+10 -4.260731016808194660e+00
4.174199999639996338e+10 -3.849220968051237701e+00
4.174199999621861267e+10 -3.437944745894564669e+00
4.174199999656365204e+10 -3.726011442912927851e+00
4.174199999697301483e+10 -3.540384462109559927e+00
4.174199999661210632e+10 -3.808305680729751508e+00
4.174199999651508331e+10 -4.247194616700754821e+00
4.174199999691553497e+10 -4.043053424823257025e+00
4.174199999648204803e+10 -3.924195487704993379e+00
4.174199999610263062e+10 -3.683202142777976196e+00
4.174199999647111511e+10 -3.425804779647517506e+00
4.174199999618396759e+10 -3.079995691059829621e+00
4.174199999592011261e+10 -2.716103914490682225e+00
4.174199999550063324e+10 -2.554635301451982698e+00
4.174199999526972198e+10 -2.168998728816228017e+00
4.174199999501786804e+10 -1.796700785813424517e+00
4.174199999543342590e+10 -1.968009378791754971e+00
4.174199999581719971e+10 -1.734010029329007496e+00
4.174199999548765564e+10 -2.039682202470390671e+00
4.174199999505628204e+10 -1.913385904181899688e+00
4.174199999485070801e+10 -2.313105053734618721e+00
4.174199999527960968e+10 -2.447573995945454328e+00
4.174199999483020020e+10 -2.455987953795973677e+00
4.174199999496568298e+10 -2.884568588837076231e+00
4.174199999490616608e+10 -3.330095204330678182e+00
4.174199999494865417e+10 -2.882623411597373231e+00
4.174199999455558014e+10 -3.100637126671375032e+00
4.174199999439249420e+10 -3.519491052295548705e+00
4.174199999409382629e+10 -3.855396923932483233e+00
4.174199999369225311e+10 -4.057330580398711639e+00
4.174199999404116821e+10 -4.340693852584193380e+00
4.174199999436392212e+10 -4.027861621470777642e+00
4.174199999449766541e+10 -4.456986394757640468e+00
4.174199999410661316e+10 -4.235363237891817789e+00
4.174199999367433167e+10 -4.358517655939267321e+00
4.174199999409753418e+10 -4.509963688392041981e+00
4.174199999365511322e+10 -4.430569939187456896e+00
4.174199999410348511e+10 -4.398915369459214020e+00
4.174199999386327362e+10 -4.778828203295849342e+00
4.174199999352159882e+10 -4.486773109061625853e+00
4.174199999307794189e+10 -4.414643236923183167e+00
4.174199999297368622e+10 -3.977416681968402479e+00
4.174199999336232758e+10 -3.751592412432047219e+00
4.174199999320594025e+10 -4.172994369346081811e+00
4.174199999350323486e+10 -4.510114836720296339e+00
4.174199999308730316e+10 -4.339712375074598505e+00
4.174199999322220612e+10 -3.910950397626192565e+00
4.174199999320015717e+10 -4.359893882031987467e+00
4.174199999292821503e+10 -4.717784177233134812e+00
4.174199999334873962e+10 -4.559050691172449099e+00
4.174199999316632843e+10 -4.969858616270682816e+00
4.174199999272019196e+10 -5.024646728478358249e+00
4.174199999264004517e+10 -4.582365976084894044e+00
4.174199999226421356e+10 -4.828914352478066441e+00
4.174199999269725037e+10 -4.708424651119236692e+00
4.174199999270954132e+10 -4.259108278981024398e+00
4.174199999259014893e+10 -4.692446340457599341e+00
4.174199999222624207e+10 -4.428610158635320815e+00
4.174199999249491882e+10 -4.788955471288452337e+00
4.174199999246738434e+10 -4.340315014775907088e+00
4.174199999283856964e+10 -4.593810055558070538e+00
4.174199999290668488e+10 -4.149516050943245382e+00
4.174199999303860474e+10 -3.719826525048095966e+00
4.174199999283306122e+10 -4.119561148545465734e+00
4.174199999301877594e+10 -3.710236890256154663e+00
4.174199999331181335e+10 -4.051065539206953225e+00
4.174199999296265411e+10 -3.768006141763987848e+00
4.174199999337004852e+10 -3.578100933972184539e+00
4.174199999335681152e+10 -3.128811251169795860e+00
4.174199999378282166e+10 -2.985457617286086496e+00
4.174199999392010498e+10 -3.413464282338742883e+00
4.174199999433759308e+10 -3.580019507495074027e+00
4.174199999475618744e+10 -3.743772596860808211e+00
4.174199999440306854e+10 -3.465665634924131933e+00
4.174199999395814514e+10 -3.529533620080654188e+00
4.174199999425212097e+10 -3.189515085477466094e+00
4.174199999462200928e+10 -2.934131400973390758e+00
4.174199999484098816e+10 -3.326665620646393595e+00
4.174199999439374542e+10 -3.281798330924421414e+00
4.174199999442651367e+10 -2.833510029422306786e+00
4.174199999437971497e+10 -3.280551385359267158e+00
4.174199999453498077e+10 -2.858736505666776839e+00
4.174199999444099426e+10 -3.298284766037951954e+00
4.174199999472306824e+10 -3.648243610329798159e+00
4.174199999507592010e+10 -3.926691183427683640e+00
4.174199999552423859e+10 -3.894387835880990245e+00
4.174199999584334564e+10 -3.577832338279908431e+00
4.174199999627069855e+10 -3.438522868168494284e+00
4.174199999667212677e+10 -3.236303049669640330e+00
4.174199999623159027e+10 -3.325535274858545609e+00
4.174199999591318512e+10 -3.642798943567951309e+00
4.174199999591768646e+10 -4.092260939859611035e+00
4.174199999555116272e+10 -4.352448118921215858e+00
4.174199999564617920e+10 -3.913120480271920609e+00
4.174199999609500885e+10 -3.888871307703543057e+00
4.174199999589921570e+10 -3.484269644954390177e+00
4.174199999600692749e+10 -3.047881201707189014e+00
4.174199999573020172e+10 -2.693678111533690078e+00
4.174199999587312317e+10 -3.119835266923375539e+00
4.174199999581991577e+10 -3.566159421113883177e+00
4.174199999625263977e+10 -3.687750424028766627e+00
4.174199999650556946e+10 -3.316180330971886914e+00
4.174199999616896820e+10 -3.614066674442105498e+00
4.174199999661787415e+10 -3.591217735622760809e+00
4.174199999638973236e+10 -3.978501464740220150e+00
4.174199999675469208e+10 -3.716131205494974221e+00
4.174199999631293488e+10 -3.633157529880050252e+00
4.174199999621400452e+10 -4.071619601983999637e+00
4.174199999666330719e+10 -4.058846345892357377e+00
4.174199999708434296e+10 -4.216219821542263269e+00
4.174199999663631439e+10 -4.252337208412241942e+00
4.174199999634127808e+10 -4.591437920139412654e+00
4.174199999599387360e+10 -4.876655377140422409e+00
4.174199999643907166e+10 -4.814738035211841627e+00
4.174199999679127502e+10 -4.535472740991481899e+00
4.174199999702827454e+10 -4.153546348270813482e+00
4.174199999681842041e+10 -3.756056315249481692e+00
4.174199999726345062e+10 -3.692930664970667021e+00
4.174199999766145325e+10 -3.901810712670580106e+00
4.174199999775358582e+10 -3.461870069015019702e+00
4.174199999819849396e+10 -3.397892525389602625e+00
4.174199999777684784e+10 -3.553610872942625676e+00
4.174199999733315277e+10 -3.481685873393218777e+00
4.174199999751399994e+10 -3.893183505427573188e+00
4.174199999716243744e+10 -4.173259591228624110e+00
4.174199999685486603e+10 -3.845483564059006376e+00
4.174199999724273682e+10 -4.072621772809633889e+00
4.174199999699461365e+10 -4.447418120439143863e+00
4.174199999739623260e+10 -4.649257643860103428e+00
4.174199999707453918e+10 -4.335334328259150105e+00
4.174199999677539825e+10 -4.670823660825957901e+00
4.174199999721488953e+10 -4.765068404493005616e+00
4.174199999685742188e+10 -5.037565977785327220e+00
4.174199999657032013e+10 -5.383410826185059506e+00
4.174199999700838470e+10 -5.484071420575939548e+00
4.174199999667926788e+10 -5.177937756979238415e+00
4.174199999678558350e+10 -4.741206755458810207e+00
4.174199999722863007e+10 -4.665383675296442156e+00
4.174199999696863556e+10 -4.298721648914462179e+00
4.174199999740964508e+10 -4.211830571072591844e+00
4.174199999698774719e+10 -4.056777748968490194e+00
4.174199999679941559e+10 -3.648652408115889756e+00
4.174199999638871765e+10 -3.465995458394358408e+00
4.174199999664413452e+10 -3.096131956993446011e+00
4.174199999633609772e+10 -2.768797585212064760e+00
4.174199999660526276e+10 -2.408818157962357098e+00
4.174199999662667084e+10 -1.959843623302421456e+00
4.174199999645538330e+10 -1.544276287572521333e+00
4.174199999683570099e+10 -1.783849843262123258e+00
4.174199999640841675e+10 -1.644322999777959593e+00
4.174199999660327911e+10 -2.049372724744955132e+00
4.174199999616865540e+10 -1.934759185237583612e+00
4.174199999638893127e+10 -1.542950015245596607e+00
4.174199999638854218e+10 -1.093465647601651991e+00
4.174199999608554840e+10 -1.425477895341976220e+00
4.174199999616097260e+10 -1.868589515741133411e+00
4.174199999597309113e+10 -1.460254473689035937e+00
4.174199999638629913e+10 -1.637154459829508024e+00
4.174199999609014893e+10 -1.975282938747435546e+00
4.174199999568021393e+10 -2.159648063813712771e+00
4.174199999572593689e+10 -1.712494992573168506e+00
4.174199999581532288e+10 -1.271988128121676498e+00
4.174199999626369476e+10 -1.303547415598296677e+00
4.174199999613024902e+10 -8.743286782186290296e-01
4.174199999625107574e+10 -4.413880549177784385e-01
4.174199999580928040e+10 -3.586235506147568142e-01
4.174199999595052338e+10 6.809347586458436297e-02
4.174199999574863434e+10 4.696880304305038889e-01
4.174199999600487518e+10 1.003973405936672836e-01
4.174199999644401550e+10 4.536996951729529992e-03
4.174199999642438507e+10 -4.445186627600307694e-01
4.174199999664263153e+10 -8.374627481851959487e-01
4.174199999709210205e+10 -8.338154411622601403e-01
4.174199999709316254e+10 -1.283298730816337274e+00
4.174199999664634705e+10 -1.234364656958871764e+00
4.174199999632302856e+10 -1.546616486088886022e+00
4.174199999646844482e+10 -1.971927867697158554e+00
4.174199999685162354e+10 -2.206894303433164506e+00
4.174199999643265533e+10 -2.044101448871663340e+00
4.174199999688199615e+10 -2.032714638148084507e+00
4.174199999727630615e+10 -1.816943607035625741e+00
4.174199999736233521e+10 -1.375769195756085805e+00
4.174199999778633118e+10 -1.524979160147998725e+00
4.174199999744981384e+10 -1.822958795344341576e+00
4.174199999789759064e+10 -1.783840797311075921e+00
4.174199999751725769e+10 -1.544295378882523107e+00
4.174199999712890625e+10 -1.317984399992261579e+00
4.174199999712928009e+10 -1.767468778720254985e+00
4.174199999750382996e+10 -1.518977650267154589e+00
4.174199999754947662e+10 -1.071816899662843658e+00
4.174199999755765533e+10 -1.521227004375427461e+00
4.174199999719100189e+10 -1.781233217830497484e+00
4.174199999746640778e+10 -2.136462502011208908e+00
4.174199999730170441e+10 -1.718240510269513077e+00
4.174199999763021851e+10 -2.025023116503865239e+00
4.174199999721040344e+10 -1.864431506920225079e+00
4.174199999678684235e+10 -1.714000370472020141e+00
4.174199999721298218e+10 -1.571017445800707124e+00
4.174199999751336670e+10 -1.236646521964752221e+00
4.174199999778924561e+10 -1.591507690890155313e+00
4.174199999734009552e+10 -1.574189121739605124e+00
4.174199999770511627e+10 -1.836474676942331019e+00
4.174199999770709991e+10 -1.386994503527437583e+00
4.174199999811150360e+10 -1.583185878489992815e+00
4.174199999771440887e+10 -1.372591217559344656e+00
4.174199999727207184e+10 -1.452430783800633840e+00
4.174199999740024567e+10 -1.021607909166615258e+00
4.174199999698168182e+10 -1.185448047389412674e+00
4.174199999682603455e+10 -1.607122228303599520e+00
4.174199999716694641e+10 -1.900064332453332616e+00
4.174199999761632538e+10 -1.909659236078836475e+00
4.174199999789146423e+10 -1.554220677130957018e+00
4.174199999765325928e+10 -1.935398132851271269e+00
4.174199999807621765e+10 -2.087514848331287531e+00
4.174199999773672485e+10 -2.382105055014193784e+00
4.174199999817329407e+10 -2.275136567028237078e+00
4.174199999791046143e+10 -1.910504210111773515e+00
4.174199999821913147e+10 -2.237241523829319512e+00
4.174199999789942932e+10 -2.553193068011568645e+00
4.174199999810962677e+10 -2.950500511344031462e+00
4.174199999824645233e+10 -3.378652984583146779e+00
4.174199999781401825e+10 -3.501266716201072438e+00
4.174199999820741272e+10 -3.718693732860939072e+00
4.174199999858258820e+10 -3.966245373318733503e+00
4.174199999826737213e+10 -4.286677641494105906e+00
4.174199999871107483e+10 -4.358545875892680499e+00
4.174199999883017731e+10 -4.791963952882135835e+00
4.174199999927883911e+10 -4.819208270098969571e+00
4.174199999969351959e+10 -4.645783403998922978e+00
4.174199999951242828e+10 -5.057173918071504737e+00
4.174199999993667603e+10 -5.205667210346924811e+00
4.174200000023954773e+10 -4.873544297086429111e+00
