4.869900000000000000e+10 0.000000000000000000e+00
4.869900000001522064e+10 -5.638526884557618635e-01
4.869899999945201874e+10 -5.948753660452545944e-01
4.869900000001494598e+10 -6.305494444711274848e-01
4.869899999945449066e+10 -5.669270812103039958e-01
4.869899999896646881e+10 -8.497612680193620260e-01
4.869899999916566467e+10 -1.377476367930931644e+00
4.869899999886517334e+10 -9.001234757692275767e-01
4.869899999942922974e+10 -9.019615420422192331e-01
4.869899999913613892e+10 -4.200270199286314510e-01
4.869899999867621613e+10 -9.347698025848594217e-02
4.869899999880083466e+10 4.566423403506807421e-01
4.869899999936380768e+10 4.916585443034607872e-01
4.869899999958967590e+10 -2.520310690181337687e-02
4.869899999904494476e+10 -1.715972749839533573e-01
4.869899999941012573e+10 2.582913396565754693e-01
4.869899999983650970e+10 -1.109783055683137842e-01
4.869900000038031006e+10 -2.607908291008681489e-01
