2.782800000000009918e+10 0.000000000000000000e+00
2.782799999972428894e+10 -2.030064873333054520e-01
2.782799999947951889e+10 3.651230730632742949e-02
2.782799999932078934e+10 -2.669463259681633671e-01
2.782799999898082352e+10 -2.256442333602482475e-01
2.782799999917167282e+10 -5.100002021347979086e-01
2.782799999913444519e+10 -1.695651097605750390e-01
2.782799999884154129e+10 -3.470153463724211518e-01
2.782799999884972382e+10 -6.893822636947728455e-01
2.782799999863106155e+10 -4.258120208757747993e-01
2.782799999877474594e+10 -1.149471384501271620e-01
2.782799999899849701e+10 1.443157960393329220e-01
2.782799999914303207e+10 -1.661541628081742994e-01
2.782799999936848068e+10 -4.239413536457371512e-01
2.782799999902612686e+10 -4.152497731147257731e-01
2.782799999902165222e+10 -7.281434772805345235e-02
2.782799999929467773e+10 1.339191445087560550e-01
2.782799999943886185e+10 4.445524594521436113e-01
2.782799999909792328e+10 4.122548402901853870e-01
2.782799999941996002e+10 2.957442593391357288e-01
2.782799999920632935e+10 2.808143368221871494e-02
2.782799999901154327e+10 -2.535920829793893994e-01
2.782799999931775665e+10 -1.002420287447797764e-01
2.782799999902981186e+10 -2.856332355862906125e-01
2.782799999869561005e+10 -2.108506303607803334e-01
2.782799999846021652e+10 -4.595912123057564469e-01
2.782799999812496567e+10 -5.295032141882943799e-01
2.782799999796510315e+10 -2.266394957222399031e-01
2.782799999774472809e+10 3.549858990235049694e-02
2.782799999740393829e+10 6.930919765088855433e-02
2.782799999773679733e+10 -1.123662653422788371e-02
2.782799999784628677e+10 -3.357271584855765489e-01
2.782799999756665421e+10 -1.380205742776285383e-01
2.782799999785732651e+10 -3.191057508532528231e-01
2.782799999813198090e+10 -1.145381508493332479e-01
2.782799999844275284e+10 2.934583040391691711e-02
2.782799999827545929e+10 -2.694777482575504424e-01
2.782799999855538177e+10 -4.667705471132258532e-01
2.782799999881807709e+10 -6.864799632507757599e-01
2.782799999852333069e+10 -5.121043349168357128e-01
2.782799999886203766e+10 -5.626964051817201495e-01
2.782799999860285950e+10 -3.388487850458833384e-01
2.782799999891277313e+10 -1.931210000724104536e-01
2.782799999908628464e+10 1.021351325633326201e-01
2.782799999886765289e+10 -1.614584136843019158e-01
2.782799999904010773e+10 1.344165925167982722e-01
2.782799999883794785e+10 -1.420136482079326634e-01
2.782799999917826462e+10 -1.037242061919901037e-01
2.782799999895587158e+10 1.567049746931738208e-01
2.782799999863225937e+10 4.464844314983158757e-02
2.782799999866370010e+10 3.856666904213563729e-01
2.782799999857386780e+10 7.161395938907535452e-01
2.782799999880433655e+10 9.694484963080156614e-01
2.782799999871247482e+10 1.299362784086148359e+00
2.782799999841178513e+10 1.135448109693765417e+00
2.782799999873244476e+10 1.015198202641439229e+00
2.782799999875642776e+10 1.356822034720111869e+00
2.782799999862883759e+10 1.674630691978189923e+00
2.782799999892115402e+10 1.496213389232897706e+00
2.782799999907756805e+10 1.191555680744906365e+00
2.782799999887830734e+10 1.470081891394260598e+00
2.782799999909867096e+10 1.207932530434905116e+00
2.782799999875873566e+10 1.166391540322894826e+00
2.782799999908857727e+10 1.258513089581557942e+00
2.782799999907804489e+10 1.600815738551892187e+00
2.782799999893386078e+10 1.911449057321867206e+00
2.782799999902817917e+10 2.240669246755065291e+00
2.782799999869202805e+10 2.306130400969064187e+00
2.782799999838606644e+10 2.459979979286667007e+00
2.782799999872769928e+10 2.483849384493346690e+00
2.782799999853565598e+10 2.767401022444182956e+00
2.782799999820150757e+10 2.692380674142760277e+00
2.782799999786742401e+10 2.617077941956535092e+00
2.782799999760340118e+10 2.835192089125426307e+00
2.782799999742583084e+10 2.542359556173001245e+00
2.782799999762986374e+10 2.817408683960286986e+00
2.782799999772321701e+10 2.487913031385080131e+00
2.782799999805828476e+10 2.417123633622116241e+00
2.782799999833877945e+10 2.613602416986659627e+00
2.782799999861785889e+10 2.415115851328519803e+00
2.782799999895866394e+10 2.448781067973998304e+00
2.782799999913568497e+10 2.155617274694348051e+00
2.782799999881930542e+10 2.024519502627630807e+00
2.782799999859793472e+10 2.285817942576863437e+00
2.782799999833711624e+10 2.063880390319890790e+00
2.782799999840878677e+10 1.728999221030412592e+00
2.782799999875112915e+10 1.738125960944482129e+00
2.782799999854900742e+10 2.014584048383574189e+00
2.782799999887316895e+10 2.125046435295609548e+00
2.782799999853075027e+10 2.130745809804972080e+00
2.782799999820036697e+10 2.220902345486765572e+00
2.782799999818303680e+10 2.562928260020296278e+00
2.782799999850559616e+10 2.447878961681379639e+00
2.782799999819086838e+10 2.582895331844397901e+00
2.782799999784846878e+10 2.576228036922281639e+00
2.782799999789682770e+10 2.237194777182252015e+00
2.782799999791487122e+10 2.579183865142193000e+00
2.782799999820954514e+10 2.753681823739143830e+00
2.782799999786848450e+10 2.722703150867883615e+00
2.782799999819299316e+10 2.832136756935329291e+00
2.782799999841601181e+10 2.572242037886962152e+00
2.782799999856614685e+10 2.880043765743250717e+00
2.782799999863538742e+10 2.544651875688214826e+00
2.782799999848182678e+10 2.850758633440745538e+00
2.782799999863108826e+10 2.542532502546192674e+00
2.782799999852817917e+10 2.869169183107552090e+00
2.782799999831602478e+10 2.600332758643348896e+00
2.782799999853141785e+10 2.866579288139521786e+00
2.782799999818986130e+10 2.891517086470238418e+00
2.782799999842759323e+10 2.645012086957577502e+00
2.782799999810623550e+10 2.526645918903012156e+00
2.782799999838828278e+10 2.332401268215809065e+00
2.782799999836328506e+10 1.990850172897475234e+00
2.782799999816261292e+10 2.268361724632591780e+00
2.782799999842133331e+10 2.492738323686428448e+00
2.782799999872041321e+10 2.659568857041117340e+00
2.782799999840714645e+10 2.797941353395266173e+00
2.782799999874874496e+10 2.773621803043703427e+00
2.782799999865141678e+10 2.445278990322862001e+00
2.782799999897916794e+10 2.544580043780229062e+00
2.782799999896067047e+10 2.202615371858476223e+00
2.782799999912928391e+10 2.500695703699300054e+00
2.782799999891375732e+10 2.234557276165734407e+00
2.782799999857133102e+10 2.229487232177218115e+00
2.782799999846757889e+10 1.903116868780372783e+00
2.782799999829997635e+10 1.604466944228536640e+00
2.782799999857221603e+10 1.396699068367531771e+00
2.782799999880210495e+10 1.142862049498402754e+00
2.782799999912062836e+10 1.017062811082404483e+00
2.782799999886777496e+10 7.860946843104255066e-01
2.782799999853857422e+10 6.917109351590036148e-01
2.782799999823843002e+10 5.268026456345346054e-01
2.782799999845373535e+10 2.604830411494048481e-01
2.782799999841930389e+10 6.012123057275400306e-01
2.782799999872086334e+10 7.635201516407339462e-01
2.782799999902921677e+10 9.125175291617655393e-01
2.782799999897388077e+10 5.745532051183447342e-01
2.782799999896967316e+10 9.169920429259545980e-01
2.782799999908010864e+10 5.928227964358749880e-01
2.782799999935720825e+10 3.915806174326970091e-01
2.782799999945681763e+10 6.392241197386416829e-02
2.782799999912934113e+10 -3.628816940399394453e-02
2.782799999944971848e+10 -1.572835523911608191e-01
2.782799999979108810e+10 -1.846377968827802030e-01
2.782799999999644852e+10 8.942170944728961013e-02
2.782799999965632629e+10 4.943326512915188070e-02
2.782799999950835800e+10 3.582810137723023147e-01
2.782799999959149170e+10 6.905019019815130665e-01
2.782799999962087631e+10 1.031703470440882731e+00
2.782799999971707535e+10 1.360378743474398799e+00
2.782799999950310898e+10 1.092983477278959503e+00
2.782799999965012360e+10 7.836803893615811312e-01
2.782799999979999161e+10 1.091610919790115819e+00
2.782799999987626266e+10 1.425474113480118321e+00
2.782800000021545410e+10 1.378234404809730140e+00
