1.391400000000000000e+10 0.000000000000000000e+00
1.391399999976402473e+10 1.846878702221140256e-01
1.391399999983826065e+10 4.750032309863235214e-01
1.391399999973876381e+10 7.576591123376199555e-01
1.391399999965087891e+10 1.044138269664606877e+00
1.391399999981806946e+10 1.292817022826477702e+00
1.391399999962727547e+10 1.523884174800073765e+00
1.391399999984358025e+10 1.731263434626372888e+00
1.391399999960975456e+10 1.918666660195394780e+00
1.391399999948134232e+10 2.189414218348148200e+00
1.391399999946447754e+10 1.890232562773299874e+00
1.391399999934409332e+10 2.164644587831313416e+00
1.391399999962240410e+10 2.053572399493873935e+00
1.391399999992048454e+10 2.084257894680187295e+00
1.391399999970594597e+10 1.875052223214324076e+00
1.391399999986415100e+10 2.129542103007955323e+00
1.391399999999684334e+10 1.860865976799341404e+00
1.391399999979804039e+10 2.085079318973054541e+00
1.391399999989626503e+10 2.368179912072017057e+00
1.391399999963561058e+10 2.516008202664536508e+00
1.391399999945284081e+10 2.753472771424411381e+00
1.391399999920859337e+10 2.579872509213555265e+00
1.391399999923908043e+10 2.877974204449423645e+00
1.391399999952416039e+10 2.785652662188428330e+00
1.391399999979672241e+10 2.661136236519574094e+00
1.391400000009217072e+10 2.711176893779825736e+00
1.391399999981487465e+10 2.824759660368900249e+00
1.391400000001036644e+10 2.597654427418227385e+00
1.391399999980200768e+10 2.813015742590104118e+00
1.391400000001736641e+10 3.021378381656774970e+00
1.391400000011542702e+10 3.304535952509105812e+00
