4.869900000000009918e+10 0.000000000000000000e+00
4.869899999966918182e+10 4.567872504160915836e-01
4.869899999981417847e+10 -8.831563355814775473e-02
4.869899999942735291e+10 3.222029454418791627e-01
4.869899999939144897e+10 8.851173628754895883e-01
4.869899999983085632e+10 5.314495628292099649e-01
4.869899999927075195e+10 5.980921173963487103e-01
4.869899999874658966e+10 3.897298091269789655e-01
4.869899999930445862e+10 3.063859136758482760e-01
4.869899999986733246e+10 3.429270605895765045e-01
4.869900000036360168e+10 6.110308816837968227e-01
